144
-9319108.652777404
-20711960.9694967
-31045254.93439572
-37385525.60922727
-39253779.43967699
-39156294.061495125
-39156294.06149511
-39253779.43967696
-37385525.60922718
-31045254.934395604
-20711960.969496615
-9319108.652777383
-14972811.940511784
-28528631.754006878
-42305594.43556824
-51025817.60487857
-55146417.57285181
-55739724.32226009
-55739724.32226006
-55146417.57285173
-51025817.60487856
-42305594.435568124
-28528631.754006717
-14972811.940511752
-6597895.35138745
-15705381.869294561
-24481765.65591934
-31377914.116570637
-35022592.6361097
-35799259.18917704
-35799259.18917699
-35022592.636109695
-31377914.11657058
-24481765.655919284
-15705381.869294478
-6597895.351387486
11542610.257436434
11555894.740542024
14574011.66512957
14932210.04627045
15323978.075757515
15107464.349457206
15107464.349457162
15323978.075757472
14932210.046270443
14574011.66512953
11555894.740542077
11542610.25743641
21239548.780009866
36855380.67231497
50975491.38270177
59031645.22800432
61931609.525183514
62331880.705383755
62331880.70538375
61931609.52518349
59031645.228004254
50975491.38270166
36855380.672314875
21239548.780009814
14285150.437427677
30644209.094386823
43649554.32634123
51183409.91788912
53482960.9981936
53545113.9157328
53545113.9157328
53482960.99819354
51183409.917889
43649554.3263411
30644209.094386693
14285150.437427662
1832267.8028008265
10118320.46945564
15630193.355563724
18641961.785601366
19070259.698214684
18591641.952958953
18591641.952958945
19070259.69821467
18641961.785601307
15630193.35556364
10118320.469455572
1832267.8028008498
-4319170.3562049
-2487455.1470486433
-2220248.25296859
-2166193.5937128747
-2648741.4274831233
-3180209.765457165
-3180209.765457146
-2648741.427483099
-2166193.593712901
-2220248.252968631
-2487455.147048683
-4319170.356204866
-3885516.3726117047
-4179579.6460808176
-5192889.720099245
-5626215.727607585
-5921182.507705796
-6170781.642942179
-6170781.64294216
-5921182.50770577
-5626215.72760759
-5192889.720099265
-4179579.6460808367
-3885516.372611675
-1761303.9548764762
-2117920.3316793568
-2646423.8848186503
-2667420.8072812445
-2614474.022605737
-2638907.189716825
-2638907.189716815
-2614474.022605722
-2667420.807281247
-2646423.88481866
-2117920.331679369
-1761303.9548764608
-372385.0942078755
-774511.6130720417
-918614.102066492
-720616.7706223176
-560764.5636921028
-523130.2191616999
-523130.2191616949
-560764.5636920948
-720616.7706223204
-918614.1020664988
-774511.6130720464
-372385.0942078651
-158573.58019766296
-459234.93344815884
-379002.5952087896
-144734.17793615148
-6920.331042072613
18888.794013028775
18888.794013030925
-6920.331042070609
-144734.17793615285
-379002.59520879615
-459234.9334481608
-158573.58019765565
