144
3015238673.036328
4105185123.6224775
2850654848.1148515
-135801935.90234867
-2612207917.5492845
-3678604286.967493
-3678604286.9674773
-2612207917.5492554
-135801935.9023521
2850654848.114811
4105185123.622439
3015238673.0363045
2451901610.231848
679696249.3853539
-4094423833.5045156
-8545420833.180832
-13390703160.25466
-15145263143.780375
-15145263143.780348
-13390703160.254625
-8545420833.180801
-4094423833.504518
679696249.3853135
2451901610.231818
-408342580.0261615
-3824233310.301966
-8226205780.194336
-12110788420.84306
-15967632368.72401
-17448306008.52808
-17448306008.528065
-15967632368.723965
-12110788420.843025
-8226205780.194328
-3824233310.301974
-408342580.02617645
-2416957255.582977
-3824164301.0294805
-5394122027.583878
-8126641437.999879
-7033141929.425519
-7141936832.025437
-7141936832.025446
-7033141929.42549
-8126641437.999854
-5394122027.583874
-3824164301.0294538
-2416957255.5829587
-1984591939.9520817
-1294220604.2072666
2135329418.678235
6667516143.000256
10955640932.808407
12784025129.374018
12784025129.374004
10955640932.808376
6667516143.000249
2135329418.678264
-1294220604.2072303
-1984591939.9520493
-900680992.9944644
625973554.0659921
5122058440.995493
10821010094.19598
15109086623.166134
16905332798.576399
16905332798.576365
15109086623.166088
10821010094.195961
5122058440.995518
625973554.0660188
-900680992.9944373
-507771423.8879559
260274050.54957998
2627913148.2063828
5582209148.556522
7583727688.010117
8254667051.998691
8254667051.998673
7583727688.010092
5582209148.556501
2627913148.206386
260274050.54959035
-507771423.88794446
-408736939.4772457
-496183837.7726989
-164393723.57042804
328057491.8142589
487716078.5144811
367159326.69608104
367159326.6960783
487716078.51447487
328057491.81424874
-164393723.5704312
-496183837.7726988
-408736939.477245
-200374754.50417742
-450972638.07113737
-735481172.085571
-1016223190.4982427
-1333715126.435332
-1572461858.772562
-1572461858.7725604
-1333715126.4353313
-1016223190.498248
-735481172.0855767
-450972638.0711404
-200374754.5041796
-19617591.16525829
-116730996.49332008
-282607366.98143667
-463547842.72099525
-629851343.7047293
-731328011.3032986
-731328011.3032986
-629851343.7047303
-463547842.72099835
-282607366.9814408
-116730996.49332292
-19617591.16525939
30094676.488137797
29972542.26007541
13443643.181634715
-11876038.838794906
-33503052.962063074
-44389898.53757079
-44389898.53757141
-33503052.962064702
-11876038.838797279
13443643.18163256
29972542.260074403
30094676.48813792
18204096.621594537
29150480.70654687
44342147.42831259
61373108.74733201
74754505.58830653
83147304.42118245
83147304.42118208
74754505.5883058
61373108.747331254
44342147.428312175
29150480.706546992
18204096.62159511
