144
425027.5827419013
589764.8445164214
654790.3691877937
654389.6970434196
640342.6045632676
633515.6028219346
633515.6028219346
640342.6045632674
654389.6970434195
654790.3691877935
589764.8445164216
425027.5827419012
686395.0479181382
934854.4085315088
1052093.1386592148
1074377.020847903
1066323.5303276428
1059975.5488397505
1059975.548839751
1066323.530327642
1074377.0208479026
1052093.1386592153
934854.4085315086
686395.047918138
504917.63178172446
673408.2418622503
770735.0334545274
806705.2451447262
812687.3173661669
811474.6553195298
811474.6553195303
812687.3173661667
806705.2451447258
770735.0334545268
673408.2418622503
504917.6317817253
-46579.644533618906
-70399.53923542051
-71124.12961474583
-61581.83896754768
-55194.00749622926
-53618.290645015346
-53618.290645015506
-55194.00749622954
-61581.83896754748
-71124.12961474602
-70399.53923542066
-46579.64453361888
-650958.1341114253
-884411.1098809425
-995806.6561728448
-1018702.7801400009
-1012851.8990057239
-1007796.5871024317
-1007796.5871024319
-1012851.8990057235
-1018702.7801400011
-995806.6561728454
-884411.1098809427
-650958.1341114253
-664562.5460753312
-909776.4581858072
-1019957.4456826982
-1035383.9886264002
-1023709.1262573781
-1016350.483889257
-1016350.4838892571
-1023709.1262573777
-1035383.9886263998
-1019957.4456826979
-909776.458185807
-664562.5460753316
-296830.1681012507
-417030.340242539
-458753.1778628722
-451665.9973406828
-437566.6269622888
-431460.2141138111
-431460.21411381103
-437566.6269622888
-451665.9973406825
-458753.1778628721
-417030.3402425391
-296830.1681012508
-9836.547442061463
-25395.48076682678
-17855.749920033155
-1801.7267430831089
8317.007039848693
11341.132155137058
11341.132155137066
8317.007039848777
-1801.7267430830057
-17855.74992003309
-25395.48076682683
-9836.547442061503
58402.584194141986
74069.91028037788
89357.38886918173
99636.93029684227
103537.44717837364
104008.75407440672
104008.75407440674
103537.44717837362
99636.93029684226
89357.38886918171
74069.91028037788
58402.58419414197
27157.155052175134
36492.685612739406
42837.82990400599
45491.21015478951
45612.24845492517
45090.58779116514
45090.58779116514
45612.248454925146
45491.2101547895
42837.82990400598
36492.6856127394
27157.155052175134
1165.2444876885027
2501.5514099098423
2853.0088599567566
2349.8282768951444
1591.225355756176
1104.5150710036162
1104.515071003614
1591.2253557561726
2349.828276895143
2853.008859956753
2501.5514099098477
1165.244487688504
-3853.62396887289
-4615.898976827451
-5398.777347327566
-6088.387639050434
-6563.224101205056
-6788.919157022738
-6788.919157022737
-6563.224101205055
-6088.387639050433
-5398.7773473275665
-4615.898976827453
-3853.6239688728897
