144
-914558061.9933727
-2179870171.554017
-3418044624.241415
-4176235688.4919815
-4385943145.861426
-4365870385.223437
-4365870385.2234335
-4385943145.861411
-4176235688.4919596
-3418044624.241396
-2179870171.5540037
-914558061.993369
-1787417429.5699522
-3323916965.9774933
-4986402271.63833
-5924725056.327788
-6430131820.974108
-6465416022.607319
-6465416022.607307
-6430131820.974085
-5924725056.32777
-4986402271.638309
-3323916965.9774714
-1787417429.5699425
-1291886924.3507073
-2244840477.9619584
-3260981211.944383
-3960013124.1234293
-4333103879.909086
-4386137518.840721
-4386137518.840708
-4333103879.909074
-3960013124.123414
-3260981211.944369
-2244840477.9619474
-1291886924.3507
496683061.4100413
579489605.0889493
876321912.3403718
985911385.5056885
1184591713.748167
1179163472.1492796
1179163472.1492765
1184591713.7481627
985911385.5056759
876321912.3403574
579489605.0889492
496683061.4100404
1766239829.7505987
3431497141.1949058
5050026288.39587
6093769295.550714
6503220105.188929
6544954838.840842
6544954838.840838
6503220105.188911
6093769295.550693
5050026288.395842
3431497141.194883
1766239829.7505915
1425456893.6201508
3051997293.078674
4558503322.187586
5483874261.132897
5748746767.803913
5727258471.494435
5727258471.494426
5748746767.803893
5483874261.132869
4558503322.187564
3051997293.0786543
1425456893.6201448
353758642.4063193
1091369509.0061276
1755329540.9655054
2095391019.9018877
2106456461.5110934
2021711521.9541721
2021711521.9541688
2106456461.5110838
2095391019.9018745
1755329540.9654953
1091369509.0061212
353758642.4063203
-238604263.5850767
-156785709.2421518
-98364251.30458076
-131340282.42885484
-230631048.3844486
-310024460.0634587
-310024460.0634591
-230631048.38444987
-131340282.42885737
-98364251.30458272
-156785709.242151
-238604263.58507392
-225618648.59676263
-315461761.0623693
-406799966.6071572
-494888206.21797085
-563471313.6371526
-599934527.5161701
-599934527.5161694
-563471313.6371508
-494888206.21796954
-406799966.607156
-315461761.0623675
-225618648.59676117
-61358616.79891948
-109880929.07131536
-157599637.70852762
-190659863.2816641
-207051834.62460235
-212415715.8388467
-212415715.83884615
-207051834.62460113
-190659863.2816631
-157599637.70852676
-109880929.07131481
-61358616.79891912
12018934.43205154
6211121.708851975
891758.0339512433
1677157.0312413978
6113145.615741949
9754384.69213709
9754384.6921372
6113145.615742114
1677157.0312415413
891758.0339513618
6211121.708851928
12018934.432051543
14817360.49424406
17605477.772906285
22404724.970641244
28786668.017361447
33828994.03959578
36527845.91799808
36527845.91799805
33828994.039595686
28786668.017361335
22404724.970641136
17605477.772906188
14817360.494244069
