144
-844783.1021555681
-2026125.9810871065
-3078846.8959703716
-3906101.8179655247
-4269685.441865759
-4324295.112996341
-4324295.112996342
-4269685.44186576
-3906101.817965506
-3078846.8959703445
-2026125.9810870849
-844783.1021555657
-499672.4568970828
-1849016.5133945995
-3347831.870304033
-4449115.739201458
-5112670.5863225395
-5274284.802071488
-5274284.802071489
-5112670.586322536
-4449115.739201455
-3347831.870304009
-1849016.513394564
-499672.45689708117
1676653.844470959
540959.08745901
-370576.0699625639
-1352948.719783129
-2031962.110629482
-2236906.957968271
-2236906.9579682755
-2031962.110629489
-1352948.7197831161
-370576.0699625513
540959.087459029
1676653.8444709363
4247432.487107557
4321594.238707381
4972265.3822651375
4721680.32468661
4503414.737825073
4370053.7103224145
4370053.710322417
4503414.737825063
4721680.324686607
4972265.382265131
4321594.238707393
4247432.487107546
4454162.300464704
7038462.531356576
8783852.392372841
9523016.668584652
9776113.65834763
9819673.957784822
9819673.957784822
9776113.658347635
9523016.668584637
8783852.392372824
7038462.531356558
4454162.300464694
2111188.655413578
5046668.963787316
6602689.323129176
7519212.206194781
7901822.080902996
7997681.749230168
7997681.749230175
7901822.080903
7519212.206194761
6602689.323129156
5046668.963787287
2111188.6554135797
-545338.2094280932
1068225.9865229893
1662993.239992593
2175330.0375083736
2426285.831088394
2470879.5010275086
2470879.501027515
2426285.8310884037
2175330.0375083596
1662993.239992575
1068225.9865229668
-545338.2094280809
-2039805.563555692
-1822282.9505527974
-1937420.0686335654
-1776361.295652358
-1659472.3720515522
-1657067.1341163418
-1657067.134116335
-1659472.3720515443
-1776361.295652367
-1937420.0686335778
-1822282.9505528107
-2039805.5635556804
-2529601.951870364
-3056070.8663923414
-3398158.839807307
-3338089.593414539
-3248169.712623027
-3240769.0378294275
-3240769.037829424
-3248169.712623022
-3338089.5934145446
-3398158.8398073153
-3056070.866392348
-2529601.9518703544
-2169802.8906511893
-2884298.0390078784
-3143905.9650724754
-3065796.1508477735
-2973274.390260009
-2954302.607764756
-2954302.6077647554
-2973274.3902600086
-3065796.150847776
-3143905.9650724777
-2884298.0390078817
-2169802.8906511837
-1643313.2400196642
-2262711.7244878947
-2419640.7948577604
-2325177.614894169
-2240099.066856045
-2219932.9221880175
-2219932.922188018
-2240099.0668560457
-2325177.6148941712
-2419640.7948577628
-2262711.7244878937
-1643313.240019661
-823043.8036656994
-1149323.7907029688
-1201008.878957899
-1133749.858237351
-1088290.4560703915
-1081532.57201071
-1081532.5720107104
-1088290.4560703915
-1133749.8582373525
-1201008.8789579002
-1149323.7907029681
-823043.8036656985
