144
-112936026.98182876
-490511860.1281106
-1026937447.5759121
-1517475421.8174086
-1773362410.3080287
-1844115952.4419465
-1844115952.4419415
-1773362410.3080168
-1517475421.8173943
-1026937447.5759019
-490511860.1281063
-112936026.9818287
-473912528.3641352
-1171811254.848465
-2106522710.3056214
-2741982646.934521
-3266246403.559457
-3401295871.5610623
-3401295871.561055
-3266246403.5594397
-2741982646.934506
-2106522710.3056054
-1171811254.8484547
-473912528.3641329
-501353615.30096406
-1100095891.0346625
-1764235738.6536996
-2279329488.99369
-2677287977.4286323
-2797533152.679251
-2797533152.679242
-2677287977.4286227
-2279329488.993677
-1764235738.653689
-1100095891.034655
-501353615.30096155
8428675.897643834
-70311290.22940329
-69198201.47407477
-201370708.4836945
-55633256.89668196
-59079813.01632955
-59079813.01633003
-55633256.89668265
-201370708.4836939
-69198201.47407964
-70311290.22940212
8428675.89764432
510428966.58139485
1161610002.211175
1984061404.3773196
2676935903.7009835
3122230918.589433
3265406586.1943955
3265406586.194391
3122230918.589418
2676935903.7009664
1984061404.3773046
1161610002.211165
510428966.58139336
465678010.55495477
1168415963.4914594
2024629478.0523386
2751881954.9244323
3143257455.5044165
3259842254.765384
3259842254.765377
3143257455.5044017
2751881954.924414
2024629478.052325
1168415963.4914522
465678010.55495423
97273273.87648384
425607176.2392414
830093749.4278951
1156724245.9382997
1298798771.638426
1314797435.361719
1314797435.3617153
1298798771.638418
1156724245.938291
830093749.427889
425607176.2392383
97273273.87648517
-118405965.95462464
-90348575.25144596
-45942264.14393595
-23020070.00634346
-47188010.41750234
-83737619.684983
-83737619.68498339
-47188010.41750338
-23020070.0063453
-45942264.14393688
-90348575.25144543
-118405965.95462304
-101155277.4204124
-149147823.40663993
-201964352.79688781
-252260967.36214194
-298179902.6266354
-327579363.75185764
-327579363.75185734
-298179902.6266342
-252260967.36214146
-201964352.79688755
-149147823.40663904
-101155277.42041172
-27177474.65901546
-50817606.00535264
-79664040.89696571
-103340435.88808419
-120199079.700753
-129037070.36016998
-129037070.36016972
-120199079.70075247
-103340435.88808385
-79664040.89696568
-50817606.00535256
-27177474.659015328
4813014.906136102
2742760.2009978485
-572703.0735201965
-1639870.1392748368
-1228532.6703092575
-669463.4288894067
-669463.4288893995
-1228532.6703093033
-1639870.139274977
-572703.0735203191
2742760.2009977396
4813014.906136118
5976144.658311568
6975708.581190219
9863486.633260792
13746881.42313558
16657007.269216068
18200384.0492859
18200384.049285877
16657007.269215979
13746881.42313546
9863486.633260686
6975708.581190166
5976144.658311623
