144
236719549.99816936
523772594.9156077
782582535.8298656
920733386.4516544
947266760.218663
936734106.1793731
936734106.1793724
947266760.2186608
920733386.4516516
782582535.8298631
523772594.91560566
236719549.9981686
429981067.3732097
737187139.6888888
1067519006.3121244
1242829697.0090766
1320360117.329693
1319556876.2382321
1319556876.2382305
1320360117.3296897
1242829697.009076
1067519006.3121219
737187139.688885
429981067.3732081
303805297.4806536
473397755.23509574
673449041.2766644
801998847.9396325
860148388.3472564
865164249.2487276
865164249.2487259
860148388.3472556
801998847.9396318
673449041.2766625
473397755.23509365
303805297.4806519
-108390742.44135708
-144369454.29656386
-217410045.70133525
-252782288.47683442
-287533478.4367022
-285970282.13796353
-285970282.13796365
-287533478.4367018
-252782288.47683334
-217410045.70133317
-144369454.29656392
-108390742.44135693
-399724099.54406524
-755741459.0596827
-1085088108.6315274
-1282681280.0444217
-1348518797.606497
-1349253939.0333571
-1349253939.0333571
-1348518797.6064951
-1282681280.0444183
-1085088108.6315236
-755741459.0596794
-399724099.54406387
-329754211.9008968
-665669114.028951
-965986611.3239282
-1133195717.5283976
-1169491783.2824857
-1158065930.7044163
-1158065930.704415
-1169491783.2824814
-1133195717.5283954
-965986611.3239251
-665669114.028948
-329754211.9008958
-94882584.13030219
-242147737.2891418
-372264870.52035165
-427949846.4698087
-420571857.50446415
-400601382.2498314
-400601382.24983096
-420571857.5044631
-427949846.4698069
-372264870.52034986
-242147737.28914073
-94882584.13030204
38353250.909000926
25817274.1477902
15520576.019433979
27596334.15740203
50727136.35596613
66699286.51531636
66699286.51531645
50727136.35596632
27596334.157402385
15520576.019434182
25817274.14779001
38353250.90900064
40436132.398712724
61806258.72933791
80343731.09526826
100181671.54748096
114690084.03487079
121467083.624527
121467083.62452702
114690084.03487062
100181671.54748075
80343731.09526803
61806258.729337595
40436132.39871255
8452815.993187971
19957049.065138772
29243977.186068803
37030316.13608746
40820865.80750767
41623971.685064435
41623971.68506441
40820865.8075075
37030316.136087276
29243977.186068624
19957049.065138593
8452815.993187957
-4997075.113857162
-3388769.009504213
-2349082.4473946244
-1469245.3901988077
-1857128.6806908548
-2583040.2485354664
-2583040.248535457
-1857128.6806908404
-1469245.3901988524
-2349082.4473947007
-3388769.009504265
-4997075.113857116
-4518276.901129299
-6585336.1341610495
-7652352.155014135
-8009430.830606242
-8520204.879542714
-9171681.780037174
-9171681.780037139
-8520204.879542666
-8009430.830606249
-7652352.1550141685
-6585336.134161073
-4518276.901129245
