144
-8342241.548321895
-17981441.438949306
-25303604.95590264
-28487865.82145915
-28293637.22898854
-27369741.74296918
-27369741.7429692
-28293637.228988543
-28487865.82145911
-25303604.95590254
-17981441.438949224
-8342241.548321878
-11396204.2522947
-20652667.521728456
-28429235.43764563
-32893105.36176182
-33189800.140383992
-32456889.99849826
-32456889.998498257
-33189800.140383977
-32893105.361761842
-28429235.437645577
-20652667.521728326
-11396204.252294673
-2323340.8409640365
-7653096.747147272
-12347783.07528233
-15913309.012523582
-16824569.23504769
-16592081.833232693
-16592081.833232695
-16824569.23504774
-15913309.012523584
-12347783.075282298
-7653096.747147216
-2323340.840964081
12612160.849163465
12680869.758450942
16055918.437630571
16892191.81012158
16256910.18501103
15835805.65150981
15835805.651509812
16256910.185010998
16892191.81012157
16055918.437630568
12680869.75845099
12612160.849163452
17907929.221233886
29777875.5393439
38872682.33698015
42045838.25973832
41416496.07649918
40377265.846218936
40377265.84621894
41416496.076499194
42045838.259738326
38872682.336980104
29777875.53934383
17907929.221233826
10642417.270085635
23168437.008196864
30932903.897488654
33577801.63807347
32798206.896662693
31679742.521884754
31679742.52188477
32798206.896662697
33577801.63807342
30932903.897488568
23168437.008196782
10642417.270085609
601568.5118041496
7301814.167157199
10440671.346755845
11369305.955387982
10678309.325110678
9899414.813680323
9899414.81368034
10678309.32511069
11369305.955387942
10440671.346755788
7301814.167157129
601568.5118041639
-3913158.2331066635
-1982781.849369236
-1899391.4584433034
-1888688.8172549421
-2216429.9817077396
-2554021.2530946955
-2554021.253094683
-2216429.9817077215
-1888688.8172549664
-1899391.458443347
-1982781.8493692817
-3913158.233106636
-3383207.358348242
-3195161.592176979
-3808459.964869054
-3831879.8455362283
-3783832.49327511
-3839775.893796418
-3839775.8937964025
-3783832.4932750845
-3831879.8455362367
-3808459.9648690773
-3195161.592177
-3383207.3583482136
-1558298.8993454543
-1642981.8730609042
-1947537.1370161523
-1759532.0801002742
-1560518.1255821967
-1520616.817754143
-1520616.8177541322
-1560518.125582177
-1759532.080100272
-1947537.1370161634
-1642981.8730609177
-1558298.8993454378
-389694.3081423067
-647895.8428755659
-830919.8440142366
-598048.955435339
-417909.4038443359
-380325.8145007104
-380325.8145007024
-417909.4038443227
-598048.9554353424
-830919.8440142468
-647895.8428755726
-389694.30814229505
91505.48735470918
-332151.39990015054
-268278.0543432033
-37234.572207745005
91294.3560003011
105394.01573428442
105394.01573428755
91294.35600030697
-37234.57220774582
-268278.0543432128
-332151.39990015316
91505.48735471751
