144
21652172.9679727
44655595.52945523
65218946.321145505
75991174.96306667
78515688.55466662
78211098.19765344
78211098.19765337
78515688.55466646
75991174.96306646
65218946.32114532
44655595.529455125
21652172.967972632
39865417.88548716
63611835.204186924
91332280.90328969
106267000.31840485
113596756.74234957
114487566.85109591
114487566.85109577
113596756.74234931
106267000.31840472
91332280.90328945
63611835.204186745
39865417.885487035
32058219.510827787
44833347.78913756
63052789.8145113
74058974.42301369
79587345.18761371
80675404.05736811
80675404.05736798
79587345.18761359
74058974.42301366
63052789.81451127
44833347.78913747
32058219.510827623
-2399146.5106637296
-6166387.990063465
-10703606.941830989
-12999000.843591698
-16196716.494218528
-16286439.33969394
-16286439.339693941
-16196716.494218571
-12999000.843591545
-10703606.94183079
-6166387.990063394
-2399146.510663717
-31577953.462579392
-59187752.582401425
-86146014.65904541
-103550024.21631615
-110818380.95930213
-112058172.92134647
-112058172.92134638
-110818380.95930193
-103550024.21631591
-86146014.65904513
-59187752.58240118
-31577953.462579314
-29793288.164225843
-54910145.85284134
-80203883.65236421
-95242491.59754255
-100017461.88367176
-100229319.42834131
-100229319.42834121
-100017461.88367158
-95242491.5975423
-80203883.65236399
-54910145.85284118
-29793288.164225787
-11294734.015054382
-21272472.552194566
-32305460.07758047
-37215455.21094219
-37277858.7870548
-36182589.77185758
-36182589.771857545
-37277858.78705468
-37215455.21094208
-32305460.07758039
-21272472.552194566
-11294734.015054364
534231.3746541357
855155.71869379
-3698.687978549718
1409344.719077182
3490970.955110101
4737704.764328181
4737704.764328196
3490970.9551101443
1409344.7190771974
-3698.6879785663587
855155.7186937382
534231.3746541386
1692851.0868674812
4226817.525125888
5841672.702643837
8019562.892695638
9586355.46435037
10217335.744763734
10217335.744763734
9586355.464350386
8019562.89269561
5841672.7026438
4226817.5251258435
1692851.0868674966
-141347.0889897441
1096627.4412212896
1888561.2776400936
2909279.4338516043
3487320.502712789
3601168.3554029907
3601168.3554030014
3487320.5027128
2909279.433851589
1888561.277640069
1096627.441221261
-141347.08898973156
-814843.080939955
-739089.1216232748
-761887.0366213403
-468891.09102500573
-342773.51109576965
-387591.0486470399
-387591.0486470291
-342773.5110957561
-468891.0910250171
-761887.036621358
-739089.1216232906
-814843.0809399413
-104952.28519139533
-859488.900186428
-1022491.0070806879
-858628.9793200219
-800529.4462162757
-844596.2755314244
-844596.2755314187
-800529.4462162612
-858628.9793200217
-1022491.0070807033
-859488.9001864328
-104952.28519138347
