144
-379809294.21163154
-907474431.3875161
-1431460175.2221715
-1763118884.0431871
-1864468151.7159598
-1863196959.948131
-1863196959.9481294
-1864468151.7159543
-1763118884.043179
-1431460175.2221646
-907474431.3875115
-379809294.2116301
-746490049.0969896
-1396127738.8676872
-2117791440.2271185
-2535768192.1379333
-2773917483.4965696
-2801208236.4438443
-2801208236.4438396
-2773917483.496561
-2535768192.13793
-2117791440.2271109
-1396127738.8676786
-746490049.0969862
-541051064.7419897
-959155683.1049536
-1411908802.4272177
-1729595913.0358136
-1909482428.6945047
-1942500675.720874
-1942500675.7208707
-1909482428.694502
-1729595913.0358086
-1411908802.4272132
-959155683.104949
-541051064.7419876
212532897.67938647
234920582.10905597
352165610.5608934
379865713.5831985
463094422.07050526
459270346.91542774
459270346.9154273
463094422.0705047
379865713.583194
352165610.5608902
234920582.10905546
212532897.6793862
751943841.0729754
1453451742.8607852
2150357979.369423
2608454044.717902
2803256888.0870433
2832927544.0424924
2832927544.04249
2803256888.087037
2608454044.7178946
2150357979.369413
1453451742.8607776
751943841.0729728
606461850.5793586
1300059963.1697724
1956036112.1714196
2373419792.533254
2510567231.376216
2514867914.099925
2514867914.0999227
2510567231.3762107
2373419792.5332456
1956036112.1714106
1300059963.1697652
606461850.5793569
147838532.59472877
464919621.1615723
755453047.0760841
914032206.5841992
932084220.8153828
902729492.0377374
902729492.0377362
932084220.8153801
914032206.5841948
755453047.0760803
464919621.1615697
147838532.59472913
-106080914.98336844
-69679271.12810561
-44104282.32321722
-54686545.6981975
-94083298.8146294
-126970905.85073549
-126970905.85073555
-94083298.81462973
-54686545.698198564
-44104282.323218055
-69679271.12810555
-106080914.98336755
-99988701.429997
-137521171.33967942
-178064608.75232977
-215992755.60434163
-245804862.27050313
-262234404.11047187
-262234404.11047155
-245804862.27050248
-215992755.6043413
-178064608.75232956
-137521171.33967897
-99988701.4299965
-28566715.4677419
-48843635.97866271
-69978378.43114744
-84370798.20949893
-91829888.21953036
-94679341.97124393
-94679341.9712437
-91829888.2195299
-84370798.20949864
-69978378.43114726
-48843635.978662536
-28566715.467741746
3986299.5207281727
1041672.1887110451
-1198462.5417339692
-837296.0829337253
980722.4947883757
2346906.3034176454
2346906.303417673
980722.4947884436
-837296.0829337068
-1198462.5417339606
1041672.1887110175
3986299.520728194
5805966.700535092
6678209.056721142
8679383.414861506
11667649.51991846
14035382.007418146
15134701.892958503
15134701.89295851
14035382.007418135
11667649.519918408
8679383.414861433
6678209.056721095
5805966.700535121
