144
333723.60338691686
225076.43652122526
44678.26771608806
-143551.238250832
-212748.1281969004
-209591.51108592018
-209591.51108592006
-212748.12819689943
-143551.23825082538
44678.267716095455
225076.43652123134
333723.6033869172
1466572.1670333473
1514770.0814122288
1626173.126575643
1498314.21545857
1468605.5406691385
1477929.7712477762
1477929.771247777
1468605.5406691418
1498314.2154585759
1626173.1265756525
1514770.0814122406
1466572.1670333468
2803862.6149606323
3316604.4326302516
3743798.9562053457
3762862.9959494374
3740295.4478102797
3737467.6480967873
3737467.6480967887
3740295.4478102797
3762862.9959494444
3743798.956205352
3316604.4326302577
2803862.614960622
3171512.7745077163
3821889.347861502
4459177.597320168
4634684.729914379
4559286.352711011
4516488.146937449
4516488.146937448
4559286.352711011
4634684.729914378
4459177.597320167
3821889.3478615074
3171512.774507715
1523706.0065046826
2367107.459229642
2682053.1703610583
2654097.2031605695
2501916.695178735
2414605.3299488486
2414605.3299488486
2501916.695178734
2654097.2031605653
2682053.170361054
2367107.459229633
1523706.0065046807
-583832.9330180169
-110727.30211799797
-226970.72883165302
-370523.5150931284
-497959.69922222267
-566070.1562158804
-566070.1562158789
-497959.6992222208
-370523.5150931327
-226970.72883165968
-110727.30211800878
-583832.9330180145
-1936990.4706224268
-2037914.4760818237
-2307587.8986292626
-2353952.829068458
-2344232.499309852
-2344926.4703188734
-2344926.470318872
-2344232.499309851
-2353952.8290684605
-2307587.8986292686
-2037914.4760818298
-1936990.4706224203
-2491003.0025084824
-3071511.2632396184
-3350882.0697240788
-3277362.3511096505
-3160423.4582313276
-3113860.9065077626
-3113860.9065077617
-3160423.458231328
-3277362.3511096546
-3350882.0697240834
-3071511.2632396226
-2491003.002508478
-2114876.3048806726
-2817402.1508394275
-3029381.8748769113
-2924954.5746911177
-2805376.967943187
-2762162.1895154854
-2762162.189515485
-2805376.9679431887
-2924954.5746911205
-3029381.874876914
-2817402.1508394293
-2114876.3048806707
-1175014.4204683707
-1653018.426729288
-1758433.6511299266
-1677976.7844606468
-1606424.158963081
-1586458.6790107118
-1586458.6790107116
-1606424.1589630817
-1677976.7844606482
-1758433.6511299282
-1653018.4267292877
-1175014.4204683697
-298710.1083774564
-459205.8070892078
-465684.5626847047
-415834.9764610127
-387582.8009515226
-384577.9258525187
-384577.92585251865
-387582.80095152283
-415834.9764610132
-465684.56268470484
-459205.80708920746
-298710.1083774563
100722.96040824114
118508.0761383066
156566.99618566965
184406.0037263311
190930.53602556651
187933.01027751225
187933.01027751237
190930.53602556666
184406.0037263312
156566.99618566973
118508.07613830689
100722.96040824098
