144
14653709.797011517
29061601.087527785
40312403.484749585
44623079.88778317
44462264.17670686
43612290.90576048
43612290.90576044
44462264.176706776
44623079.8877831
40312403.484749526
29061601.087527737
14653709.797011472
24743794.136900958
36242991.90405964
49263031.47131555
54994437.118138805
55965218.190327436
55293902.62669982
55293902.62669977
55965218.19032732
54994437.11813879
49263031.4713155
36242991.90405955
24743794.136900883
18430167.90634027
22410971.961305898
29457005.27022197
32914175.419294916
33397680.184005633
33030470.69589906
33030470.695899036
33397680.184005566
32914175.419294935
29457005.27022198
22410971.96130589
18430167.906340163
-2054477.716618191
-5916472.485740511
-10062135.66638112
-13277368.06167788
-14748580.322723722
-14909538.909278939
-14909538.909278944
-14748580.32272373
-13277368.061677845
-10062135.666381028
-5916472.485740469
-2054477.7166181842
-17795263.430194277
-32872960.60652106
-45930916.99490143
-52915158.50761154
-54341404.791653655
-53850204.28658352
-53850204.286583535
-54341404.7916536
-52915158.507611424
-45930916.99490131
-32872960.60652094
-17795263.430194233
-16499861.315701935
-28773064.70520594
-39745796.114398465
-44352926.40411269
-44212186.34545401
-43141374.268633604
-43141374.2686336
-44212186.34545394
-44352926.404112585
-39745796.11439837
-28773064.70520588
-16499861.315701893
-6735282.1925863465
-11027961.76513963
-15506589.336251251
-16188434.396626633
-14864602.173756812
-13814545.566941751
-13814545.56694172
-14864602.173756754
-16188434.396626597
-15506589.336251238
-11027961.76513964
-6735282.192586322
-591215.1206912273
-23653.485406413205
-278037.1430073235
940303.0482014358
2262342.705780357
2882085.2210497214
2882085.2210497395
2262342.7057803823
940303.0482014308
-278037.1430073421
-23653.485406449436
-591215.1206912159
112318.28065559133
1450690.303992581
2042277.6490152727
3119726.884966566
3859177.9747200753
4063622.9092108263
4063622.909210834
3859177.974720086
3119726.8849665504
2042277.649015247
1450690.3039925506
112318.28065560649
-625708.3682966322
-78655.13271166764
169745.59687180424
675356.1213685381
948189.3574586915
959515.3305347332
959515.3305347384
948189.3574586977
675356.1213685275
169745.5968717865
-78655.13271168643
-625708.3682966206
-594320.2118256355
-832465.2028020523
-938669.4196830806
-745970.5382539504
-651969.0677593425
-676893.6555618478
-676893.6555618426
-651969.0677593328
-745970.538253956
-938669.4196830934
-832465.2028020604
-594320.2118256256
-289890.98622762103
-714122.6867233259
-709718.8045094686
-552080.7574314466
-481586.4927504765
-496849.89733162796
-496849.89733162546
-481586.492750471
-552080.7574314487
-709718.8045094773
-714122.6867233287
-289890.98622761265
