32
5.937808589574212
8.626815771818544
-23.84006864158809
-139.07460428215796
-333.4359846226342
-445.7117860826714
-406.5699268321918
-218.28109157539822
2.934874510601223
4.613104399066454
-16.496793378849173
-91.82683750674147
-220.8546237555377
328.16068715330374
119.62578606348526
-120.0021467494818
-2.934874510601221
-4.613104399066456
16.49679337884916
91.82683750674143
220.8546237555376
-328.16068715330346
-119.62578606348552
120.00214674948171
-5.937808589574211
-8.626815771818542
23.84006864158809
139.07460428215805
333.43598462263424
445.7117860826715
406.5699268321921
218.28109157539814
