32
0.9107907754308964
-0.93248552972589
-10.15067466857972
-19.018823088020966
1.733927070862947
63.20905829979648
181.71467931940342
146.36003958908287
0.5744878167959679
-0.38054125261859756
-6.7372102027745715
-16.719845452943844
-13.791361267163907
206.42958634522307
-278.1860640903027
85.02770762591791
-0.5744878167959624
0.38054125261859606
6.737210202774525
16.71984545294371
13.791361267163694
-206.42958634522518
278.1860640903029
-85.02770762591804
-0.910790775430891
0.9324855297258918
10.150674668579738
19.018823088020937
-1.733927070863004
-63.209058299795885
-181.71467931940336
-146.36003958908287
