1600
-0.0	4038224647544424.5	3253465304456748.5
-0.0	-119166402052524.31	-1.453985381157554e+16
-0.0	200693511831487.1	1.8926487621866508e+16
-0.0	34705576623627.766	-3367486123757269.5
-0.0	1818406681524.674	2953273782618590.0
-0.0	17.288652008046967	-802921525888266.8
-0.0	34.135531817218926	-815054082909731.2
-0.0	149.34928101270344	-808588155007903.0
-0.0	179.45296992967934	-805515583110998.9
-0.0	149.66696678508498	-804797852801130.4
-0.0	182.60535506051983	-804507522338854.8
-0.0	100.6612867801353	-804367321201910.0
-0.0	33.33057578666189	-804323410431129.4
-0.0	149.94424274820793	-804314538854377.5
-0.0	65.89938481663441	-804313306858126.2
-0.0	74.39917638980963	-804313183328229.1
-0.0	131.14628006116803	-804313174564317.5
-0.0	74.46674724644348	-804313174450128.0
-0.0	78.88113716536242	-804313174602299.1
-0.0	93.02590435146023	-804313174649454.4
-0.0	93.19850351319549	-804313174649374.0
-0.0	102.01982232718744	-804313174602393.1
-0.0	87.89225732303761	-804313174450166.1
-0.0	93.2226594461002	-804313174564252.6
-0.0	57.000756469672986	-804313183328323.2
-0.0	148.33282881748744	-804313306858043.6
-0.0	-2.77458429272802	-804314538854513.8
-0.0	113.62001968253702	-804323410431200.5
-0.0	137.90266124316207	-804367321201959.6
-0.0	15.178221422604668	-804507522338590.1
-0.0	45.472850834160674	-804797852801204.1
-0.0	-49.661073681554534	-805515583111017.1
-0.0	114.9102113839558	-808588155007519.5
-0.0	-9.88718649049046	-815054082910257.8
-0.0	221.60474931655378	-802921525888280.2
-0.0	-1818406681014.3345	2953273782618795.5
-0.0	-34705576623726.457	-3367486123756648.5
-0.0	-200693511831083.4	1.8926487621866344e+16
-0.0	119166402052470.95	-1.4539853811575854e+16
-0.0	-4038224647544389.5	3253465304456796.5
-0.0	2962176336842064.0	-1.807553441355519e+16
-0.0	310953487978304.94	-1.7174900252458573e+17
-0.0	81466122714215.12	-3.776285532255007e+16
-0.0	40338158166941.95	-9.832047687131237e+16
-0.0	6620274342636.267	-8.366460538760203e+16
-0.0	-2.6884469196025114	-8.798063848512368e+16
-0.0	-6.78385857642762	-8.797813882215587e+16
-0.0	-0.9443225382307696	-8.797788375888168e+16
-0.0	14.631361042940213	-8.797793636846102e+16
-0.0	-18.27538906533897	-8.79778910197988e+16
-0.0	8.238293449006017	-8.79778457948466e+16
-0.0	5.548844638994903	-8.797782905868149e+16
-0.0	-8.163204305293279	-8.797782539663622e+16
-0.0	14.825131999215186	-8.797782489184955e+16
-0.0	-11.049465258016404	-8.797782485975896e+16
-0.0	5.821742933297	-8.797782486311994e+16
-0.0	3.9881666628884114	-8.797782486375373e+16
-0.0	2.4057783778368167	-8.797782486343589e+16
-0.0	-3.7552493841782186	-8.797782486323898e+16
-0.0	0.5053930046968065	-8.797782486318112e+16
-0.0	-0.5723448688750928	-8.79778248631808e+16
-0.0	2.883620729183492	-8.797782486323963e+16
-0.0	1.7551364550405653	-8.797782486343646e+16
-0.0	18.640995511484423	-8.79778248637539e+16
-0.0	-21.657664014195262	-8.797782486311949e+16
-0.0	18.407011302971686	-8.797782485975877e+16
-0.0	-9.883895705131712	-8.797782489185003e+16
-0.0	1.1535125878819834	-8.797782539663674e+16
-0.0	16.856058330350447	-8.79778290586822e+16
-0.0	-11.321125839242322	-8.79778457948464e+16
-0.0	24.77468192622054	-8.79778910197994e+16
-0.0	-16.75642019097311	-8.797793636846013e+16
-0.0	16.696525980457228	-8.797788375888082e+16
-0.0	-36.596008132510775	-8.797813882215896e+16
-0.0	42.72604614652738	-8.798063848512483e+16
-0.0	-6620274342607.007	-8.366460538760058e+16
-0.0	-40338158166974.39	-9.832047687130886e+16
-0.0	-81466122714187.12	-3.776285532255103e+16
-0.0	-310953487978249.06	-1.7174900252458646e+17
-0.0	-2962176336842018.0	-1.8075534413555796e+16
-0.0	1525680261316956.2	1.2487580199233534e+16
-0.0	423298148017807.9	-3.326011239176674e+16
-0.0	52543997760512.49	9.887969969354147e+16
-0.0	69390494712511.65	3.367289287026891e+16
-0.0	13442093996086.242	5.061545306805215e+16
-0.0	9.250009159984177	4.51484286255913e+16
-0.0	-11.539450001577922	4.514753013801583e+16
-0.0	-0.8958134352358657	4.514736490714526e+16
-0.0	17.844191052833516	4.514739922780227e+16
-0.0	-17.297703459654745	4.514742954111839e+16
-0.0	14.436376016017759	4.514743913314279e+16
-0.0	6.428109635720086	4.514744101877449e+16
-0.0	-9.05069125862493	4.514744126649134e+16
-0.0	15.230008948541776	4.514744128662894e+16
-0.0	-6.29878258049808	4.514744128759364e+16
-0.0	3.751569836622613	4.5147441287973256e+16
-0.0	11.018728257643872	4.514744128821014e+16
-0.0	5.045476775419439	4.5147441288295976e+16
-0.0	-6.678535722191566	4.514744128831712e+16
-0.0	1.6464579083209046	4.51474412883206e+16
-0.0	0.7741262974305927	4.5147441288320504e+16
-0.0	5.955368822149807	4.514744128831599e+16
-0.0	4.922360627778517	4.514744128829481e+16
-0.0	19.811994631682854	4.514744128821002e+16
-0.0	-19.100396305011373	4.514744128797334e+16
-0.0	17.491930115263518	4.514744128759352e+16
-0.0	-9.823056537090325	4.514744128662847e+16
-0.0	3.204982840739303	4.514744126649011e+16
-0.0	20.175780480681887	4.5147441018773384e+16
-0.0	-6.340606120686264	4.514743913314351e+16
-0.0	24.0294968237107	4.514742954111786e+16
-0.0	-10.47387228570267	4.514739922780278e+16
-0.0	11.49971556687647	4.5147364907147816e+16
-0.0	-28.431356149358894	4.514753013801224e+16
-0.0	39.21625053932112	4.514842862558756e+16
-0.0	-13442093996054.926	5.061545306805543e+16
-0.0	-69390494712546.93	3.3672892870273156e+16
-0.0	-52543997760491.33	9.88796996935407e+16
-0.0	-423298148017814.5	-3.326011239176906e+16
-0.0	-1525680261316862.2	1.2487580199232678e+16
-0.0	216603833899376.06	-7027108912739721.0
-0.0	821170736053102.5	-8.328667067544008e+16
-0.0	-56210542324089.91	3.4867309522176284e+16
-0.0	98798736041750.05	-2.755478115543385e+16
-0.0	21187484383187.168	-1.3122660497007252e+16
-0.0	73.65972750367054	-1.8321480201121216e+16
-0.0	2.357334937281091	-1.8321352594596776e+16
-0.0	-56.093028436338145	-1.832115281361644e+16
-0.0	-30.257043053332296	-1.8321073212803824e+16
-0.0	-95.94253704947302	-1.8321054485989316e+16
-0.0	-54.2535121634906	-1.832105151730065e+16
-0.0	0.4587294438240023	-1.8321051184701436e+16
-0.0	23.1073333570987	-1.8321051157812344e+16
-0.0	-16.63744082565859	-1.832105115623133e+16
-0.0	-7.7181243081939535	-1.832105115616305e+16
-0.0	9.379772190033606	-1.8321051156162668e+16
-0.0	-18.874539871571315	-1.8321051156161828e+16
-0.0	14.337394921353022	-1.8321051156161188e+16
-0.0	-10.466147314816943	-1.8321051156161428e+16
-0.0	-6.8643967298365665	-1.83210511561619e+16
-0.0	-10.900228819731206	-1.8321051156161884e+16
-0.0	-5.549414765433692	-1.8321051156162252e+16
-0.0	2.9731223523027497	-1.8321051156161904e+16
-0.0	31.483511940671125	-1.8321051156161868e+16
-0.0	-17.679532779672442	-1.83210511561625e+16
-0.0	-14.072607803565834	-1.8321051156163268e+16
-0.0	39.81470179504259	-1.8321051156231492e+16
-0.0	-17.088999066761055	-1.8321051157813416e+16
-0.0	-0.11029806584947083	-1.8321051184702544e+16
-0.0	30.833791742475462	-1.8321051517300184e+16
-0.0	81.84357729479888	-1.8321054485989756e+16
-0.0	74.65157751557311	-1.832107321280344e+16
-0.0	-6.927701687204838	-1.8321152813614452e+16
-0.0	0.6392309966006349	-1.8321352594599816e+16
-0.0	-15.69949915606748	-1.8321480201124224e+16
-0.0	-21187484383373.06	-1.3122660497004724e+16
-0.0	-98798736041634.55	-2.755478115543056e+16
-0.0	56210542323995.36	3.4867309522175724e+16
-0.0	-821170736053078.6	-8.328667067544214e+16
-0.0	-216603833899316.3	-7027108912740330.0
-0.0	217122490045381.22	-286128444463193.7
-0.0	1090399883332333.5	-6.117476724148419e+16
-0.0	-130059983002322.17	4.9956468043280344e+16
-0.0	121019094358525.53	-9126569272511238.0
-0.0	26620755788268.367	4128673028184261.0
-0.0	94.26441072769494	-703904059990289.8
-0.0	-4.312243499486698	-703887085559003.6
-0.0	-63.343718455144575	-703840617841532.2
-0.0	-35.075619563588866	-703820857084740.9
-0.0	-111.58297791566234	-703816012743763.8
-0.0	-62.557990998339996	-703815213367138.6
-0.0	2.580246564270358	-703815119480712.5
-0.0	31.77213172403546	-703815111414568.9
-0.0	-16.310071705161082	-703815110898779.8
-0.0	-4.755149578049595	-703815110873642.0
-0.0	13.168343272532784	-703815110874347.5
-0.0	-19.872040684099975	-703815110873338.0
-0.0	19.111088147252705	-703815110872534.9
-0.0	-6.791357412555398	-703815110872762.5
-0.0	-3.5354783072873137	-703815110873231.1
-0.0	-8.812607178753648	-703815110873070.4
-0.0	-6.06042974086405	-703815110873423.2
-0.0	3.2850705550018566	-703815110873637.8
-0.0	35.00874681550725	-703815110873329.1
-0.0	-12.787709102721575	-703815110873601.9
-0.0	-17.703645582748628	-703815110873539.4
-0.0	47.32875631219681	-703815110899275.2
-0.0	-17.262490746388934	-703815111415488.4
-0.0	1.089102309462217	-703815119481788.6
-0.0	40.56071523804873	-703815213366523.2
-0.0	97.84646900165124	-703816012744174.4
-0.0	97.06665920335901	-703820857084388.6
-0.0	-9.07666016159726	-703840617839720.0
-0.0	10.717201585843249	-703887085562039.1
-0.0	-26.546935256995567	-703904059993070.8
-0.0	-26620755788493.973	4128673028186900.0
-0.0	-121019094358370.02	-9126569272507790.0
-0.0	130059983002204.42	4.9956468043279656e+16
-0.0	-1090399883332275.2	-6.117476724148611e+16
-0.0	-217122490045336.16	-286128444463805.44
-0.0	682346745304123.2	-1982489798336561.5
-0.0	1217688278508168.0	-5.48949029599069e+16
-0.0	-151472461533269.97	4.3682995520806424e+16
-0.0	142080021306549.1	-9470175228427664.0
-0.0	30089276863325.016	2416575939761938.5
-0.0	56.192606573792155	-1964098463912813.8
-0.0	-47.906982188320825	-1964098463914517.8
-0.0	-97.13978642674236	-1964098463915720.5
-0.0	-68.85529996582612	-1964098463915159.2
-0.0	-149.31878541499222	-1964098463914327.0
-0.0	-102.19967736457468	-1964098463915326.2
-0.0	-37.97641901268309	-1964098463914657.5
-0.0	-7.681304330914295	-1964098463915272.8
-0.0	-53.9967064072359	-1964098463914554.5
-0.0	-48.36148268280362	-1964098463914332.0
-0.0	-28.056360091704615	-1964098463915613.0
-0.0	-57.56303622777734	-1964098463915067.5
-0.0	-20.80292335457671	-1964098463914372.2
-0.0	-47.68525757375187	-1964098463914568.8
-0.0	-47.228907875580255	-1964098463914907.0
-0.0	-49.84702563075659	-1964098463914800.5
-0.0	-44.65329637055946	-1964098463915144.5
-0.0	-32.82219342224876	-1964098463915247.0
-0.0	4.742674124542355	-1964098463914719.5
-0.0	-54.461069827050636	-1964098463914917.2
-0.0	-55.58399365456639	-1964098463914149.2
-0.0	4.022321471880473	-1964098463915050.8
-0.0	-57.65324113215706	-1964098463915982.2
-0.0	-35.40181583742182	-1964098463914997.0
-0.0	0.7920232321788342	-1964098463914565.2
-0.0	51.82580576621262	-1964098463914679.8
-0.0	51.796790602156676	-1964098463914973.5
-0.0	-53.17727131088211	-1964098463913979.8
-0.0	-36.185588408244314	-1964098463917276.5
-0.0	-55.542927552138686	-1964098463915269.2
-0.0	-30089276863614.855	2416575939764010.0
-0.0	-142080021306490.7	-9470175228424706.0
-0.0	151472461533059.94	4.368299552080603e+16
-0.0	-1217688278508211.0	-5.489490295990862e+16
-0.0	-682346745304099.6	-1982489798337099.2
-0.0	1046450104118062.6	-544238337581924.2
-0.0	1324296992577302.0	-4.430472425039147e+16
-0.0	-151992006243790.75	4.135265861718622e+16
-0.0	161234438925003.66	-5056349214925683.0
-0.0	32907782047313.71	5281378668148675.0
-0.0	98.00452734655397	1422261388792623.0
-0.0	-17.043647261736787	1422261388791036.2
-0.0	-55.45319970770555	1422261388790053.5
-0.0	-24.950556463099595	1422261388790495.0
-0.0	-110.62644747541933	1422261388791377.5
-0.0	-61.41477321798687	1422261388790618.5
-0.0	1.0916813137618557	1422261388790998.2
-0.0	31.524526191261497	1422261388790605.0
-0.0	-10.651222810549388	1422261388791181.2
-0.0	-12.002881864781761	1422261388791467.0
-0.0	10.89346326730494	1422261388790359.8
-0.0	-17.065487028169304	1422261388790845.8
-0.0	16.231092998503655	1422261388791350.8
-0.0	-9.274199905499747	1422261388791020.5
-0.0	-5.937285243929782	1422261388790618.8
-0.0	-12.393953188665197	1422261388790792.8
-0.0	-2.9429015734357735	1422261388790676.5
-0.0	7.509540989238726	1422261388790703.2
-0.0	44.91139078189402	1422261388791176.0
-0.0	-22.29735775698144	1422261388790886.8
-0.0	-14.760071711789564	1422261388791520.5
-0.0	40.82498858439095	1422261388790801.2
-0.0	-16.263259798647358	1422261388789966.5
-0.0	6.508247051330925	1422261388790730.8
-0.0	35.51126450870788	1422261388791209.2
-0.0	95.20630466028192	1422261388791203.0
-0.0	91.48276053437816	1422261388790919.8
-0.0	-13.458551044740261	1422261388791491.5
-0.0	-6.362401153821564	1422261388788785.5
-0.0	-4.5279178391964425	1422261388790217.0
-0.0	-32907782047512.03	5281378668150828.0
-0.0	-161234438924869.78	-5056349214922859.0
-0.0	151992006243664.53	4.135265861718576e+16
-0.0	-1324296992577249.2	-4.430472425039304e+16
-0.0	-1046450104118000.1	-544238337582393.5
-0.0	1286753879812191.2	816927151748724.9
-0.0	1412831482411209.5	-3.3617814246500104e+16
-0.0	-152053981211420.38	3.816252715842162e+16
-0.0	175166180235793.78	-954071593075604.5
-0.0	34893581271345.85	7716264497080750.0
-0.0	89.70913664509858	4428428051500317.5
-0.0	-31.37154166813621	4428428051498983.5
-0.0	-75.86399596071985	4428428051497957.5
-0.0	-36.95920312166319	4428428051498552.5
-0.0	-138.00219994158195	4428428051499190.0
-0.0	-67.5040521403596	4428428051498553.0
-0.0	-12.953402929367666	4428428051499222.0
-0.0	8.419296095065329	4428428051498475.5
-0.0	-21.68382966140325	4428428051498840.0
-0.0	-26.535981282734756	4428428051499387.5
-0.0	-3.879712657144866	4428428051498429.5
-0.0	-22.825528925479706	4428428051498852.0
-0.0	5.24984413074729	4428428051499379.0
-0.0	-31.82235028372413	4428428051499098.0
-0.0	-19.055832117998207	4428428051498746.0
-0.0	-25.611984609246324	4428428051498822.0
-0.0	-18.185606087954916	4428428051498575.0
-0.0	-3.584658797954859	4428428051498789.0
-0.0	32.745837669771916	4428428051498894.5
-0.0	-42.75231592018477	4428428051498488.0
-0.0	-21.71796891073018	4428428051499314.5
-0.0	21.800539645137647	4428428051498612.0
-0.0	-32.425117615003494	4428428051497761.0
-0.0	0.8803299938994105	4428428051498621.0
-0.0	21.35428031406169	4428428051498977.5
-0.0	91.94547632734081	4428428051498932.0
-0.0	75.90216700112798	4428428051498759.5
-0.0	-24.704929137090065	4428428051499246.0
-0.0	-20.136408032021173	4428428051496912.5
-0.0	-15.76692019227983	4428428051498202.5
-0.0	-34893581271577.734	7716264497082529.0
-0.0	-175166180235680.2	-954071593073347.0
-0.0	152053981211259.38	3.816252715842131e+16
-0.0	-1412831482411202.5	-3.3617814246501616e+16
-0.0	-1286753879812127.0	816927151748359.5
-0.0	1470155355120258.2	2038256205378347.0
-0.0	1442811828951188.2	-2.3350929717014532e+16
-0.0	-149369240490402.94	3.4204257948361212e+16
-0.0	181168690920845.3	2612671347718040.0
-0.0	35354946446977.92	9569831977889574.0
-0.0	105.00737457535723	6878840849418575.0
-0.0	-19.27413238945444	6878840849417478.0
-0.0	-62.747261597613445	6878840849416626.0
-0.0	-21.26172396857363	6878840849417203.0
-0.0	-125.40191203498405	6878840849417703.0
-0.0	-52.84687762654002	6878840849417166.0
-0.0	4.461309661854314	6878840849417828.0
-0.0	23.44435291795753	6878840849417129.0
-0.0	-10.542299557273797	6878840849417481.0
-0.0	-8.36448447048722	6878840849417950.0
-0.0	10.426931888749065	6878840849417075.0
-0.0	-10.035390863760986	6878840849417533.0
-0.0	20.403515741651876	6878840849417884.0
-0.0	-16.09664775784887	6878840849417572.0
-0.0	-4.972253699474577	6878840849417330.0
-0.0	-10.583546011993969	6878840849417395.0
-0.0	-3.424540357557612	6878840849417224.0
-0.0	13.120682387888529	6878840849417333.0
-0.0	47.321471434534935	6878840849417395.0
-0.0	-30.969426378422362	6878840849417141.0
-0.0	-7.537296996881698	6878840849417735.0
-0.0	37.41466717860667	6878840849417277.0
-0.0	-15.646634330098482	6878840849416533.0
-0.0	12.571341389948852	6878840849417267.0
-0.0	38.14981759067144	6878840849417575.0
-0.0	107.72980675175017	6878840849417473.0
-0.0	89.26474941169333	6878840849417324.0
-0.0	-12.873089538752481	6878840849417722.0
-0.0	-12.938367201867875	6878840849415866.0
-0.0	1.6019321141925182	6878840849416719.0
-0.0	-35354946447175.07	9569831977891326.0
-0.0	-181168690920714.28	2612671347719914.0
-0.0	149369240490274.53	3.4204257948360932e+16
-0.0	-1442811828951145.2	-2.335092971701567e+16
-0.0	-1470155355120179.2	2038256205377980.5
-0.0	1599954314868983.5	3054848890204538.5
-0.0	1396656735992270.2	-1.4055916131153932e+16
-0.0	-139329190852104.64	2.9611289800015396e+16
-0.0	178070386250171.25	5419445468389609.0
-0.0	33958830214035.344	1.0699713770502274e+16
-0.0	98.89314126402442	8603437076493920.0
-0.0	-25.06726884890572	8603437076493020.0
-0.0	-60.78504553651028	8603437076492301.0
-0.0	-17.986605440764077	8603437076492811.0
-0.0	-125.32928034494431	8603437076493222.0
-0.0	-46.84629178036472	8603437076492810.0
-0.0	3.181886983142649	8603437076493314.0
-0.0	17.583735457874457	8603437076492734.0
-0.0	-4.546709025016763	8603437076493029.0
-0.0	-13.086567823468405	8603437076493386.0
-0.0	8.948766482280792	8603437076492686.0
-0.0	-5.5965175539256755	8603437076493035.0
-0.0	18.485453034315164	8603437076493336.0
-0.0	-21.924330745617915	8603437076493182.0
-0.0	-4.760483446680862	8603437076492918.0
-0.0	-11.767821057591076	8603437076493016.0
-0.0	-6.047279355022619	8603437076492856.0
-0.0	11.910066716014292	8603437076492938.0
-0.0	50.916860423215894	8603437076492976.0
-0.0	-36.41856421720855	8603437076492791.0
-0.0	-3.7722835052527226	8603437076493217.0
-0.0	30.908134347473382	8603437076492896.0
-0.0	-17.44462448421822	8603437076492260.0
-0.0	17.26721922580704	8603437076492813.0
-0.0	30.93199720258961	8603437076493042.0
-0.0	106.88153207091301	8603437076493015.0
-0.0	79.39458799543955	8603437076492976.0
-0.0	-11.71624849438793	8603437076493178.0
-0.0	-17.761424064068038	8603437076491820.0
-0.0	11.732643189057606	8603437076492375.0
-0.0	-33958830214219.86	1.0699713770503538e+16
-0.0	-178070386250058.12	5419445468390955.0
-0.0	139329190851987.72	2.961128980001522e+16
-0.0	-1396656735992242.8	-1.4055916131154822e+16
-0.0	-1599954314868902.5	3054848890204277.5
-0.0	1661634009048622.0	3804232437253328.0
-0.0	1274061583302232.5	-6276152633440705.0
-0.0	-120925534841482.95	2.4568316919827812e+16
-0.0	165484683333028.3	7267266646758611.0
-0.0	30669317429931.848	1.0994612254565332e+16
-0.0	98.16886490827682	9460790666903990.0
-0.0	-22.092556388888333	9460790666903336.0
-0.0	-48.147000567625476	9460790666902700.0
-0.0	-6.1630432493386	9460790666903174.0
-0.0	-111.79895075402285	9460790666903398.0
-0.0	-33.42496538836646	9460790666903140.0
-0.0	7.1076648392254445	9460790666903472.0
-0.0	15.511335445620167	9460790666903026.0
-0.0	7.062845830411126	9460790666903326.0
-0.0	-11.024947041684095	9460790666903544.0
-0.0	12.577141429623257	9460790666903072.0
-0.0	-0.9872616822700446	9460790666903290.0
-0.0	21.880905201369146	9460790666903522.0
-0.0	-14.373404257384555	9460790666903396.0
-0.0	-1.1917185071405116	9460790666903214.0
-0.0	-5.74337941382652	9460790666903246.0
-0.0	-0.1022940215302756	9460790666903178.0
-0.0	13.91293907311227	9460790666903216.0
-0.0	50.434166965972665	9460790666903294.0
-0.0	-31.99204385341659	9460790666903100.0
-0.0	6.5562201463966945	9460790666903440.0
-0.0	27.839356688339922	9460790666903198.0
-0.0	-10.2177312583952	9460790666902668.0
-0.0	26.836012400420685	9460790666903178.0
-0.0	28.015406538958835	9460790666903330.0
-0.0	104.36184347825049	9460790666903256.0
-0.0	73.20315068996959	9460790666903250.0
-0.0	-0.7423613886638505	9460790666903388.0
-0.0	-21.45790830999163	9460790666902466.0
-0.0	23.808102558261353	9460790666902784.0
-0.0	-30669317430080.707	1.0994612254566278e+16
-0.0	-165484683332930.97	7267266646759586.0
-0.0	120925534841393.3	2.4568316919827676e+16
-0.0	-1274061583302207.8	-6276152633441395.0
-0.0	-1661634009048535.8	3804232437253127.0
-0.0	1643371052600211.5	4234351241070233.5
-0.0	1082755997851990.9	-472922718293065.8
-0.0	-95353146858264.83	1.932190825352031e+16
-0.0	143763558016474.0	8024192174702797.0
-0.0	25666567177683.31	1.0408638994662552e+16
-0.0	95.9436199733421	9374604626274252.0
-0.0	-8.499771195851915	9374604626273822.0
-0.0	-24.819326260175046	9374604626273312.0
-0.0	18.062264736755605	9374604626273706.0
-0.0	-82.51264640640669	9374604626273834.0
-0.0	-9.516491115604946	9374604626273636.0
-0.0	25.281093097425856	9374604626273900.0
-0.0	27.826981139599415	9374604626273576.0
-0.0	28.094464451775796	9374604626273780.0
-0.0	4.323752739751429	9374604626273958.0
-0.0	24.613913824178056	9374604626273564.0
-0.0	15.014415082522948	9374604626273714.0
-0.0	31.5527772499121	9374604626273850.0
-0.0	2.4857011008885914	9374604626273792.0
-0.0	14.467454280748159	9374604626273630.0
-0.0	10.574649864885874	9374604626273668.0
-0.0	20.041597084294487	9374604626273628.0
-0.0	26.280350127088518	9374604626273674.0
-0.0	59.27636214198559	9374604626273708.0
-0.0	-14.912815869907602	9374604626273620.0
-0.0	26.21153977200959	9374604626273792.0
-0.0	33.41562926113062	9374604626273706.0
-0.0	7.052708083913508	9374604626273352.0
-0.0	44.40727718115939	9374604626273686.0
-0.0	34.929052574658286	9374604626273826.0
-0.0	108.00325367100906	9374604626273768.0
-0.0	70.24291211616122	9374604626273798.0
-0.0	17.205559434150377	9374604626273764.0
-0.0	-11.07483032053084	9374604626273260.0
-0.0	47.819032973315295	9374604626273384.0
-0.0	-25666567177762.58	1.0408638994663246e+16
-0.0	-143763558016369.22	8024192174703484.0
-0.0	95353146858227.34	1.9321908253520204e+16
-0.0	-1082755997851933.4	-472922718293541.25
-0.0	-1643371052600105.2	4234351241070117.0
-0.0	1536206003203928.2	4315705777520566.5
-0.0	841430357959534.0	3083609595181866.5
-0.0	-65418312465938.13	1.4188074433149344e+16
-0.0	114598244972814.47	7683599754785508.0
-0.0	19441488589610.55	9007754016969804.0
-0.0	59.31953654890187	8383769481075621.0
-0.0	-18.110628588510004	8383769481075358.0
-0.0	-30.545532803931618	8383769481075010.0
-0.0	0.5094604469321047	8383769481075298.0
-0.0	-73.99919580500594	8383769481075348.0
-0.0	-26.0639521605311	8383769481075186.0
-0.0	6.863623781069207	8383769481075318.0
-0.0	14.894001551370062	8383769481075144.0
-0.0	7.442332804135681	8383769481075333.0
-0.0	-11.020152104702746	8383769481075398.0
-0.0	8.293008311976603	8383769481075178.0
-0.0	0.5101475036212999	8383769481075222.0
-0.0	13.164903897462835	8383769481075344.0
-0.0	-10.509422704928435	8383769481075275.0
-0.0	0.5035399784718826	8383769481075216.0
-0.0	-7.05577887073737	8383769481075277.0
-0.0	4.582600405506215	8383769481075233.0
-0.0	12.261315619292821	8383769481075231.0
-0.0	43.44002432392929	8383769481075297.0
-0.0	-27.836868103443376	8383769481075227.0
-0.0	5.86519802618509	8383769481075366.0
-0.0	16.926285706307873	8383769481075285.0
-0.0	-6.316045277376492	8383769481075029.0
-0.0	19.64026340247751	8383769481075304.0
-0.0	16.762084364885347	8383769481075314.0
-0.0	67.91521896322158	8383769481075300.0
-0.0	40.81705823827897	8383769481075336.0
-0.0	-1.320978799619341	8383769481075291.0
-0.0	-30.01500510866871	8383769481074974.0
-0.0	37.26570814427121	8383769481075013.0
-0.0	-19441488589682.188	9007754016970274.0
-0.0	-114598244972774.08	7683599754785924.0
-0.0	65418312465881.43	1.418807443314931e+16
-0.0	-841430357959536.1	3083609595181513.5
-0.0	-1536206003203851.5	4315705777520496.0
-0.0	1338833460255864.5	4056841438210170.5
-0.0	582535686661346.8	4448191100557019.5
-0.0	-35625771964374.54	9545555795731332.0
-0.0	81521689689609.8	6429231992019516.0
-0.0	12860328407109.814	7018103737754618.0
-0.0	39.12918930403002	6695981966087190.0
-0.0	-16.57928047609749	6695981966087053.0
-0.0	-19.2463268635773	6695981966086836.0
-0.0	4.075869735407392	6695981966087034.0
-0.0	-53.333950015668144	6695981966087031.0
-0.0	-19.015238213922096	6695981966086960.0
-0.0	7.017635074975981	6695981966087021.0
-0.0	13.733081724598692	6695981966086924.0
-0.0	11.775349177183855	6695981966087025.0
-0.0	-13.206906816455655	6695981966087044.0
-0.0	6.675062914077293	6695981966086884.0
-0.0	-2.783066176226676	6695981966086951.0
-0.0	8.788666184918478	6695981966087005.0
-0.0	-3.7795599462134493	6695981966086975.0
-0.0	-0.32056632035731586	6695981966086936.0
-0.0	-6.602013729922871	6695981966086970.0
-0.0	3.9716192094127343	6695981966086963.0
-0.0	8.911125339430892	6695981966086928.0
-0.0	34.39475663221017	6695981966086988.0
-0.0	-21.052000876961333	6695981966086991.0
-0.0	7.020459622065303	6695981966087040.0
-0.0	8.251037514185521	6695981966087021.0
-0.0	-3.9497362541740877	6695981966086875.0
-0.0	16.197372100796564	6695981966087022.0
-0.0	7.226562123336569	6695981966087036.0
-0.0	50.91056330960211	6695981966087022.0
-0.0	21.09015721355286	6695981966087045.0
-0.0	4.929269079768892	6695981966086995.0
-0.0	-36.97402968601581	6695981966086870.0
-0.0	46.28276854563701	6695981966086843.0
-0.0	-12860328407138.572	7018103737754874.0
-0.0	-81521689689608.72	6429231992019725.0
-0.0	35625771964349.63	9545555795731324.0
-0.0	-582535686661369.8	4448191100556826.0
-0.0	-1338833460255795.2	4056841438210157.5
-0.0	1066511299898845.4	3518244750057320.5
-0.0	346957274021282.25	4107107623545720.0
-0.0	-11355584484339.625	5790838770399956.0
-0.0	49635460843955.86	4670995819905454.0
-0.0	7014751833652.258	4843101044981771.0
-0.0	21.50819127662883	4711109133035834.0
-0.0	-16.097397221552967	4711109133035781.0
-0.0	-12.767167335648804	4711109133035662.0
-0.0	7.57309770056459	4711109133035778.0
-0.0	-36.921971980650035	4711109133035761.0
-0.0	-5.333056299327042	4711109133035737.0
-0.0	3.461985096081157	4711109133035784.0
-0.0	0.2974791097102508	4711109133035720.0
-0.0	9.358343278857049	4711109133035763.0
-0.0	-10.278504895216624	4711109133035783.0
-0.0	2.421482812378967	4711109133035723.0
-0.0	1.0079785286197498	4711109133035746.0
-0.0	4.394323305949562	4711109133035777.0
-0.0	-8.070502001944648	4711109133035758.0
-0.0	-1.634576209993948	4711109133035748.0
-0.0	-4.5131224637531595	4711109133035758.0
-0.0	1.2497492151957417	4711109133035756.0
-0.0	3.7793915510244935	4711109133035744.0
-0.0	22.536867690079728	4711109133035752.0
-0.0	-20.69331419845922	4711109133035741.0
-0.0	8.438171958436095	4711109133035772.0
-0.0	-2.781686284484261	4711109133035766.0
-0.0	-2.5845182844232366	4711109133035690.0
-0.0	14.044717406598597	4711109133035765.0
-0.0	-1.5224167084580291	4711109133035761.0
-0.0	32.96760553719912	4711109133035754.0
-0.0	5.4265042380154975	4711109133035774.0
-0.0	1.9239291693196856	4711109133035739.0
-0.0	-28.848546460408446	4711109133035728.0
-0.0	32.28201426715297	4711109133035679.0
-0.0	-7014751833665.249	4843101044981867.0
-0.0	-49635460843965.84	4670995819905515.0
-0.0	11355584484324.459	5790838770399953.0
-0.0	-346957274021308.75	4107107623545650.0
-0.0	-1066511299898795.6	3518244750057336.5
-0.0	757172093148060.5	2812229410500557.0
-0.0	169490650229198.6	2933996225995016.5
-0.0	3327637517149.0127	3218559518765852.5
-0.0	24105793324554.164	2974116448568067.5
-0.0	2814263772600.529	2981531272483874.5
-0.0	11.348283930217757	2943941918676951.5
-0.0	-10.308232145171235	2943941918676934.5
-0.0	-6.85064503611415	2943941918676895.5
-0.0	6.946205642407059	2943941918676936.0
-0.0	-22.316800828866725	2943941918676926.5
-0.0	0.4291713529228372	2943941918676917.0
-0.0	2.6992659049819174	2943941918676929.0
-0.0	-3.158917214031072	2943941918676906.0
-0.0	6.787054020726169	2943941918676929.5
-0.0	-8.23615913392869	2943941918676929.0
-0.0	1.1242367115221243	2943941918676914.0
-0.0	5.113628663572966	2943941918676915.5
-0.0	2.3529933129752316	2943941918676927.0
-0.0	-8.94766945931949	2943941918676915.5
-0.0	0.6584060884604841	2943941918676922.5
-0.0	-2.538164474170609	2943941918676926.0
-0.0	0.7755522219145312	2943941918676929.5
-0.0	0.7549656209810258	2943941918676920.0
-0.0	14.65050376976868	2943941918676922.0
-0.0	-13.871565538088712	2943941918676912.5
-0.0	6.854558883981193	2943941918676927.0
-0.0	-3.1325424558237005	2943941918676929.5
-0.0	-1.7564924656575893	2943941918676900.0
-0.0	9.727125066155741	2943941918676934.5
-0.0	-2.1392309148716078	2943941918676923.0
-0.0	20.238313495236554	2943941918676915.5
-0.0	-0.3192660508148104	2943941918676934.0
-0.0	2.2730634159358205	2943941918676918.0
-0.0	-18.502934705194114	2943941918676926.0
-0.0	21.345743560790858	2943941918676902.0
-0.0	-2814263772603.9663	2981531272483897.0
-0.0	-24105793324566.59	2974116448568084.0
-0.0	-3327637517154.525	3218559518765855.5
-0.0	-169490650229220.84	2933996225994997.5
-0.0	-757172093148026.9	2812229410500574.5
-0.0	464797493863285.25	2071629232326379.0
-0.0	63156819218645.484	1834519964283107.8
-0.0	8003808477878.766	1819414203462253.2
-0.0	7924960910882.079	1796932105816300.0
-0.0	546427765933.81915	1780101713798322.8
-0.0	5.459117018515182	1774358415602005.8
-0.0	-5.661047906849606	1774358415602006.8
-0.0	-3.5947024936339207	1774358415601999.0
-0.0	4.881931195070077	1774358415602005.5
-0.0	-13.067867914171263	1774358415602001.8
-0.0	-0.05098601775019369	1774358415602001.2
-0.0	1.9196626895122533	1774358415601997.0
-0.0	-1.9516309699776622	1774358415601994.2
-0.0	4.8127086778327675	1774358415602003.2
-0.0	-5.854346252526514	1774358415602003.8
-0.0	1.0948179241215985	1774358415602004.2
-0.0	2.707304597450063	1774358415602000.5
-0.0	1.4450142048518062	1774358415601997.2
-0.0	-4.248326143580333	1774358415601999.5
-0.0	0.3698207440408046	1774358415602004.2
-0.0	-1.4077851812010325	1774358415602003.8
-0.0	0.2263541754799915	1774358415602003.0
-0.0	-0.9724102250052206	1774358415602005.8
-0.0	8.539618573649772	1774358415602000.5
-0.0	-8.195703107050631	1774358415601997.8
-0.0	5.2358796571055555	1774358415602003.2
-0.0	-2.8631406919756692	1774358415602004.8
-0.0	-0.7478433619739504	1774358415602002.0
-0.0	5.861079425050929	1774358415602004.0
-0.0	-2.5271649653888475	1774358415602000.2
-0.0	12.410523108341723	1774358415602000.2
-0.0	-1.9114397357155855	1774358415602003.2
-0.0	2.902904629670623	1774358415602003.0
-0.0	-13.476143623529081	1774358415602007.5
-0.0	15.1602203721906	1774358415602000.2
-0.0	-546427765932.70795	1780101713798313.0
-0.0	-7924960910893.635	1796932105816298.8
-0.0	-8003808477878.689	1819414203462253.0
-0.0	-63156819218663.0	1834519964283103.0
-0.0	-464797493863264.1	2071629232326394.0
-0.0	237430822237662.78	1392736623944374.8
-0.0	15601338566214.373	1170305651704336.8
-0.0	6138915788135.013	1155926884591478.0
-0.0	570820609866.4409	1147507798064562.8
-0.0	-211755797068.25287	1142531168513003.0
-0.0	2.7591599145441283	1142266613516233.0
-0.0	-3.037143254566463	1142266613516235.2
-0.0	-2.379361986040449	1142266613516236.2
-0.0	2.578794594434663	1142266613516234.8
-0.0	-7.773120629772759	1142266613516234.5
-0.0	-1.1784800805312423	1142266613516236.2
-0.0	1.2024797040689033	1142266613516233.2
-0.0	-0.29095045280851695	1142266613516233.0
-0.0	2.6380975729959024	1142266613516234.8
-0.0	-2.835700170933698	1142266613516232.8
-0.0	0.9586019688137402	1142266613516233.8
-0.0	-0.05862942800831643	1142266613516234.0
-0.0	0.9142346056256455	1142266613516233.0
-0.0	-1.0366495192968848	1142266613516233.2
-0.0	0.0014741472466651454	1142266613516233.0
-0.0	-0.7322190373338987	1142266613516234.2
-0.0	0.0713628693147222	1142266613516234.8
-0.0	-0.1356705713343199	1142266613516235.0
-0.0	4.376840972734024	1142266613516233.8
-0.0	-4.30483278157054	1142266613516232.5
-0.0	2.7423429500449967	1142266613516234.8
-0.0	-1.2191423533158103	1142266613516235.2
-0.0	-0.4684344991572358	1142266613516236.0
-0.0	3.31600994169925	1142266613516234.0
-0.0	-1.6160689425785326	1142266613516233.2
-0.0	7.812434322874113	1142266613516233.0
-0.0	-1.0031542820379926	1142266613516233.8
-0.0	2.45464543342682	1142266613516235.0
-0.0	-7.5123101479939365	1142266613516237.5
-0.0	8.170232236906067	1142266613516233.0
-0.0	211755797067.51862	1142531168512993.0
-0.0	-570820609872.9125	1147507798064560.5
-0.0	-6138915788133.358	1155926884591477.0
-0.0	-15601338566225.502	1170305651704336.8
-0.0	-237430822237651.0	1392736623944384.2
-0.0	94793846448368.64	820811993011107.5
-0.0	1617511348956.234	705863058309392.8
-0.0	2530676436210.69	694815473799209.4
-0.0	-1131995388204.8716	690737818119113.5
-0.0	-215771657478.68655	690450890201556.2
-0.0	1.561297956363452	690450159419629.1
-0.0	-0.8671186071725318	690450159419630.8
-0.0	-1.5214000076961371	690450159419631.1
-0.0	0.586887768926932	690450159419630.5
-0.0	-4.199186491767406	690450159419629.6
-0.0	-1.2938134844988836	690450159419631.4
-0.0	0.6521538448875626	690450159419629.9
-0.0	0.305500916520822	690450159419629.2
-0.0	0.7947489011229851	690450159419630.1
-0.0	-1.2192905616643777	690450159419629.1
-0.0	0.6705336175349709	690450159419629.4
-0.0	-0.4675549123979261	690450159419629.6
-0.0	0.574441428450062	690450159419629.6
-0.0	-0.37418994710211656	690450159419629.9
-0.0	-0.025231516941290458	690450159419630.1
-0.0	-0.2382763854112753	690450159419630.8
-0.0	-0.18956192909521113	690450159419630.5
-0.0	-0.09917655383822624	690450159419630.1
-0.0	2.2092847538272458	690450159419629.2
-0.0	-2.035355006279108	690450159419629.2
-0.0	1.0645273787634073	690450159419630.0
-0.0	0.23071235647154942	690450159419630.6
-0.0	-0.32714602594958486	690450159419630.9
-0.0	1.1408985811603747	690450159419630.2
-0.0	-0.33804535799268426	690450159419629.0
-0.0	4.218446613413731	690450159419629.2
-0.0	0.393949808845846	690450159419630.0
-0.0	1.2077108694704666	690450159419629.9
-0.0	-3.204029400337956	690450159419631.9
-0.0	3.0693131153616773	690450159419629.6
-0.0	215771657475.7801	690450890201549.5
-0.0	1131995388203.4941	690737818119112.2
-0.0	-2530676436210.253	694815473799208.8
-0.0	-1617511348961.1116	705863058309393.5
-0.0	-94793846448363.06	820811993011112.9
-0.0	25033266824019.45	399096699606626.8
-0.0	-65920437356.915085	341814287605500.5
-0.0	213001844104.48193	337458756984638.0
-0.0	-666471219917.0165	337158535309155.44
-0.0	-59344206936.055695	337157680575767.8
-0.0	0.8228478131121275	337157680575766.6
-0.0	0.007359392400809103	337157680575767.5
-0.0	-0.8274831187952709	337157680575767.56
-0.0	-0.21572967676928897	337157680575767.06
-0.0	-1.8429360734958296	337157680575766.8
-0.0	-0.9002843416666824	337157680575767.9
-0.0	0.2589905852796515	337157680575766.9
-0.0	0.3723265176781109	337157680575766.7
-0.0	0.029399771476995056	337157680575767.1
-0.0	-0.35996636031747675	337157680575766.7
-0.0	0.3696837082292944	337157680575766.75
-0.0	-0.38100109457863607	337157680575766.8
-0.0	0.2790339173092122	337157680575766.7
-0.0	-0.09550106373137995	337157680575766.94
-0.0	-0.02858394876366016	337157680575767.06
-0.0	-0.0737831895536928	337157680575767.1
-0.0	-0.16254551461597377	337157680575767.2
-0.0	-0.022710418183779366	337157680575767.1
-0.0	0.8266733081470207	337157680575766.56
-0.0	-0.6074778202318593	337157680575766.7
-0.0	0.10831158444164554	337157680575766.94
-0.0	0.5353951144767823	337157680575767.25
-0.0	-0.21928753958896258	337157680575767.5
-0.0	0.14836725251157248	337157680575767.06
-0.0	0.1864054555890388	337157680575766.6
-0.0	1.8400336259045666	337157680575766.75
-0.0	0.747085796068916	337157680575766.94
-0.0	0.4323255758014017	337157680575766.9
-0.0	-0.84234721941085	337157680575767.94
-0.0	0.5909825437272682	337157680575766.56
-0.0	59344206933.45999	337157680575764.5
-0.0	666471219917.7001	337158535309155.2
-0.0	-213001844104.81244	337458756984637.75
-0.0	65920437355.58857	341814287605501.0
-0.0	-25033266824017.414	399096699606628.7
-0.0	778381016312.155	142309598288847.84
-0.0	342566906744.3433	129186759414993.58
-0.0	-419712026769.5152	128868673732674.03
-0.0	-74039267935.75623	128867660393057.19
-0.0	22388814062.967823	128867660393057.45
-0.0	0.3236639530517124	128867660393057.17
-0.0	0.1336189348812817	128867660393057.39
-0.0	-0.3084514687264575	128867660393057.23
-0.0	-0.22993244910507762	128867660393057.22
-0.0	-0.5560004665652113	128867660393057.12
-0.0	-0.3770649483382563	128867660393057.47
-0.0	0.05958108102256904	128867660393057.12
-0.0	0.20269925032623248	128867660393057.06
-0.0	-0.10258586873127121	128867660393057.25
-0.0	-0.05508216448909927	128867660393057.12
-0.0	0.13404913109440875	128867660393057.11
-0.0	-0.160158369142046	128867660393057.17
-0.0	0.08996848229458874	128867660393057.11
-0.0	-0.019388148000429723	128867660393057.16
-0.0	-0.013907506697852087	128867660393057.19
-0.0	0.005164939964984875	128867660393057.2
-0.0	-0.08153281132208988	128867660393057.2
-0.0	0.0034151354773684613	128867660393057.22
-0.0	0.22778386045150686	128867660393057.11
-0.0	-0.09726915637507755	128867660393057.14
-0.0	-0.08740161642376947	128867660393057.17
-0.0	0.31875459999066386	128867660393057.28
-0.0	-0.09695870996071929	128867660393057.25
-0.0	-0.0726100574124911	128867660393057.17
-0.0	0.17496210626128988	128867660393057.12
-0.0	0.5445395373396484	128867660393057.12
-0.0	0.4455447969661523	128867660393057.22
-0.0	0.07652342376744749	128867660393057.06
-0.0	-0.03717128959704205	128867660393057.5
-0.0	-0.12046502846364486	128867660393056.94
-0.0	-22388814064.228405	128867660393056.4
-0.0	74039267936.48317	128867660393057.28
-0.0	419712026769.193	128868673732674.0
-0.0	-342566906744.4028	129186759414993.67
-0.0	-778381016311.679	142309598288848.2
-0.0	-2950040528574.7993	26844764289353.344
-0.0	439830032308.2669	26201918333719.09
-0.0	-267817485914.20288	26200740230602.11
-0.0	128311786321.01556	26200740230602.113
-0.0	29900509954.935463	26200740230602.145
-0.0	0.06700342786356801	26200740230602.137
-0.0	0.05123373025205957	26200740230602.19
-0.0	-0.052071872878868254	26200740230602.08
-0.0	-0.08087206783186189	26200740230602.145
-0.0	-0.0527217779927448	26200740230602.117
-0.0	-0.06662582166886372	26200740230602.164
-0.0	-0.005443609929430711	26200740230602.13
-0.0	0.045844284709543874	26200740230602.105
-0.0	-0.05274336876729329	26200740230602.145
-0.0	0.01720757492625688	26200740230602.133
-0.0	0.014999069881544634	26200740230602.113
-0.0	-0.026829757232486692	26200740230602.12
-0.0	0.013192942391398977	26200740230602.125
-0.0	0.003094428080221613	26200740230602.13
-0.0	-0.004159634681073045	26200740230602.137
-0.0	0.005936894469732465	26200740230602.137
-0.0	-0.019358086477799626	26200740230602.137
-0.0	0.005317569360746152	26200740230602.14
-0.0	0.00220729376765453	26200740230602.1
-0.0	0.03126785036144208	26200740230602.125
-0.0	-0.050841016890942024	26200740230602.14
-0.0	0.08043284026443141	26200740230602.14
-0.0	-0.017911654055339822	26200740230602.13
-0.0	-0.047068125078883485	26200740230602.13
-0.0	0.06178511387007804	26200740230602.133
-0.0	0.04072530127637958	26200740230602.117
-0.0	0.12454765398226547	26200740230602.156
-0.0	-0.021554928705895534	26200740230602.08
-0.0	0.09509573220937893	26200740230602.18
-0.0	-0.13981931515499285	26200740230602.094
-0.0	-29900509955.224674	26200740230602.04
-0.0	-128311786320.72926	26200740230602.13
-0.0	267817485914.07678	26200740230602.117
-0.0	-439830032308.136	26201918333719.094
-0.0	2950040528574.817	26844764289353.37
-0.0	-1093412604777.9065	1414374705987.7798
-0.0	321900132910.76495	1412785116709.8772
-0.0	-60146536846.82925	1412785116709.881
-0.0	104346923182.01917	1412785116709.8853
-0.0	15663044221.70655	1412785116709.8691
-0.0	-0.01263248839463012	1412785116709.876
-0.0	-0.0022917519212453715	1412785116709.8818
-0.0	0.01760100686370487	1412785116709.8684
-0.0	-0.004178377952521254	1412785116709.8853
-0.0	0.050217138090757715	1412785116709.883
-0.0	0.020984516706843745	1412785116709.8677
-0.0	-0.011327622566172053	1412785116709.8828
-0.0	-0.005173803732870003	1412785116709.8943
-0.0	-0.008216597899455546	1412785116709.8782
-0.0	0.014670512045445899	1412785116709.886
-0.0	-0.01368574300480054	1412785116709.8918
-0.0	0.009829114385570357	1412785116709.8862
-0.0	-0.008441912534049412	1412785116709.89
-0.0	0.0028226507389251193	1412785116709.884
-0.0	-0.0013894801443082197	1412785116709.8855
-0.0	-0.002854342399710292	1412785116709.8867
-0.0	0.009038177245498349	1412785116709.8838
-0.0	0.006184901375771545	1412785116709.882
-0.0	-0.023944967354933764	1412785116709.887
-0.0	0.02135901243526088	1412785116709.8916
-0.0	-0.014285341730533625	1412785116709.885
-0.0	-0.007661250944519667	1412785116709.8765
-0.0	0.004914563009610195	1412785116709.8823
-0.0	-0.009035110842694318	1412785116709.8867
-0.0	0.006496293171730146	1412785116709.895
-0.0	-0.05815909561497971	1412785116709.884
-0.0	-0.003787571844697585	1412785116709.8855
-0.0	-0.025903323551528773	1412785116709.8755
-0.0	0.03960559271671703	1412785116709.8816
-0.0	-0.035702826964514586	1412785116709.909
-0.0	-15663044221.640963	1412785116709.9375
-0.0	-104346923181.99164	1412785116709.8752
-0.0	60146536846.80585	1412785116709.889
-0.0	-321900132910.69434	1412785116709.875
-0.0	1093412604777.8619	1414374705987.7866
-0.0	412471260118.81305	4291144133.619516
-0.0	191627418203.15045	4291144133.606633
-0.0	14926723277.467667	4291144133.6054506
-0.0	45888387176.192085	4291144133.61082
-0.0	5355095059.518545	4291144133.5990543
-0.0	-0.00770084405653429	4291144133.6037793
-0.0	-0.01840557661264856	4291144133.6002145
-0.0	0.013114723672532056	4291144133.6003585
-0.0	0.018745653905402542	4291144133.6068783
-0.0	0.017810107730218284	4291144133.6081953
-0.0	0.021733939402763688	4291144133.601071
-0.0	-0.0030215862666918515	4291144133.6145954
-0.0	-0.011604884637559897	4291144133.614979
-0.0	0.010217679243353624	4291144133.604119
-0.0	-0.0030094590270018894	4291144133.608224
-0.0	-0.009364731766730507	4291144133.607197
-0.0	0.012322526750498783	4291144133.609664
-0.0	-0.004779547656380888	4291144133.615628
-0.0	-0.003154546214633126	4291144133.6126976
-0.0	-0.0007042038412434088	4291144133.611525
-0.0	-0.004273704051929608	4291144133.612344
-0.0	0.009263002747840518	4291144133.612554
-0.0	0.002889484566051424	4291144133.6075377
-0.0	-0.003086754856093018	4291144133.6018753
-0.0	-0.0010448797829894399	4291144133.607088
-0.0	0.006656217664770277	4291144133.606774
-0.0	-0.02155377567548957	4291144133.599791
-0.0	0.004597009527131448	4291144133.603237
-0.0	0.010888196174700646	4291144133.606972
-0.0	-0.00900233045228404	4291144133.6106477
-0.0	-0.021340642707433494	4291144133.6076703
-0.0	-0.023025089076996536	4291144133.6067963
-0.0	-0.008506456480859117	4291144133.606469
-0.0	-0.01235751501591226	4291144133.608112
-0.0	0.023353796409160986	4291144133.622276
-0.0	-5355095059.43169	4291144133.639499
-0.0	-45888387176.23585	4291144133.6019063
-0.0	-14926723277.46295	4291144133.610307
-0.0	-191627418203.14954	4291144133.607209
-0.0	-412471260118.81476	4291144133.6230683
-0.0	682168437129.9551	-0.0004782775317129565
-0.0	94580557087.08443	0.0005890017176439857
-0.0	17011928824.737726	0.002506998348784076
-0.0	13946685261.137236	0.0018022878454194574
-0.0	1323853451.1596465	0.0024561952823302794
-0.0	0.005572860840629092	0.0019469015883058084
-0.0	-0.01531590616433379	0.002056216876714326
-0.0	-0.0006193085367983023	0.0036734935034718487
-0.0	0.014520246998688905	0.002002730670263908
-0.0	-0.01320898097241648	0.001946479830363573
-0.0	0.0075057210745016	0.002271265928988506
-0.0	0.002039470675638871	0.0016164613944399744
-0.0	-0.006768792000687241	0.0005788831413158947
-0.0	0.01062142490760854	0.0015036230963290005
-0.0	-0.009485923440699394	0.0017950040353732612
-0.0	-0.0015041325818383531	0.001545463873499697
-0.0	0.007985574815234998	0.0017807377617586762
-0.0	0.0002551175104910004	0.0007346661932673273
-0.0	-0.006086940247062778	0.0015454885622546194
-0.0	-0.00045256290404699904	0.0014219571456170344
-0.0	-0.002765474211679845	0.0018791029600301124
-0.0	0.0023870324752117873	0.0015028629390654708
-0.0	-0.0009025565430135173	0.0023297661842125615
-0.0	0.009270456798239644	0.0018242310265615836
-0.0	-0.010674576891410076	0.001342692074980268
-0.0	0.011399122286070382	0.0013262415255601897
-0.0	-0.012163122380994608	0.0029005158728656246
-0.0	0.0001980418842960737	0.0016469189904495664
-0.0	0.013555217164919454	0.002085412219587609
-0.0	-0.007603390756722622	0.0005313151867846396
-0.0	0.012010297133078643	0.0014833160497180248
-0.0	-0.010899440023888327	0.0017567235094408926
-0.0	0.002479008569518399	0.002751555206040595
-0.0	-0.025285777830070046	0.0009340251814654307
-0.0	0.02972604473988904	0.0001948038700131267
-0.0	-1323853451.1293128	0.0010031859082023195
-0.0	-13946685261.170658	0.0021473539488414514
-0.0	-17011928824.732098	0.002369539824613368
-0.0	-94580557087.10522	0.0008935893037481903
-0.0	-682168437129.933	-0.001096266357250673
-0.0	417442778547.63513	-0.0015555891290637623
-0.0	36872664455.18384	0.003861760361297981
-0.0	7035159345.874446	0.0030277268655965186
-0.0	3137624754.8556943	0.0029577157502028257
-0.0	245929791.38104013	0.006461700055219808
-0.0	0.007259328681604677	0.004450483735032305
-0.0	-0.007550232314967061	0.003679792864663453
-0.0	-0.005666098091264693	0.004754360664447178
-0.0	0.005649359292109334	0.0027903301146849917
-0.0	-0.018078469587283954	0.0019826243989696703
-0.0	-0.002587153935491472	0.005787479877295566
-0.0	0.0024617471099297695	0.0031562273539179476
-0.0	-0.001048520425519474	-0.0003072897132347502
-0.0	0.005585149873987091	0.003879271203848091
-0.0	-0.006566230890968489	0.0027788559652229855
-0.0	0.002036138303848974	0.0028929246475032987
-0.0	0.0004702251641754241	0.0030511957865875087
-0.0	0.0020500128860273226	0.0025727713435271587
-0.0	-0.002485237758326852	0.0039139007421596745
-0.0	3.010051510071438e-05	0.004058212060898813
-0.0	-0.0015023243338657228	0.004040532529891196
-0.0	-0.0003758977110895527	0.0037534283663878247
-0.0	-0.0009469683524744425	0.003450967899718802
-0.0	0.009266638012123496	0.003670910408130346
-0.0	-0.009276220630499423	0.0012541688594123895
-0.0	0.006498140066594022	0.002719927341741055
-0.0	-0.0024104981213256067	0.004784730209256694
-0.0	-0.0012036850375308546	0.0021175020016648873
-0.0	0.0071330906913491445	0.0026809096647332116
-0.0	-0.003039062750478801	-0.00021980419952836707
-0.0	0.01812165966057895	0.002143597647532977
-0.0	-0.0012435188022514251	0.0027164247931637416
-0.0	0.005295781347702329	0.0032679336614904876
-0.0	-0.01636938030680859	0.0033090581557157217
-0.0	0.018107582210674034	-0.0029893754393489134
-0.0	-245929791.38370588	-0.008215042166025421
-0.0	-3137624754.867674	0.0041039674484358215
-0.0	-7035159345.871991	0.0018214611380787495
-0.0	-36872664455.199455	0.004481482891270857
-0.0	-417442778547.6152	-0.0019183752911133417
-0.0	165508662449.8569	-0.003735029377038917
-0.0	11029835601.801567	-0.0002634050674067431
-0.0	1858762336.9048011	-0.002222025919189354
-0.0	537649357.7957656	-0.003271889015575559
-0.0	34961905.66738402	-0.0006836418922590605
-0.0	0.004159965635903596	-0.002456628555311438
-0.0	-0.002719280739393161	-0.0016692018185451723
-0.0	-0.004538842202341433	-0.0011791788007373897
-0.0	0.00042557566321064523	-0.003388329444266478
-0.0	-0.011229245503251157	-0.0033214823460041803
-0.0	-0.0036014930827789095	-0.0001963204680707914
-0.0	0.000918306663680948	-0.0033129322990646764
-0.0	4.747572945894617e-05	-0.005037425577947216
-0.0	0.0012272426289770633	-0.002291563068599716
-0.0	-0.0033604598626607086	-0.003431788879407528
-0.0	0.0010537750944564067	-0.004660885391532168
-0.0	-0.0014043375717609564	-0.0033565137140250906
-0.0	0.000817500193415529	-0.003914343285053822
-0.0	-0.001785366750321052	-0.0033498846378364274
-0.0	-0.0006701923140056975	-0.0038221486298334953
-0.0	-0.00117930103027998	-0.003706761378250524
-0.0	-0.001304855808668855	-0.00391124058705755
-0.0	-0.000797283513286573	-0.003455100133839107
-0.0	0.004819310181962191	-0.003428587847549959
-0.0	-0.005594784297418077	-0.004743894956523806
-0.0	0.0019046005807841551	-0.003629696999905878
-0.0	0.00020258933610235413	-0.0019188854593262473
-0.0	-0.0014434173951028489	-0.003059084037882662
-0.0	0.002063778514948132	-0.0033146844623101403
-0.0	-0.0010985897349743946	-0.004762248744114502
-0.0	0.010097760496184122	-0.003341563090487688
-0.0	0.00120159818049832	-0.003397245944269556
-0.0	0.0021406652994830347	-0.002338851126939555
-0.0	-0.00754675870947509	-0.0028601868656088717
-0.0	0.006464976390711373	-0.0074676217633351145
-0.0	-34961905.6767612	-0.011308043457800196
-0.0	-537649357.7982169	-0.0017690219297131953
-0.0	-1858762336.9058561	-0.0031424073495558303
-0.0	-11029835601.808935	-0.000566146800885982
-0.0	-165508662449.84726	-0.004351331310941817
-0.0	47307594127.3878	-0.0006282645523868621
-0.0	2506109197.1111307	0.0010434252991575034
-0.0	347485555.90829295	0.0004398713189282872
-0.0	71168832.3036079	3.998114132285362e-06
-0.0	3840990.6476626922	0.0012166251801992692
-0.0	0.001771483085412683	0.0006089574754072391
-0.0	-0.0005695669184103141	0.0009112733953169278
-0.0	-0.0018853104810682307	0.000902344173530503
-0.0	-0.00024208890218929734	0.00017750253908826823
-0.0	-0.00432208459860605	0.0001067732801406117
-0.0	-0.0018460901534830495	0.0011980033109940723
-0.0	0.00036826236032371705	-0.00020291242416881216
-0.0	0.0004975905466095175	-0.000808303922367454
-0.0	0.0002584609439128034	0.000630725004643026
-0.0	-0.0010834408580652558	0.00018799299517682002
-0.0	0.0006092669977151712	-0.0003247826437547362
-0.0	-0.0007042581887727518	-4.3758460829340836e-05
-0.0	0.00045766312283710667	-0.0003759257810137323
-0.0	-0.000504956312492456	4.404725290044723e-05
-0.0	-0.00016773930990789405	3.709959462047574e-05
-0.0	-0.0002858007811491317	0.00011578211452272743
-0.0	-0.00044594124462814553	6.0261919342887826e-05
-0.0	-0.00016137112768587617	4.779917068925181e-05
-0.0	0.0019288576088354115	2.637684864333029e-05
-0.0	-0.0019087427628456874	-0.00038749291983140323
-0.0	0.00042223548028606935	0.00017574395901423596
-0.0	0.0006005846867506009	0.0008984741710291927
-0.0	-0.0005588443102493371	0.00021301597573878634
-0.0	0.0005735921665630954	0.0001307641279519567
-0.0	-4.4658373253591485e-05	-0.0004807036570126781
-0.0	0.003986866750336423	0.00016041968969120787
-0.0	0.0010725568308933766	0.0002504580693542193
-0.0	0.0007440290393682949	0.00044568612014045383
-0.0	-0.0025124664405727823	0.00038563828474285706
-0.0	0.0019368475307110918	-0.0016110661014179643
-0.0	-3840990.6523929676	-0.0032596529774645703
-0.0	-71168832.30330874	0.0008546266513885797
-0.0	-347485555.9091487	-1.79505692711637e-05
-0.0	-2506109197.113451	0.0010082904498917916
-0.0	-47307594127.38423	-0.0010065769843405385
-0.0	10145458903.468203	-0.0002353491536709367
-0.0	429609410.3356475	0.0002196864540757288
-0.0	47476606.88434951	-2.8886384765036754e-05
-0.0	7333013.099558346	-8.118437047069849e-05
-0.0	327975.44069184316	0.00026388607644613785
-0.0	0.0005682639143215594	0.0001368590823808742
-0.0	-6.6397324130502e-05	0.00012610104231709023
-0.0	-0.0005253026801417871	0.00018117685807119755
-0.0	-0.0001158250564072711	-7.903727175708558e-05
-0.0	-0.0012053329720030951	-6.424825271211444e-05
-0.0	-0.0005382196342818748	0.00026512358170175385
-0.0	0.0001511169824974512	-9.03314061436785e-05
-0.0	0.00022866026498552936	-0.0003070648376935743
-0.0	5.559214974022984e-05	8.493410119905509e-05
-0.0	-0.00027504454248443954	-7.434688420160527e-05
-0.0	0.0002282782918860178	-0.00023051538476080127
-0.0	-0.00022602507492985098	-9.175768160884505e-05
-0.0	0.00017192422113382062	-0.0001577213353893104
-0.0	-9.814217924273786e-05	-4.3522685844662815e-05
-0.0	-4.121113824795027e-05	-7.956879276380746e-05
-0.0	-4.856224970338095e-05	-8.903728684061446e-05
-0.0	-0.00010184267601458457	-6.956015759922323e-05
-0.0	-2.716199259993887e-05	-6.13786229507477e-05
-0.0	0.000571977951339523	-0.0001222023584009028
-0.0	-0.00043288199979237403	-0.00024576079270540325
-0.0	9.884834814162481e-05	-3.742246053739853e-05
-0.0	0.00028701397835836353	0.00016615026773878248
-0.0	-0.00014201903186991316	-2.174979679673992e-05
-0.0	0.00013313967391861473	-0.00011757576499353233
-0.0	8.091058581914559e-05	-0.0002810254546359743
-0.0	0.001195825213414454	-5.705937050821181e-05
-0.0	0.0004209353263865041	-8.131621601672947e-05
-0.0	0.00027242535740923954	-9.026802167410765e-06
-0.0	-0.000631332319345368	1.703936388992823e-05
-0.0	0.0004914583538252154	-0.0006078661453088945
-0.0	-327975.44222020305	-0.0010604166454245107
-0.0	-7333013.09922089	0.00010989505168177613
-0.0	-47476606.884583525	-0.00012829511816815094
-0.0	-429609410.3361755	0.00021183774467869256
-0.0	-10145458903.46723	-0.00034201918519397
-0.0	1663952728.729921	3.492463472764144e-05
-0.0	54947476.39982162	0.00015360974738594203
-0.0	5032562.023563041	0.00011164661397818797
-0.0	590698.9314561873	0.00010184305338046295
-0.0	21843.87623671473	0.0001783117850519871
-0.0	9.079918206373202e-05	0.00015547774326308539
-0.0	-3.8393368470529164e-05	0.00016731077324716153
-0.0	-0.00016158278238341038	0.0001627436502465298
-0.0	-7.70586205352638e-05	0.00011388564070299267
-0.0	-0.00029914695019345454	0.00011418528000974067
-0.0	-0.000162777298143129	0.000206620731002908
-0.0	-8.007181031383487e-06	0.00011270257549788485
-0.0	8.553454623496934e-06	6.119030806460509e-05
-0.0	-3.835173651553525e-05	0.0001477404084080087
-0.0	-9.273408843851459e-05	0.00010873074744888643
-0.0	6.667130619496938e-06	8.839348957298537e-05
-0.0	-9.640662139906943e-05	0.00010679977022686728
-0.0	-7.4377458710409846e-06	8.466237373240232e-05
-0.0	-6.303942803282242e-05	0.00010998370511839848
-0.0	-4.8683423920264406e-05	0.00010976704678761894
-0.0	-4.6745032470772646e-05	0.00010270135318837932
-0.0	-6.887718001466764e-05	0.00011038397375123347
-0.0	-4.786162005784678e-05	0.0001030935466571177
-0.0	7.718468826488483e-05	0.00010202678588416161
-0.0	-0.00013124243809417067	7.41614453319033e-05
-0.0	-2.5110153164896502e-05	0.00010322483414705616
-0.0	2.949228574971092e-05	0.00016048810579801943
-0.0	-7.125776336958491e-05	0.00012174892890166159
-0.0	-1.790344629102604e-05	0.00010675012776780666
-0.0	-1.1983612353652747e-05	6.893701040397774e-05
-0.0	0.00021290608913615818	0.00011501578535359074
-0.0	6.251759827954559e-05	0.00011373457250680907
-0.0	1.3352437923715735e-05	0.00012372636662658456
-0.0	-0.0001565181013913861	0.00014044076115896328
-0.0	4.3498430718359256e-05	-6.856912915754006e-06
-0.0	-21843.876678650762	-0.00011841644809656711
-0.0	-590698.9314247175	0.0001362999857750395
-0.0	-5032562.023699668	8.781597739691015e-05
-0.0	-54947476.39996698	0.00015030499126979718
-0.0	-1663952728.7297807	8.06485601122782e-06
-0.0	210364054.82363886	1.8229536006379582e-05
-0.0	5407292.171847632	4.072384067898348e-05
-0.0	623532.5625434244	3.559683126683479e-05
-0.0	37296.1427569453	3.51061399031896e-05
-0.0	1137.3129505978025	5.271420538759794e-05
-0.0	2.2398662687784538e-05	4.676801441135265e-05
-0.0	1.6494440063647675e-06	5.101208361088334e-05
-0.0	-2.07839071301951e-05	4.90170806332582e-05
-0.0	-6.940068855114902e-06	3.9334960972657494e-05
-0.0	-4.17483693461381e-05	3.9289034268585924e-05
-0.0	-2.1505962637411493e-05	5.483642959670788e-05
-0.0	4.662664960684624e-06	3.902587128087745e-05
-0.0	9.112044804991733e-06	3.153856291892731e-05
-0.0	-7.506236299479194e-07	4.5278630212008355e-05
-0.0	-6.807668734030535e-06	4.0422600846514436e-05
-0.0	8.85842287812132e-06	3.647453830858463e-05
-0.0	-8.238152600178683e-06	3.9018950739406675e-05
-0.0	6.3864232804350405e-06	3.731643859220505e-05
-0.0	-2.386196895957788e-06	4.1708917478640954e-05
-0.0	-6.523386173221981e-07	3.978917447833055e-05
-0.0	-7.48170750818742e-07	3.9350427962075514e-05
-0.0	-4.956618151617702e-06	3.9337329851442295e-05
-0.0	-1.6055142525449115e-07	4.1029490486766914e-05
-0.0	1.9171095990130805e-05	3.844647708416535e-05
-0.0	-1.4506935273476858e-05	3.3984512115313946e-05
-0.0	1.4263637204971646e-06	4.008060088215265e-05
-0.0	1.4225902011505007e-05	4.811551625223927e-05
-0.0	-5.381919034364454e-06	4.083141295396392e-05
-0.0	2.7577579453101397e-06	3.985859595618867e-05
-0.0	5.60710171135492e-06	3.4115716909155096e-05
-0.0	4.218143183090443e-05	3.974058670254871e-05
-0.0	2.0166277448821184e-05	4.0261140478885014e-05
-0.0	8.86349527373168e-06	4.4194310434274814e-05
-0.0	-1.703166756212125e-05	4.527281862862434e-05
-0.0	1.2738300277568163e-05	2.1067035083147288e-05
-0.0	-1137.3130144817285	-5.748977884820683e-07
-0.0	-37296.14273635708	4.3056070918030335e-05
-0.0	-623532.5625561083	3.072253527131604e-05
-0.0	-5407292.171858163	3.988901696902451e-05
-0.0	-210364054.82360625	1.595960063604804e-05
-0.0	20235830.820025556	2.0409279338425295e-06
-0.0	645680.173997219	4.6297249270282666e-06
-0.0	166224.7122783017	4.156567303424083e-06
-0.0	1848.6729610824657	4.494832435657446e-06
-0.0	46.3516782719238	7.12221016947814e-06
-0.0	3.2613068086217228e-06	6.552317459049738e-06
-0.0	2.832055503328866e-07	6.242756833850757e-06
-0.0	-2.6188789579031097e-06	6.110940780896595e-06
-0.0	-9.684045858905176e-07	4.537785768931886e-06
-0.0	-5.399399641255959e-06	4.782048655721604e-06
-0.0	-2.870008497498317e-06	6.525253226561217e-06
-0.0	5.410882643739489e-07	4.666954665107993e-06
-0.0	1.2654673901846041e-06	3.5242339997176722e-06
-0.0	-1.927620794769764e-07	5.315638508380933e-06
-0.0	-9.400421523633301e-07	4.710514080371889e-06
-0.0	1.0779943116751864e-06	4.0932551039216825e-06
-0.0	-1.1548707440833761e-06	4.704046221590349e-06
-0.0	7.986576026372388e-07	4.336335356558107e-06
-0.0	-2.6234053454787603e-07	5.01845012800197e-06
-0.0	-5.961927423234987e-08	4.644864417731295e-06
-0.0	-8.073004346201529e-08	4.670720426125273e-06
-0.0	-6.07075787647826e-07	5.057772844071876e-06
-0.0	-7.249569737685017e-08	4.83294743966089e-06
-0.0	2.3573392761390735e-06	4.511276352185556e-06
-0.0	-1.723759980253115e-06	4.052197294137451e-06
-0.0	1.0774139669286752e-07	4.822662201808006e-06
-0.0	1.938488778626516e-06	5.739933596036346e-06
-0.0	-6.455015117276895e-07	5.096677457057159e-06
-0.0	2.5405069928847695e-07	4.534660416576125e-06
-0.0	7.357851612439109e-07	3.946135590872259e-06
-0.0	5.396323279218087e-06	4.689014252101388e-06
-0.0	2.6146661669254813e-06	4.695612028335164e-06
-0.0	1.1225557017047577e-06	5.394605591902001e-06
-0.0	-2.32400262611192e-06	5.832133830993971e-06
-0.0	1.7485341953241285e-06	2.4606597382539014e-06
-0.0	-46.351687558705635	-3.458158784712374e-07
-0.0	-1848.6729582160276	5.578281452052831e-06
-0.0	-166224.7122798763	3.547143885254377e-06
-0.0	-645680.1739978999	4.815497179743451e-06
-0.0	-20235830.820018552	1.5846415390943252e-06
-0.0	1310930.3920541587	1.9308946900794707e-09
-0.0	188099.7983550969	2.4463187039230013e-07
-0.0	54794.067704750414	1.322072488123313e-07
-0.0	72.00440059548102	9.420341476269345e-08
-0.0	1.479574217030412	3.992053459728319e-07
-0.0	3.9680340385439934e-07	2.916294471928167e-07
-0.0	-1.6728682415442703e-08	3.0432625846616607e-07
-0.0	-3.418567841709932e-07	2.602771959441301e-07
-0.0	-1.447598156826116e-07	1.5106240603954757e-07
-0.0	-5.807012093242776e-07	1.3514176973113202e-07
-0.0	-3.2329406668023846e-07	3.2534415358011074e-07
-0.0	3.3757602886160525e-08	1.1462994314750816e-07
-0.0	9.514264220474472e-08	9.16379641821155e-09
-0.0	-4.865710853531226e-08	2.0939752506544185e-07
-0.0	-1.1904970545204919e-07	1.4479057690386802e-07
-0.0	7.587220717449764e-08	6.549341665724308e-08
-0.0	-1.4864313366495583e-07	1.3004700428435676e-07
-0.0	4.6971379088734876e-08	9.010316062418568e-08
-0.0	-5.5606328457864553e-08	1.6354724036499978e-07
-0.0	-3.615658530877043e-08	1.2931485198756983e-07
-0.0	-4.7468502032733065e-08	1.2500510174046164e-07
-0.0	-9.087093076481661e-08	1.379292011571679e-07
-0.0	-4.1908992415002e-08	1.2564202602789057e-07
-0.0	2.0662753583704778e-07	1.1204036658670742e-07
-0.0	-2.011861802163682e-07	3.673506721632656e-08
-0.0	-1.8329860151595622e-08	1.2981096407438588e-07
-0.0	1.5821151446911466e-07	2.3389644036649366e-07
-0.0	-1.0543397194861808e-07	1.391859011567134e-07
-0.0	-1.1714085097660276e-08	1.2047669462479133e-07
-0.0	5.68711562922165e-08	4.400134424070622e-08
-0.0	5.099787185005495e-07	1.3242416255401537e-07
-0.0	2.5667122555464647e-07	1.3590931621346396e-07
-0.0	8.412154730991742e-08	1.7556387637086752e-07
-0.0	-3.1263436377891843e-07	2.3924247763126216e-07
-0.0	2.3085080125313498e-07	-2.169227773072785e-07
-0.0	-1.4795756058595735	-6.729182147753479e-07
-0.0	-72.00440035238984	2.6664534179915516e-07
-0.0	-54794.06770496171	6.43500777972086e-08
-0.0	-188099.79835501782	2.46941736578017e-07
-0.0	-1310930.392051696	-3.9501153256611626e-08
-0.0	-5885.934303845493	-7.586793077763554e-09
-0.0	65116.66700906193	2.6373572958444876e-08
-0.0	14969.736760194708	9.427445245678477e-09
-0.0	2.204683198073615	-7.700036474655798e-09
-0.0	0.036986282985693696	4.647772873908788e-08
-0.0	8.8769464399187e-08	1.351834487209063e-08
-0.0	9.970645329070907e-09	1.166834272720879e-08
-0.0	-2.4238264412097682e-08	4.982939376676614e-09
-0.0	-4.090107477416527e-09	-6.724459759835888e-09
-0.0	-3.861602186671359e-08	-6.478802958224852e-09
-0.0	-1.8670443612776e-08	9.1307306543381e-09
-0.0	9.569475080653538e-09	-7.101265010240442e-09
-0.0	1.486129256083796e-08	-1.5135396267722293e-08
-0.0	2.145589638481515e-09	-1.2577562746110864e-09
-0.0	-2.0236914440763658e-09	-6.010702738371682e-09
-0.0	1.3410455773628314e-08	-1.1589202116774192e-08
-0.0	-5.40111912319216e-09	-5.181348665980626e-09
-0.0	1.1555643955489535e-08	-9.72711654691509e-09
-0.0	2.679724919901987e-09	-5.2134038876886026e-09
-0.0	4.184872978655985e-09	-5.8001128729550315e-09
-0.0	2.733181053851073e-09	-6.353707602772189e-09
-0.0	2.963554377300392e-10	-7.374535925787502e-09
-0.0	3.67469275193266e-09	-6.680115768622876e-09
-0.0	2.2910238867799033e-08	-6.6974815765086695e-09
-0.0	-8.113696516509312e-09	-1.3121762430948362e-08
-0.0	5.137339197092194e-09	-5.17127570797214e-09
-0.0	1.9788928602892184e-08	1.6168506145663973e-09
-0.0	-1.352859612861232e-09	-4.822760361808934e-09
-0.0	5.557305630714733e-09	-7.453125888533273e-09
-0.0	1.1434767178284537e-08	-1.2755511843064537e-08
-0.0	4.822294812002173e-08	-6.3744012194131045e-09
-0.0	2.918496757112948e-08	-6.173642099283281e-09
-0.0	1.9444371822491482e-08	-2.683098874555648e-09
-0.0	-3.2577671472214e-08	-2.623321830163889e-10
-0.0	6.816099316136607e-08	-7.465648802702735e-08
-0.0	-0.0369865037729706	-1.7451282568265394e-07
-0.0	-2.2046831170289547	2.934067506025007e-08
-0.0	-14969.736760181435	-9.56449087482012e-09
-0.0	-65116.66700899347	2.5747480278391913e-08
-0.0	5885.934304822862	-9.505799848990495e-09
-0.0	-22815.4283767564	6.551742902444299e-11
-0.0	17981.192542824938	1.282006270856837e-08
-0.0	3298.6306345601515	1.1931771160250586e-08
-0.0	0.053058152653865986	1.0131368916416372e-08
-0.0	0.0007227169968187119	2.4882345410365776e-08
-0.0	1.3446063852523212e-08	1.1198920949528661e-08
-0.0	-1.7920683737833262e-09	6.539287238182345e-09
-0.0	-4.634412655080224e-09	3.3252888970424966e-09
-0.0	-1.1864457548726652e-09	8.369378074255903e-10
-0.0	-3.118157278329792e-09	6.042208984941815e-10
-0.0	-1.7405677725094895e-09	1.4554216288924467e-09
-0.0	-6.6165843720970304e-12	3.253457906402413e-10
-0.0	3.84867622230503e-10	-2.4814320931539385e-11
-0.0	-4.5134943795269974e-10	8.875799473769189e-10
-0.0	-6.497933358265327e-10	5.60664161596606e-10
-0.0	2.803631583892331e-10	1.9943884099342196e-10
-0.0	-8.793545786950887e-10	4.099862679048764e-10
-0.0	1.2057392801997954e-10	3.7717163696316915e-10
-0.0	-3.4495108941743223e-10	6.324802653152588e-10
-0.0	-3.382152770922361e-10	4.054205554836805e-10
-0.0	-3.141098934384148e-10	5.512139872674406e-10
-0.0	-5.588748722455577e-10	4.995793639344911e-10
-0.0	-3.197792218532645e-10	5.090085706142492e-10
-0.0	8.402890161074385e-10	3.4596061258460574e-10
-0.0	-9.906636504323223e-10	6.776759088427507e-11
-0.0	-2.877550364626444e-10	4.81185602073274e-10
-0.0	7.347561573559178e-10	9.915927609866252e-10
-0.0	-5.992257262762564e-10	5.538837760680398e-10
-0.0	-2.1059367230007755e-10	4.313332342596286e-10
-0.0	1.946816863042358e-10	9.965094259210688e-11
-0.0	2.5128237629463055e-09	5.473700664801492e-10
-0.0	1.5653995758721224e-09	8.643391703635639e-10
-0.0	9.916164242178625e-10	1.8965075257374958e-09
-0.0	-9.61611569907952e-09	4.7728012893033415e-09
-0.0	1.0315859256150583e-08	-8.19891110010693e-09
-0.0	-0.0007227906111139004	-3.439502412047215e-08
-0.0	-0.05305814870271848	2.1360632676066745e-08
-0.0	-3298.6306345721364	6.647303639158207e-09
-0.0	-17981.19254281642	1.2905080338631793e-08
-0.0	22815.42837707965	1.7397025418223288e-10
-0.0	-5687.433719632496	-4.665332047422848e-06
-0.0	3947.8250195742557	-8.460600143348432e-06
-0.0	600.0132816720408	-9.78847100425993e-06
-0.0	0.0010008575319398743	-1.0520842187117897e-05
-0.0	1.0805619757470779e-05	-1.0830016387653978e-05
-0.0	3.516248759888829e-09	-1.0935808720513752e-05
-0.0	-7.786411245611213e-12	-1.0960755196261271e-05
-0.0	-5.712027400816644e-10	-1.0962613781822326e-05
-0.0	-6.387762957312134e-11	-1.0962489427179285e-05
-0.0	-1.777107994520019e-10	-1.0962196203699974e-05
-0.0	-7.319379745873414e-11	-1.0962081869959753e-05
-0.0	1.2644653270249892e-11	-1.0962126823855645e-05
-0.0	3.14649190649704e-11	-1.0962145483754578e-05
-0.0	-6.627513714115303e-12	-1.096210017928561e-05
-0.0	-1.9379322355964615e-11	-1.0962116594347986e-05
-0.0	2.5296466894567464e-11	-1.0962127437032282e-05
-0.0	-2.7040152842715286e-11	-1.096212541800108e-05
-0.0	1.7306921245834355e-11	-1.0962125874482529e-05
-0.0	-4.967160222625869e-12	-1.0962116237878822e-05
-0.0	-1.9246394472398856e-12	-1.0962123897119334e-05
-0.0	-1.3248763583921884e-12	-1.0962121771309603e-05
-0.0	-1.327985202676622e-11	-1.0962118740320083e-05
-0.0	-5.956693828386963e-15	-1.096211895235895e-05
-0.0	5.077234172141911e-11	-1.0962125529806904e-05
-0.0	-3.411709566358842e-11	-1.0962135306890711e-05
-0.0	-2.0756465362881884e-12	-1.0962120024944996e-05
-0.0	4.6894964164669057e-11	-1.0962099038856054e-05
-0.0	-1.5411812500657416e-11	-1.0962114354243215e-05
-0.0	1.8246696361253974e-12	-1.0962122475732655e-05
-0.0	2.3252675875331824e-11	-1.096214971065775e-05
-0.0	1.7868546341497584e-10	-1.096220254847296e-05
-0.0	1.8893019661121525e-10	-1.0962512203190365e-05
-0.0	2.715333208470994e-10	-1.0962828390497086e-05
-0.0	-1.4889596047864507e-09	-1.0961116147915864e-05
-0.0	2.640726728407859e-09	-1.094027422481114e-05
-0.0	-1.0821385203504485e-05	-1.0844295436863352e-05
-0.0	-0.001000852159341582	-1.0517732990141598e-05
-0.0	-600.0132816740376	-9.790115306490426e-06
-0.0	-3947.8250195715373	-8.460592878197327e-06
-0.0	5687.43371972092	-4.665263493282744e-06
-0.0	-1029.3108898639844	-6.520497490768067e-06
-0.0	710.8315028662461	-1.1045277469461785e-05
-0.0	91.80731955116167	-1.3317003077522664e-05
-0.0	1.433589195969993e-05	-1.4338198499862103e-05
-0.0	9.650013729849228e-08	-1.4769389091206635e-05
-0.0	-1.5417037215339977e-10	-1.491898696916903e-05
-0.0	-3.600411630249054e-10	-1.4959936253188103e-05
-0.0	-2.2307388384411055e-10	-1.4965490168878104e-05
-0.0	-4.414617668557853e-11	-1.4966568143388415e-05
-0.0	-2.4461274312549533e-11	-1.4966619673337127e-05
-0.0	-7.405000071417663e-12	-1.4966624898148593e-05
-0.0	-2.5498024336760968e-12	-1.4966625195379127e-05
-0.0	-1.7106835626610898e-12	-1.4966624462668722e-05
-0.0	-3.286952956555341e-12	-1.4966622447099499e-05
-0.0	-3.5711351214579016e-12	-1.496662295527372e-05
-0.0	-2.0058651039881017e-12	-1.4966623689239037e-05
-0.0	-3.965926149882764e-12	-1.4966623398396845e-05
-0.0	-2.1661551919517538e-12	-1.4966623988485789e-05
-0.0	-3.087041235274224e-12	-1.496662386207863e-05
-0.0	-2.9633013607147294e-12	-1.4966624502066747e-05
-0.0	-3.046113209814398e-12	-1.4966624261348549e-05
-0.0	-3.4348874229599794e-12	-1.4966623394745507e-05
-0.0	-2.9994009847155433e-12	-1.4966622966594206e-05
-0.0	-1.089696644289595e-12	-1.4966623331118626e-05
-0.0	-4.189276150862912e-12	-1.4966624353051454e-05
-0.0	-2.9639440187936145e-12	-1.4966624307491983e-05
-0.0	-1.1193133082974706e-12	-1.4966623336900756e-05
-0.0	-3.476483787534845e-12	-1.496662280218265e-05
-0.0	-2.987456483965839e-12	-1.496662191064446e-05
-0.0	-2.789108987797457e-12	-1.4966620348950125e-05
-0.0	5.214133887211986e-12	-1.4966607590635497e-05
-0.0	-1.0506151822329785e-11	-1.4966550079073715e-05
-0.0	-8.354240465943452e-11	-1.4965485622639588e-05
-0.0	-6.327136853699987e-10	-1.4959950275366344e-05
-0.0	-3.833662604285283e-10	-1.4919794094999903e-05
-0.0	-1.0291724994330495e-07	-1.4772248824256213e-05
-0.0	-1.433845884783219e-05	-1.4337540374003275e-05
-0.0	-91.80731955557424	-1.3317386633169148e-05
-0.0	-710.8315028680814	-1.1045159714678254e-05
-0.0	1029.3108898844491	-6.520474754944411e-06
-0.0	-153.5430686751717	-6.7307852904888335e-06
-0.0	107.19540427259403	-7.891513048765684
-0.0	11.964215869171184	-11.964215869446859
-0.0	1.198343997657834e-07	-10.970128621053272
-0.0	-4.944098822694673e-10	-7.252201028958475
-0.0	3.268245880331276e-11	-3.6105274282026785
-0.0	-3.5143689969982435e-11	-1.3730801113916002
-0.0	-2.6806534982351435e-11	-0.40062396691106406
-0.0	-4.258059434765094e-12	-0.08976392256971051
-0.0	-2.328323788167104e-12	-0.01545084699369998
-0.0	-3.3870067698878665e-13	-0.0020520133085314557
-0.0	-4.4046151021960724e-14	-0.00022064878179160115
-0.0	-1.7108761069070147e-14	-3.0237686399902112e-05
-0.0	-6.092566079921937e-14	-1.5138371093657608e-05
-0.0	-7.04945767088335e-14	-1.4223225650263388e-05
-0.0	-2.3452319189472758e-14	-1.4180765830729993e-05
-0.0	-8.293777846632794e-14	-1.4179259486193865e-05
-0.0	-3.031139404631513e-14	-1.4179219478880287e-05
-0.0	-5.686102501166315e-14	-1.4179219530680262e-05
-0.0	-5.218784475249607e-14	-1.4179219932641707e-05
-0.0	-5.405088200957212e-14	-1.41792197222465e-05
-0.0	-6.429336957013334e-14	-1.4179219105226432e-05
-0.0	-5.3655594768779517e-14	-1.417921925933421e-05
-0.0	3.1325045853788582e-15	-1.4179259945753183e-05
-0.0	-8.717133623520299e-14	-1.4180767199270535e-05
-0.0	-5.3460746749679703e-14	-1.422322766275759e-05
-0.0	-8.534281173149797e-16	-1.5138372729341342e-05
-0.0	-7.086635947726476e-14	-3.023768598499293e-05
-0.0	-6.02018637530042e-14	-0.00022064877763229804
-0.0	-8.744598800578656e-14	-0.002052013299576712
-0.0	1.0537370559084762e-12	-0.015450846978772585
-0.0	5.564677400983135e-13	-0.08976392254794988
-0.0	-5.323378476089359e-12	-0.40062396688571217
-0.0	-7.388379396866216e-11	-1.3730801113641231
-0.0	-1.7487755177516034e-11	-3.6105274282996036
-0.0	-4.6109946351321795e-10	-7.252201029445591
-0.0	-1.1998325334258413e-07	-10.970128620862004
-0.0	-11.964215869759366	-11.964215869480855
-0.0	-107.19540427279907	-7.891513048753377
-0.0	153.54306867918757	-6.730770703244565e-06
-0.0	-19.414193350352633	0.39216457077622113
-0.0	13.363650973826175	-13.363650973818165
-0.0	1.320323134453829	-20.932869625137823
-0.0	1.0230149824282286e-10	-19.387777194833916
-0.0	-6.903627652110717e-11	-12.923407984780228
-0.0	2.505471279917903e-11	-6.495136368453651
-0.0	3.3992145541965746e-12	-2.5004528813992715
-0.0	-1.177135624182539e-12	-0.7415586683410251
-0.0	5.0474523680319096e-14	-0.1698001508737214
-0.0	-1.6811953675764506e-13	-0.030064206025677505
-0.0	-1.0973576175077354e-14	-0.004131082166465331
-0.0	2.296699792032679e-15	-0.00045229537208265567
-0.0	1.671247768592337e-15	-5.139632119263013e-05
-0.0	4.774152575434557e-16	-1.769323768419641e-05
-0.0	2.508905735838892e-16	-1.5499017582081467e-05
-0.0	1.2984266252044366e-15	-1.538770078644152e-05
-0.0	-2.8707977031441607e-18	-1.5383132886543337e-05
-0.0	1.159500294960619e-15	-1.5382928946585774e-05
-0.0	5.524913761115085e-16	-1.538290841644336e-05
-0.0	6.924024128391544e-16	-1.538290519962058e-05
-0.0	5.925929231128777e-16	-1.538290498982471e-05
-0.0	3.877086791347788e-16	-1.5382908071071458e-05
-0.0	6.032528077910083e-16	-1.5382929118122764e-05
-0.0	1.949440110021014e-15	-1.5383134201554957e-05
-0.0	-1.5447904926130014e-16	-1.538770349151349e-05
-0.0	6.2640246817489e-16	-1.549902116541409e-05
-0.0	1.8329219498001435e-15	-1.769324049530398e-05
-0.0	3.313425587144013e-16	-5.139632056647141e-05
-0.0	1.784427269778658e-15	-0.0004522953652782293
-0.0	1.2965111944629107e-14	-0.0041310821516326295
-0.0	2.577527638324256e-13	-0.030064206001563842
-0.0	7.466063018072254e-13	-0.1698001508386138
-0.0	1.8064724853764677e-12	-0.7415586682931223
-0.0	-2.216153797854685e-12	-2.5004528813387905
-0.0	1.6794442360758894e-11	-6.495136368402401
-0.0	-4.708601769169727e-12	-12.92340798478399
-0.0	-1.1154255224499095e-11	-19.38777719474883
-0.0	-1.3203231344382766	-20.932869625100732
-0.0	-13.363650973789653	-13.363650973783045
-0.0	19.414193351045363	0.39216457079902284
-0.0	-1.9342129208171515	1.934212920817528
-0.0	1.5487854330330644	-67.52499617614548
-0.0	0.10070445496640844	-102.41761208363916
-0.0	-1.9599367380423177e-11	-94.35589111851259
-0.0	-1.2282924665442278e-11	-62.54369836363078
-0.0	2.354315201086734e-12	-31.26437909860053
-0.0	4.610969014831265e-14	-11.986510490167706
-0.0	-2.939575161865842e-13	-3.549102828339234
-0.0	-2.9988226418180534e-14	-0.8145884123591273
-0.0	-2.6441414463131544e-14	-0.14541317011505078
-0.0	-2.371220967635708e-15	-0.020294728706414415
-0.0	4.136690006504209e-17	-0.002255877831429941
-0.0	2.4237604855725842e-17	-0.0002332337425416274
-0.0	-6.958115197375023e-18	-5.5311292031581886e-05
-0.0	-8.542604796960244e-18	-4.2929698879451295e-05
-0.0	9.32691993138466e-18	-4.224655475083244e-05
-0.0	-1.4439531385978122e-17	-4.2218334152657206e-05
-0.0	5.71811617778129e-18	-4.2218073521867916e-05
-0.0	-2.7703775658069567e-18	-4.2218265462083604e-05
-0.0	-2.845524429428024e-18	-4.2218312085894794e-05
-0.0	-2.8543822963600398e-18	-4.221831129558375e-05
-0.0	-7.463278174678206e-18	-4.2218264333648694e-05
-0.0	-2.2624212146672463e-18	-4.221807489881968e-05
-0.0	2.005820458717187e-17	-4.2218340711671036e-05
-0.0	-1.5071298085275647e-17	-4.224656742335254e-05
-0.0	-3.963191692816407e-18	-4.2929715149212454e-05
-0.0	2.2362051828689118e-17	-5.531130422344932e-05
-0.0	-1.773788579913704e-17	-0.00023323373835514177
-0.0	-3.646034824243764e-18	-0.002255877798043441
-0.0	5.046866942599135e-16	-0.020294728634593775
-0.0	2.5681469384142423e-14	-0.1454131699979659
-0.0	6.609272261108622e-14	-0.8145884121872841
-0.0	9.75686613934319e-14	-3.549102828100361
-0.0	-7.541686030666233e-13	-11.986510489856569
-0.0	1.012523397420993e-12	-31.26437909823657
-0.0	-2.641326200538874e-12	-62.54369836326475
-0.0	2.6770963936022348e-11	-94.35589111817433
-0.0	-0.10070445497192655	-102.41761208337957
-0.0	-1.5487854330320205	-67.52499617596291
-0.0	1.9342129209216514	1.9342129209225143
