1600
-0.0	4.163419489671405e+19	4.163725802199298e+19
-0.0	-1.0882530234617379e+19	1.611189634259896e+20
-0.0	2.8550349071203892e+16	1.8393530234664203e+20
-0.0	-4.502256787476185e+17	2.0508114593192588e+20
-0.0	-5.467758235940948e+17	2.0017323307617357e+20
-0.0	4.003796292567067e+17	2.0170051513117413e+20
-0.0	-2.2446542167954752e+17	2.0237429736460698e+20
-0.0	1.9784276462482982e+17	2.030602689134492e+20
-0.0	-1.1159202572447362e+17	2.0333098809580634e+20
-0.0	4.604317657582106e+16	2.0338820172004996e+20
-0.0	-3.237951551256133e+16	2.0332378088641636e+20
-0.0	1342524998191744.0	2.0338409269866375e+20
-0.0	-2183291654586012.0	2.033510155236643e+20
-0.0	-3560285108104705.5	2.0339487305984918e+20
-0.0	2535400350638095.0	2.0337808715254874e+20
-0.0	-1167044156328929.2	2.0338377474910513e+20
-0.0	350634920261736.2	2.0338133773013208e+20
-0.0	-237299552501547.2	2.0338357739527474e+20
-0.0	115439972601547.81	2.0338175152615332e+20
-0.0	2979685686788.0977	2.0338115920899195e+20
-0.0	-2979672916018.822	2.0338115920899398e+20
-0.0	-115439963007405.17	2.033817515261554e+20
-0.0	237299560607111.8	2.0338357739527245e+20
-0.0	-350634906637538.56	2.0338133773013234e+20
-0.0	1167044165456035.5	2.033837747491073e+20
-0.0	-2535400338522704.5	2.0337808715254612e+20
-0.0	3560285116449056.0	2.0339487305984685e+20
-0.0	2183291662728913.8	2.0335101552365794e+20
-0.0	-1342524985328781.8	2.0338409269866096e+20
-0.0	3.237951552531951e+16	2.0332378088642095e+20
-0.0	-4.604317656475256e+16	2.0338820172005196e+20
-0.0	1.1159202573297603e+17	2.033309880958085e+20
-0.0	-1.978427646101103e+17	2.0306026891345202e+20
-0.0	2.2446542168423494e+17	2.0237429736460586e+20
-0.0	-4.0037962924533574e+17	2.0170051513117304e+20
-0.0	5.46775823620204e+17	2.0017323307618838e+20
-0.0	4.502256787460456e+17	2.0508114593192795e+20
-0.0	-2.8550349055451372e+16	1.8393530234664344e+20
-0.0	1.0882530234620273e+19	1.6111896342598645e+20
-0.0	-4.1634194896710025e+19	4.163725802199098e+19
-0.0	7.809281539642812e+19	-6.721888082855192e+18
-0.0	-3.1210571245336023e+19	-8.86885676596971e+21
-0.0	1.525235700546994e+18	-3.69395452961703e+21
-0.0	-2.9296863897146225e+18	-6.667080745726602e+21
-0.0	3.753681400789788e+17	-5.640419687560508e+21
-0.0	4.625503441145446e+17	-6.063884240009567e+21
-0.0	-4.290169587309212e+17	-6.071994505841478e+21
-0.0	3.728143728657449e+17	-6.004858475464365e+21
-0.0	-1.842648598428795e+17	-6.062961464809112e+21
-0.0	6.961684199785948e+16	-6.037879187946659e+21
-0.0	-4.617185994317836e+16	-6.049235202270789e+21
-0.0	8788640225692154.0	-6.043042924726565e+21
-0.0	-7368083355063685.0	-6.046276769862074e+21
-0.0	-1951712497894682.0	-6.044161438604701e+21
-0.0	1994996746920307.5	-6.044769649214725e+21
-0.0	-841865217806946.1	-6.044564129062259e+21
-0.0	230636650680796.2	-6.044618227145564e+21
-0.0	-73664803617124.17	-6.044606119939337e+21
-0.0	53379993653279.54	-6.0446083789743e+21
-0.0	15108171890212.402	-6.044612095350191e+21
-0.0	-15108175262960.844	-6.044612095350243e+21
-0.0	-53379995705644.62	-6.044608378974397e+21
-0.0	73664798709594.0	-6.044606119939201e+21
-0.0	-230636654277671.94	-6.044618227145649e+21
-0.0	841865212954041.8	-6.044564129062373e+21
-0.0	-1994996748188388.2	-6.044769649214571e+21
-0.0	1951712491747430.8	-6.044161438604802e+21
-0.0	7368083349894331.0	-6.046276769861844e+21
-0.0	-8788640227792320.0	-6.043042924726525e+21
-0.0	4.61718599417655e+16	-6.049235202270916e+21
-0.0	-6.961684200062688e+16	-6.03787918794672e+21
-0.0	1.8426485983559395e+17	-6.062961464808992e+21
-0.0	-3.7281437286467354e+17	-6.004858475464704e+21
-0.0	4.2901695872491066e+17	-6.071994505841465e+21
-0.0	-4.6255034412106797e+17	-6.063884240008835e+21
-0.0	-3.7536814006574483e+17	-5.640419687561162e+21
-0.0	2.9296863897019407e+18	-6.667080745726594e+21
-0.0	-1.525235700543252e+18	-3.69395452961714e+21
-0.0	3.121057124534175e+19	-8.868856765969258e+21
-0.0	-7.809281539642635e+19	-6.721888082853921e+18
-0.0	2.0303304276396823e+19	-1.5557800372692262e+17
-0.0	-1.2909099730616418e+19	-3.5210689476438146e+21
-0.0	3.5001980321236997e+18	8.133768307102593e+20
-0.0	-8.89291602772428e+17	-1.9011290656139287e+21
-0.0	4.943709575412016e+17	-9.03329719080023e+20
-0.0	3.4011939197177574e+17	-1.459272300359242e+21
-0.0	-3.045303114258064e+17	-1.4337437927453494e+21
-0.0	2.3545402851706538e+17	-1.412285774618535e+21
-0.0	-1.0104486960025434e+17	-1.4353020969423214e+21
-0.0	3.1291641781812264e+16	-1.4261897215000974e+21
-0.0	-2.7042356563526396e+16	-1.4305998414536843e+21
-0.0	5934234125722597.0	-1.4270045516108218e+21
-0.0	-5073416648696978.0	-1.4296336195289825e+21
-0.0	-1544992357385935.8	-1.4277368381557737e+21
-0.0	1742296012305814.5	-1.4283793642381572e+21
-0.0	-624183367995997.5	-1.4281658878542865e+21
-0.0	222427640681299.38	-1.4282267286864986e+21
-0.0	-2406310674439.8496	-1.4282068754089147e+21
-0.0	26302077398977.742	-1.4282132053367471e+21
-0.0	38696824785802.33	-1.4282163428533847e+21
-0.0	-38696827956770.57	-1.428216342853396e+21
-0.0	-26302080397544.418	-1.428213205336787e+21
-0.0	2406306271409.505	-1.4282068754089234e+21
-0.0	-222427644057959.38	-1.4282267286865172e+21
-0.0	624183363809341.5	-1.4281658878542933e+21
-0.0	-1742296014170899.2	-1.4283793642381018e+21
-0.0	1544992352595653.5	-1.4277368381558043e+21
-0.0	5073416643999273.0	-1.429633619528946e+21
-0.0	-5934234128377910.0	-1.4270045516108288e+21
-0.0	2.704235656151384e+16	-1.4305998414536822e+21
-0.0	-3.12916417848228e+16	-1.4261897215001098e+21
-0.0	1.0104486959462027e+17	-1.4353020969423025e+21
-0.0	-2.3545402851757184e+17	-1.412285774618522e+21
-0.0	3.0453031142015565e+17	-1.4337437927454694e+21
-0.0	-3.401193919763947e+17	-1.4592723003592018e+21
-0.0	-4.9437095753469325e+17	-9.033297190800036e+20
-0.0	8.892916027615265e+17	-1.901129065613788e+21
-0.0	-3.50019803212268e+18	8.1337683071025e+20
-0.0	1.290909973061129e+19	-3.521068947643811e+21
-0.0	-2.0303304276396855e+19	-1.5557800372674157e+17
-0.0	-1.5516538399065244e+19	8.740461329193066e+17
-0.0	6.180695240000348e+18	-6.036349823238606e+21
-0.0	-5.845432144792315e+17	-1.7808234839075112e+21
-0.0	8.546084735597001e+17	-3.9306290266497824e+21
-0.0	6685813303944994.0	-3.222588011359606e+21
-0.0	-1.6677979487705962e+17	-3.6780946054893436e+21
-0.0	2.461918960118119e+17	-3.700646565794815e+21
-0.0	-1.685418546420705e+17	-3.618881636607838e+21
-0.0	9.2542730121283e+16	-3.6703567719169005e+21
-0.0	-4.103446381193721e+16	-3.649649700010271e+21
-0.0	1.9742922892941696e+16	-3.6586099999948286e+21
-0.0	-1598200996470187.5	-3.653489290828169e+21
-0.0	552318729785835.44	-3.656432492036219e+21
-0.0	2639943245877902.0	-3.6544352520290314e+21
-0.0	-1288832694567591.0	-3.6548996025730025e+21
-0.0	781988725872934.0	-3.654768242621706e+21
-0.0	-130766925859423.47	-3.6547959015791694e+21
-0.0	205740950492331.44	-3.65478805768919e+21
-0.0	-69860470709221.94	-3.654790847875127e+21
-0.0	64451142872213.914	-3.6547946161582747e+21
-0.0	-64451143862446.48	-3.6547946161582994e+21
-0.0	69860470247963.27	-3.6547908478752103e+21
-0.0	-205740949437273.2	-3.6547880576891203e+21
-0.0	130766925253263.33	-3.654795901579222e+21
-0.0	-781988724881773.9	-3.654768242621724e+21
-0.0	1288832692871585.5	-3.6548996025728804e+21
-0.0	-2639943244516768.5	-3.6544352520290697e+21
-0.0	-552318728498304.3	-3.656432492036078e+21
-0.0	1598200995226785.8	-3.6534892908281615e+21
-0.0	-1.9742922894437396e+16	-3.6586099999949267e+21
-0.0	4.103446381136337e+16	-3.649649700010296e+21
-0.0	-9.254273011905104e+16	-3.670356771916839e+21
-0.0	1.685418546384749e+17	-3.6188816366080214e+21
-0.0	-2.4619189600901485e+17	-3.7006465657948665e+21
-0.0	1.667797948778483e+17	-3.6780946054889456e+21
-0.0	-6685813314972478.0	-3.22258801135999e+21
-0.0	-8.546084735517056e+17	-3.930629026649717e+21
-0.0	5.845432144746322e+17	-1.780823483907552e+21
-0.0	-6.180695239997114e+18	-6.036349823238461e+21
-0.0	1.5516538399064533e+19	8.740461329195023e+17
-0.0	-2.350594635678305e+19	3.797594950068585e+17
-0.0	2.0596260809368396e+19	-4.680566109993502e+21
-0.0	-3.397252350379632e+18	-7.552114961957021e+20
-0.0	1.8598464546097047e+18	-2.967089431511662e+21
-0.0	-6356214507290041.0	-2.2583958674730372e+21
-0.0	-4.345051530715948e+17	-2.649983055398323e+21
-0.0	3.7654211838299795e+17	-2.641184584408739e+21
-0.0	-3.95046697655466e+17	-2.5851611268071434e+21
-0.0	2.0399983786016147e+17	-2.625554699350872e+21
-0.0	-7.030584919389672e+16	-2.6107770104479466e+21
-0.0	5.843195619351885e+16	-2.616740166671825e+21
-0.0	-1570240530515241.8	-2.6130844178133927e+21
-0.0	4676298649984384.0	-2.615906662491465e+21
-0.0	5857242434667470.0	-2.6140295783050615e+21
-0.0	-3443608781559272.0	-2.614506266374565e+21
-0.0	1783508460879344.5	-2.6143574929701376e+21
-0.0	-348304311415152.9	-2.614395932022921e+21
-0.0	356476982703436.1	-2.6143841513870805e+21
-0.0	-132898120260295.34	-2.6143881843946066e+21
-0.0	91301014547456.9	-2.614391054960545e+21
-0.0	-91301015466082.81	-2.614391054960559e+21
-0.0	132898119496061.73	-2.6143881843946527e+21
-0.0	-356476980507305.4	-2.6143841513870543e+21
-0.0	348304310627796.94	-2.6143959320229645e+21
-0.0	-1783508458787212.5	-2.6143574929701544e+21
-0.0	3443608779027853.0	-2.614506266374482e+21
-0.0	-5857242432012018.0	-2.614029578305126e+21
-0.0	-4676298647238137.0	-2.6159066624913713e+21
-0.0	1570240528568260.5	-2.6130844178134173e+21
-0.0	-5.843195619574775e+16	-2.6167401666718875e+21
-0.0	7.0305849193361656e+16	-2.6107770104479844e+21
-0.0	-2.0399983785585366e+17	-2.6255546993508336e+21
-0.0	3.950466976493773e+17	-2.58516112680726e+21
-0.0	-3.765421183775221e+17	-2.6411845844087546e+21
-0.0	4.3450515307284243e+17	-2.649983055398009e+21
-0.0	6356214487545464.0	-2.2583958674732973e+21
-0.0	-1.8598464545933386e+18	-2.9670894315116094e+21
-0.0	3.3972523503721144e+18	-7.552114961957404e+20
-0.0	-2.0596260809359356e+19	-4.68056610999338e+21
-0.0	2.350594635678203e+19	3.7975949500694035e+17
-0.0	-2.123731121208678e+19	8.862674667860584e+17
-0.0	2.133948590353189e+19	-4.5289765029245165e+21
-0.0	-1.5304346693104707e+18	-1.0979328334384446e+21
-0.0	1.4260934805776305e+18	-3.0445054543566765e+21
-0.0	8.560835299552809e+17	-2.3754657722997004e+21
-0.0	-5.0310815838979174e+17	-2.7099403995833665e+21
-0.0	3.922121341207012e+17	-2.7179329570530473e+21
-0.0	-3.0738226697730285e+17	-2.6671666484042494e+21
-0.0	2.1051877093608986e+17	-2.7073136544925237e+21
-0.0	-6.6515257996167704e+16	-2.6932356902059004e+21
-0.0	5.734374259315456e+16	-2.6985748181092925e+21
-0.0	-187831973620545.66	-2.6955902856067463e+21
-0.0	4223970416889984.0	-2.6978194626494265e+21
-0.0	6633201000555221.0	-2.69602085103332e+21
-0.0	-3742233791689832.0	-2.69647577478232e+21
-0.0	1872908072446733.8	-2.696331524733919e+21
-0.0	-255254111339202.66	-2.696374274632863e+21
-0.0	386026701011019.44	-2.696357468768703e+21
-0.0	-144815781498491.44	-2.69636455083754e+21
-0.0	97828511147379.28	-2.696368051080905e+21
-0.0	-97828519225240.0	-2.696368051080944e+21
-0.0	144815774299162.9	-2.6963645508375953e+21
-0.0	-386026705273372.9	-2.6963574687686554e+21
-0.0	255254103784087.9	-2.6963742746329125e+21
-0.0	-1872908076709782.8	-2.6963315247339646e+21
-0.0	3742233782064981.0	-2.696475774782237e+21
-0.0	-6633201004271350.0	-2.6960208510334156e+21
-0.0	-4223970420766703.5	-2.697819462649325e+21
-0.0	187831964628933.06	-2.695590285606735e+21
-0.0	-5.734374260217509e+16	-2.698574818109373e+21
-0.0	6.651525798876993e+16	-2.6932356902059424e+21
-0.0	-2.1051877093844774e+17	-2.707313654492521e+21
-0.0	3.073822669641597e+17	-2.667166648404358e+21
-0.0	-3.9221213412041414e+17	-2.717932957053078e+21
-0.0	5.0310815838360166e+17	-2.709940399583068e+21
-0.0	-8.560835299842084e+17	-2.375465772300003e+21
-0.0	-1.4260934805658204e+18	-3.0445054543566476e+21
-0.0	1.5304346692962842e+18	-1.0979328334384852e+21
-0.0	-2.133948590352794e+19	-4.528976502924419e+21
-0.0	2.123731121208535e+19	8.862674667861448e+17
-0.0	-2.101951904894073e+19	4.611501120752436e+17
-0.0	2.0959934497599037e+19	-3.937191481166756e+21
-0.0	-1.511957787287105e+17	-9.183785960097323e+20
-0.0	9.881427329852573e+17	-2.6641433739439836e+21
-0.0	1.1864050649164938e+18	-2.055176439085241e+21
-0.0	-6.393798182382478e+17	-2.3645219749055997e+21
-0.0	3.188940269703896e+17	-2.368526674371993e+21
-0.0	-3.106491528594281e+17	-2.3231335147376998e+21
-0.0	1.7979594727647744e+17	-2.3593538765939377e+21
-0.0	-6.708423827253356e+16	-2.346963941044419e+21
-0.0	5.778699791824408e+16	-2.350918417716622e+21
-0.0	3310272785551782.0	-2.3485283873860593e+21
-0.0	4275633897919923.5	-2.3503772399047003e+21
-0.0	6451309729922104.0	-2.348735963719491e+21
-0.0	-3458437569387925.5	-2.3491562542921246e+21
-0.0	1895183805673781.0	-2.349026566809333e+21
-0.0	-98759529048363.6	-2.3490629628910326e+21
-0.0	437323450028825.06	-2.349048906360226e+21
-0.0	-166857291715553.88	-2.349055279133208e+21
-0.0	114127884324984.72	-2.3490584107945993e+21
-0.0	-114127885528614.42	-2.349058410794622e+21
-0.0	166857291552930.6	-2.3490552791332416e+21
-0.0	-437323447771527.6	-2.3490489063601786e+21
-0.0	98759527917683.31	-2.3490629628910588e+21
-0.0	-1895183803045518.5	-2.3490265668093663e+21
-0.0	3458437566337901.5	-2.3491562542920483e+21
-0.0	-6451309726670868.0	-2.3487359637195498e+21
-0.0	-4275633894606421.5	-2.350377239904617e+21
-0.0	-3310272788490993.0	-2.3485283873860435e+21
-0.0	-5.7786997920581896e+16	-2.3509184177166874e+21
-0.0	6.7084238272219544e+16	-2.3469639410444256e+21
-0.0	-1.797959472719586e+17	-2.3593538765939063e+21
-0.0	3.106491528528724e+17	-2.323133514737815e+21
-0.0	-3.188940269625931e+17	-2.368526674371993e+21
-0.0	6.393798182384639e+17	-2.3645219749053386e+21
-0.0	-1.1864050649396111e+18	-2.0551764390854866e+21
-0.0	-9.88142732965098e+17	-2.6641433739439463e+21
-0.0	1.5119577871928637e+17	-9.183785960097634e+20
-0.0	-2.095993449758693e+19	-3.9371914811666423e+21
-0.0	2.101951904893971e+19	4.611501120752794e+17
-0.0	-2.255234074374946e+19	5.5579984460962477e+17
-0.0	2.1394340770680603e+19	-3.2678083449631004e+21
-0.0	2.0857997568879568e+17	-7.453204832270109e+20
-0.0	8.760676769990769e+17	-2.19039350969152e+21
-0.0	1.322880951569539e+18	-1.686761697041844e+21
-0.0	-6.57676258294464e+17	-1.9494332048653374e+21
-0.0	3.5773853246719584e+17	-1.9505499157102993e+21
-0.0	-3.0209616789408634e+17	-1.9127811105546455e+21
-0.0	1.9480379054563075e+17	-1.9439520087398437e+21
-0.0	-6.845902915157396e+16	-1.9335953914361325e+21
-0.0	5.7786538475521e+16	-1.9369542666443128e+21
-0.0	2546391545617136.0	-1.9347675936112603e+21
-0.0	3266286970080612.5	-1.9362601465723305e+21
-0.0	6194449915856161.0	-1.9348865776538055e+21
-0.0	-3291884599738453.5	-1.9352444677390247e+21
-0.0	1913707680651217.8	-1.9351357778052996e+21
-0.0	-1763833929493.3323	-1.9351648251882997e+21
-0.0	478968223320298.94	-1.935154388715539e+21
-0.0	-176551515844864.8	-1.9351607625054051e+21
-0.0	123179786392634.2	-1.935163003955996e+21
-0.0	-123179789886535.6	-1.9351630039560204e+21
-0.0	176551512662028.56	-1.9351607625054468e+21
-0.0	-478968223176347.1	-1.9351543887155078e+21
-0.0	1763830820332.7246	-1.9351648251883188e+21
-0.0	-1913707680755370.0	-1.9351357778053098e+21
-0.0	3291884593994596.0	-1.935244467738957e+21
-0.0	-6194449915252466.0	-1.9348865776538435e+21
-0.0	-3266286969314448.5	-1.9362601465722542e+21
-0.0	-2546391550664003.5	-1.9347675936112616e+21
-0.0	-5.778653848028425e+16	-1.9369542666443565e+21
-0.0	6.8459029148349016e+16	-1.9335953914361322e+21
-0.0	-1.9480379054342262e+17	-1.9439520087398104e+21
-0.0	3.020961678843389e+17	-1.9127811105547351e+21
-0.0	-3.577385324609215e+17	-1.950549915710325e+21
-0.0	6.576762582920968e+17	-1.9494332048651256e+21
-0.0	-1.322880951596167e+18	-1.686761697042061e+21
-0.0	-8.760676769802624e+17	-2.1903935096914937e+21
-0.0	-2.0857997570179277e+17	-7.453204832270301e+20
-0.0	-2.139434077067064e+19	-3.2678083449630344e+21
-0.0	2.255234074374804e+19	5.55799844609652e+17
-0.0	-2.333292242624908e+19	2.388622937844057e+17
-0.0	2.2242016143692534e+19	-2.646192678167983e+21
-0.0	-1.9269858532979088e+17	-5.918558430615007e+20
-0.0	9.464613235377596e+17	-1.78503960049862e+21
-0.0	1.2579183925748692e+18	-1.3720215527984044e+21
-0.0	-6.901957117635034e+17	-1.5894931114989666e+21
-0.0	3.5606071058559443e+17	-1.5905182911729338e+21
-0.0	-3.3587273964644006e+17	-1.5614484670279215e+21
-0.0	1.964533751118229e+17	-1.5862097803679477e+21
-0.0	-7.689123808136158e+16	-1.5783923911954698e+21
-0.0	5.7000385447411016e+16	-1.581024099023723e+21
-0.0	1388893861602285.8	-1.579245133068766e+21
-0.0	3347433099718467.5	-1.580489256941613e+21
-0.0	6210070496302440.0	-1.5793992390395534e+21
-0.0	-3528868827598512.5	-1.5796923648473943e+21
-0.0	1903851703728346.2	-1.5795991670747672e+21
-0.0	2519085212651.6255	-1.5796214018119523e+21
-0.0	469808798046004.56	-1.5796139010931703e+21
-0.0	-187448302630420.94	-1.57961873634208e+21
-0.0	127054927450585.4	-1.5796203058503232e+21
-0.0	-127054928673250.05	-1.5796203058503373e+21
-0.0	187448301862539.62	-1.579618736342111e+21
-0.0	-469808795422782.3	-1.5796139010931467e+21
-0.0	-2519086009965.004	-1.5796214018119772e+21
-0.0	-1903851701186481.5	-1.5795991670747711e+21
-0.0	3528868824415653.5	-1.579692364847339e+21
-0.0	-6210070493396430.0	-1.5793992390395772e+21
-0.0	-3347433096437877.0	-1.5804892569415453e+21
-0.0	-1388893864499368.5	-1.5792451330687495e+21
-0.0	-5.700038544952827e+16	-1.5810240990237604e+21
-0.0	7.689123808069576e+16	-1.5783923911954795e+21
-0.0	-1.9645337510711978e+17	-1.5862097803679236e+21
-0.0	3.358727396387436e+17	-1.5614484670280012e+21
-0.0	-3.5606071057691565e+17	-1.5905182911729642e+21
-0.0	6.901957117633271e+17	-1.589493111498806e+21
-0.0	-1.2579183925995223e+18	-1.3720215527985523e+21
-0.0	-9.464613235159569e+17	-1.7850396004985772e+21
-0.0	1.9269858531901187e+17	-5.918558430615224e+20
-0.0	-2.2242016143679427e+19	-2.6461926781679415e+21
-0.0	2.333292242624787e+19	2.3886229378440666e+17
-0.0	-2.2388752608210444e+19	2.375960289217404e+17
-0.0	2.1735770703459533e+19	-2.002001366330525e+21
-0.0	-5.41554945600375e+17	-4.3229443437876006e+20
-0.0	1.0082698577615995e+18	-1.3522319511761466e+21
-0.0	1.128496514719613e+18	-1.0352412832508766e+21
-0.0	-6.560581770327619e+17	-1.2039954905578167e+21
-0.0	3.4709800269419206e+17	-1.203707002112433e+21
-0.0	-3.342944424659549e+17	-1.181932389998127e+21
-0.0	1.9032293735657165e+17	-1.2007146669069773e+21
-0.0	-7.336653785036438e+16	-1.1948761334994478e+21
-0.0	5.6419465799906584e+16	-1.1967562936167393e+21
-0.0	752666237209544.4	-1.195426976942213e+21
-0.0	4158537224351139.0	-1.1963505064497916e+21
-0.0	6126406207533279.0	-1.195512673942543e+21
-0.0	-3357772383583005.5	-1.195737264850278e+21
-0.0	1921424417848919.0	-1.1956634433800152e+21
-0.0	26322825198262.9	-1.1956825119434673e+21
-0.0	468516879702598.4	-1.1956768979625108e+21
-0.0	-179426805291253.9	-1.1956806508892292e+21
-0.0	124523651620436.83	-1.1956818790101906e+21
-0.0	-124523652712168.52	-1.1956818790101955e+21
-0.0	179426804357544.72	-1.1956806508892557e+21
-0.0	-468516877021046.3	-1.1956768979624906e+21
-0.0	-26322825796455.61	-1.195682511943487e+21
-0.0	-1921424415581526.2	-1.1956634433800097e+21
-0.0	3357772380553674.5	-1.1957372648502395e+21
-0.0	-6126406204629627.0	-1.1955126739425645e+21
-0.0	-4158537221295532.0	-1.1963505064497418e+21
-0.0	-752666240001038.8	-1.1954269769422115e+21
-0.0	-5.6419465802045656e+16	-1.1967562936167694e+21
-0.0	7.336653784961957e+16	-1.1948761334994533e+21
-0.0	-1.9032293735213027e+17	-1.2007146669069537e+21
-0.0	3.3429444245847046e+17	-1.1819323899981888e+21
-0.0	-3.4709800268598406e+17	-1.2037070021124473e+21
-0.0	6.560581770326418e+17	-1.2039954905576927e+21
-0.0	-1.128496514743152e+18	-1.0352412832509928e+21
-0.0	-1.0082698577408152e+18	-1.3522319511761204e+21
-0.0	5.4155494559029094e+17	-4.32294434378774e+20
-0.0	-2.1735770703447052e+19	-2.0020013663304805e+21
-0.0	2.238875260820923e+19	2.3759602892177078e+17
-0.0	-2.0136525959425884e+19	1.2888243231958322e+17
-0.0	1.9901392670544925e+19	-1.4182799104153873e+21
-0.0	-8.437165209982488e+17	-2.92583527007834e+20
-0.0	9.708984451159566e+17	-9.617999911796111e+20
-0.0	9.321692904325655e+17	-7.321734906413192e+20
-0.0	-5.878820941924049e+17	-8.553262069901668e+20
-0.0	3.154736132473759e+17	-8.540242129605802e+20
-0.0	-3.079068141549543e+17	-8.390330409327493e+20
-0.0	1.7560118126476102e+17	-8.520557440200607e+20
-0.0	-6.597916688576827e+16	-8.480415229680726e+20
-0.0	5.143186552586459e+16	-8.493190810698116e+20
-0.0	312740085609732.94	-8.484089576850907e+20
-0.0	4431421591164045.0	-8.490640246528144e+20
-0.0	5503379323515368.0	-8.484723637320691e+20
-0.0	-2849602944252873.0	-8.486364846226902e+20
-0.0	1748198267249765.0	-8.485827723836689e+20
-0.0	24105751407958.023	-8.48597458021641e+20
-0.0	422935163934752.25	-8.485929351411258e+20
-0.0	-160947382231769.47	-8.485958079894659e+20
-0.0	115267347017382.5	-8.485965901506882e+20
-0.0	-115267347092634.53	-8.48596590150697e+20
-0.0	160947382428634.53	-8.48595807989482e+20
-0.0	-422935160786635.25	-8.48592935141104e+20
-0.0	-24105751091933.36	-8.485974580216556e+20
-0.0	-1748198264272251.5	-8.485827723836768e+20
-0.0	2849602942270136.0	-8.486364846226599e+20
-0.0	-5503379319724218.0	-8.484723637320859e+20
-0.0	-4431421587520366.0	-8.49064024652784e+20
-0.0	-312740087154057.75	-8.484089576850839e+20
-0.0	-5.143186552670681e+16	-8.493190810698448e+20
-0.0	6.597916688611726e+16	-8.48041522968082e+20
-0.0	-1.7560118125969786e+17	-8.520557440200497e+20
-0.0	3.0790681414948077e+17	-8.390330409327945e+20
-0.0	-3.154736132390286e+17	-8.540242129605942e+20
-0.0	5.878820941935784e+17	-8.553262069900849e+20
-0.0	-9.321692904531131e+17	-7.32173490641406e+20
-0.0	-9.708984450963652e+17	-9.617999911795964e+20
-0.0	8.437165209902182e+17	-2.9258352700784588e+20
-0.0	-1.9901392670532784e+19	-1.4182799104153624e+21
-0.0	2.0136525959424844e+19	1.2888243231953538e+17
-0.0	-1.6748017523320816e+19	8.51991703823406e+16
-0.0	1.6909677105658653e+19	-9.10751450165477e+20
-0.0	-1.0256508261404731e+18	-1.750897724460932e+20
-0.0	8.781842625844796e+17	-6.20501817211097e+20
-0.0	7.017905949767615e+17	-4.688289705274755e+20
-0.0	-4.8299462029298816e+17	-5.514435230087477e+20
-0.0	2.6381017039947968e+17	-5.498803789291466e+20
-0.0	-2.6239874999847622e+17	-5.405010751934785e+20
-0.0	1.494509156787717e+17	-5.486166425366181e+20
-0.0	-5.567789513765522e+16	-5.461698235185129e+20
-0.0	4.3427073436804936e+16	-5.4693530821387754e+20
-0.0	97886513203984.6	-5.46365842266981e+20
-0.0	4142347785470418.5	-5.4678653186132974e+20
-0.0	4507877006987089.0	-5.464004194681615e+20
-0.0	-2274137007515884.5	-5.465087773945987e+20
-0.0	1457750899413244.2	-5.4647209087156945e+20
-0.0	37292299690232.91	-5.4648214766612106e+20
-0.0	360276184091140.6	-5.4647890018852e+20
-0.0	-133075254284808.36	-5.4648105095816564e+20
-0.0	99599759916172.25	-5.464814753601257e+20
-0.0	-99599757566664.22	-5.464814753601296e+20
-0.0	133075257082746.36	-5.4648105095817953e+20
-0.0	-360276179050359.25	-5.464789001885122e+20
-0.0	-37292297105989.44	-5.464821476661317e+20
-0.0	-1457750894638178.5	-5.464720908715735e+20
-0.0	2274137008592611.0	-5.465087773945865e+20
-0.0	-4507877001128844.0	-5.4640041946817534e+20
-0.0	-4142347780011324.5	-5.467865318613098e+20
-0.0	-97886511609049.17	-5.4636584226698284e+20
-0.0	-4.342707343511972e+16	-5.469353082138905e+20
-0.0	5.567789514029576e+16	-5.461698235185186e+20
-0.0	-1.494509156719209e+17	-5.486166425366051e+20
-0.0	2.6239874999645366e+17	-5.405010751935022e+20
-0.0	-2.638101703903159e+17	-5.498803789291499e+20
-0.0	4.829946202964954e+17	-5.514435230086979e+20
-0.0	-7.017905949913316e+17	-4.688289705275309e+20
-0.0	-8.781842625653696e+17	-6.205018172110834e+20
-0.0	1.0256508261359081e+18	-1.7508977244610055e+20
-0.0	-1.6909677105645728e+19	-9.107514501654624e+20
-0.0	1.674801752332015e+19	8.51991703823381e+16
-0.0	-1.2556220875817843e+19	3.482872231858564e+16
-0.0	1.3089210269171909e+19	-5.122992789609396e+20
-0.0	-1.1027657176478725e+18	-8.828066532341229e+19
-0.0	7.300513468750584e+17	-3.516899750323598e+20
-0.0	4.5401281427513645e+17	-2.6286465964533665e+20
-0.0	-3.556039953971305e+17	-3.1211542885112604e+20
-0.0	1.9931755271649328e+17	-3.105833036478171e+20
-0.0	-2.0336681154964413e+17	-3.055636723825252e+20
-0.0	1.1484990940312818e+17	-3.099363224089899e+20
-0.0	-4.231539660714734e+16	-3.086640982113714e+20
-0.0	3.3705237691838388e+16	-3.0904188505413694e+20
-0.0	157794670142005.1	-3.0873552132557373e+20
-0.0	3777225004865551.0	-3.089757590568876e+20
-0.0	3328966779672410.0	-3.0875425000649517e+20
-0.0	-1590029079870218.5	-3.088185144027147e+20
-0.0	1131215597950807.0	-3.087965325306369e+20
-0.0	55380888008454.875	-3.088027688426263e+20
-0.0	279954775422902.1	-3.088007567948803e+20
-0.0	-98535748445857.39	-3.088021903536571e+20
-0.0	78791356797499.08	-3.088023629214497e+20
-0.0	-78791357084194.8	-3.0880236292145185e+20
-0.0	98535748798025.19	-3.08802190353665e+20
-0.0	-279954773567308.1	-3.088007567948742e+20
-0.0	-55380888143741.47	-3.088027688426288e+20
-0.0	-1131215595976964.5	-3.087965325306406e+20
-0.0	1590029078703763.5	-3.088185144027035e+20
-0.0	-3328966777336319.0	-3.0875425000649903e+20
-0.0	-3777225002539746.0	-3.0897575905687385e+20
-0.0	-157794671225086.62	-3.08735521325569e+20
-0.0	-3.3705237692659452e+16	-3.0904188505414625e+20
-0.0	4.2315396607239256e+16	-3.086640982113718e+20
-0.0	-1.1484990939993869e+17	-3.0993632240898284e+20
-0.0	2.0336681154595098e+17	-3.055636723825389e+20
-0.0	-1.99317552711325e+17	-3.105833036478234e+20
-0.0	3.556039953976381e+17	-3.121154288511016e+20
-0.0	-4.5401281428792314e+17	-2.6286465964536896e+20
-0.0	-7.300513468627907e+17	-3.5168997503235064e+20
-0.0	1.1027657176428015e+18	-8.82806653234162e+19
-0.0	-1.3089210269164243e+19	-5.12299278960935e+20
-0.0	1.255622087581721e+19	3.482872231854928e+16
-0.0	-8.135274149762952e+18	1.2132137911417608e+16
-0.0	8.930796894622645e+18	-2.3588244394995447e+20
-0.0	-1.0354831547903409e+18	-3.291227380412425e+19
-0.0	5.422233161914743e+17	-1.638429103451236e+20
-0.0	2.2731687571876365e+17	-1.202693699843359e+20
-0.0	-2.2457611346358512e+17	-1.4506170420590667e+20
-0.0	1.3121831273520883e+17	-1.4387383579587047e+20
-0.0	-1.3777097338226976e+17	-1.417565550391329e+20
-0.0	7.769525185244485e+16	-1.4362528720189229e+20
-0.0	-2.7927713550559176e+16	-1.4312131468090339e+20
-0.0	2.2830446767102996e+16	-1.4325778937120475e+20
-0.0	88407648151520.42	-1.4312805218265561e+20
-0.0	3009483115409535.5	-1.4324057531406637e+20
-0.0	2070882353706992.5	-1.4313588890832337e+20
-0.0	-936949746970786.8	-1.4316785233571593e+20
-0.0	759675863534057.4	-1.431566489569538e+20
-0.0	63481517569129.4	-1.4315998501576378e+20
-0.0	192833808098029.38	-1.431589251861626e+20
-0.0	-62160956533023.64	-1.4315976333312013e+20
-0.0	55420395487218.24	-1.4315979330763455e+20
-0.0	-55420395752200.336	-1.4315979330763527e+20
-0.0	62160957005715.37	-1.4315976333312424e+20
-0.0	-192833806735778.2	-1.431589251861616e+20
-0.0	-63481517887217.125	-1.431599850157662e+20
-0.0	-759675862159401.4	-1.4315664895695521e+20
-0.0	936949746271625.5	-1.4316785233571281e+20
-0.0	-2070882352154870.0	-1.4313588890832658e+20
-0.0	-3009483113849993.5	-1.4324057531406272e+20
-0.0	-88407648744110.47	-1.4312805218265724e+20
-0.0	-2.2830446767512704e+16	-1.4325778937120984e+20
-0.0	2.792771355066067e+16	-1.4312131468090494e+20
-0.0	-7.769525185040674e+16	-1.4362528720188991e+20
-0.0	1.3777097338005848e+17	-1.4175655503913617e+20
-0.0	-1.312183127320595e+17	-1.4387383579587151e+20
-0.0	2.2457611346421555e+17	-1.4506170420589584e+20
-0.0	-2.2731687572691597e+17	-1.2026936998435226e+20
-0.0	-5.4222331618362426e+17	-1.6384291034511917e+20
-0.0	1.035483154787396e+18	-3.2912273804125843e+19
-0.0	-8.930796894617808e+18	-2.3588244394995044e+20
-0.0	8.135274149762606e+18	1.213213791140566e+16
-0.0	-4.249819523111736e+18	37964072485083.87
-0.0	5.104621078444887e+18	-7.86107947222849e+19
-0.0	-8.155876187479238e+17	-6.293908347635759e+18
-0.0	3.438810475659123e+17	-5.582925145040865e+19
-0.0	6.4256289221208376e+16	-3.9671342331501855e+19
-0.0	-1.1297772057752485e+17	-4.923908227267432e+19
-0.0	7.078574294031168e+16	-4.854665705116123e+19
-0.0	-7.701381091340717e+16	-4.796084682800048e+19
-0.0	4.352325345998985e+16	-4.84932569677316e+19
-0.0	-1.5003415998706434e+16	-4.837657497851618e+19
-0.0	1.2870735275786118e+16	-4.8398028213499e+19
-0.0	39731702305223.75	-4.836209997792981e+19
-0.0	2060000829030476.5	-4.840099328815393e+19
-0.0	1044102685446688.0	-4.836437933624811e+19
-0.0	-391854182253191.4	-4.837645502620888e+19
-0.0	435721959435542.94	-4.837209301551788e+19
-0.0	63859408609936.4	-4.837352199985537e+19
-0.0	113202726228437.97	-4.83731066872001e+19
-0.0	-30243621645411.99	-4.8373508947063325e+19
-0.0	33153749406573.184	-4.837348860871715e+19
-0.0	-33153749744714.67	-4.837348860871709e+19
-0.0	30243621590219.65	-4.837350894706422e+19
-0.0	-113202725753687.53	-4.837310668719987e+19
-0.0	-63859408785102.35	-4.837352199985579e+19
-0.0	-435721958962674.9	-4.837209301551775e+19
-0.0	391854181659930.9	-4.837645502620783e+19
-0.0	-1044102684881237.1	-4.836437933624852e+19
-0.0	-2060000828454741.0	-4.840099328815231e+19
-0.0	-39731702840117.734	-4.836209997792938e+19
-0.0	-1.287073527612966e+16	-4.839802821350084e+19
-0.0	1.5003415998495478e+16	-4.837657497851624e+19
-0.0	-4.352325345907382e+16	-4.84932569677305e+19
-0.0	7.701381091193203e+16	-4.796084682800189e+19
-0.0	-7.078574293875108e+16	-4.854665705116239e+19
-0.0	1.1297772057753298e+17	-4.923908227267217e+19
-0.0	-6.425628922567733e+16	-3.967134233150665e+19
-0.0	-3.4388104756184454e+17	-5.582925145040652e+19
-0.0	8.155876187461283e+17	-6.293908347636234e+18
-0.0	-5.104621078442324e+18	-7.861079472228481e+19
-0.0	4.249819523111521e+18	37964072473164.49
-0.0	-1.5266093875155366e+18	-848262756672890.5
-0.0	2.228694884913139e+18	-1.40812140289072e+19
-0.0	-5.0681865338688154e+17	9.035489378140468e+17
-0.0	1.7193417114029136e+17	-1.0567011744739492e+19
-0.0	-1.585253638644281e+16	-6.9469594143162e+18
-0.0	-3.774127799043564e+16	-9.241044083321137e+18
-0.0	2.7505351963400976e+16	-8.984205521023433e+18
-0.0	-3.1632577841388844e+16	-8.932481175576955e+18
-0.0	1.8068347140173468e+16	-8.987633264549513e+18
-0.0	-5655993159943574.0	-8.989751497185422e+18
-0.0	5454956340311792.0	-8.982748811893895e+18
-0.0	58000228196577.1	-8.979710289296069e+18
-0.0	1142249967521636.0	-8.987325658418189e+18
-0.0	375796169776247.5	-8.980025931981619e+18
-0.0	-49691218681839.72	-8.982808015487101e+18
-0.0	203853887978405.94	-8.981781032733443e+18
-0.0	55466745017560.48	-8.982206027063579e+18
-0.0	53615254507278.41	-8.982132124016512e+18
-0.0	-8207964530081.939	-8.982273565084459e+18
-0.0	15622158370721.598	-8.982257996645521e+18
-0.0	-15622158485734.168	-8.982257996645539e+18
-0.0	8207964432392.022	-8.982273565084621e+18
-0.0	-53615254344734.664	-8.982132124016275e+18
-0.0	-55466745005740.56	-8.982206027063625e+18
-0.0	-203853887822998.53	-8.981781032733704e+18
-0.0	49691218443640.7	-8.98280801548703e+18
-0.0	-375796169565190.8	-8.980025931981859e+18
-0.0	-1142249967358026.0	-8.987325658417759e+18
-0.0	-58000228403808.625	-8.979710289295977e+18
-0.0	-5454956340371911.0	-8.982748811894294e+18
-0.0	5655993159880608.0	-8.989751497185404e+18
-0.0	-1.806834713984684e+16	-8.987633264549395e+18
-0.0	3.16325778408179e+16	-8.932481175577046e+18
-0.0	-2.750535196277459e+16	-8.984205521023919e+18
-0.0	3.774127799041762e+16	-9.241044083321346e+18
-0.0	1.5852536384783886e+16	-6.946959414317279e+18
-0.0	-1.719341711386891e+17	-1.0567011744738847e+19
-0.0	5.06818653386224e+17	9.035489378140115e+17
-0.0	-2.2286948849120346e+18	-1.4081214028907448e+19
-0.0	1.5266093875154493e+18	-848262756679322.2
-0.0	-1.4192814011032402e+17	968752276117423.9
-0.0	5.748958202479524e+17	-3.0783601203265274e+17
-0.0	-2.2052892504548973e+17	3.972214953788296e+17
-0.0	5.6411287962802104e+16	-3.613825051707526e+17
-0.0	-2.9597333518733464e+16	-1.3803727308837315e+17
-0.0	-1731708148923717.0	-3.051289252236198e+17
-0.0	4616729871964482.0	-2.719877338332981e+17
-0.0	-6117964228461535.0	-2.8174322365001283e+17
-0.0	3887848204306736.5	-2.7465042386946355e+17
-0.0	-674129068703146.2	-2.7962026385593395e+17
-0.0	1308356317649929.5	-2.7717865371738266e+17
-0.0	106704311716197.38	-2.7794388287869085e+17
-0.0	455904959745438.9	-2.7831486045029536e+17
-0.0	66269206313697.55	-2.780644567935544e+17
-0.0	87423923808989.83	-2.782224495134305e+17
-0.0	75902252506261.89	-2.7819106064303968e+17
-0.0	40521479330065.125	-2.7827357852512867e+17
-0.0	18836713736288.258	-2.7830802925937293e+17
-0.0	2244504762760.5005	-2.7834026520157034e+17
-0.0	4801191928799.103	-2.7834077871774086e+17
-0.0	-4801191952482.588	-2.7834077871774352e+17
-0.0	-2244504777696.9443	-2.783402652015536e+17
-0.0	-18836713729726.785	-2.7830802925931315e+17
-0.0	-40521479293194.5	-2.7827357852508698e+17
-0.0	-75902252489317.28	-2.7819106064308077e+17
-0.0	-87423923830342.88	-2.7822244951345827e+17
-0.0	-66269206284336.83	-2.780644567935726e+17
-0.0	-455904959761463.8	-2.7831486045024538e+17
-0.0	-106704311752223.8	-2.779438828785945e+17
-0.0	-1308356317619624.5	-2.7717865371736166e+17
-0.0	674129068691735.1	-2.7962026385593085e+17
-0.0	-3887848204258518.0	-2.7465042386946355e+17
-0.0	6117964228387159.0	-2.8174322364995126e+17
-0.0	-4616729871860923.0	-2.7198773383334275e+17
-0.0	1731708148903837.5	-3.0512892522377075e+17
-0.0	2.9597333518532724e+16	-1.3803727308834466e+17
-0.0	-5.6411287962531864e+16	-3.613825051706652e+17
-0.0	2.205289250454254e+17	3.9722149537884096e+17
-0.0	-5.7489582024768723e+17	-3.078360120327036e+17
-0.0	1.4192814011029723e+17	968752276116592.5
-0.0	2.3874317514078976e+17	1950124967998987.5
-0.0	-5.175871848867304e+16	-1.4529369212553946e+17
-0.0	-4.286247637191501e+16	-7.139207925638659e+16
-0.0	2907293875183721.5	-8.72854933398554e+16
-0.0	-1.439871817346361e+16	-7.907546813218963e+16
-0.0	6758062194380266.0	-7.978824572917882e+16
-0.0	-2443676259682261.5	-8.237329869343259e+16
-0.0	2729241802326948.0	-7.97426471031353e+16
-0.0	-984748240350608.1	-8.186407888766803e+16
-0.0	863155715877358.6	-8.110190530745686e+16
-0.0	-143486453972967.88	-8.150501827193829e+16
-0.0	132199821898358.81	-8.146302221142851e+16
-0.0	94819200601402.39	-8.162553590060114e+16
-0.0	-7729527301978.978	-8.163794856852174e+16
-0.0	90908274426291.31	-8.161713528486048e+16
-0.0	25375168047071.4	-8.165462643805542e+16
-0.0	23990207466213.152	-8.169058455946942e+16
-0.0	4220693515014.925	-8.172112121295306e+16
-0.0	3978828415737.8237	-8.173041145247029e+16
-0.0	122889370766.37744	-8.173437601038894e+16
-0.0	-122889372145.48082	-8.173437601036536e+16
-0.0	-3978828408124.02	-8.173041145245416e+16
-0.0	-4220693540656.2197	-8.172112121294867e+16
-0.0	-23990207449984.855	-8.16905845594358e+16
-0.0	-25375168073740.47	-8.165462643805982e+16
-0.0	-90908274388055.33	-8.161713528485174e+16
-0.0	7729527270329.857	-8.163794856852478e+16
-0.0	-94819200647773.83	-8.162553590061218e+16
-0.0	-132199821878117.31	-8.14630222113921e+16
-0.0	143486454010894.22	-8.150501827187875e+16
-0.0	-863155715869345.4	-8.110190530745971e+16
-0.0	984748240315739.1	-8.186407888767523e+16
-0.0	-2729241802266862.5	-7.974264710312131e+16
-0.0	2443676259619361.5	-8.237329869342611e+16
-0.0	-6758062194387758.0	-7.978824572909826e+16
-0.0	1.4398718173672684e+16	-7.907546813208093e+16
-0.0	-2907293875334824.5	-8.72854933398598e+16
-0.0	4.286247637200075e+16	-7.1392079256382536e+16
-0.0	5.175871848863904e+16	-1.4529369212554013e+17
-0.0	-2.387431751407895e+17	1950124967999748.0
-0.0	1.662311875192931e+17	2661764926951386.5
-0.0	-1.193853779647177e+17	6.715902740114423e+16
-0.0	1.9724401487075252e+16	4.967895235932478e+16
-0.0	-8201040744456555.0	4.060709318628768e+16
-0.0	-340716082773830.0	4.106088827504184e+16
-0.0	4005208150467429.5	3.789412789048593e+16
-0.0	-1927070953064734.8	3.963905063137402e+16
-0.0	2792347195116747.0	3.8348698971417704e+16
-0.0	-1037157879887996.0	3.9413768487460184e+16
-0.0	719128916837242.5	3.8820468007279656e+16
-0.0	-195240085310935.56	3.8975281978623704e+16
-0.0	120735693530664.5	3.876909409804439e+16
-0.0	-8738296072620.023	3.867835248746999e+16
-0.0	4926982373239.419	3.8625986135323784e+16
-0.0	49322572996246.42	3.863357060452021e+16
-0.0	11975210871288.99	3.860999307393759e+16
-0.0	10782601955466.744	3.858588242817711e+16
-0.0	487360512665.8503	3.85718026817381e+16
-0.0	2049563800766.3767	3.856660171297874e+16
-0.0	-786273463541.799	3.8565676619361736e+16
-0.0	786273466834.512	3.856567661937603e+16
-0.0	-2049563798883.8894	3.8566601712991896e+16
-0.0	-487360527308.67267	3.8571802681731544e+16
-0.0	-10782601950724.764	3.858588242817858e+16
-0.0	-11975210888212.453	3.860999307395171e+16
-0.0	-49322572970551.06	3.863357060452523e+16
-0.0	-4926982393351.911	3.862598613532127e+16
-0.0	8738296044186.266	3.867835248745848e+16
-0.0	-120735693517077.3	3.8769094098065656e+16
-0.0	195240085334009.25	3.89752819786641e+16
-0.0	-719128916831426.6	3.88204680072816e+16
-0.0	1037157879865345.1	3.94137684874564e+16
-0.0	-2792347195076913.0	3.8348698971432936e+16
-0.0	1927070953024512.2	3.9639050631384056e+16
-0.0	-4005208150473712.0	3.789412789051929e+16
-0.0	340716082918364.0	4.1060888275125976e+16
-0.0	8201040744340160.0	4.060709318628445e+16
-0.0	-1.9724401487028052e+16	4.9678952359330936e+16
-0.0	1.1938537796467034e+17	6.715902740112642e+16
-0.0	-1.6623118751928842e+17	2661764926951963.0
-0.0	4.039613837845181e+16	3378530297456222.0
-0.0	-3.7415609091584696e+16	-2.2505699804401108e+16
-0.0	1.939817779766386e+16	-2.3337570641504816e+16
-0.0	-3483510321678215.5	-1.1743383660524116e+16
-0.0	3852904619249115.5	-1.4206230271827156e+16
-0.0	654056900029706.9	-1.1684129340679308e+16
-0.0	-168425144756747.6	-1.2729273826534868e+16
-0.0	898579494692397.9	-1.2044455629531864e+16
-0.0	-67446542791265.6	-1.2541845657503378e+16
-0.0	283715613220715.5	-1.2418392389599678e+16
-0.0	56693163193478.44	-1.2568742452491572e+16
-0.0	88694474137990.6	-1.2658636198714504e+16
-0.0	330262680132.52954	-1.27572861496492e+16
-0.0	18306916756874.16	-1.2791201541105242e+16
-0.0	15978374784311.244	-1.2785368921499414e+16
-0.0	7973837011271.656	-1.2803808254814682e+16
-0.0	3063153530429.0186	-1.2814719128893988e+16
-0.0	209200659743.7811	-1.2820562646219026e+16
-0.0	233733043577.1948	-1.2821564102763354e+16
-0.0	-374309965382.38635	-1.2821592568874918e+16
-0.0	374309965481.5264	-1.2821592568872048e+16
-0.0	-233733044314.90634	-1.2821564102756534e+16
-0.0	-209200661275.12476	-1.2820562646214006e+16
-0.0	-3063153532244.1265	-1.2814719128892616e+16
-0.0	-7973837012356.687	-1.2803808254814704e+16
-0.0	-15978374777055.791	-1.278536892149826e+16
-0.0	-18306916760414.926	-1.279120154110398e+16
-0.0	-330262686761.49976	-1.2757286149643928e+16
-0.0	-88694474135793.94	-1.2658636198705666e+16
-0.0	-56693163187291.945	-1.2568742452485248e+16
-0.0	-283715613220284.94	-1.2418392389600286e+16
-0.0	67446542787907.98	-1.2541845657503724e+16
-0.0	-898579494688082.0	-1.2044455629531528e+16
-0.0	168425144750372.72	-1.2729273826534542e+16
-0.0	-654056900030051.8	-1.1684129340666634e+16
-0.0	-3852904619223653.5	-1.4206230271818452e+16
-0.0	3483510321652858.5	-1.174338366053037e+16
-0.0	-1.9398177797657056e+16	-2.333757064150584e+16
-0.0	3.741560909157252e+16	-2.250569980440303e+16
-0.0	-4.039613837844783e+16	3378530297456210.0
-0.0	-9851237147014628.0	3958083138152402.5
-0.0	1.296873464636618e+16	1.0699338566616286e+16
-0.0	6660816012110856.0	1.6851448042223804e+16
-0.0	1063549806799145.5	7372553909451353.0
-0.0	2697552323282037.0	9393793521091856.0
-0.0	-467208182105468.75	7203365893480419.0
-0.0	563853374935094.9	7661987857131188.0
-0.0	-99036785542465.75	7459001629226127.0
-0.0	385173431355908.5	7636554044542328.0
-0.0	69054614898028.234	7448580804842690.0
-0.0	165101527669252.0	7434740758284089.0
-0.0	57005881879105.87	7306447977961881.0
-0.0	18728363266687.082	7228938267277306.0
-0.0	15920485634243.81	7204962923402763.0
-0.0	1788910745074.492	7200033682691767.0
-0.0	4424520826195.73	7192468577742243.0
-0.0	571786535.215615	7187257073760570.0
-0.0	266761826472.7931	7186246995533646.0
-0.0	-372172761556.1664	7186217818089867.0
-0.0	19528766877.23468	7186217818089175.0
-0.0	-19528768686.33734	7186217818090701.0
-0.0	372172760867.76556	7186217818089805.0
-0.0	-266761822558.86102	7186246995535822.0
-0.0	-571790412.0611466	7187257073761164.0
-0.0	-4424520822664.935	7192468577745200.0
-0.0	-1788910746327.0793	7200033682691849.0
-0.0	-15920485630771.37	7204962923404130.0
-0.0	-18728363264652.965	7228938267282447.0
-0.0	-57005881881352.016	7306447977965752.0
-0.0	-165101527670869.8	7434740758278970.0
-0.0	-69054614898922.61	7448580804841989.0
-0.0	-385173431350533.94	7636554044541375.0
-0.0	99036785534299.39	7459001629224008.0
-0.0	-563853374928913.2	7661987857128896.0
-0.0	467208182107735.5	7203365893473571.0
-0.0	-2697552323302453.5	9393793521080382.0
-0.0	-1063549806786030.4	7372553909452857.0
-0.0	-6660816012118822.0	1.6851448042222378e+16
-0.0	-1.296873464636079e+16	1.069933856661643e+16
-0.0	9851237147017244.0	3958083138152246.0
-0.0	-9111808349289884.0	4510928375420799.0
-0.0	1.867335536601683e+16	3537155995964583.0
-0.0	605253176928514.9	-1949991591178493.5
-0.0	2137265905390506.2	4133350973351120.5
-0.0	1142213401066609.0	2352714422928403.5
-0.0	-336622242111714.0	3315442177132583.5
-0.0	502608943436411.06	3000643964136983.0
-0.0	-204093122216308.56	3143274475443819.5
-0.0	353047174952845.6	3062876090945331.0
-0.0	31790841179830.14	3022140408395219.5
-0.0	136804675502054.7	2950206511556059.5
-0.0	33987080358778.4	2858803135364509.5
-0.0	19134019949328.65	2806128658858799.0
-0.0	8343228859308.199	2784568391968741.5
-0.0	-1310076226204.0325	2782166039982488.0
-0.0	1619258912445.04	2777767621131844.0
-0.0	-518217027733.6962	2776783404569172.5
-0.0	202076631273.13626	2776753776108138.0
-0.0	-276509688431.0249	2776753776108222.5
-0.0	121385196500.55074	2776753776108955.0
-0.0	-121385197636.5494	2776753776109361.5
-0.0	276509687138.9743	2776753776109075.5
-0.0	-202076628079.90796	2776753776108907.0
-0.0	518217024905.0731	2776783404570461.0
-0.0	-1619258909783.9602	2777767621131257.0
-0.0	1310076224803.2117	2782166039983796.0
-0.0	-8343228856236.271	2784568391968593.0
-0.0	-19134019947281.973	2806128658861692.0
-0.0	-33987080361031.293	2858803135365403.0
-0.0	-136804675503403.3	2950206511550848.0
-0.0	-31790841180839.984	3022140408394625.5
-0.0	-353047174948292.25	3062876090944265.5
-0.0	204093122209347.72	3143274475442236.0
-0.0	-502608943431509.6	3000643964135709.5
-0.0	336622242114529.0	3315442177128329.5
-0.0	-1142213401084914.8	2352714422916475.0
-0.0	-2137265905377047.2	4133350973353287.0
-0.0	-605253176935531.9	-1949991591180204.8
-0.0	-1.867335536601169e+16	3537155995964403.0
-0.0	9111808349291692.0	4510928375420815.0
-0.0	1039196516920432.4	4900211912937385.0
-0.0	1.0423320330207842e+16	2243340998366324.2
-0.0	-63954284838911.92	6479770382879672.0
-0.0	1609479379967865.8	2732368949281965.5
-0.0	489589572189373.9	3499209013139504.5
-0.0	-53590525622866.2	2566489140209082.5
-0.0	274546779186902.2	2597653767796928.5
-0.0	-64256427854381.164	2620790249944183.0
-0.0	201236009909561.03	2607162002154161.5
-0.0	36863118465896.38	2537680091064267.0
-0.0	77161876695044.08	2491782214943922.0
-0.0	18638920905356.12	2422041649135653.5
-0.0	11172683978478.322	2386967353389084.0
-0.0	3110354564766.744	2377124043966242.0
-0.0	-1043051505939.3661	2373817453667843.5
-0.0	350026214872.0536	2372874190931780.5
-0.0	-239073087990.08768	2372844199266557.0
-0.0	136035753840.02487	2372844199265700.5
-0.0	-89980242462.8367	2372844199266557.5
-0.0	81604908221.53662	2372844199266932.5
-0.0	-81604908789.1159	2372844199266326.0
-0.0	89980241506.4714	2372844199266905.5
-0.0	-136035751921.81073	2372844199266473.0
-0.0	239073086749.20444	2372844199266744.0
-0.0	-350026213552.1969	2372874190932558.0
-0.0	1043051505691.0599	2373817453668450.5
-0.0	-3110354563480.178	2377124043966455.0
-0.0	-11172683977795.664	2386967353391204.0
-0.0	-18638920906268.867	2422041649135828.0
-0.0	-77161876695266.9	2491782214941862.5
-0.0	-36863118466395.62	2537680091064007.5
-0.0	-201236009907506.2	2607162002153618.0
-0.0	64256427851095.945	2620790249942648.0
-0.0	-274546779184945.84	2597653767796557.5
-0.0	53590525624478.16	2566489140207530.0
-0.0	-489589572197018.6	3499209013133621.0
-0.0	-1609479379961964.2	2732368949283405.0
-0.0	63954284835340.04	6479770382878926.0
-0.0	-1.0423320330205796e+16	2243340998366708.2
-0.0	-1039196516919138.8	4900211912937367.0
-0.0	5940792471782876.0	5197542031685827.0
-0.0	4297689493826814.0	6463840476686226.0
-0.0	453243317990871.5	4119207302499053.5
-0.0	1004456537688715.1	5963702957083657.0
-0.0	326813012717380.94	5187841602483809.0
-0.0	67850478186696.43	5284690729939190.0
-0.0	127971557569775.16	5169385387531812.0
-0.0	19688016255906.88	5195217050535849.0
-0.0	95110357981576.33	5177484725831439.0
-0.0	31976057971649.27	5131565495334516.0
-0.0	35050728091349.15	5091422044421036.0
-0.0	8666687442769.627	5047048111774507.0
-0.0	4525585777289.447	5031387772847600.0
-0.0	843486321195.0914	5024801931240955.0
-0.0	-445402697143.1824	5023920209620396.0
-0.0	81660372691.2963	5023890006713529.0
-0.0	11408748224.17674	5023890006713676.0
-0.0	89469518777.91116	5023890006713925.0
-0.0	-7301253741.313996	5023890006713922.0
-0.0	33141379917.459972	5023890006714160.0
-0.0	-33141380370.63452	5023890006713890.0
-0.0	7301253665.5332	5023890006714138.0
-0.0	-89469517949.93823	5023890006713881.0
-0.0	-11408749187.765093	5023890006713944.0
-0.0	-81660372145.83636	5023890006713904.0
-0.0	445402697208.3969	5023920209620488.0
-0.0	-843486320788.5651	5024801931241099.0
-0.0	-4525585777049.251	5031387772847971.0
-0.0	-8666687443304.492	5047048111774827.0
-0.0	-35050728091245.547	5091422044420853.0
-0.0	-31976057971837.35	5131565495333971.0
-0.0	-95110357980937.22	5177484725831281.0
-0.0	-19688016257311.188	5195217050536290.0
-0.0	-127971557569003.3	5169385387531978.0
-0.0	-67850478186053.59	5284690729938336.0
-0.0	-326813012719545.0	5187841602481711.0
-0.0	-1004456537686742.2	5963702957083409.0
-0.0	-453243317992265.7	4119207302499129.0
-0.0	-4297689493825809.0	6463840476686365.0
-0.0	-5940792471782010.0	5197542031685915.0
-0.0	6456372696215385.0	5305062349172469.0
-0.0	1804597560904243.5	2903174020392048.0
-0.0	667655410426716.0	4403780752285467.0
-0.0	652282185046941.0	3373133176089469.5
-0.0	266544366521990.88	3441427096684942.5
-0.0	80892470762651.28	3029049961405862.5
-0.0	61526894363444.664	2966735155945344.0
-0.0	33917019196427.46	2991517766588823.5
-0.0	42368498061927.81	2957962827348258.5
-0.0	19336579286175.465	2928656881372215.0
-0.0	13169237214741.643	2899632501220939.0
-0.0	2891875107383.0146	2878385126744154.0
-0.0	1203493781071.2844	2871216274040185.0
-0.0	127775466900.90982	2869925292911628.0
-0.0	-93662279196.03528	2869895105315191.5
-0.0	92583434107.52406	2869895105318473.0
-0.0	78953709969.7978	2869895105318852.0
-0.0	48997771602.66695	2869895105319107.0
-0.0	6788126984.051721	2869895105319135.5
-0.0	9532509438.108696	2869895105319138.0
-0.0	-9532509715.048277	2869895105319178.0
-0.0	-6788126851.823526	2869895105319167.5
-0.0	-48997771256.71738	2869895105318879.5
-0.0	-78953710484.68732	2869895105319347.0
-0.0	-92583433963.1902	2869895105318717.5
-0.0	93662279398.30945	2869895105315462.5
-0.0	-127775466841.79512	2869925292911628.5
-0.0	-1203493781102.4792	2871216274040358.0
-0.0	-2891875107440.6323	2878385126744418.0
-0.0	-13169237214546.75	2899632501221097.0
-0.0	-19336579286255.332	2928656881372150.0
-0.0	-42368498061714.29	2957962827348025.5
-0.0	-33917019196898.312	2991517766589119.5
-0.0	-61526894363351.46	2966735155945525.0
-0.0	-80892470762333.44	3029049961405791.5
-0.0	-266544366522389.75	3441427096684431.0
-0.0	-652282185046456.6	3373133176089391.5
-0.0	-667655410427113.9	4403780752285197.0
-0.0	-1804597560903932.8	2903174020392447.0
-0.0	-6456372696214761.0	5305062349172527.0
-0.0	5447381884193190.0	5286049663659176.0
-0.0	988280691294683.8	5566284203611900.0
-0.0	601521696803891.1	4961117916093520.0
-0.0	454160154032919.9	5287553173476637.0
-0.0	206362314563495.16	4944892563598460.0
-0.0	61435082563101.73	4783722604027112.0
-0.0	32260829853535.305	4720153366834966.0
-0.0	23489873948151.023	4714498725371824.0
-0.0	17985587191660.812	4701278336305377.0
-0.0	8439884438303.771	4677646461203297.0
-0.0	3535350031203.429	4662893061762242.0
-0.0	333082722205.98584	4653759680981486.0
-0.0	64654541687.626884	4652464417493620.0
-0.0	-11322156334.377169	4652428880084614.0
-0.0	44017642242.49657	4652428858651999.0
-0.0	87165840829.52359	4652428858668413.0
-0.0	55161391329.44312	4652428858670441.0
-0.0	20277653547.453426	4652428858670554.0
-0.0	3703920294.335092	4652428858670460.0
-0.0	2046300242.6930046	4652428858670569.0
-0.0	-2046300391.1481478	4652428858670552.0
-0.0	-3703920174.437726	4652428858670625.0
-0.0	-20277653414.510777	4652428858670533.0
-0.0	-55161391539.85927	4652428858670488.0
-0.0	-87165840844.99464	4652428858668468.0
-0.0	-44017642100.3707	4652428858651991.0
-0.0	11322156352.728094	4652428880084611.0
-0.0	-64654541764.006836	4652464417493715.0
-0.0	-333082722119.67035	4653759680981448.0
-0.0	-3535350031147.7886	4662893061762232.0
-0.0	-8439884438332.111	4677646461203401.0
-0.0	-17985587191611.258	4701278336305342.0
-0.0	-23489873948218.36	4714498725371810.0
-0.0	-32260829853695.203	4720153366834891.0
-0.0	-61435082562864.63	4783722604026898.0
-0.0	-206362314563457.44	4944892563598514.0
-0.0	-454160154033033.0	5287553173476521.0
-0.0	-601521696803959.8	4961117916093564.0
-0.0	-988280691294798.9	5566284203611863.0
-0.0	-5447381884192753.0	5286049663659281.0
-0.0	4241742764036047.5	5100617639502357.0
-0.0	669391065058650.9	3702292724159016.5
-0.0	456073967671306.25	4068888949453245.0
-0.0	318551280362274.0	3847184899535418.0
-0.0	146382998771496.8	3715262757659191.0
-0.0	40092259110638.805	3490624168453367.0
-0.0	17380949530580.918	3435888939601297.0
-0.0	12060645548736.08	3435879443373867.5
-0.0	6684640907644.7295	3416267261672585.0
-0.0	2381803857010.118	3406266689695511.0
-0.0	173503537567.21176	3398192282219414.0
-0.0	-291782516718.82275	3396740483630691.0
-0.0	-111516398015.20134	3396703389492763.0
-0.0	3980977626.19784	3396703311753310.0
-0.0	62439520863.756935	3396703287409813.0
-0.0	51122821928.78944	3396703283824939.0
-0.0	23308317261.000668	3396703283828195.5
-0.0	6232502667.9203415	3396703283828632.5
-0.0	1059684085.9126492	3396703283828548.0
-0.0	335545145.71201056	3396703283828561.0
-0.0	-335545240.97042096	3396703283828639.5
-0.0	-1059684041.6698716	3396703283828628.5
-0.0	-6232502573.237369	3396703283828493.0
-0.0	-23308317370.223125	3396703283828220.0
-0.0	-51122821993.61782	3396703283825033.5
-0.0	-62439520756.02403	3396703287409907.5
-0.0	-3980977628.676136	3396703311753287.0
-0.0	111516397970.05931	3396703389492866.0
-0.0	291782516808.38354	3396740483630598.0
-0.0	-173503537573.43698	3398192282219397.5
-0.0	-2381803857012.538	3406266689695401.5
-0.0	-6684640907617.384	3416267261672537.5
-0.0	-12060645548760.514	3435879443373854.0
-0.0	-17380949530799.355	3435888939601327.5
-0.0	-40092259110451.516	3490624168453340.5
-0.0	-146382998771415.38	3715262757659129.5
-0.0	-318551280362442.1	3847184899535280.0
-0.0	-456073967671316.56	4068888949453231.5
-0.0	-669391065058839.4	3702292724159022.5
-0.0	-4241742764035753.5	5100617639502438.0
-0.0	3183115574435700.0	4809496801942460.0
-0.0	476380721146268.1	4458752834717506.5
-0.0	316741986890838.56	4359482129406837.0
-0.0	213357511299488.72	4334023210868867.0
-0.0	94934488748786.56	4151483183869058.5
-0.0	23605639823568.258	3997886035745029.0
-0.0	8897113812013.338	3963257766668385.0
-0.0	4970810276781.224	3951953557981401.5
-0.0	1832993257570.8296	3944867461333784.0
-0.0	105560294355.5444	3938150628190383.5
-0.0	-410990937910.0183	3936709509751395.0
-0.0	-169708579288.7438	3936669938169630.0
-0.0	-30031738871.392025	3936669547571455.5
-0.0	23187306667.50367	3936669440574368.5
-0.0	39001409833.20878	3936669420889819.5
-0.0	20718211832.94372	3936669419566080.0
-0.0	6964196210.0943775	3936669420111215.0
-0.0	1434032409.5221906	3936669420114163.5
-0.0	206021101.90045986	3936669420114522.0
-0.0	42530057.98581125	3936669420114542.0
-0.0	-42530085.6958388	3936669420114576.0
-0.0	-206021111.81277955	3936669420114596.0
-0.0	-1434032350.4347625	3936669420114166.5
-0.0	-6964196244.345914	3936669420111191.5
-0.0	-20718211892.91338	3936669419566205.5
-0.0	-39001409780.43669	3936669420889841.5
-0.0	-23187306662.564583	3936669440574380.5
-0.0	30031738838.238827	3936669547571385.5
-0.0	169708579365.48093	3936669938169606.0
-0.0	410990937887.80945	3936709509751385.5
-0.0	-105560294364.46107	3938150628190385.5
-0.0	-1832993257558.7332	3944867461333746.5
-0.0	-4970810276775.887	3951953557981439.5
-0.0	-8897113812190.414	3963257766668421.0
-0.0	-23605639823418.324	3997886035744969.5
-0.0	-94934488748719.66	4151483183869050.5
-0.0	-213357511299639.5	4334023210868786.0
-0.0	-316741986890797.94	4359482129406851.0
-0.0	-476380721146446.44	4458752834717507.5
-0.0	-3183115574435488.5	4809496801942551.0
-0.0	2311504013499407.5	4381666625126816.5
-0.0	329214562730037.8	3539991314416813.0
-0.0	204023564242441.25	3576511748725216.0
-0.0	131864752419036.56	3527781695855051.0
-0.0	55216107414730.74	3403439847049705.0
-0.0	12263520415407.37	3292569954854304.5
-0.0	4015592544851.3774	3266591600544879.5
-0.0	1533691515449.3992	3261377293008936.0
-0.0	181230724016.98227	3256121632740153.0
-0.0	-274574394299.22272	3254725151590411.5
-0.0	-169026023313.73447	3254685386988359.5
-0.0	12981813808.68681	3254685515478212.5
-0.0	29023336993.290726	3254685602221414.0
-0.0	20373507187.59388	3254685529206411.0
-0.0	16351500389.343529	3254685517697566.5
-0.0	6139538556.722479	3254685517466018.0
-0.0	1547377073.3308258	3254685517008056.5
-0.0	249859147.07107762	3254685516970064.0
-0.0	29241037.925893556	3254685516971364.5
-0.0	4193855.3371451804	3254685516971549.5
-0.0	-4193852.8230415345	3254685516971520.5
-0.0	-29241067.20308729	3254685516971391.5
-0.0	-249859120.53181615	3254685516970118.0
-0.0	-1547377055.4140892	3254685517008043.0
-0.0	-6139538603.805863	3254685517466026.5
-0.0	-16351500362.347757	3254685517697574.5
-0.0	-20373507177.86481	3254685529206402.5
-0.0	-29023337021.212532	3254685602221440.0
-0.0	-12981813745.921509	3254685515478226.5
-0.0	169026023306.55255	3254685386988322.5
-0.0	274574394299.88846	3254725151590383.0
-0.0	-181230724005.65216	3256121632740146.0
-0.0	-1533691515438.7336	3261377293008916.0
-0.0	-4015592544983.5767	3266591600544894.5
-0.0	-12263520415290.307	3292569954854315.5
-0.0	-55216107414688.83	3403439847049639.5
-0.0	-131864752419141.19	3527781695855015.0
-0.0	-204023564242397.53	3576511748725217.5
-0.0	-329214562730172.9	3539991314416783.5
-0.0	-2311504013499263.5	4381666625126880.5
-0.0	1610507988461855.5	3855831636306016.0
-0.0	214703049599335.88	3360150477239926.0
-0.0	120311433996172.02	3338840568737989.0
-0.0	72820011730225.1	3286718992159081.5
-0.0	27654794329640.42	3194918947402847.5
-0.0	5268010853732.851	3123748828372690.0
-0.0	1423509952605.2856	3111735482586108.5
-0.0	240356493327.5547	3107399166157644.0
-0.0	-118095364630.96605	3106099071793750.5
-0.0	-96536876117.67679	3106056722681609.0
-0.0	52470694601.26531	3106056888353202.0
-0.0	68964459854.96155	3106056978687906.5
-0.0	31650025538.562645	3106057064476040.5
-0.0	10226641878.925852	3106057027167415.0
-0.0	4988873317.380755	3106057023255613.0
-0.0	1368691484.1017137	3106057023852091.0
-0.0	261499526.48080543	3106057023782931.5
-0.0	33288259.817788538	3106057023800302.0
-0.0	3123228.057512774	3106057023803980.5
-0.0	322914.34568315087	3106057023804507.5
-0.0	-322922.92944481404	3106057023804495.0
-0.0	-3123250.8481054334	3106057023803990.5
-0.0	-33288267.092826467	3106057023800316.5
-0.0	-261499519.19282934	3106057023782940.5
-0.0	-1368691522.410605	3106057023852107.0
-0.0	-4988873318.117288	3106057023255620.0
-0.0	-10226641883.424414	3106057027167420.0
-0.0	-31650025564.729595	3106057064476060.5
-0.0	-68964459826.76074	3106056978687926.5
-0.0	-52470694622.62761	3106056888353176.5
-0.0	96536876105.25066	3106056722681608.0
-0.0	118095364626.3076	3106099071793749.5
-0.0	-240356493331.34396	3107399166157646.0
-0.0	-1423509952711.3977	3111735482586112.5
-0.0	-5268010853653.135	3123748828372673.0
-0.0	-27654794329624.67	3194918947402819.5
-0.0	-72820011730310.7	3286718992159075.5
-0.0	-120311433996159.03	3338840568737989.5
-0.0	-214703049599446.4	3360150477239907.5
-0.0	-1610507988461775.0	3855831636306069.5
-0.0	1061523782929202.9	3224309794079177.0
-0.0	129856260804710.58	2688266261133777.0
-0.0	63371324528833.67	2657470030281013.0
-0.0	34323884809436.297	2640477069388544.0
-0.0	11027084794880.504	2580206371553715.5
-0.0	1608450952605.322	2547992417140131.5
-0.0	284711106621.57587	2542009336327321.0
-0.0	-57380801792.139175	2540821596238151.0
-0.0	-31428360017.167072	2540778330946271.0
-0.0	57840226367.605095	2540777394215268.5
-0.0	99042751960.77968	2540777178162329.0
-0.0	49190272775.26638	2540777189671222.5
-0.0	16133883291.72781	2540777246064769.0
-0.0	3482957033.2679143	2540777231767155.5
-0.0	1140155105.163964	2540777231801563.0
-0.0	233011772.93148306	2540777231801288.5
-0.0	34000166.632895865	2540777231888744.5
-0.0	3415961.845661398	2540777231915118.5
-0.0	254970.81363048876	2540777231921861.0
-0.0	19461.069019871167	2540777231923016.0
-0.0	-19457.16215840642	2540777231923009.5
-0.0	-254978.089020308	2540777231921862.5
-0.0	-3415963.8922100347	2540777231915114.5
-0.0	-34000150.82550005	2540777231888745.0
-0.0	-233011787.3896438	2540777231801299.5
-0.0	-1140155104.1898963	2540777231801570.0
-0.0	-3482957026.9567246	2540777231767154.5
-0.0	-16133883298.633026	2540777246064774.5
-0.0	-49190272750.863625	2540777189671218.5
-0.0	-99042751971.82253	2540777178162312.5
-0.0	-57840226369.10966	2540777394215267.5
-0.0	31428360021.725224	2540778330946271.5
-0.0	57380801796.84492	2540821596238141.0
-0.0	-284711106688.49493	2542009336327330.5
-0.0	-1608450952542.352	2547992417140133.5
-0.0	-11027084794864.709	2580206371553672.0
-0.0	-34323884809487.496	2640477069388526.5
-0.0	-63371324528814.57	2657470030281012.5
-0.0	-129856260804781.31	2688266261133772.0
-0.0	-1061523782929138.1	3224309794079221.0
-0.0	649267266221713.9	2535177099082911.0
-0.0	71433962174432.73	2154854880250137.0
-0.0	28688443774679.625	2135318958608456.8
-0.0	12634514030089.758	2108895889310905.8
-0.0	2806505056424.2803	2080046413429509.8
-0.0	144910061874.06607	2065640491454966.0
-0.0	-49489077047.06954	2064401062942827.2
-0.0	-24428081925.598534	2064353532990998.0
-0.0	55133114055.06462	2064350857917302.5
-0.0	84971860414.57664	2064349676562643.5
-0.0	62822813401.23795	2064349409767685.2
-0.0	21081920967.052708	2064349419052214.5
-0.0	5396194471.75791	2064349399144600.5
-0.0	857574678.315222	2064349396351275.8
-0.0	198292083.5319082	2064349397724082.0
-0.0	30544189.413804006	2064349397947527.0
-0.0	3425710.552829588	2064349398046064.2
-0.0	271314.45565640094	2064349398080873.8
-0.0	16045.857742229278	2064349398089985.8
-0.0	924.1488341994573	2064349398091856.5
-0.0	-918.7149358309448	2064349398091856.2
-0.0	-16053.83461951237	2064349398089983.5
-0.0	-271318.2351533275	2064349398080876.2
-0.0	-3425695.466338153	2064349398046064.0
-0.0	-30544198.231038887	2064349397947529.8
-0.0	-198292085.4460727	2064349397724081.2
-0.0	-857574674.0108601	2064349396351278.2
-0.0	-5396194475.973686	2064349399144607.5
-0.0	-21081920954.34542	2064349419052211.8
-0.0	-62822813407.541824	2064349409767673.8
-0.0	-84971860415.15561	2064349676562641.8
-0.0	-55133114051.267624	2064350857917306.5
-0.0	24428081926.888992	2064353532990994.8
-0.0	49489077010.428505	2064401062942832.2
-0.0	-144910061836.62793	2065640491454967.2
-0.0	-2806505056421.4116	2080046413429482.0
-0.0	-12634514030114.607	2108895889310903.5
-0.0	-28688443774672.938	2135318958608452.0
-0.0	-71433962174471.47	2154854880250141.5
-0.0	-649267266221676.9	2535177099082938.5
-0.0	358742660168533.1	1833287052953186.0
-0.0	34734840802663.926	1544674844813707.8
-0.0	10406801265781.967	1518396063071863.0
-0.0	2754252074827.575	1510898206787901.0
-0.0	-102684813194.0209	1497183900125254.5
-0.0	-159470761740.9768	1494861453031301.5
-0.0	-41886762751.18104	1494810028050375.0
-0.0	39332275452.248055	1494810729183757.5
-0.0	66515930902.00996	1494811559824851.2
-0.0	52870705240.84413	1494810601140380.0
-0.0	25559210352.70166	1494810455584789.5
-0.0	6363550726.760266	1494810490141402.8
-0.0	1292752599.2306616	1494810481330945.8
-0.0	156479934.7471209	1494810483105279.2
-0.0	26438715.70598912	1494810483628042.0
-0.0	3103251.773945956	1494810483849006.8
-0.0	268290.5042839062	1494810483945747.0
-0.0	16740.01720448002	1494810483979241.5
-0.0	779.4502733309712	1494810483989036.5
-0.0	37.42672084217802	1494810483991326.2
-0.0	-34.68734958862789	1494810483991323.2
-0.0	-785.0350223416109	1494810483989035.0
-0.0	-16743.21279265206	1494810483979243.2
-0.0	-268281.15350630827	1494810483945746.0
-0.0	-3103257.437914889	1494810483849004.5
-0.0	-26438718.14976274	1494810483628043.2
-0.0	-156479932.35905385	1494810483105280.5
-0.0	-1292752602.0814254	1494810481330950.0
-0.0	-6363550720.253865	1494810490141405.0
-0.0	-25559210357.08403	1494810455584785.8
-0.0	-52870705241.52619	1494810601140380.5
-0.0	-66515930899.85707	1494811559824851.2
-0.0	-39332275452.43952	1494810729183756.0
-0.0	41886762730.715324	1494810028050381.8
-0.0	159470761761.04224	1494861453031300.5
-0.0	102684813192.07803	1497183900125235.0
-0.0	-2754252074840.1484	1510898206787894.8
-0.0	-10406801265778.713	1518396063071860.5
-0.0	-34734840802685.914	1544674844813712.5
-0.0	-358742660168513.44	1833287052953202.0
-0.0	172024348109421.84	1188304325489504.5
-0.0	14196345509569.535	1007149208670190.2
-0.0	2522417983893.4795	994994489991446.0
-0.0	-346381954260.72736	987032517380015.8
-0.0	-476905403748.06866	984655730399100.6
-0.0	-70404560262.79764	984596578138704.6
-0.0	14139569955.729614	984592613069750.1
-0.0	50450220499.89227	984593630781735.1
-0.0	40819953400.4593	984594893552985.4
-0.0	21591866552.794277	984594353697623.9
-0.0	7405948775.545757	984594334191659.5
-0.0	1425229958.8392797	984594320055978.1
-0.0	229013314.3995354	984594321315569.2
-0.0	21794022.802329943	984594322010736.4
-0.0	2727033.856729552	984594322518450.9
-0.0	244548.83632437812	984594322709410.4
-0.0	16367.624249288607	984594322786779.0
-0.0	808.5980764377038	984594322814535.0
-0.0	27.983935938367907	984594322823036.2
-0.0	3.321424627886437	984594322825149.8
-0.0	-0.8054093339707152	984594322825148.2
-0.0	-29.910049127191936	984594322823034.5
-0.0	-808.9713923370857	984594322814536.0
-0.0	-16361.711516348441	984594322786778.1
-0.0	-244550.55156943735	984594322709408.6
-0.0	-2727034.0931097963	984594322518450.5
-0.0	-21794020.318503823	984594322010737.5
-0.0	-229013314.64706627	984594321315571.9
-0.0	-1425229954.5652232	984594320055978.2
-0.0	-7405948777.232117	984594334191656.2
-0.0	-21591866552.017284	984594353697622.5
-0.0	-40819953398.04286	984594893552986.2
-0.0	-50450220499.10081	984593630781733.4
-0.0	-14139569964.456898	984592613069753.2
-0.0	70404560273.48688	984596578138706.6
-0.0	476905403746.0558	984655730399089.2
-0.0	346381954256.8177	987032517380013.1
-0.0	-2522417983891.0967	994994489991444.6
-0.0	-14196345509578.928	1007149208670192.9
-0.0	-172024348109410.72	1188304325489515.2
-0.0	66579936689019.57	661517511308770.6
-0.0	4341138856446.531	568081134011518.2
-0.0	58484609752.9256	558632443418314.8
-0.0	-565463202532.4695	556474841042318.4
-0.0	-161633372004.1161	556402604418550.5
-0.0	23896736467.206345	556397525041715.1
-0.0	31489433041.347088	556393177703118.5
-0.0	30545227085.42407	556393306032907.6
-0.0	17031166061.594341	556392752966511.9
-0.0	6455682160.169555	556392590146207.6
-0.0	1610770386.6912756	556392653358648.94
-0.0	240209138.36069816	556392657165520.9
-0.0	31100994.796805628	556392659617108.1
-0.0	2303677.0897177923	556392661219594.9
-0.0	216916.98421068175	556392661845271.44
-0.0	14955.773786781861	556392662099009.0
-0.0	777.0537323247024	556392662198331.0
-0.0	30.581143245218364	556392662233143.25
-0.0	-0.06063158478334453	556392662243651.25
-0.0	0.25994397905368233	556392662246245.4
-0.0	-0.33855552341676753	556392662246245.0
-0.0	-1.5067552105948019	556392662243650.6
-0.0	-31.342683881150105	556392662233144.2
-0.0	-775.8447124551691	556392662198330.94
-0.0	-14957.168641885599	556392662099008.4
-0.0	-216917.83150569315	556392661845271.5
-0.0	-2303676.7878578193	556392661219595.44
-0.0	-31100995.577163134	556392659617109.25
-0.0	-240209137.75154972	556392657165522.06
-0.0	-1610770388.2233808	556392653358647.7
-0.0	-6455682160.689998	556392590146207.44
-0.0	-17031166061.301565	556392752966511.94
-0.0	-30545227086.337257	556393306032906.8
-0.0	-31489433045.06546	556393177703120.25
-0.0	-23896736463.77794	556397525041715.44
-0.0	161633372001.02362	556402604418544.94
-0.0	565463202531.2643	556474841042317.4
-0.0	-58484609753.626686	558632443418314.7
-0.0	-4341138856450.6196	568081134011519.6
-0.0	-66579936689015.79	661517511308774.5
-0.0	17102688303715.42	296019966746271.5
-0.0	608039603044.4333	256181624823676.72
-0.0	-248884150350.84253	253930553365269.3
-0.0	-141835687310.85727	253846266282051.2
-0.0	68544153495.7579	253824897810403.0
-0.0	46611754678.95278	253807679026264.1
-0.0	23593939569.755894	253800207789571.94
-0.0	12836336348.290659	253799546529139.16
-0.0	5245579374.180867	253799034509828.72
-0.0	1406144098.8006902	253799126817024.03
-0.0	262784848.7768973	253799168396082.06
-0.0	30667535.516330402	253799183904368.56
-0.0	3214082.356953703	253799191648488.47
-0.0	186148.14705565633	253799195107156.1
-0.0	13307.020859484843	253799196493759.7
-0.0	708.191852231399	253799197045042.22
-0.0	28.40467481019357	253799197254889.56
-0.0	1.0374694943572866	253799197326855.62
-0.0	-0.02864709450208462	253799197348226.1
-0.0	0.007092533902730455	253799197353452.34
-0.0	-0.025451307455085868	253799197353451.97
-0.0	-0.13049522732793345	253799197348225.72
-0.0	-0.8939635570051432	253799197326856.28
-0.0	-28.163323860635767	253799197254889.56
-0.0	-708.4363601201054	253799197045041.8
-0.0	-13307.019721765218	253799196493759.62
-0.0	-186147.80806467848	253799195107156.2
-0.0	-3214082.3602918107	253799191648489.16
-0.0	-30667535.17754114	253799183904369.12
-0.0	-262784849.1874026	253799168396081.72
-0.0	-1406144098.779977	253799126817024.03
-0.0	-5245579373.83014	253799034509828.75
-0.0	-12836336348.486206	253799546529138.72
-0.0	-23593939570.510185	253800207789572.3
-0.0	-46611754677.882866	253807679026264.22
-0.0	-68544153497.220726	253824897810400.8
-0.0	141835687311.18158	253846266282051.06
-0.0	248884150350.7115	253930553365269.2
-0.0	-608039603045.4513	256181624823677.2
-0.0	-17102688303713.887	296019966746272.56
-0.0	366949771607.68945	89612742693332.8
-0.0	-227645273809.88394	83695862909336.69
-0.0	-48078343301.370125	83610875351562.92
-0.0	119725774057.6491	83576791940820.38
-0.0	104590318902.99965	83564350112580.9
-0.0	30175715139.875603	83543427413769.22
-0.0	9713469833.477695	83536181562374.05
-0.0	4140263799.394705	83534003843338.62
-0.0	1154218482.9623926	83533838916065.33
-0.0	227535803.97404146	83533912063359.56
-0.0	32562557.34394861	83533958221405.67
-0.0	3225658.1339880084	83533980502496.61
-0.0	257772.8754022789	83533990829990.61
-0.0	11661.729444486191	83533995088976.31
-0.0	632.6063311108132	83533996749100.81
-0.0	25.810518961643254	83533997388715.16
-0.0	0.43850867414872174	83533997626176.1
-0.0	-0.11667123885171193	83533997706225.98
-0.0	-0.060870500637438096	83533997729740.83
-0.0	-0.28714712919002844	83533997735460.02
-0.0	-0.22209808193068506	83533997735459.98
-0.0	-0.181232644897427	83533997729740.78
-0.0	-0.10123349532565916	83533997706226.05
-0.0	-1.0217885110526752	83533997626176.1
-0.0	-26.158472621902334	83533997388715.17
-0.0	-632.8985266826421	83533996749100.86
-0.0	-11662.012897019422	83533995088976.31
-0.0	-257773.16999780387	83533990829990.73
-0.0	-3225658.480571176	83533980502496.7
-0.0	-32562557.802080415	83533958221405.6
-0.0	-227535804.34379765	83533912063359.56
-0.0	-1154218483.2369282	83533838916065.38
-0.0	-4140263799.8668976	83534003843338.58
-0.0	-9713469833.798525	83536181562374.08
-0.0	-30175715140.11911	83543427413769.12
-0.0	-104590318903.86293	83564350112580.44
-0.0	-119725774057.6551	83576791940820.44
-0.0	48078343300.761856	83610875351562.92
-0.0	227645273809.35297	83695862909336.75
-0.0	-366949771607.6926	89612742693332.98
-0.0	-1739586779926.606	12040181591424.883
-0.0	-109390701002.60884	11912208566920.068
-0.0	80034274963.5672	11915328264066.264
-0.0	124475265980.66997	11898015108479.463
-0.0	62389917872.193474	11877684741882.402
-0.0	11119390802.228392	11863150024916.44
-0.0	3448351413.125076	11856610290948.95
-0.0	937882224.1062789	11855213020273.26
-0.0	187101004.2897377	11855099856902.715
-0.0	27499269.715367872	11855169914493.064
-0.0	3000120.866817805	11855213991578.662
-0.0	230635.81051772923	11855233979442.76
-0.0	14557.245291733529	11855242566225.322
-0.0	623.5130195737531	11855245985594.947
-0.0	25.29136344280913	11855247290797.95
-0.0	0.7814731543425132	11855247790061.33
-0.0	-0.039231722215689824	11855247976016.791
-0.0	-0.001974794168920176	11855248039194.68
-0.0	0.05910855588031334	11855248057922.28
-0.0	-0.060461210809648926	11855248062517.91
-0.0	-0.0008135033114050997	11855248062517.91
-0.0	0.0007096564822446046	11855248057922.277
-0.0	0.06144090545975973	11855248039194.676
-0.0	-0.07995070990249376	11855247976016.795
-0.0	-0.7532312343761953	11855247790061.332
-0.0	-25.257379014480033	11855247290797.951
-0.0	-623.5169743110177	11855245985594.945
-0.0	-14557.221913915431	11855242566225.318
-0.0	-230635.84364939661	11855233979442.756
-0.0	-3000120.8558028457	11855213991578.668
-0.0	-27499269.716798037	11855169914493.057
-0.0	-187101004.29306492	11855099856902.715
-0.0	-937882224.137746	11855213020273.252
-0.0	-3448351413.0102935	11856610290948.96
-0.0	-11119390802.315514	11863150024916.455
-0.0	-62389917872.24417	11877684741882.414
-0.0	-124475265980.5221	11898015108479.46
-0.0	-80034274963.64856	11915328264066.268
-0.0	109390701002.67392	11912208566920.062
-0.0	1739586779926.6008	12040181591424.902
-0.0	-205078321011.83902	192433023234.9022
-0.0	76453631944.0136	247785185944.5455
-0.0	102108991615.72902	250804434615.88925
-0.0	66053927095.580246	247589839836.83588
-0.0	23084379286.046967	226088653457.8847
-0.0	4533376954.579093	210023533261.24847
-0.0	931618517.4866313	203507417682.87994
-0.0	172204641.27292162	201814583637.45532
-0.0	24653040.993164953	201680705591.54785
-0.0	2675632.0045426465	201764494511.54953
-0.0	219745.9603123042	201815221998.84476
-0.0	12931.650843338168	201838054193.18796
-0.0	629.3959588358156	201848064759.57867
-0.0	20.630874339059343	201852169505.6124
-0.0	0.6590200649261584	201853779665.84915
-0.0	-0.005695377006652789	201854408627.58368
-0.0	-0.015089085773973563	201854645837.59027
-0.0	-0.015412597277710749	201854726919.76465
-0.0	0.00944760522573224	201854751007.86685
-0.0	-0.027017161878950435	201854756918.5189
-0.0	-0.007969663325117827	201854756918.5179
-0.0	-0.0036909779515599036	201854751007.86978
-0.0	0.009848143969920453	201854726919.76086
-0.0	-0.04204198378298932	201854645837.59137
-0.0	-0.00917445395391894	201854408627.5888
-0.0	-0.6591647758751796	201853779665.84644
-0.0	-20.662118468778267	201852169505.61157
-0.0	-629.4148305965932	201848064759.56912
-0.0	-12931.671459631407	201838054193.19073
-0.0	-219745.9625075387	201815221998.867
-0.0	-2675632.021970548	201764494511.55292
-0.0	-24653041.024964098	201680705591.55185
-0.0	-172204641.28534183	201814583637.4582
-0.0	-931618517.501928	203507417682.8914
-0.0	-4533376954.61881	210023533261.2776
-0.0	-23084379285.97676	226088653457.94348
-0.0	-66053927095.62281	247589839836.8208
-0.0	-102108991615.74677	250804434615.8947
-0.0	-76453631944.0024	247785185944.54758
-0.0	205078321011.81796	192433023234.90845
-0.0	801438003358.4487	-801438003358.4454
-0.0	147708375232.46893	-753098717024.9125
-0.0	57589220038.178795	-808073377214.5339
-0.0	22919518177.770702	-910288521237.8429
-0.0	5667332312.804679	-1032741172347.8062
-0.0	746455707.5019064	-1124713276784.6353
-0.0	116464713.51969673	-1167563806113.6772
-0.0	17140472.381484885	-1179182447097.3176
-0.0	1938569.640297841	-1180352124422.8906
-0.0	164117.85238709586	-1179932763671.216
-0.0	10457.414426208474	-1179638598834.7278
-0.0	472.76231361074485	-1179495397047.8113
-0.0	17.977699664771627	-1179429223966.416
-0.0	0.4595502265724046	-1179401424224.3228
-0.0	-0.0011158115485243943	-1179390584745.5908
-0.0	-0.003003792261223815	-1179386500749.7202
-0.0	0.013855728084541356	-1179385037343.7925
-0.0	-0.00036976675408401214	-1179384562432.1206
-0.0	-0.011635394585992212	-1179384428127.5261
-0.0	0.011523990259807241	-1179384396668.7046
-0.0	0.00011917495535976732	-1179384396668.7007
-0.0	0.001459647961549107	-1179384428127.5242
-0.0	-0.012119463192247468	-1179384562432.1235
-0.0	0.01183634636842229	-1179385037343.7925
-0.0	-0.013879445728175552	-1179386500749.7183
-0.0	0.0035176329961853093	-1179390584745.592
-0.0	-0.4604406247487802	-1179401424224.3237
-0.0	-17.98924006990239	-1179429223966.419
-0.0	-472.74402374607024	-1179495397047.8115
-0.0	-10457.411290104596	-1179638598834.7314
-0.0	-164117.85106939918	-1179932763671.216
-0.0	-1938569.6433629654	-1180352124422.8901
-0.0	-17140472.36953193	-1179182447097.3103
-0.0	-116464713.57553855	-1167563806113.6675
-0.0	-746455707.4605962	-1124713276784.6262
-0.0	-5667332312.741517	-1032741172347.794
-0.0	-22919518177.826725	-910288521237.8488
-0.0	-57589220038.15858	-808073377214.5297
-0.0	-147708375232.4988	-753098717024.9069
-0.0	-801438003358.4255	-801438003358.4379
