1600
-0.0	6.4646424720191304e+16	6.076082257790529e+16
-0.0	-1.6488546801510292e+16	-1.166280492393611e+16
-0.0	2437640570873258.5	1.526544973539064e+17
-0.0	-386904235911304.8	9.752040084782451e+16
-0.0	-529782917088510.75	1.2622796086803949e+17
-0.0	390707560088248.75	9.501425094726645e+16
-0.0	-107220514531986.42	9.959395340775973e+16
-0.0	97250572839986.94	1.0320883219211486e+17
-0.0	2785921405625.7427	9.815077736611782e+16
-0.0	10899.0212025535	1.0137716086382875e+17
-0.0	9805.746565767158	9.949028720710442e+16
-0.0	5749.047852925182	9.948924295798502e+16
-0.0	3637.4308132072947	9.94888374482243e+16
-0.0	7783.22243357912	9.948865359847213e+16
-0.0	5347.773827896053	9.948872177216594e+16
-0.0	4546.2685801658	9.948884273796085e+16
-0.0	7134.3632890497365	9.948890294918954e+16
-0.0	4697.081697856894	9.948891982525696e+16
-0.0	6009.405951306188	9.948892292004875e+16
-0.0	5817.970144525906	9.948892331458566e+16
-0.0	5817.854418597322	9.94889233145859e+16
-0.0	6456.235568145911	9.948892292004771e+16
-0.0	5437.066362786319	9.948891982525838e+16
-0.0	4605.376867989401	9.948890294918846e+16
-0.0	5456.732132579322	9.948884273795941e+16
-0.0	7550.805638873399	9.948872177216774e+16
-0.0	1679.3773824348882	9.948865359846878e+16
-0.0	6936.077988668587	9.94888374482243e+16
-0.0	6949.273787688674	9.948924295798336e+16
-0.0	2528.5128135303844	9.949028720710733e+16
-0.0	1240.036547826511	1.0137716086382982e+17
-0.0	-2785921397204.028	9.815077736611978e+16
-0.0	-97250572824668.44	1.0320883219211346e+17
-0.0	107220514538956.47	9.95939534077592e+16
-0.0	-390707560077362.2	9.501425094727941e+16
-0.0	529782917115870.7	1.2622796086804147e+17
-0.0	386904235910946.0	9.752040084782827e+16
-0.0	-2437640570855745.5	1.52654497353906e+17
-0.0	1.6488546801514702e+16	-1.1662804923934244e+16
-0.0	-6.4646424720188104e+16	6.0760822577904744e+16
-0.0	9.323698880017112e+16	-2.019740554642267e+17
-0.0	-1.515655060329609e+16	-8.628354787119313e+18
-0.0	3531550457815994.5	-5.379418123060977e+18
-0.0	-439545737860526.94	-7.033840411357071e+18
-0.0	-426778517088473.3	-6.491550535204233e+18
-0.0	304776242957438.2	-6.704981379165889e+18
-0.0	-53350469452997.07	-6.690431004491007e+18
-0.0	55596775054221.12	-6.676500619375814e+18
-0.0	13579905760925.025	-6.688744557844336e+18
-0.0	2371.768482164374	-6.68255277990519e+18
-0.0	2113.7434007110887	-6.685129847994362e+18
-0.0	-796.1530584463347	-6.685132091399193e+18
-0.0	-2790.9597646831503	-6.685132190245692e+18
-0.0	359.0444718508147	-6.685131993008662e+18
-0.0	-1094.647566838713	-6.68513190281721e+18
-0.0	-1613.1054459100467	-6.685131881066529e+18
-0.0	136.48620090342138	-6.685131877718031e+18
-0.0	-1612.936650539215	-6.685131877427716e+18
-0.0	-956.4369978752223	-6.685131877444144e+18
-0.0	-910.5967574631759	-6.685131877457028e+18
-0.0	-974.7748665006676	-6.685131877457017e+18
-0.0	-357.8640931993923	-6.685131877444175e+18
-0.0	-1182.3731892577637	-6.685131877427657e+18
-0.0	-1683.6904881842124	-6.685131877718118e+18
-0.0	-1480.7442358745861	-6.685131881066564e+18
-0.0	337.0565913929999	-6.685131902817155e+18
-0.0	-3695.5385419095187	-6.685131993008681e+18
-0.0	-212.11970597198052	-6.685132190245636e+18
-0.0	-153.48825211153476	-6.685132091399248e+18
-0.0	-3075.5277603777954	-6.685129847994457e+18
-0.0	-3811.8671796513327	-6.682552779905209e+18
-0.0	-13579905765175.887	-6.688744557844266e+18
-0.0	-55596775053313.96	-6.67650061937599e+18
-0.0	53350469448815.66	-6.690431004491003e+18
-0.0	-304776242960529.6	-6.704981379165565e+18
-0.0	426778517096762.75	-6.491550535204543e+18
-0.0	439545737851516.56	-7.033840411357047e+18
-0.0	-3531550457813417.0	-5.379418123061046e+18
-0.0	1.5156550603296846e+16	-8.628354787119151e+18
-0.0	-9.323698880017192e+16	-2.0197405546421427e+17
-0.0	2.6213770618677556e+16	-6.8390966343075096e+16
-0.0	-1.1378867298230654e+16	-5.13919085617783e+18
-0.0	3117987251362494.5	-1.4681038909799112e+18
-0.0	-387333254782544.3	-3.3338776559774684e+18
-0.0	-15698253822861.682	-2.6929098229067013e+18
-0.0	238280079133641.25	-2.988693701308715e+18
-0.0	-21864142467222.203	-2.9918489759264164e+18
-0.0	35233832574184.24	-2.978189062902346e+18
-0.0	29278577736425.94	-2.9908652217326065e+18
-0.0	884.1414365729751	-2.9837470789457475e+18
-0.0	845.1873466219243	-2.986549648920369e+18
-0.0	-570.7639278986508	-2.986549565317959e+18
-0.0	-1629.6112410213607	-2.986549581264568e+18
-0.0	4.748923722346262	-2.986549597756077e+18
-0.0	-706.3093506832262	-2.986549603675884e+18
-0.0	-848.6073862366882	-2.9865496050272835e+18
-0.0	-193.1495430815314	-2.986549605279385e+18
-0.0	-940.5380525920058	-2.9865496053295514e+18
-0.0	-714.8678194496242	-2.9865496053393546e+18
-0.0	-728.4089967953124	-2.9865496053403674e+18
-0.0	-747.0269188475928	-2.986549605340373e+18
-0.0	-354.2224434208327	-2.9865496053393925e+18
-0.0	-821.998306374993	-2.986549605329547e+18
-0.0	-760.9623894940811	-2.9865496052794414e+18
-0.0	-1148.2266533794807	-2.986549605027283e+18
-0.0	-2.595340714376417	-2.9865496036758374e+18
-0.0	-1859.1761868545404	-2.986549597756104e+18
-0.0	-299.73543902071106	-2.986549581264549e+18
-0.0	-310.92234846043795	-2.986549565318011e+18
-0.0	-1693.3534173873286	-2.9865496489204157e+18
-0.0	-1888.9091181960748	-2.983747078945761e+18
-0.0	-29278577738941.566	-2.9908652217325676e+18
-0.0	-35233832574060.76	-2.978189062902383e+18
-0.0	21864142464683.336	-2.9918489759264824e+18
-0.0	-238280079135377.28	-2.9886937013086157e+18
-0.0	15698253826307.273	-2.6929098229068134e+18
-0.0	387333254776805.8	-3.3338776559773737e+18
-0.0	-3117987251361330.5	-1.4681038909799562e+18
-0.0	1.1378867298228354e+16	-5.139190856177804e+18
-0.0	-2.6213770618677364e+16	-6.839096634307243e+16
-0.0	-1.981357785604049e+16	-1.3012046830546571e+17
-0.0	5099147463689951.0	-6.344430497419018e+18
-0.0	1610138636257442.2	-3.1262646185224264e+18
-0.0	319569718414594.4	-4.820783689283168e+18
-0.0	672310312186249.0	-4.3139468953055007e+18
-0.0	8401034000538.682	-4.6040676830863084e+18
-0.0	84772364279059.78	-4.5930365301410744e+18
-0.0	-20907142812578.496	-4.5717957671744415e+18
-0.0	50469063901507.99	-4.584652622269276e+18
-0.0	-2936.8253580763026	-4.5780417477590246e+18
-0.0	-2641.1453023563868	-4.5806939733514015e+18
-0.0	37.565517899059465	-4.580693940545159e+18
-0.0	1292.7224149269346	-4.580693924359845e+18
-0.0	-1483.966633151577	-4.580693920250427e+18
-0.0	218.99173027901037	-4.5806939195773885e+18
-0.0	525.5779224690406	-4.580693919509195e+18
-0.0	-963.1148613261876	-4.580693919505057e+18
-0.0	578.9625776582499	-4.5806939195027343e+18
-0.0	-251.91830087020602	-4.580693919500637e+18
-0.0	-234.00859501966224	-4.5806939194996936e+18
-0.0	-361.8280661723321	-4.580693919499692e+18
-0.0	-267.83240252107584	-4.580693919500676e+18
-0.0	46.321968920727315	-4.5806939195026934e+18
-0.0	821.8851207269208	-4.580693919505117e+18
-0.0	11.364736839690739	-4.5806939195091994e+18
-0.0	-1282.0623826122694	-4.580693919577341e+18
-0.0	2512.886826284512	-4.580693920250445e+18
-0.0	-693.359265090447	-4.580693924359799e+18
-0.0	-968.3283513538522	-4.580693940545207e+18
-0.0	1878.9732456587783	-4.5806939733514737e+18
-0.0	2551.872265539652	-4.5780417477590405e+18
-0.0	-50469063899896.06	-4.58465262226924e+18
-0.0	20907142809771.41	-4.5717957671745183e+18
-0.0	-84772364276454.64	-4.59303653014112e+18
-0.0	-8401034000220.925	-4.6040676830861363e+18
-0.0	-672310312195453.5	-4.3139468953057065e+18
-0.0	-319569718407966.0	-4.82078368928312e+18
-0.0	-1610138636261633.5	-3.126264618522464e+18
-0.0	-5099147463687096.0	-6.344430497418965e+18
-0.0	1.98135778560406e+16	-1.3012046830545714e+17
-0.0	-2.996146402633461e+16	-9.222675436291566e+16
-0.0	1.7855180458960872e+16	-5.364808825108407e+18
-0.0	-499289260293035.4	-2.2937044021846676e+18
-0.0	1172812800771333.0	-3.9594061629886474e+18
-0.0	931881101030715.2	-3.461371139362095e+18
-0.0	-128781963603970.45	-3.715682286237593e+18
-0.0	114415271712065.3	-3.699479201974642e+18
-0.0	-68918171561046.25	-3.681475513087791e+18
-0.0	70861900130710.52	-3.693997951058432e+18
-0.0	-4498.792854658984	-3.6878849313880177e+18
-0.0	-4192.5414660645	-3.690336547363606e+18
-0.0	99.2997158480238	-3.690336559963995e+18
-0.0	2343.0266179434834	-3.6903365669207183e+18
-0.0	-2248.592418625904	-3.690336568907594e+18
-0.0	651.627020246284	-3.6903365692994447e+18
-0.0	911.3365489912502	-3.6903365693616865e+18
-0.0	-1538.4603872383022	-3.690336569369865e+18
-0.0	1014.851289798667	-3.6903365693700854e+18
-0.0	-215.19577920330994	-3.6903365693695836e+18
-0.0	-99.33035755579505	-3.690336569369386e+18
-0.0	-299.58956480079706	-3.690336569369377e+18
-0.0	-497.0962696331948	-3.6903365693696056e+18
-0.0	283.91463730258243	-3.6903365693700756e+18
-0.0	1082.478972039013	-3.690336569369915e+18
-0.0	447.41971122168235	-3.6903365693616886e+18
-0.0	-2130.3022434736254	-3.6903365692994017e+18
-0.0	4064.478005022615	-3.690336568907627e+18
-0.0	-965.3295341123843	-3.6903365669206764e+18
-0.0	-1542.410804981688	-3.6903365599640504e+18
-0.0	3293.5883856945397	-3.6903365473636705e+18
-0.0	3999.3385258456997	-3.687884931388036e+18
-0.0	-70861900127717.19	-3.6939979510584095e+18
-0.0	68918171556617.055	-3.681475513087853e+18
-0.0	-114415271707650.56	-3.6994792019746683e+18
-0.0	128781963604380.9	-3.7156822862374287e+18
-0.0	-931881101045600.2	-3.461371139362244e+18
-0.0	-1172812800759318.8	-3.9594061629886003e+18
-0.0	499289260285839.56	-2.2937044021847084e+18
-0.0	-1.7855180458954954e+16	-5.364808825108363e+18
-0.0	2.9961464026334412e+16	-9.222675436290942e+16
-0.0	-2.5093199940972892e+16	-1.0317049594005355e+17
-0.0	2.0814764473443948e+16	-4.965774435708692e+18
-0.0	-1153484823841956.0	-2.268543603169819e+18
-0.0	1387756891533305.8	-3.7827993665621233e+18
-0.0	1092700169824318.9	-3.320027758447067e+18
-0.0	-114547859883704.88	-3.550175685771493e+18
-0.0	133602758745864.86	-3.5394218428408484e+18
-0.0	-69877251270240.74	-3.525108170157039e+18
-0.0	82327844542904.14	-3.5365437517524823e+18
-0.0	-6507.319028064158	-3.5311656274584556e+18
-0.0	-6428.373972272789	-3.533373922284654e+18
-0.0	-2065.1487197011716	-3.533373929880855e+18
-0.0	201.4966775749206	-3.5333739316254484e+18
-0.0	-4668.801925019499	-3.533373931952202e+18
-0.0	-1522.66325538217	-3.533373931998943e+18
-0.0	-1236.038491597634	-3.533373932000825e+18
-0.0	-3683.9939940153445	-3.5333739319986734e+18
-0.0	-1084.7588597468107	-3.533373931997587e+18
-0.0	-2348.2138468650733	-3.5333739319972116e+18
-0.0	-2444.8231933039033	-3.533373931997133e+18
-0.0	-2583.907164514515	-3.533373931997137e+18
-0.0	-2521.0847747535613	-3.533373931997242e+18
-0.0	-1830.1917176068719	-3.533373931997573e+18
-0.0	-983.2846120493141	-3.533373931998719e+18
-0.0	-1508.3469901774497	-3.533373932000834e+18
-0.0	-4403.330633900361	-3.5333739319988946e+18
-0.0	2081.3779076465075	-3.5333739319522545e+18
-0.0	-3242.8441119053373	-3.533373931625413e+18
-0.0	-3772.4244711832557	-3.533373929880889e+18
-0.0	1372.6893923496827	-3.5333739222847227e+18
-0.0	1481.7160980463443	-3.5311656274584724e+18
-0.0	-82327844544141.1	-3.536543751752463e+18
-0.0	69877251261423.55	-3.525108170157097e+18
-0.0	-133602758745358.58	-3.5394218428408817e+18
-0.0	114547859879577.9	-3.5501756857713485e+18
-0.0	-1092700169844071.4	-3.320027758447241e+18
-0.0	-1387756891525087.0	-3.7827993665620726e+18
-0.0	1153484823829946.2	-2.2685436031698593e+18
-0.0	-2.0814764473441704e+16	-4.965774435708654e+18
-0.0	2.509319994097198e+16	-1.0317049594004763e+17
-0.0	-2.274004399242678e+16	-8.568799088246614e+16
-0.0	2.09768647996885e+16	-4.2943781895321836e+18
-0.0	-933952787186652.6	-1.949560973996544e+18
-0.0	1421040314523446.5	-3.2703437970737644e+18
-0.0	1127705988632003.0	-2.860732386336066e+18
-0.0	-99663629637709.17	-3.0668280663916897e+18
-0.0	141663725724141.9	-3.056948654766693e+18
-0.0	-68937092983748.164	-3.0438888860857293e+18
-0.0	91777014581802.52	-3.0543047061533727e+18
-0.0	-3886.3725143147813	-3.049661862131957e+18
-0.0	-4243.035138597975	-3.051592809778422e+18
-0.0	-20.60851288310673	-3.0515928102082765e+18
-0.0	2492.0675125718194	-3.0515928104183583e+18
-0.0	-2496.1236198029924	-3.0515928104533975e+18
-0.0	823.7157301493639	-3.0515928104560507e+18
-0.0	988.5593209113006	-3.0515928104555597e+18
-0.0	-1435.3877942213603	-3.051592810455252e+18
-0.0	914.616593012372	-3.051592810455169e+18
-0.0	-104.12598229325621	-3.051592810455137e+18
-0.0	-125.11317052416999	-3.0515928104551434e+18
-0.0	-392.64803754730497	-3.051592810455144e+18
-0.0	-226.72767432271124	-3.05159281045515e+18
-0.0	390.59240792388476	-3.0515928104551496e+18
-0.0	1041.9220001712424	-3.0515928104552817e+18
-0.0	628.635580062083	-3.0515928104555633e+18
-0.0	-2436.8230616351943	-3.051592810456015e+18
-0.0	4459.532886438311	-3.0515928104534267e+18
-0.0	-944.6207379194083	-3.051592810418334e+18
-0.0	-1841.184583764343	-3.0515928102083016e+18
-0.0	3573.569893469076	-3.0515928097784714e+18
-0.0	3528.8386369025266	-3.049661862131955e+18
-0.0	-91777014578583.84	-3.05430470615334e+18
-0.0	68937092979338.23	-3.043888886085791e+18
-0.0	-141663725719035.78	-3.0569486547667123e+18
-0.0	99663629637876.3	-3.06682806639157e+18
-0.0	-1127705988647278.5	-2.8607323863362017e+18
-0.0	-1421040314510195.5	-3.2703437970737106e+18
-0.0	933952787178689.9	-1.9495609739965783e+18
-0.0	-2.0976864799681148e+16	-4.2943781895321416e+18
-0.0	2.2740043992426616e+16	-8.568799088246072e+16
-0.0	-2.3333749101021356e+16	-6.985409280566154e+16
-0.0	2.158544593202314e+16	-3.583047625865188e+18
-0.0	-882316298481404.2	-1.6043163728408074e+18
-0.0	1504806378768697.8	-2.7206113014893967e+18
-0.0	1168859671255227.2	-2.3750105201104563e+18
-0.0	-85034303993507.2	-2.551372866889935e+18
-0.0	156084149134447.38	-2.541946256623047e+18
-0.0	-69818582939690.31	-2.5310094939377633e+18
-0.0	98875479462105.19	-2.539666423036401e+18
-0.0	-5251.68229167085	-2.5358073192393103e+18
-0.0	-5223.470692413618	-2.5374379588069443e+18
-0.0	-865.0139788364736	-2.5374379605342177e+18
-0.0	1594.35014973549	-2.537437960740706e+18
-0.0	-3472.0803694067963	-2.537437960758616e+18
-0.0	-148.4182681363296	-2.5374379607596733e+18
-0.0	75.31245835896486	-2.537437960759682e+18
-0.0	-2206.1052432459687	-2.53743796075965e+18
-0.0	215.24034297683176	-2.537437960759669e+18
-0.0	-1219.928601944231	-2.5374379607596493e+18
-0.0	-938.3956798593001	-2.537437960759655e+18
-0.0	-1229.4774755743108	-2.537437960759661e+18
-0.0	-1239.175840743252	-2.537437960759672e+18
-0.0	-439.7779826090444	-2.537437960759653e+18
-0.0	318.37943940714695	-2.537437960759678e+18
-0.0	-416.8116787081891	-2.537437960759681e+18
-0.0	-3287.913578595379	-2.537437960759645e+18
-0.0	3581.9175240564605	-2.5374379607586355e+18
-0.0	-1905.2713578190298	-2.5374379607406766e+18
-0.0	-2583.8901178475935	-2.53743796053424e+18
-0.0	2817.492854309028	-2.537437958806976e+18
-0.0	2880.4850001398486	-2.53580731923931e+18
-0.0	-98875479460637.22	-2.539666423036379e+18
-0.0	69818582933161.23	-2.5310094939378043e+18
-0.0	-156084149130545.8	-2.5419462566230845e+18
-0.0	85034303991895.78	-2.5513728668898483e+18
-0.0	-1168859671272870.0	-2.3750105201105725e+18
-0.0	-1504806378756532.2	-2.7206113014893655e+18
-0.0	882316298471123.6	-1.6043163728408297e+18
-0.0	-2.158544593201749e+16	-3.5830476258651735e+18
-0.0	2.3333749101020944e+16	-6.985409280565688e+16
-0.0	-2.34401583456551e+16	-5.736314145548002e+16
-0.0	2.201410821626191e+16	-2.868511747935036e+18
-0.0	-974231182733270.4	-1.2690623438876536e+18
-0.0	1611616142475337.2	-2.17914348882328e+18
-0.0	1181632343660989.8	-1.899233609864354e+18
-0.0	-75655315671976.03	-2.043324819596221e+18
-0.0	163478465173949.38	-2.035675249460976e+18
-0.0	-69732577381965.43	-2.0270908644030285e+18
-0.0	101800246350813.95	-2.033960306693664e+18
-0.0	-4390.77893726502	-2.030898243221199e+18
-0.0	-4444.857416233334	-2.03221851713156e+18
-0.0	89.33813228577421	-2.0322185167464463e+18
-0.0	2482.410536399863	-2.0322185167133614e+18
-0.0	-2882.8622204508924	-2.032218516711285e+18
-0.0	894.5303532217035	-2.0322185167111939e+18
-0.0	916.5849250979911	-2.032218516711184e+18
-0.0	-1448.9732188499718	-2.032218516711165e+18
-0.0	1079.1762660144084	-2.0322185167111875e+18
-0.0	-347.7577583961775	-2.0322185167111764e+18
-0.0	-189.7852188467123	-2.0322185167111788e+18
-0.0	-409.9952405227711	-2.0322185167111813e+18
-0.0	-397.4140029411152	-2.0322185167111895e+18
-0.0	413.5189180934761	-2.0322185167111752e+18
-0.0	1136.068002758653	-2.0322185167111964e+18
-0.0	491.48913436476454	-2.0322185167111834e+18
-0.0	-2547.4403991427603	-2.0322185167111734e+18
-0.0	4547.460276660333	-2.0322185167113009e+18
-0.0	-1030.2654793811666	-2.0322185167133373e+18
-0.0	-1981.6269583697017	-2.03221851674646e+18
-0.0	3912.88198347562	-2.0322185171315901e+18
-0.0	3814.886893483405	-2.0308982432212083e+18
-0.0	-101800246347604.6	-2.0339603066936486e+18
-0.0	69732577376841.27	-2.0270908644030684e+18
-0.0	-163478465168345.6	-2.0356752494610022e+18
-0.0	75655315671821.78	-2.0433248195961454e+18
-0.0	-1181632343677139.8	-1.899233609864434e+18
-0.0	-1611616142461250.8	-2.1791434888232507e+18
-0.0	974231182724556.9	-1.2690623438876756e+18
-0.0	-2.2014108216254136e+16	-2.868511747935018e+18
-0.0	2.3440158345654996e+16	-5.73631414554766e+16
-0.0	-2.1759579019091296e+16	-4.171131964885253e+16
-0.0	2.1419911464590576e+16	-2.1649225965211999e+18
-0.0	-1029740530453965.5	-9.380084573985352e+17
-0.0	1665266679321220.0	-1.6427696361827213e+18
-0.0	1129961420864737.2	-1.427323850298744e+18
-0.0	-61742366476745.09	-1.5391173960017958e+18
-0.0	162651538703674.84	-1.532858208633245e+18
-0.0	-66044908125344.766	-1.5265289096420777e+18
-0.0	99569010122060.14	-1.5316707032728177e+18
-0.0	-4314.974995864162	-1.5293802464545746e+18
-0.0	-4234.201889961531	-1.5303948576524142e+18
-0.0	21.045883474114525	-1.5303948576524454e+18
-0.0	2286.5462106092236	-1.5303948576524163e+18
-0.0	-2697.9550846987095	-1.530394857652434e+18
-0.0	847.0728374303671	-1.530394857652441e+18
-0.0	864.689725672321	-1.5303948576524406e+18
-0.0	-1313.7266260146607	-1.5303948576524247e+18
-0.0	1011.5677890932707	-1.53039485765244e+18
-0.0	-456.14415800313003	-1.5303948576524278e+18
-0.0	-137.95677330804665	-1.5303948576524347e+18
-0.0	-404.7234131682744	-1.5303948576524321e+18
-0.0	-463.23320475046614	-1.5303948576524406e+18
-0.0	496.3709492361628	-1.5303948576524308e+18
-0.0	1174.6899153632692	-1.5303948576524475e+18
-0.0	344.97228952021493	-1.5303948576524357e+18
-0.0	-2424.138616906882	-1.530394857652428e+18
-0.0	4388.895662646375	-1.5303948576524477e+18
-0.0	-1007.4888138513948	-1.5303948576524e+18
-0.0	-1876.9578605131744	-1.5303948576524639e+18
-0.0	3650.933572762922	-1.5303948576524388e+18
-0.0	3670.864289461094	-1.5293802464545802e+18
-0.0	-99569010119079.56	-1.531670703272803e+18
-0.0	66044908120352.33	-1.5265289096421048e+18
-0.0	-162651538698355.78	-1.5328582086332605e+18
-0.0	61742366476604.23	-1.5391173960017418e+18
-0.0	-1129961420880277.0	-1.4273238502988076e+18
-0.0	-1665266679307754.8	-1.6427696361827003e+18
-0.0	1029740530445747.0	-9.380084573985513e+17
-0.0	-2.1419911464583196e+16	-2.1649225965211845e+18
-0.0	2.175957901909125e+16	-4.1711319648849896e+16
-0.0	-1.855678821708321e+16	-2.8719560599751116e+16
-0.0	1.961304465965273e+16	-1.5203910423085604e+18
-0.0	-1023990256177743.6	-6.41558496791506e+17
-0.0	1625497110120279.5	-1.1528265097319155e+18
-0.0	1013499937190771.8	-9.977771538273683e+17
-0.0	-42609990983013.586	-1.0790633446618086e+18
-0.0	152879740873614.0	-1.0742121701245317e+18
-0.0	-58311159379984.33	-1.069918164682637e+18
-0.0	91942382784131.62	-1.07348389616889e+18
-0.0	-3446.389918403197	-1.0718984727726016e+18
-0.0	-3354.79858310454	-1.072627881004757e+18
-0.0	329.9316426642872	-1.0726278810047886e+18
-0.0	2300.6652873967323	-1.0726278810047608e+18
-0.0	-2007.1390789272423	-1.0726278810047763e+18
-0.0	980.537179104457	-1.0726278810047823e+18
-0.0	1144.7525064382644	-1.0726278810047706e+18
-0.0	-912.9049190966655	-1.0726278810047652e+18
-0.0	1247.248967886296	-1.0726278810047816e+18
-0.0	-6.384835238625872	-1.0726278810047684e+18
-0.0	187.74250859217045	-1.0726278810047739e+18
-0.0	-55.469274125208074	-1.0726278810047761e+18
-0.0	-60.51597688566862	-1.072627881004775e+18
-0.0	633.4422882858095	-1.0726278810047697e+18
-0.0	1402.5669431226368	-1.0726278810047809e+18
-0.0	560.2187100395231	-1.0726278810047752e+18
-0.0	-1840.5621305331604	-1.0726278810047704e+18
-0.0	4327.867712735416	-1.0726278810047859e+18
-0.0	-572.551909266756	-1.0726278810047526e+18
-0.0	-1264.267374727528	-1.0726278810047962e+18
-0.0	3590.24488056798	-1.0726278810047805e+18
-0.0	3574.3504641796026	-1.0718984727726095e+18
-0.0	-91942382780697.08	-1.0734838961688831e+18
-0.0	58311159376387.96	-1.0699181646826555e+18
-0.0	-152879740868176.6	-1.0742121701245441e+18
-0.0	42609990983758.07	-1.0790633446617727e+18
-0.0	-1013499937204259.4	-9.977771538274157e+17
-0.0	-1625497110107576.8	-1.1528265097319048e+18
-0.0	1023990256171017.2	-6.415584967915186e+17
-0.0	-1.9613044659645492e+16	-1.52039104230855e+18
-0.0	1.8556788217083336e+16	-2.8719560599749424e+16
-0.0	-1.4197752965082036e+16	-1.6845918168864086e+16
-0.0	1.670612121300371e+16	-9.666570960092431e+17
-0.0	-946677033662265.9	-3.915989925753134e+17
-0.0	1494798301507362.0	-7.318182951780527e+17
-0.0	841894030531994.5	-6.297679309596357e+17
-0.0	-20051652558089.684	-6.840420470810382e+17
-0.0	134548311536846.95	-6.805435367691914e+17
-0.0	-47033658867287.61	-6.779508162576598e+17
-0.0	79198452820293.98	-6.801799654142231e+17
-0.0	-2246.7408728281794	-6.791936874528477e+17
-0.0	-2010.5056412532495	-6.796739210656412e+17
-0.0	1112.6053727046055	-6.796739210656572e+17
-0.0	2662.7617663343	-6.796739210656417e+17
-0.0	-770.0580333469799	-6.796739210656512e+17
-0.0	1648.5486396353035	-6.79673921065653e+17
-0.0	1574.8776858239426	-6.796739210656543e+17
-0.0	-86.0997315075495	-6.796739210656494e+17
-0.0	1692.7183558612892	-6.796739210656577e+17
-0.0	716.4107586378146	-6.79673921065651e+17
-0.0	841.9420888857633	-6.796739210656552e+17
-0.0	676.712143329487	-6.796739210656563e+17
-0.0	800.2113446466716	-6.796739210656581e+17
-0.0	1263.6695937952668	-6.796739210656524e+17
-0.0	1809.1122034086668	-6.796739210656596e+17
-0.0	1204.671519775066	-6.796739210656556e+17
-0.0	-754.843285330998	-6.796739210656502e+17
-0.0	4273.550794369684	-6.796739210656584e+17
-0.0	220.2386126643503	-6.796739210656352e+17
-0.0	-200.41300860532849	-6.796739210656644e+17
-0.0	3624.2619251271362	-6.796739210656507e+17
-0.0	3742.059054222986	-6.791936874528508e+17
-0.0	-79198452815915.25	-6.801799654142136e+17
-0.0	47033658865756.43	-6.779508162576708e+17
-0.0	-134548311531023.0	-6.80543536769197e+17
-0.0	20051652560215.69	-6.840420470810184e+17
-0.0	-841894030541630.6	-6.29767930959665e+17
-0.0	-1494798301495124.0	-7.318182951780416e+17
-0.0	946677033658070.9	-3.9159899257532205e+17
-0.0	-1.6706121212995816e+16	-9.666570960092404e+17
-0.0	1.4197752965082532e+16	-1.6845918168863026e+16
-0.0	-9153734189515812.0	-7381463193002185.0
-0.0	1.2988250285496502e+16	-5.339433805916187e+17
-0.0	-789977695156510.4	-2.0207497231167584e+17
-0.0	1283049301701568.5	-4.030582999964365e+17
-0.0	636955285264894.9	-3.437267140601256e+17
-0.0	2847078192921.9463	-3.759652666404423e+17
-0.0	109065038278022.6	-3.736841820011911e+17
-0.0	-33371831126395.9	-3.7237084630040275e+17
-0.0	62394615904370.78	-3.7357268566515706e+17
-0.0	-2178.268381389354	-3.730480438065146e+17
-0.0	-2310.354780359339	-3.733284083593449e+17
-0.0	181.3364570220397	-3.733284083593561e+17
-0.0	1534.7770682011048	-3.73328408359346e+17
-0.0	-1344.5501126800857	-3.733284083593514e+17
-0.0	628.507850080771	-3.733284083593525e+17
-0.0	661.6396319355019	-3.733284083593489e+17
-0.0	-599.7262416647005	-3.7332840835934835e+17
-0.0	674.2552027925996	-3.7332840835935264e+17
-0.0	-62.133720208411766	-3.7332840835934835e+17
-0.0	64.87200820123778	-3.7332840835934944e+17
-0.0	-216.7801155411413	-3.733284083593499e+17
-0.0	117.69642603726088	-3.733284083593521e+17
-0.0	380.84664960966245	-3.7332840835934886e+17
-0.0	914.7445921238317	-3.7332840835935136e+17
-0.0	344.6702627357578	-3.733284083593517e+17
-0.0	-1242.4984640782661	-3.733284083593466e+17
-0.0	2760.1547025231375	-3.7332840835935366e+17
-0.0	-434.99018800661605	-3.73328408359342e+17
-0.0	-879.5757002882012	-3.7332840835935526e+17
-0.0	2225.1946293250526	-3.7332840835935104e+17
-0.0	2135.4218858680124	-3.730480438065152e+17
-0.0	-62394615902300.97	-3.735726856651534e+17
-0.0	33371831123959.703	-3.7237084630040736e+17
-0.0	-109065038274756.6	-3.7368418200119763e+17
-0.0	-2847078192607.499	-3.759652666404334e+17
-0.0	-636955285273245.2	-3.437267140601422e+17
-0.0	-1283049301693756.2	-4.0305829999643046e+17
-0.0	789977695152154.1	-2.020749723116799e+17
-0.0	-1.2988250285491854e+16	-5.3394338059161837e+17
-0.0	9153734189516022.0	-7381463193001567.0
-0.0	-4160729449930909.5	-725424616589785.5
-0.0	8964894685869114.0	-2.3791549999257885e+17
-0.0	-556977992594045.2	-7.856412789102246e+16
-0.0	1012717908679138.6	-1.7842415673380474e+17
-0.0	431215855659643.5	-1.496838096857326e+17
-0.0	21798757927365.99	-1.6586842897519194e+17
-0.0	79473885697741.61	-1.6458991423205968e+17
-0.0	-19313228789893.98	-1.6409812927627386e+17
-0.0	43640617337906.26	-1.6461512265014566e+17
-0.0	-1451.2970732130225	-1.6439889631037462e+17
-0.0	-1453.7003347585728	-1.64536765914136e+17
-0.0	169.78822916471051	-1.645367659141407e+17
-0.0	1056.2974036647922	-1.6453676591413674e+17
-0.0	-795.383103287034	-1.6453676591413782e+17
-0.0	398.4491881729185	-1.6453676591413926e+17
-0.0	487.1774175832343	-1.6453676591413904e+17
-0.0	-517.8308471940763	-1.6453676591413853e+17
-0.0	444.5805712650475	-1.64536765914139e+17
-0.0	83.75980165864587	-1.6453676591413773e+17
-0.0	39.95372149318281	-1.6453676591413834e+17
-0.0	-211.66217344477207	-1.6453676591413802e+17
-0.0	174.30060846011457	-1.6453676591413904e+17
-0.0	318.63158413034375	-1.645367659141384e+17
-0.0	544.1266895939899	-1.6453676591414003e+17
-0.0	256.2040567839996	-1.6453676591413878e+17
-0.0	-824.2359322970275	-1.6453676591413706e+17
-0.0	1769.4278118547588	-1.645367659141391e+17
-0.0	-272.48207827470907	-1.6453676591413546e+17
-0.0	-569.9913727123197	-1.645367659141406e+17
-0.0	1431.354125919502	-1.6453676591413894e+17
-0.0	1405.8301985954854	-1.6439889631037514e+17
-0.0	-43640617336635.516	-1.6461512265014422e+17
-0.0	19313228788422.832	-1.6409812927627514e+17
-0.0	-79473885695826.95	-1.6458991423206234e+17
-0.0	-21798757926866.727	-1.6586842897518928e+17
-0.0	-431215855664840.25	-1.4968380968574045e+17
-0.0	-1012717908674272.6	-1.7842415673380032e+17
-0.0	556977992591399.56	-7.85641278910243e+16
-0.0	-8964894685866259.0	-2.3791549999257888e+17
-0.0	4160729449931219.5	-725424616589455.9
-0.0	-114863952164089.83	3119817603862256.5
-0.0	5288230989387718.0	-7.284739358636043e+16
-0.0	-280440199676953.16	-1.5647472674432488e+16
-0.0	722146778579134.6	-5.347776879809537e+16
-0.0	259307271681069.66	-4.309861270017531e+16
-0.0	32486006137716.3	-4.9385536068982984e+16
-0.0	50381349258083.84	-4.882973244098426e+16
-0.0	-7411330985356.497	-4.874293990775614e+16
-0.0	25897981554434.01	-4.889504605940206e+16
-0.0	-800.4709979022598	-4.8842785639045016e+16
-0.0	-728.8342089316059	-4.889514456672368e+16
-0.0	10.445241892445146	-4.889514456672519e+16
-0.0	408.81454616276494	-4.889514456672427e+16
-0.0	-527.2239994830915	-4.8895144566724584e+16
-0.0	172.67724405921612	-4.889514456672472e+16
-0.0	188.0892530436761	-4.889514456672527e+16
-0.0	-222.16317824341698	-4.889514456672473e+16
-0.0	163.19670227285533	-4.889514456672465e+16
-0.0	-133.4737755984275	-4.8895144566724536e+16
-0.0	-49.1121293884499	-4.8895144566724936e+16
-0.0	-186.2455429066657	-4.889514456672464e+16
-0.0	44.99680794114174	-4.889514456672494e+16
-0.0	101.13798729223534	-4.889514456672491e+16
-0.0	308.74815061549873	-4.889514456672522e+16
-0.0	-9.643604863027232	-4.889514456672513e+16
-0.0	-495.1561467470099	-4.889514456672436e+16
-0.0	844.7010251802669	-4.8895144566724744e+16
-0.0	-193.34685456256676	-4.889514456672395e+16
-0.0	-331.78968017828294	-4.8895144566725576e+16
-0.0	702.550566145333	-4.889514456672468e+16
-0.0	636.2507716036768	-4.884278563904505e+16
-0.0	-25897981553844.367	-4.889504605940152e+16
-0.0	7411330984382.117	-4.874293990775624e+16
-0.0	-50381349257149.91	-4.882973244098553e+16
-0.0	-32486006137657.83	-4.938553606898296e+16
-0.0	-259307271683936.5	-4.30986127001774e+16
-0.0	-722146778576587.9	-5.347776879809399e+16
-0.0	280440199675315.47	-1.5647472674433196e+16
-0.0	-5288230989386210.0	-7.284739358636074e+16
-0.0	114863952164328.8	3119817603862407.5
-0.0	2305386898051523.0	4653352945765465.0
-0.0	2532000561419302.5	-7966878468661331.0
-0.0	-25967717425111.01	4163837214471060.5
-0.0	458298675795571.4	-4685287197738765.0
-0.0	142315722317150.3	-2569434099331608.0
-0.0	32927323884308.797	-4185349894444120.0
-0.0	26606443424808.844	-4046497872993770.5
-0.0	205225749179.58368	-4073418163852851.0
-0.0	12049887686621.088	-4095397323607201.5
-0.0	-281.2766988073905	-4099470510837695.0
-0.0	-204.29214065743125	-4112571584663133.0
-0.0	17.352946211988343	-4112571584663396.5
-0.0	84.76416307500405	-4112571584663418.5
-0.0	-209.81683466154757	-4112571584663155.5
-0.0	39.432422023005785	-4112571584663134.0
-0.0	49.63056097309432	-4112571584663371.0
-0.0	32.075191481776784	-4112571584663316.0
-0.0	64.98612342060507	-4112571584663412.0
-0.0	-161.91067244807965	-4112571584663285.0
-0.0	25.64536657816989	-4112571584663277.0
-0.0	-85.37982254592119	-4112571584663196.0
-0.0	28.689304552997875	-4112571584663215.0
-0.0	-2.6207620455929406	-4112571584663238.0
-0.0	157.66077197052206	-4112571584663336.5
-0.0	-27.029199505943396	-4112571584663533.0
-0.0	-194.1859440361012	-4112571584663157.0
-0.0	330.43430473757934	-4112571584663254.5
-0.0	-79.2361947726704	-4112571584663256.0
-0.0	-138.30307795502387	-4112571584663269.0
-0.0	293.66857632564063	-4112571584663289.0
-0.0	225.7111750051897	-4099470510837716.0
-0.0	-12049887686412.299	-4095397323607167.5
-0.0	-205225749589.20462	-4073418163852759.5
-0.0	-26606443424404.395	-4046497872994120.0
-0.0	-32927323884301.73	-4185349894444720.0
-0.0	-142315722318231.4	-2569434099331970.0
-0.0	-458298675794553.4	-4685287197738315.0
-0.0	25967717424408.19	4163837214470982.0
-0.0	-2532000561418654.0	-7966878468661634.0
-0.0	-2305386898051321.0	4653352945765513.0
-0.0	3025621180834847.0	4778331086360489.0
-0.0	923423632702270.1	4140037413354249.0
-0.0	136817943624336.27	4805530153994503.0
-0.0	258210749082775.62	4149706839934849.5
-0.0	77505193946949.12	4112686431102294.5
-0.0	25251075552273.85	3859385311561476.0
-0.0	11014217676295.396	3843713221954222.5
-0.0	3047184539165.0996	3825773036340858.5
-0.0	3603540997377.6396	3821230289967160.0
-0.0	-83.03789406997754	3814059323087190.0
-0.0	31.255669722830483	3812498483874496.5
-0.0	5.563791435449772	3812498483874441.0
-0.0	-51.457860895527716	3812498483874423.5
-0.0	9.023319495947304	3812498483874609.0
-0.0	-25.559046129795313	3812498483874612.0
-0.0	10.195432182532874	3812498483874594.5
-0.0	68.10960864787542	3812498483874525.5
-0.0	11.202280274417257	3812498483874455.0
-0.0	-59.75941908829632	3812498483874496.5
-0.0	22.474565988725903	3812498483874530.5
-0.0	-37.122705651538226	3812498483874515.5
-0.0	31.659554700452905	3812498483874526.0
-0.0	-45.16073641047325	3812498483874556.0
-0.0	66.59983654809713	3812498483874547.5
-0.0	-49.739086879964894	3812498483874523.5
-0.0	7.041725752577949	3812498483874591.0
-0.0	11.568035319681755	3812498483874583.0
-0.0	-11.19860019996465	3812498483874498.5
-0.0	18.952972566350375	3812498483874599.5
-0.0	13.60055517682606	3812498483874559.0
-0.0	73.38084696609195	3814059323087201.5
-0.0	-3603540997346.886	3821230289967159.0
-0.0	-3047184539202.2812	3825773036340947.0
-0.0	-11014217676316.879	3843713221954161.5
-0.0	-25251075552204.65	3859385311561297.0
-0.0	-77505193947043.17	4112686431102373.0
-0.0	-258210749082690.25	4149706839934930.0
-0.0	-136817943624406.22	4805530153994519.0
-0.0	-923423632702210.8	4140037413354166.5
-0.0	-3025621180834673.5	4778331086360551.0
-0.0	2597079285526076.5	4381433515762533.0
-0.0	258768938667963.66	3541718242867113.5
-0.0	181174277342876.78	3584183505538212.5
-0.0	132102614452857.3	3530166935833536.5
-0.0	45118045302014.93	3406868954529917.5
-0.0	14679341682816.582	3295220406010097.0
-0.0	3223228489826.2075	3269435946658167.5
-0.0	2573081611710.915	3264124944876587.5
-0.0	22868837648.994526	3258914893143885.5
-0.0	-31.155470992699254	3257512117705058.5
-0.0	68.63762629138976	3257471675575091.5
-0.0	5.097154277921862	3257471675575074.0
-0.0	-59.420695148562814	3257471675575113.0
-0.0	61.14465366147144	3257471675575115.5
-0.0	-29.950933514890515	3257471675575105.5
-0.0	-0.22609090208262536	3257471675575141.5
-0.0	31.35426292134009	3257471675575095.5
-0.0	-3.4808641816876396	3257471675575068.0
-0.0	-10.363633119739161	3257471675575065.0
-0.0	1.5363652708893234	3257471675575060.0
-0.0	-16.306111431747613	3257471675575091.0
-0.0	17.955841103738624	3257471675575095.5
-0.0	-17.92013716441858	3257471675575101.0
-0.0	31.670728382079343	3257471675575137.0
-0.0	-62.2697661977493	3257471675575132.0
-0.0	60.01769875324339	3257471675575123.0
-0.0	-80.38917317206685	3257471675575120.0
-0.0	7.885301053383417	3257471675575130.5
-0.0	69.80325652454412	3257471675575127.0
-0.0	-63.14721594312109	3257471675575123.5
-0.0	37.24742334195584	3257512117705047.0
-0.0	-22868837662.51052	3258914893143871.0
-0.0	-2573081611656.9746	3264124944876584.5
-0.0	-3223228489979.909	3269435946658160.0
-0.0	-14679341682725.592	3295220406010138.5
-0.0	-45118045301842.55	3406868954529960.5
-0.0	-132102614453048.39	3530166935833544.0
-0.0	-181174277342778.06	3584183505538217.5
-0.0	-258768938668095.22	3541718242867079.0
-0.0	-2597079285525944.0	4381433515762593.0
-0.0	1778228531644830.8	3855861262323084.0
-0.0	104322006498942.31	3360165092275174.0
-0.0	141055476912757.84	3338852309281244.0
-0.0	64166944079385.45	3286740693321486.5
-0.0	26113620660394.78	3194944119178868.0
-0.0	6097331138316.71	3123791665022372.5
-0.0	503151649404.57446	3111782679119320.5
-0.0	1059438165968.4711	3107452183902305.0
-0.0	-626700295564.4298	3106151000675413.5
-0.0	-28.520258795522277	3106109359047839.5
-0.0	33.88209619474395	3106109359047818.5
-0.0	5.287507805552366	3106109359047810.0
-0.0	-31.31741834665349	3106109359047827.5
-0.0	40.32660272599943	3106109359047840.0
-0.0	-17.356453315047855	3106109359047814.5
-0.0	2.513058753618228	3106109359047812.5
-0.0	8.534509416595593	3106109359047817.5
-0.0	-1.8246027631299868	3106109359047806.0
-0.0	-4.6526827468148095	3106109359047804.5
-0.0	0.08373766753262483	3106109359047809.0
-0.0	-3.93476916900824	3106109359047826.5
-0.0	3.9783346438362335	3106109359047825.5
-0.0	-3.517975260449172	3106109359047818.5
-0.0	26.887481539006725	3106109359047807.5
-0.0	-50.26893474019412	3106109359047832.0
-0.0	37.72832801323015	3106109359047830.0
-0.0	-49.657003413339666	3106109359047844.5
-0.0	3.4832051816275507	3106109359047845.0
-0.0	45.58767711127089	3106109359047855.5
-0.0	-40.55137419356204	3106109359047832.0
-0.0	31.61488152542276	3106109359047838.0
-0.0	626700295561.464	3106151000675404.5
-0.0	-1059438165937.8446	3107452183902297.0
-0.0	-503151649516.9755	3111782679119330.0
-0.0	-6097331138243.109	3123791665022389.0
-0.0	-26113620660287.46	3194944119178875.0
-0.0	-64166944079522.58	3286740693321486.0
-0.0	-141055476912690.2	3338852309281243.5
-0.0	-104322006499054.78	3360165092275139.5
-0.0	-1778228531644741.0	3855861262323144.5
-0.0	1071116596055867.1	3224340848017859.5
-0.0	97278151403253.47	2688286217267711.0
-0.0	77257645028419.45	2657487556138453.0
-0.0	29990504527885.4	2640507162263647.0
-0.0	12533145463247.318	2580247669500320.0
-0.0	1406968812091.867	2548048212463768.5
-0.0	-27643044349.59053	2542062799089888.5
-0.0	40900671215.63778	2540877821300273.5
-0.0	-282946270294.0614	2540835234441609.0
-0.0	-36.97144235441179	2540835234441607.5
-0.0	3.9207730599906307	2540835234441611.5
-0.0	4.666596887776934	2540835234441594.5
-0.0	-7.966803729143015	2540835234441600.0
-0.0	21.14945780629707	2540835234441609.0
-0.0	-13.930640280720313	2540835234441593.5
-0.0	3.719839826322129	2540835234441593.5
-0.0	-0.21522339880246194	2540835234441594.0
-0.0	2.4670111555253196	2540835234441589.0
-0.0	-3.017074077017419	2540835234441590.5
-0.0	0.24962007520059296	2540835234441589.0
-0.0	-0.5312911064278864	2540835234441595.5
-0.0	-2.256586291528719	2540835234441597.0
-0.0	-1.3953827374410626	2540835234441592.0
-0.0	20.963113781897885	2540835234441585.5
-0.0	-27.943620160453992	2540835234441591.0
-0.0	19.96713452563286	2540835234441600.0
-0.0	-18.25242682024444	2540835234441613.5
-0.0	-0.8698893137736174	2540835234441619.0
-0.0	25.230373066437824	2540835234441607.0
-0.0	-16.106821638286338	2540835234441598.0
-0.0	36.68622045903704	2540835234441605.5
-0.0	282946270299.9489	2540835234441606.0
-0.0	-40900671207.533844	2540877821300263.5
-0.0	27643044286.41757	2542062799089891.5
-0.0	-1406968812038.0427	2548048212463776.0
-0.0	-12533145463227.521	2580247669500285.0
-0.0	-29990504527940.848	2640507162263632.5
-0.0	-77257645028392.64	2657487556138446.5
-0.0	-97278151403318.39	2688286217267700.5
-0.0	-1071116596055810.5	3224340848017899.0
-0.0	607357633335047.4	2535207235747466.5
-0.0	82879885787857.97	2154878075485182.5
-0.0	30497903107182.043	2135339537025521.8
-0.0	12347459952867.92	2108927276311450.5
-0.0	3950803817908.88	2080089398770607.0
-0.0	-202754987930.1797	2065687530789941.5
-0.0	-8311918770.957176	2064448641863675.2
-0.0	-222868021435.73715	2064405991031304.5
-0.0	23131603738.08788	2064405991031293.2
-0.0	-31.288320693630137	2064405991031290.0
-0.0	-7.079862770140801	2064405991031304.8
-0.0	3.423187901454582	2064405991031282.5
-0.0	1.7023513450954726	2064405991031286.2
-0.0	9.996836004057478	2064405991031295.5
-0.0	-9.631669386492149	2064405991031285.8
-0.0	3.3343585101208655	2064405991031284.8
-0.0	-3.67846483561084	2064405991031286.0
-0.0	3.4530211528738275	2064405991031281.8
-0.0	-2.240437468755911	2064405991031284.8
-0.0	-0.4396830018486484	2064405991031283.0
-0.0	-0.0044393625738538695	2064405991031284.5
-0.0	-2.803881551478875	2064405991031283.2
-0.0	0.4097583923385312	2064405991031287.5
-0.0	14.407265368199443	2064405991031281.0
-0.0	-14.360227594183785	2064405991031286.8
-0.0	8.782495245191159	2064405991031288.5
-0.0	-3.3964483505569487	2064405991031301.8
-0.0	-2.6525205432142136	2064405991031298.5
-0.0	12.01701151811479	2064405991031290.5
-0.0	-4.3397152206626055	2064405991031291.0
-0.0	30.552694302246493	2064405991031287.2
-0.0	-23131603729.50203	2064405991031291.0
-0.0	222868021434.2083	2064405991031294.2
-0.0	8311918738.244326	2064448641863679.0
-0.0	202754987965.25958	2065687530789932.5
-0.0	-3950803817922.835	2080089398770569.0
-0.0	-12347459952882.457	2108927276311445.5
-0.0	-30497903107176.402	2135339537025517.2
-0.0	-82879885787890.17	2154878075485181.8
-0.0	-607357633335014.0	2535207235747492.5
-0.0	327700914805030.5	1833311621522747.8
-0.0	50244155848640.58	1544695273161679.8
-0.0	8065213405806.214	1518412051396064.0
-0.0	3554545590596.02	1510920153641358.0
-0.0	244744925269.3914	1497209405895772.2
-0.0	-347245129152.40497	1494892494241698.0
-0.0	42736764946.08936	1494850061459205.5
-0.0	-133735330999.42351	1494850061459206.5
-0.0	97076493789.82455	1494850061459203.2
-0.0	-18.581312693350146	1494850061459202.2
-0.0	-7.238857583209086	1494850061459209.0
-0.0	2.0105088299698304	1494850061459202.5
-0.0	3.2898990592125945	1494850061459199.8
-0.0	3.7116371285542753	1494850061459204.5
-0.0	-5.078428857071287	1494850061459199.2
-0.0	2.1614465826324034	1494850061459200.5
-0.0	-3.041893790121185	1494850061459201.8
-0.0	2.4282693753122575	1494850061459201.5
-0.0	-1.0932040639504332	1494850061459201.8
-0.0	-0.22443480157533113	1494850061459203.5
-0.0	-0.2471700141287274	1494850061459203.2
-0.0	-1.9575097288945167	1494850061459203.2
-0.0	0.39784104471160087	1494850061459203.0
-0.0	8.322003702620783	1494850061459200.2
-0.0	-6.683785025291226	1494850061459200.2
-0.0	3.3691074188171815	1494850061459203.0
-0.0	1.307773677951487	1494850061459205.0
-0.0	-1.9874469231160672	1494850061459206.5
-0.0	4.644494458355371	1494850061459203.5
-0.0	-0.1559210331273409	1494850061459199.2
-0.0	17.735389727652908	1494850061459200.2
-0.0	-97076493783.8683	1494850061459201.8
-0.0	133735330995.84059	1494850061459203.5
-0.0	-42736764961.546364	1494850061459207.0
-0.0	347245129172.4712	1494892494241694.8
-0.0	-244744925284.60602	1497209405895746.8
-0.0	-3554545590597.5874	1510920153641355.2
-0.0	-8065213405807.38	1518412051396060.8
-0.0	-50244155848656.04	1544695273161681.0
-0.0	-327700914805011.7	1833311621522765.8
-0.0	159092844712442.6	1188320553210656.2
-0.0	22118166696062.98	1007163409298787.1
-0.0	691774465948.5564	995000613056198.2
-0.0	192071713500.84015	987036528329919.5
-0.0	-460802043136.3261	984665664677303.4
-0.0	-134275617858.1427	984606752639697.2
-0.0	57092350033.393616	984606752639699.5
-0.0	-29586368612.34309	984606752639701.1
-0.0	63489604172.28699	984606752639698.6
-0.0	-8.886725854390912	984606752639698.1
-0.0	-4.413523854672851	984606752639701.6
-0.0	0.9892647308192934	984606752639698.8
-0.0	2.1892611768478014	984606752639696.8
-0.0	1.0977101924526216	984606752639699.1
-0.0	-2.2093573249572875	984606752639697.5
-0.0	1.3723160528936744	984606752639696.9
-0.0	-1.5084620477894133	984606752639698.9
-0.0	1.3234275959324773	984606752639697.6
-0.0	-0.43577149013783406	984606752639698.6
-0.0	-0.234256627662107	984606752639698.6
-0.0	-0.2616538506222601	984606752639698.9
-0.0	-0.943535836977951	984606752639698.9
-0.0	0.21769061810329307	984606752639699.0
-0.0	4.711217912902301	984606752639697.2
-0.0	-3.3555824079521304	984606752639696.1
-0.0	0.822166366106551	984606752639698.0
-0.0	1.6698839656616677	984606752639699.8
-0.0	-1.0321363774688734	984606752639700.2
-0.0	1.5223682591701027	984606752639697.6
-0.0	0.6982539999355573	984606752639696.4
-0.0	8.405419234474556	984606752639697.6
-0.0	-63489604169.34622	984606752639697.8
-0.0	29586368610.254658	984606752639698.4
-0.0	-57092350039.64059	984606752639701.9
-0.0	134275617867.31247	984606752639696.4
-0.0	460802043127.3262	984665664677289.8
-0.0	-192071713499.94003	987036528329917.8
-0.0	-691774465950.2443	995000613056197.0
-0.0	-22118166696069.594	1007163409298790.1
-0.0	-159092844712432.94	1188320553210664.5
-0.0	62623183747875.46	661543134516354.4
-0.0	6946875593131.707	568104079082319.9
-0.0	-672135687856.766	558642760903475.6
-0.0	-360900106220.44446	556487178927934.5
-0.0	-184200716875.37466	556421421778190.4
-0.0	11754768342.400787	556421421778188.0
-0.0	45988420934.193115	556421421778189.06
-0.0	6796164489.993003	556421421778189.06
-0.0	25391272682.131996	556421421778188.56
-0.0	-3.282058937634587	556421421778188.4
-0.0	-2.15121798022744	556421421778190.1
-0.0	0.4492001054727115	556421421778189.4
-0.0	1.160494221763647	556421421778188.0
-0.0	-0.17821088079440003	556421421778188.4
-0.0	-0.6596848743817183	556421421778188.44
-0.0	0.6742939465323383	556421421778188.56
-0.0	-0.7405282689593389	556421421778189.1
-0.0	0.5560483530523037	556421421778189.06
-0.0	-0.22941375872398703	556421421778189.56
-0.0	-0.04682767148931209	556421421778189.44
-0.0	-0.2918384975672795	556421421778189.5
-0.0	-0.2464843619669036	556421421778189.4
-0.0	0.021373360392544456	556421421778189.4
-0.0	1.7376635656821942	556421421778188.3
-0.0	-1.11327726925173	556421421778187.6
-0.0	-0.024631763168840717	556421421778188.5
-0.0	1.2298801753979225	556421421778189.1
-0.0	-0.44502851181684855	556421421778189.0
-0.0	0.1304372932058152	556421421778188.25
-0.0	0.7551282231418087	556421421778187.9
-0.0	3.191518497360667	556421421778188.0
-0.0	-25391272680.88729	556421421778188.5
-0.0	-6796164491.346774	556421421778188.25
-0.0	-45988420935.89974	556421421778190.75
-0.0	-11754768339.078558	556421421778187.75
-0.0	184200716870.83157	556421421778184.2
-0.0	360900106221.9186	556487178927933.3
-0.0	672135687855.0065	558642760903475.2
-0.0	-6946875593133.806	568104079082321.5
-0.0	-62623183747871.29	661543134516358.4
-0.0	16103574498247.342	296076524018855.1
-0.0	1231119675056.1157	256228532311377.4
-0.0	-435002338811.6061	253965623578598.97
-0.0	-77832984154.88696	253893441963902.34
-0.0	64161880726.94472	253893441963902.72
-0.0	46005000559.73634	253893441963902.03
-0.0	26186359747.538006	253893441963902.34
-0.0	7760968539.85536	253893441963902.12
-0.0	7218075646.432488	253893441963902.06
-0.0	-1.0076737301406824	253893441963901.94
-0.0	-0.7316505058662641	253893441963902.44
-0.0	0.1421070502302512	253893441963902.0
-0.0	0.3760490190177528	253893441963901.84
-0.0	-0.2971356332558515	253893441963902.06
-0.0	-0.11794470463470617	253893441963901.94
-0.0	0.24846366791461572	253893441963901.97
-0.0	-0.18389183387655397	253893441963902.0
-0.0	0.19213449053544723	253893441963902.0
-0.0	-0.14401909554884346	253893441963902.12
-0.0	-0.006688853524183529	253893441963902.03
-0.0	-0.12560347030813096	253893441963902.03
-0.0	-0.04959838598709582	253893441963902.06
-0.0	-0.03342480628447468	253893441963902.06
-0.0	0.5079591480954955	253893441963901.84
-0.0	-0.22112607818883984	253893441963901.72
-0.0	-0.15620268623029693	253893441963902.0
-0.0	0.6572912520309987	253893441963902.16
-0.0	-0.16554033493392245	253893441963902.03
-0.0	-0.15993781750734298	253893441963901.97
-0.0	0.4372510727027634	253893441963901.8
-0.0	0.9734462870826184	253893441963901.88
-0.0	-7218075646.038855	253893441963902.0
-0.0	-7760968540.451823	253893441963901.94
-0.0	-26186359747.589603	253893441963902.75
-0.0	-46005000558.94236	253893441963901.97
-0.0	-64161880729.04984	253893441963900.56
-0.0	77832984156.01613	253893441963902.12
-0.0	435002338810.7149	253965623578598.84
-0.0	-1231119675056.4631	256228532311377.9
-0.0	-16103574498245.914	296076524018856.1
-0.0	124937245078.68314	89701916856089.4
-0.0	-111041866630.47849	83774718826976.56
-0.0	-74178038646.8664	83696517714879.67
-0.0	130425450278.64088	83696517714879.66
-0.0	110231702025.52876	83696517714879.77
-0.0	31027140120.62866	83696517714879.6
-0.0	10861793734.033417	83696517714879.81
-0.0	3148311396.537277	83696517714879.62
-0.0	1534066480.7828047	83696517714879.72
-0.0	-0.19736360862364188	83696517714879.62
-0.0	-0.15167930757749398	83696517714879.78
-0.0	0.02884759491049011	83696517714879.69
-0.0	0.058369936251076095	83696517714879.6
-0.0	-0.11481512114774103	83696517714879.7
-0.0	0.03981150954708527	83696517714879.69
-0.0	0.07222769329559758	83696517714879.77
-0.0	-0.052572781840375095	83696517714879.67
-0.0	0.0413905578288519	83696517714879.67
-0.0	-0.02233304933526021	83696517714879.7
-0.0	-0.006974911574687541	83696517714879.67
-0.0	-0.03944576321626953	83696517714879.69
-0.0	-0.0035969048935309933	83696517714879.69
-0.0	-0.023742502260155823	83696517714879.72
-0.0	0.07810883531865627	83696517714879.66
-0.0	-0.018742029206212662	83696517714879.64
-0.0	-0.09624860139418545	83696517714879.66
-0.0	0.22053262087057168	83696517714879.7
-0.0	-0.04279327645890712	83696517714879.7
-0.0	-0.10135067887706217	83696517714879.69
-0.0	0.13251477955493562	83696517714879.66
-0.0	0.20626056750263688	83696517714879.62
-0.0	-1534066480.7061043	83696517714879.72
-0.0	-3148311396.683577	83696517714879.56
-0.0	-10861793733.787552	83696517714879.81
-0.0	-31027140120.668503	83696517714879.55
-0.0	-110231702026.23782	83696517714879.28
-0.0	-130425450278.11272	83696517714879.73
-0.0	74178038646.6124	83696517714879.64
-0.0	111041866630.57501	83774718826976.64
-0.0	-124937245078.3647	89701916856089.53
-0.0	-1862669715247.164	12134471119753.355
-0.0	-97681028885.15924	11995362539030.31
-0.0	87499766137.91173	11995362539030.29
-0.0	139259151213.8639	11995362539030.297
-0.0	67456449532.84358	11995362539030.28
-0.0	12951205773.331503	11995362539030.291
-0.0	3339613739.288871	11995362539030.3
-0.0	816880403.5996308	11995362539030.25
-0.0	249328001.45255145	11995362539030.295
-0.0	0.047182231065144735	11995362539030.281
-0.0	0.022646972923974874	11995362539030.281
-0.0	-0.006752114302128207	11995362539030.281
-0.0	-0.018356003206392704	11995362539030.281
-0.0	-0.03623097950274952	11995362539030.287
-0.0	0.05471651401734276	11995362539030.256
-0.0	-0.0011012086231504921	11995362539030.227
-0.0	0.0038410356514391895	11995362539030.252
-0.0	-0.0011949249341940424	11995362539030.291
-0.0	-0.020504638141796042	11995362539030.277
-0.0	0.00017504652496602333	11995362539030.262
-0.0	-0.008460315698655567	11995362539030.256
-0.0	0.013091996560685128	11995362539030.26
-0.0	0.012109987502067683	11995362539030.248
-0.0	-0.02604314523474415	11995362539030.242
-0.0	0.0165294819167739	11995362539030.285
-0.0	-0.044558080836056224	11995362539030.291
-0.0	0.03886341481174253	11995362539030.281
-0.0	-0.001364922857930972	11995362539030.281
-0.0	-0.03902266454004098	11995362539030.281
-0.0	0.03574742870602428	11995362539030.3
-0.0	-0.04349212391184908	11995362539030.291
-0.0	-249328001.4623947	11995362539030.307
-0.0	-816880403.6290141	11995362539030.268
-0.0	-3339613739.1311088	11995362539030.303
-0.0	-12951205773.4633	11995362539030.29
-0.0	-67456449532.93818	11995362539030.314
-0.0	-139259151213.69	11995362539030.303
-0.0	-87499766137.97685	11995362539030.295
-0.0	97681028885.27718	11995362539030.309
-0.0	1862669715247.1587	12134471119753.363
-0.0	-320966904010.4803	324238817888.59625
-0.0	60242219213.068954	324238817888.58575
-0.0	94878914559.48885	324238817888.5942
-0.0	76442739042.52786	324238817888.6033
-0.0	26586006794.157234	324238817888.58734
-0.0	3848663241.0268526	324238817888.59827
-0.0	773037751.0030352	324238817888.597
-0.0	151634966.3382975	324238817888.5943
-0.0	31349594.764707744	324238817888.6058
-0.0	0.03274338923146162	324238817888.6033
-0.0	0.04656694536567509	324238817888.58887
-0.0	-0.0037741352049916513	324238817888.60406
-0.0	-0.028276992191430317	324238817888.6123
-0.0	0.016357204998321065	324238817888.59705
-0.0	0.003712836640283418	324238817888.60956
-0.0	-0.008710832118191637	324238817888.6206
-0.0	0.023686090869992085	324238817888.60974
-0.0	-0.005745554213723889	324238817888.6074
-0.0	-0.009851125214784798	324238817888.60925
-0.0	0.002440720351771942	324238817888.616
-0.0	-5.8367002192106657e-05	324238817888.6149
-0.0	0.011379301191990761	324238817888.61536
-0.0	0.004581476696988256	324238817888.61694
-0.0	-0.013792086516930585	324238817888.6123
-0.0	0.0020179197905033893	324238817888.61005
-0.0	0.01219959927388017	324238817888.6045
-0.0	-0.030907572631008292	324238817888.59564
-0.0	0.007148088232958595	324238817888.6031
-0.0	0.01712087504167355	324238817888.6045
-0.0	-0.014333135256410149	324238817888.6113
-0.0	-0.030786348944018504	324238817888.6054
-0.0	-31349594.774736993	324238817888.60254
-0.0	-151634966.31839177	324238817888.6014
-0.0	-773037751.0013367	324238817888.59595
-0.0	-3848663241.0514517	324238817888.6248
-0.0	-26586006794.067165	324238817888.6517
-0.0	-76442739042.55373	324238817888.59143
-0.0	-94878914559.46555	324238817888.6016
-0.0	-60242219213.04568	324238817888.58356
-0.0	320966904010.46436	324238817888.60004
-0.0	620696899099.4968	0.0006021705697529125
-0.0	94227229166.52681	-0.005556437197332257
-0.0	53293955804.21421	-0.0012145439669632588
-0.0	28449061103.995895	-0.0014905856709434397
-0.0	7525362627.243787	-0.007804208520612214
-0.0	853720141.6143049	-0.0047771907935418466
-0.0	136967005.15101102	-0.00558659228896321
-0.0	21079321.7933025	-0.004343165408048252
-0.0	3068895.523496262	-0.002714767293558246
-0.0	-0.006578851883239073	-0.0032823279757619923
-0.0	0.01602384668193273	-0.007003813516630187
-0.0	0.000779806205792078	-0.0018363171197870757
-0.0	-0.010721114087009412	3.070158078722188e-05
-0.0	0.021397130246701108	-0.004283018830286566
-0.0	-0.008675836641252724	-0.0030703272887097786
-0.0	-0.0029367675915583764	-0.0002880036182557781
-0.0	0.006784839678321214	-0.0019441148740612618
-0.0	-0.0009264671663519607	-0.0017963926881671714
-0.0	-0.0010269670527593231	-0.0028280871012227177
-0.0	0.0006224842376463181	-0.0020423325847190366
-0.0	2.531245179973518e-05	-0.0023766526983012588
-0.0	0.002320900470174412	-0.0028065604286988677
-0.0	0.0011831238842440425	-0.002556366197716833
-0.0	0.0051416936800566864	-0.002814907195077739
-0.0	-0.013466392411274022	0.00010295594852916688
-0.0	0.017530504274034943	-0.0023064195656375356
-0.0	-0.02457514377227666	-0.004752501389401041
-0.0	0.0028306111968869506	-0.003511435589335906
-0.0	0.02154713298871313	-0.0011155728142117813
-0.0	-0.01721077979374293	-0.0006431617634738793
-0.0	0.005741239641344176	-0.0028003595607073413
-0.0	-3068895.524971148	-0.0024596055228686235
-0.0	-21079321.778350152	-0.0023583965931848303
-0.0	-136967005.201538	-0.003655432101812235
-0.0	-853720141.5825852	0.0052277930183195626
-0.0	-7525362627.177136	0.011869981972580023
-0.0	-28449061104.050243	-0.004311268683807952
-0.0	-53293955804.18774	-0.0005193269495415239
-0.0	-94227229166.55127	-0.007939532431926018
-0.0	-620696899099.4783	0.0005670188749558295
-0.0	613502601310.3336	-0.0010918353229912613
-0.0	58597139193.396675	-0.0021979208692877285
-0.0	20501754440.788506	-0.004761811752773573
-0.0	7725944601.422931	-0.0026235172939131058
-0.0	1596683810.625284	-0.0021471140605610925
-0.0	145588998.00116846	-0.002412352674270149
-0.0	19114112.73903653	0.0006701869494764736
-0.0	2272260.8866314944	-0.0006643484904863846
-0.0	234735.32437774443	-0.0023436270605953075
-0.0	-0.02289269213359022	-0.004643093723361106
-0.0	-0.002794462019646561	0.0035092480689380146
-0.0	0.0005442565903601564	-0.0007124147281602408
-0.0	-0.003918594273633475	-0.005847737661068401
-0.0	0.009306144473803808	-0.005057918501917089
-0.0	-0.012375095920848981	-0.006713546295722223
-0.0	-0.0014939976989507611	-0.005634259528681314
-0.0	-0.0021968776368410216	-0.003117290639095677
-0.0	-0.0007696422496237107	-0.0035236246923702496
-0.0	-0.004904495885146686	-0.003650110765460845
-0.0	-0.0024213656888270197	-0.004054262917613959
-0.0	-0.0025906566341877208	-0.004622846532009659
-0.0	-0.0033512692404414333	-0.004698437313966277
-0.0	-0.001853336064612815	-0.004688855730061627
-0.0	0.010032034211770544	-0.004310409655852775
-0.0	-0.016132280790522126	-0.005934555262791472
-0.0	0.008813211849741326	-0.00790132293421228
-0.0	-0.01161746090979295	-0.004710137703829382
-0.0	-0.00310725418583675	-0.0039217873357069956
-0.0	0.011113124646192015	-0.005405420140009336
-0.0	-0.010331176877928384	-0.0033127534385837295
-0.0	0.0177559984137768	-0.004679307755890581
-0.0	-234735.32470189358	-0.0021173175012826236
-0.0	-2272260.888046099	-0.0017726434746128605
-0.0	-19114112.78409698	0.001202661784535937
-0.0	-145588997.96862242	-0.008493040683470086
-0.0	-1596683810.6133792	-0.011957753677350375
-0.0	-7725944601.455811	-0.0021651398184843545
-0.0	-20501754440.78258	-0.005232805088711085
-0.0	-58597139193.42416	-0.0016683296034108559
-0.0	-613502601310.312	-0.0017622222581813605
-0.0	318544470104.2724	0.006665270499126703
-0.0	23446858455.54389	0.011317122693820137
-0.0	5766937759.259364	0.010460347356266029
-0.0	1579752320.286582	0.0108403219038232
-0.0	263561149.1275041	0.01478864180622832
-0.0	20071907.00052598	0.014099652998688513
-0.0	2271430.0679475977	0.01365065028076978
-0.0	203185.77463936716	0.015485461754158426
-0.0	14057.945691846848	0.011719897181285613
-0.0	-0.0159635727023292	0.011296309558413029
-0.0	-0.004895165136715343	0.0156364958082476
-0.0	0.0020781260339550627	0.010184805772757119
-0.0	0.00148064437188343	0.009855764581482615
-0.0	0.0038163950396353672	0.013156937894423508
-0.0	-0.004785326245007489	0.010604191827124507
-0.0	0.002151468225405701	0.009945830709659095
-0.0	-0.0016420903036676922	0.010625565122043216
-0.0	0.0018590251031441799	0.009316947368772081
-0.0	-0.001267717749598432	0.010871997687357294
-0.0	-0.0002587346297864507	0.009792672173199008
-0.0	-0.0001944700888108937	0.009975474028186711
-0.0	-0.001286270170449495	0.010166739280418719
-0.0	0.00013209137584048022	0.010399594540270805
-0.0	0.008059722754299952	0.010558902159717115
-0.0	-0.00805568444387567	0.009377703629270645
-0.0	0.004377871078529743	0.01065602874672335
-0.0	-0.0003958863187335853	0.01361694473318135
-0.0	-0.0013484994938498596	0.012200018914682934
-0.0	0.005261643464399877	0.010388603816503804
-0.0	-0.0017625816410643165	0.009353646962766941
-0.0	0.015867979120818332	0.011551808129833608
-0.0	-14057.94147929983	0.012621501793009771
-0.0	-203185.77610310825	0.013932097659359982
-0.0	-2271430.086950432	0.012383847137338613
-0.0	-20071906.97910606	0.006789881032500156
-0.0	-263561149.13388416	8.901230650069632e-05
-0.0	-1579752320.2945194	0.013042145647424742
-0.0	-5766937759.25862	0.009083728238485949
-0.0	-23446858455.557236	0.011100462046280795
-0.0	-318544470104.2552	0.0057094546546581
-0.0	112663337157.12003	-259.1548750740277
-0.0	6685039995.337162	-458.37293100270904
-0.0	1214062085.3240578	-555.4677104653306
-0.0	251220679.23400006	-621.992473316521
-0.0	37126851.76665386	-650.1719385929827
-0.0	2594614.945772072	-657.4359095612434
-0.0	280732.6299291491	-659.4864499180201
-0.0	18192.890555710805	-659.9425441103793
-0.0	660.0320563574952	-660.024240874143
-0.0	-0.008041995365721996	-660.0348274626001
-0.0	-0.003281967184093476	-660.034083546366
-0.0	0.0009926814430390042	-660.0363707570006
-0.0	0.0013282832099667933	-660.037847811945
-0.0	0.0010862073369388426	-660.0353958667773
-0.0	-0.002359794650136174	-660.0363280555598
-0.0	0.0012705244090944468	-660.0373539639444
-0.0	-0.0012413795560485468	-660.0365462805759
-0.0	0.0010221779359774438	-660.0368264878413
-0.0	-0.00043148975371439105	-660.0360183286774
-0.0	-7.225527769439907e-05	-660.0364848883048
-0.0	-0.00010989875097112053	-660.0363676592317
-0.0	-0.0007930463722292057	-660.0359729231008
-0.0	-0.0001685856906652822	-660.0362623360952
-0.0	0.003933867755579593	-660.0366545205253
-0.0	-0.0033446856990235873	-660.0370935152475
-0.0	0.001518182902033072	-660.0359658657978
-0.0	0.0010252437844203656	-660.0348568497005
-0.0	-0.0006977712378429893	-660.0358181362517
-0.0	0.0017477852398372095	-660.0364101584404
-0.0	-0.00025421903318971793	-660.0370860882298
-0.0	0.00791872122139189	-660.0349190119668
-0.0	-660.0299133914203	-660.024058314537
-0.0	-18192.891608736587	-659.943228481732
-0.0	-280732.6369295235	-659.486839225705
-0.0	-2594614.936706225	-657.4405610544793
-0.0	-37126851.77373725	-650.1801704243568
-0.0	-251220679.23468956	-621.9910570352495
-0.0	-1214062085.3246744	-555.4685317319595
-0.0	-6685039995.342329	-458.37274677442383
-0.0	-112663337157.11218	-259.15563431298546
-0.0	29186679237.1841	-225.43360249347975
-0.0	1408703820.298752	-10625.960531477838
-0.0	194421383.30271268	-19274.211289754363
-0.0	34685213.18491069	-21361.236617598526
-0.0	5733566.701363328	-17547.776878368502
-0.0	418504.9716702419	-10970.393339770104
-0.0	45364.65954169809	-5331.984869196225
-0.0	2183.9815480696116	-2183.982054856205
-0.0	24.315805202920625	-958.4951096846451
-0.0	-0.0029557486273609963	-615.703706570278
-0.0	-0.001444091562252689	-545.5846480717931
-0.0	0.00026109145820055104	-534.9716324007335
-0.0	0.00044268074495036993	-533.7728127546033
-0.0	0.00011520531495855696	-533.6700366252762
-0.0	-0.000821301852313871	-533.6637770971258
-0.0	0.0003674770450664366	-533.6637713577477
-0.0	-0.0006161469574876167	-533.6634811878813
-0.0	0.0002442931136965557	-533.6637251132169
-0.0	-0.00024319347760823107	-533.6633451241886
-0.0	-0.00014720868635470044	-533.663522851599
-0.0	-0.00020153640180637302	-533.6635374169838
-0.0	-0.0004049083173636953	-533.6634667047443
-0.0	-0.0001883578730530661	-533.6635052839163
-0.0	0.0012282339584144652	-533.663565387651
-0.0	-0.0011939239843506257	-533.663986834342
-0.0	0.0002531021090098575	-533.6638888093904
-0.0	0.00043647164263090353	-533.6699295476209
-0.0	-0.0004377027840895729	-533.7721928354064
-0.0	0.00028551682160085287	-534.9716613455454
-0.0	3.200841860815999e-05	-545.5860088303615
-0.0	0.0026724901262698314	-615.7037539503796
-0.0	-24.31522429944118	-958.4951982668059
-0.0	-2183.982391332847	-2183.9824221639633
-0.0	-45364.66160518799	-5331.985104341427
-0.0	-418504.969114145	-10970.394890248035
-0.0	-5733566.704811598	-17547.779943849495
-0.0	-34685213.18465572	-21361.23610164214
-0.0	-194421383.30344605	-19274.21155880856
-0.0	-1408703820.3003201	-10625.960490467287
-0.0	-29186679237.181755	-225.43379624299465
-0.0	5707407433.709349	637.2942388946689
-0.0	222938566.71992755	-23185.734044034078
-0.0	25342405.16508211	-33540.012982189044
-0.0	5769517.713000931	-35338.823516736105
-0.0	1237972.4202353037	-29901.157978311978
-0.0	90492.95610144126	-18576.02115124857
-0.0	8877.283580234869	-8877.283432998498
-0.0	346.9877566123941	-3413.0679037871046
-0.0	0.703419275656862	-1243.7500032427529
-0.0	-0.0006701573663214402	-618.0674638912873
-0.0	-0.00030684482234897247	-484.5261950553057
-0.0	0.00016391798521535697	-463.158571030062
-0.0	0.00023227087899697985	-460.56976242724505
-0.0	8.300759649151506e-05	-460.330130003087
-0.0	-9.529787150825747e-05	-460.31321865237953
-0.0	0.0002098216546329188	-460.31239346212004
-0.0	-8.765500849576414e-05	-460.3122390852477
-0.0	0.00018058888561806573	-460.31230293797756
-0.0	3.613716985631818e-05	-460.3122322930546
-0.0	6.189977712769986e-05	-460.3122440327261
-0.0	3.674251455676295e-05	-460.31225182222363
-0.0	-4.311664300360221e-06	-460.3122719858391
-0.0	4.766258714986244e-05	-460.31226330164844
-0.0	0.00041350894899311975	-460.31226193814007
-0.0	-0.00019347570240154613	-460.31239914337783
-0.0	0.0001342206195485261	-460.31319731596824
-0.0	0.0002579089232290071	-460.3300845481934
-0.0	-2.6691734665892295e-05	-460.56959292096485
-0.0	0.00014064011737078365	-463.1585725845316
-0.0	0.00012619036911695213	-484.5265501290609
-0.0	0.0008046898111744764	-618.0674591051775
-0.0	-0.7030764685420806	-1243.7499936439417
-0.0	-346.98779950307363	-3413.0679742028906
-0.0	-8877.283831798817	-8877.283521882096
-0.0	-90492.95532279265	-18576.02157856711
-0.0	-1237972.421073142	-29901.15880339419
-0.0	-5769517.712641305	-35338.8233773802
-0.0	-25342405.16514012	-33540.01306147832
-0.0	-222938566.720118	-23185.734048489117
-0.0	-5707407433.708672	637.2941820334886
-0.0	853128964.801912	966.589653727994
-0.0	27400563.396892637	-25498.485526875247
-0.0	3678061.194845665	-31868.877617423124
-0.0	1452959.0933073391	-40629.730034725646
-0.0	315505.72771523654	-33143.84562239429
-0.0	20551.61613186397	-20551.616019168152
-0.0	1702.5337989611326	-9755.176358550374
-0.0	56.698306588006325	-3714.9715329348187
-0.0	0.015948668768735047	-1316.791778077956
-0.0	-0.00015870679885716173	-618.7771976070795
-0.0	-9.257426819644002e-05	-466.5179705480933
-0.0	2.021014915718774e-06	-441.16567153215044
-0.0	2.1307441500733858e-05	-437.8897515244022
-0.0	-1.549375827453623e-05	-437.55644121444516
-0.0	-4.501108661437177e-05	-437.52947724592417
-0.0	1.581690003202786e-05	-437.5277481913159
-0.0	-4.588956624590675e-05	-437.52764502890335
-0.0	6.762792933368494e-06	-437.5276435584087
-0.0	-1.8739666258203147e-05	-437.52762932360633
-0.0	-1.816282938766602e-05	-437.52764136938316
-0.0	-1.7196583187861473e-05	-437.52763355979926
-0.0	-3.098080335845461e-05	-437.52763655467925
-0.0	-1.8831001869741378e-05	-437.52763619913736
-0.0	5.401089372711391e-05	-437.5276487506252
-0.0	-6.100021563715628e-05	-437.52775487056687
-0.0	-6.177038463442943e-06	-437.52948128231384
-0.0	3.1690831715609846e-05	-437.55643574475175
-0.0	-3.16648750740997e-05	-437.8897196629896
-0.0	-2.2470727304825958e-06	-441.16566663508434
-0.0	2.8101181667172087e-06	-466.51804341250505
-0.0	0.0001296248956495275	-618.7772000445193
-0.0	-0.015935339987748428	-1316.7917772401352
-0.0	-56.69837402289362	-3714.971560019811
-0.0	-1702.5338927522396	-9755.176374591965
-0.0	-20551.616030902187	-20551.616108614624
-0.0	-315505.727949385	-33143.84580054021
-0.0	-1452959.0932734017	-40629.73000736558
-0.0	-3678061.1949078375	-31868.877631919164
-0.0	-27400563.396961045	-25498.485526403987
-0.0	-853128964.801826	966.5896453443548
-0.0	96924965.45374425	2218.7783945613623
-0.0	3252548.575497412	-45323.927145728616
-0.0	904226.000435107	-83758.10887252509
-0.0	409787.75336336414	-92819.43964559045
-0.0	74696.62271542424	-74696.62276327502
-0.0	4172.423833373605	-45216.00920524334
-0.0	290.9336280100857	-21012.604571121785
-0.0	8.392431659558794	-7769.911930416642
-0.0	0.00028058497577000913	-2577.961356923381
-0.0	-2.1447583943048433e-05	-1071.4044389607245
-0.0	-1.2151298483968393e-05	-740.0067439483008
-0.0	2.5624447053707303e-06	-683.4654282910823
-0.0	5.745525473874686e-06	-675.8053298642501
-0.0	-2.937976434332932e-07	-674.9627025360504
-0.0	-4.406887558146737e-06	-674.8861989248177
-0.0	4.528878372931013e-06	-674.8804314029993
-0.0	-4.6561329543125536e-06	-674.8800709245733
-0.0	3.1185566958906414e-06	-674.8800525794042
-0.0	-8.380563723792952e-07	-674.8800499769577
-0.0	-3.0440082345245463e-07	-674.8800513009056
-0.0	-1.9797825752622926e-07	-674.8800509163304
-0.0	-2.3869190926444e-06	-674.8800504198194
-0.0	-5.566796226661582e-08	-674.8800512237714
-0.0	9.961748892004121e-06	-674.8800708590655
-0.0	-6.892271659849127e-06	-674.8804328662023
-0.0	5.107365350778467e-07	-674.8861995359574
-0.0	7.447866116473382e-06	-674.9627023261224
-0.0	-2.6324801935642428e-06	-675.8053241657166
-0.0	1.1704041248630776e-06	-683.4654274272955
-0.0	3.1041051546054248e-06	-740.0067550815314
-0.0	2.1617623007790417e-05	-1071.404439662062
-0.0	-0.00027393421491377	-2577.961357971188
-0.0	-8.39243784921358	-7769.91193432272
-0.0	-290.9336365685868	-21012.60457358474
-0.0	-4172.423814027245	-45216.00922035667
-0.0	-74696.62274805734	-74696.62279151707
-0.0	-409787.75335263566	-92819.43964110855
-0.0	-904226.0004411634	-83758.10887475674
-0.0	-3252548.5755028795	-45323.9271456307
-0.0	-96924965.45372474	2218.7783929960156
-0.0	7815210.678399453	2938.868265635922
-0.0	656028.9328311149	-49880.172080982375
-0.0	277215.67474627896	-91987.31445626797
-0.0	104068.99096638773	-104068.99096840077
-0.0	15166.82486048088	-81261.02568383706
-0.0	732.0390760600444	-48819.76003718255
-0.0	42.527785057083214	-22575.591176528247
-0.0	1.0917756328285182	-8308.50227826285
-0.0	1.5168145830661438e-06	-2724.3473554147718
-0.0	-4.258560966361891e-06	-1097.0064870908502
-0.0	-3.136564550643244e-06	-733.8974496695076
-0.0	-1.3675017702256188e-06	-669.9791391559294
-0.0	-9.652479704624245e-07	-660.8007541219063
-0.0	-1.8085077148420888e-06	-659.6906886928992
-0.0	-2.1231405111119826e-06	-659.5753119575947
-0.0	-1.1436039282893285e-06	-659.5649823940993
-0.0	-2.2539863771967395e-06	-659.5641881267848
-0.0	-1.2355894930346426e-06	-659.5641338579297
-0.0	-1.7569626684262653e-06	-659.564129507749
-0.0	-1.6912644036282667e-06	-659.5641293275899
-0.0	-1.7407430680271022e-06	-659.5641293493154
-0.0	-1.966268139424606e-06	-659.5641296282779
-0.0	-1.7275623789094884e-06	-659.5641336503643
-0.0	-5.484923934471386e-07	-659.5641881674492
-0.0	-2.46633056115227e-06	-659.564982367554
-0.0	-1.6190356423971214e-06	-659.5753119350643
-0.0	-7.129288620967075e-07	-659.6906884792276
-0.0	-1.969347883818425e-06	-660.8007533527832
-0.0	-1.5680761722778487e-06	-669.9791392062893
-0.0	-1.2021790454067338e-06	-733.8974508696931
-0.0	8.733647503127643e-07	-1097.006487060301
-0.0	-4.140746018304239e-06	-2724.347355338341
-0.0	-1.0917799708532685	-8308.502278463733
-0.0	-42.52778991842493	-22575.5911766823
-0.0	-732.0390773186823	-48819.76003908558
-0.0	-15166.824868798853	-81261.02568753285
-0.0	-104068.99096867327	-104068.99096779617
-0.0	-277215.67474969244	-91987.31445651234
-0.0	-656028.9328339344	-49880.17208084745
-0.0	-7815210.678395563	2938.868265469964
-0.0	237558.573028729	2858.4235376399893
-0.0	206485.80814710376	-47617.911734456924
-0.0	76120.71455670625	-76120.71455686622
-0.0	21097.2342073085	-82125.97385823251
-0.0	2609.8667406993204	-65503.01686178402
-0.0	101.14156718793082	-39546.826564435905
-0.0	5.675576939604407	-18437.615663020464
-0.0	0.12389128329816188	-6878.576151841946
-0.0	-1.2401990688255293e-07	-2321.467417515072
-0.0	-3.319830208454466e-07	-979.5720675103962
-0.0	-2.2481137595772305e-07	-674.5706145066591
-0.0	-6.297292871508032e-08	-618.9797595079474
-0.0	-2.8906979190301088e-08	-610.4910226537285
-0.0	-1.0419333647563691e-07	-609.362200712446
-0.0	-1.3226004772844125e-07	-609.2291651967083
-0.0	-4.153063330774394e-08	-609.2152932034604
-0.0	-1.4895377463130427e-07	-609.2139868316134
-0.0	-5.4044549878670525e-08	-609.213859886781
-0.0	-1.0177444688039194e-07	-609.2138435216007
-0.0	-9.357554260627203e-08	-609.2138408238023
-0.0	-9.690979285002682e-08	-609.2138408174116
-0.0	-1.1583881642596506e-07	-609.2138435316025
-0.0	-9.693368042605188e-08	-609.2138598696331
-0.0	1.1263014209736173e-08	-609.2139868275622
-0.0	-1.6236263846947105e-07	-609.2152932144667
-0.0	-9.063065383199051e-08	-609.2291652052942
-0.0	-5.765036660468748e-09	-609.3622006880978
-0.0	-1.2411298346712547e-07	-610.4910225931121
-0.0	-8.550932965620081e-08	-618.9797594967433
-0.0	-5.326075033930523e-08	-674.5706146077727
-0.0	1.4543964984784947e-07	-979.5720674801443
-0.0	3.7470871520053224e-09	-2321.46741747448
-0.0	-0.12389159080582189	-6878.576151831558
-0.0	-5.675577366602712	-18437.615662998895
-0.0	-101.14156709961284	-39546.82656464522
-0.0	-2609.8667417320444	-65503.01686235884
-0.0	-21097.234207548012	-82125.97385804944
-0.0	-76120.71455697484	-76120.71455684568
-0.0	-206485.80814725757	-47617.91173441242
-0.0	-237558.57302651528	2858.4235376550114
-0.0	-70591.40429663191	4525.979348096655
-0.0	58109.45131506338	-58109.45131505867
-0.0	18425.1788676873	-101206.31695385398
-0.0	3546.4177615246845	-107837.40854906966
-0.0	359.30461130192754	-85458.67983309228
-0.0	16.832260676001116	-51431.2750087637
-0.0	0.7029324695229104	-23883.579286373788
-0.0	0.011416820349009	-8853.018799433608
-0.0	5.668151603688299e-10	-2944.2993477279033
-0.0	-1.391998590788897e-08	-1204.9918990036065
-0.0	-5.994856886197491e-09	-806.8783521315219
-0.0	5.739969854584062e-09	-732.6428312583508
-0.0	8.477940612368146e-09	-720.7521740105502
-0.0	2.9039756932354187e-09	-719.0500086579132
-0.0	1.0708308612197818e-09	-718.8311432894984
-0.0	7.348079756826288e-09	-718.8063052716184
-0.0	-5.849532008078263e-11	-718.803772582455
-0.0	6.55101348168756e-09	-718.8034975889068
-0.0	3.1064026594656006e-09	-718.8034544020379
-0.0	3.8919571698696226e-09	-718.803445522625
-0.0	3.309686372266668e-09	-718.8034455218365
-0.0	2.1347053774504983e-09	-718.8034544014253
-0.0	3.340104970800436e-09	-718.8034975871356
-0.0	1.13116132294349e-08	-718.8037725836115
-0.0	-1.2342977457374668e-09	-718.8063052737878
-0.0	3.785832641159146e-09	-718.8311432901859
-0.0	1.0011329452858833e-08	-719.050008655219
-0.0	1.640200349062801e-09	-720.7521740001566
-0.0	4.3116560530103265e-09	-732.6428312470931
-0.0	6.997398558587866e-09	-806.8783521204233
-0.0	2.1810497350253703e-08	-1204.9918989708262
-0.0	1.537361190758012e-08	-2944.2993476779156
-0.0	-0.011416815980625081	-8853.018799369878
-0.0	-0.7029324736356718	-23883.579286300646
-0.0	-16.83226055508842	-51431.275008730445
-0.0	-359.30461140326935	-85458.67983314145
-0.0	-3546.417761453081	-107837.40854895898
-0.0	-18425.178867646515	-101206.31695379212
-0.0	-58109.451315026636	-58109.45131499817
-0.0	70591.404297439	4525.97934814634
-0.0	-21117.986014462414	21117.986014463673
-0.0	15905.020688859853	-335790.70998860674
-0.0	3127.372699950377	-563756.3174068355
-0.0	465.52118460142077	-595154.7463277753
-0.0	38.520344168275294	-461730.0274755392
-0.0	1.3882096225739957	-272503.3091508353
-0.0	0.04816876356419028	-124116.48005958463
-0.0	0.0007166172507039554	-44822.45265823479
-0.0	-4.0589724089401683e-10	-14073.028072822335
-0.0	-1.1742462732499263e-09	-5079.435182104979
-0.0	-6.117047362079187e-10	-3012.6933369665735
-0.0	6.975017974920082e-11	-2618.7025259711572
-0.0	2.3919578510370074e-10	-2552.397982401934
-0.0	-1.0733298099995554e-10	-2542.2110252949574
-0.0	-1.6771816717944344e-10	-2540.852484462204
-0.0	1.7106034794000066e-10	-2540.7314290966224
-0.0	-2.5970263786948287e-10	-2540.7384843783575
-0.0	1.042929483098024e-10	-2540.7455246275354
-0.0	-4.929587191965576e-11	-2540.747729607558
-0.0	-5.1769242888827806e-11	-2540.7482207469457
-0.0	-5.1526677091729906e-11	-2540.748220744582
-0.0	-1.3610060940138974e-10	-2540.747729602155
-0.0	-4.313968448691202e-11	-2540.745524623658
-0.0	3.759966520341889e-10	-2540.738484381441
-0.0	-2.861628424789656e-10	-2540.731429106984
-0.0	-5.941614993764136e-11	-2540.8524844713415
-0.0	3.692053962723249e-10	-2542.211025289071
-0.0	-1.676246706609861e-10	-2552.397982369017
-0.0	-2.3684355414802568e-11	-2618.7025259019206
-0.0	1.4829058434204357e-10	-3012.693336845368
-0.0	1.1381840189857771e-09	-5079.435181905636
-0.0	9.178390789361894e-10	-14073.028072523242
-0.0	-0.0007166187200811483	-44822.45265783338
-0.0	-0.04816876946639715	-124116.48005909959
-0.0	-1.3882096037976166	-272503.30915031163
-0.0	-38.52034421426701	-461730.0274750343
-0.0	-465.5211845911787	-595154.7463272506
-0.0	-3127.372699957639	-563756.3174063906
-0.0	-15905.02068885568	-335790.7099882572
-0.0	21117.986014686914	21117.986014690072
