1600
-0.0	-2.7359960908476176e+22	-2.735995965801131e+22
-0.0	-1.10865101021027e+20	-1.3037563032575063e+23
-0.0	7.621863586202813e+21	-1.791029846848897e+23
-0.0	-1.6002029106400196e+21	-1.7804261053380312e+23
-0.0	2.394723301810868e+21	-1.821101949987908e+23
-0.0	-6.148395202693497e+20	-1.7568787518706054e+23
-0.0	1.843197996645867e+20	-1.7731265294788653e+23
-0.0	-2.78131300452177e+19	-1.7704727269991624e+23
-0.0	2.25188819880907e+19	-1.7848504586403883e+23
-0.0	-2.8345338369938993e+19	-1.7836309830760492e+23
-0.0	-5.558249946740991e+18	-1.7863603290512955e+23
-0.0	7.947628441859065e+18	-1.7851932613198838e+23
-0.0	-2.068199069179664e+19	-1.7848465206698196e+23
-0.0	1.020018244560178e+19	-1.7844942887784337e+23
-0.0	-4.87798232603412e+18	-1.784289070434363e+23
-0.0	3.1388657509983206e+18	-1.784261364609178e+23
-0.0	-4.3210335630485856e+17	-1.7842438322003292e+23
-0.0	9.330606966027593e+17	-1.7842577523851676e+23
-0.0	-2.2364291011467014e+17	-1.784250265056142e+23
-0.0	1.2804250161103626e+17	-1.7842530079198028e+23
-0.0	-1.2804251215019163e+17	-1.784253007919806e+23
-0.0	2.2364289896031478e+17	-1.784250265056154e+23
-0.0	-9.330607058800463e+17	-1.7842577523851783e+23
-0.0	4.3210334679819283e+17	-1.784243832200359e+23
-0.0	-3.138865761535719e+18	-1.784261364609205e+23
-0.0	4.877982314698675e+18	-1.784289070434352e+23
-0.0	-1.020018245427006e+19	-1.784494288778405e+23
-0.0	2.0681990682003268e+19	-1.784846520669777e+23
-0.0	-7.947628451617561e+18	-1.7851932613198938e+23
-0.0	5.558249934371736e+18	-1.78636032905137e+23
-0.0	2.83453383593778e+19	-1.7836309830760982e+23
-0.0	-2.251888199605581e+19	-1.7848504586404124e+23
-0.0	2.7813130032840303e+19	-1.7704727269991406e+23
-0.0	-1.8431979966993026e+20	-1.773126529478735e+23
-0.0	6.148395202573811e+20	-1.75687875187054e+23
-0.0	-2.3947233018374563e+21	-1.821101949988155e+23
-0.0	1.600202910640686e+21	-1.7804261053382047e+23
-0.0	-7.621863586215741e+21	-1.7910298468489487e+23
-0.0	1.1086510101819626e+20	-1.30375630325739e+23
-0.0	2.735996090846934e+22	-2.7359959658006263e+22
-0.0	-8.535451811483144e+22	2.481269131932875e+21
-0.0	1.8885693544569072e+23	6.564021637373049e+24
-0.0	9.645473809428749e+21	8.879438511884357e+24
-0.0	5.973686211231547e+21	8.917774687291185e+24
-0.0	1.6330858751896477e+21	9.719549155944237e+24
-0.0	-1.6727048511355717e+21	8.849565932926718e+24
-0.0	9.51112644009122e+20	9.533756101696799e+24
-0.0	-7.530041462892201e+20	9.070218092844955e+24
-0.0	4.2133141659262104e+20	9.384854011654555e+24
-0.0	-1.8871702705919957e+20	9.241770019133593e+24
-0.0	8.480073731115606e+19	9.304224536479101e+24
-0.0	2.2154035728842515e+17	9.277352325492614e+24
-0.0	-9.456516969538191e+18	9.285831869938354e+24
-0.0	1.4491573281754161e+19	9.281029480145553e+24
-0.0	-8.526377874322803e+18	9.281276090197308e+24
-0.0	6.073774382316488e+18	9.281465176923504e+24
-0.0	-1.9703441334998316e+18	9.281215862495371e+24
-0.0	1.970468566697078e+18	9.281402488829246e+24
-0.0	-9.256983198398423e+17	9.281238330677063e+24
-0.0	5.101328564808318e+17	9.281334775241312e+24
-0.0	-5.101328501416615e+17	9.281334775241439e+24
-0.0	9.256983254164284e+17	9.281238330677188e+24
-0.0	-1.9704685554928428e+18	9.281402488828827e+24
-0.0	1.9703441404221716e+18	9.28121586249579e+24
-0.0	-6.073774370513966e+18	9.281465176924085e+24
-0.0	8.526377875622798e+18	9.281276090196904e+24
-0.0	-1.449157326824834e+19	9.281029480145731e+24
-0.0	9.45651698280891e+18	9.285831869937818e+24
-0.0	-2.215403540952542e+17	9.277352325492774e+24
-0.0	-8.480073730932254e+19	9.30422453647974e+24
-0.0	1.8871702706531235e+20	9.241770019133665e+24
-0.0	-4.213314165767695e+20	9.384854011654155e+24
-0.0	7.530041462855518e+20	9.07021809284629e+24
-0.0	-9.511126439939861e+20	9.533756101695766e+24
-0.0	1.672704851149509e+21	8.849565932923828e+24
-0.0	-1.6330858752152964e+21	9.719549155946994e+24
-0.0	-5.973686211178233e+21	8.917774687292271e+24
-0.0	-9.645473809435938e+21	8.879438511884715e+24
-0.0	-1.8885693544562573e+23	6.564021637371128e+24
-0.0	8.535451811481996e+22	2.4812691319316116e+21
-0.0	-4.768627205185307e+22	-8.879960664348859e+19
-0.0	3.2639727766040304e+22	8.543238784920693e+24
-0.0	-7.452680009974688e+21	-1.5410933260471153e+24
-0.0	8.036660671173654e+20	3.339026171527813e+24
-0.0	3.820571407765454e+20	1.6580911672688796e+24
-0.0	-2.912693254629237e+20	2.5503478014438016e+24
-0.0	1.2948578788020226e+20	2.622440922765738e+24
-0.0	-1.3269811867842208e+20	2.5184379110201344e+24
-0.0	1.0105196580455617e+20	2.6087051376000976e+24
-0.0	-4.574884231163732e+19	2.5658479264981477e+24
-0.0	5.227842462576894e+18	2.586884010234991e+24
-0.0	1.1742376270062387e+19	2.5747535831125124e+24
-0.0	-1.3773362848193135e+19	2.581251541545979e+24
-0.0	8.217573764417747e+18	2.576623777400753e+24
-0.0	-5.033916470627091e+18	2.578109652100724e+24
-0.0	3.97199725420153e+18	2.57754426231738e+24
-0.0	-1.4851744374875686e+18	2.5776719160236766e+24
-0.0	1.1428047047324956e+18	2.5776846872076124e+24
-0.0	-4.471286438716203e+17	2.577649021785574e+24
-0.0	2.387525260417372e+17	2.577686287008327e+24
-0.0	-2.3875252573524768e+17	2.577686287008354e+24
-0.0	4.47128644383489e+17	2.577649021785642e+24
-0.0	-1.1428047038838209e+18	2.577684687207609e+24
-0.0	1.4851744372042652e+18	2.5776719160236846e+24
-0.0	-3.9719972525672453e+18	2.5775442623174754e+24
-0.0	5.033916470109692e+18	2.5781096521005674e+24
-0.0	-8.217573763807484e+18	2.5766237774008707e+24
-0.0	1.377336284984759e+19	2.5812515415458926e+24
-0.0	-1.1742376271099496e+19	2.574753583112571e+24
-0.0	-5.227842462203547e+18	2.586884010235053e+24
-0.0	4.57488423119017e+19	2.5658479264981837e+24
-0.0	-1.0105196580363721e+20	2.608705137599994e+24
-0.0	1.3269811867722475e+20	2.5184379110202203e+24
-0.0	-1.2948578787773147e+20	2.6224409227657886e+24
-0.0	2.9126932546270154e+20	2.5503478014434204e+24
-0.0	-3.820571407783179e+20	1.6580911672690793e+24
-0.0	-8.036660671047294e+20	3.339026171527708e+24
-0.0	7.45268000997312e+21	-1.5410933260471078e+24
-0.0	-3.2639727766019705e+22	8.543238784920093e+24
-0.0	4.768627205184865e+22	-8.879960664369445e+19
-0.0	-4.352214440505689e+21	1.7527123374884402e+20
-0.0	-2.683893387047781e+21	8.153987919948179e+24
-0.0	-9.622208625335794e+21	3.1455652467231007e+24
-0.0	1.776772247421466e+20	3.1452264972246873e+24
-0.0	-3.737802466738527e+21	3.418825115144326e+24
-0.0	1.1210466356692858e+21	3.04295070362932e+24
-0.0	-8.071499044086622e+20	3.355600626146399e+24
-0.0	4.809846378715272e+20	3.059382837693952e+24
-0.0	-2.6071196252619145e+20	3.245466036714989e+24
-0.0	1.1576309782346115e+20	3.1581799148969706e+24
-0.0	-5.488194588518284e+19	3.197857686357692e+24
-0.0	-2.412871434413464e+18	3.1800286839390695e+24
-0.0	6.57207715380657e+18	3.1862290468942955e+24
-0.0	-1.3113430228956078e+19	3.182718747364467e+24
-0.0	6.494568108696761e+18	3.182288362803389e+24
-0.0	-3.5484421859427026e+18	3.1826602150650146e+24
-0.0	9.978428453381183e+17	3.182375107121869e+24
-0.0	-1.0344507529254308e+18	3.182561692592313e+24
-0.0	4.004648476836389e+17	3.1824245023538285e+24
-0.0	-1.722998492994859e+17	3.182498762310669e+24
-0.0	1.722998524445945e+17	3.1824987623107076e+24
-0.0	-4.0046484543542624e+17	3.18242450235397e+24
-0.0	1.0344507492817381e+18	3.182561692592159e+24
-0.0	-9.978428442283619e+17	3.18237510712204e+24
-0.0	3.548442183312707e+18	3.182660215065284e+24
-0.0	-6.494568102648545e+18	3.1822883628031665e+24
-0.0	1.3113430223175315e+19	3.182718747364568e+24
-0.0	-6.572077157883965e+18	3.1862290468940834e+24
-0.0	2.412871437365423e+18	3.1800286839392026e+24
-0.0	5.488194589148104e+19	3.1978576863580323e+24
-0.0	-1.1576309782130324e+20	3.1581799148969846e+24
-0.0	2.6071196251707553e+20	3.2454660367147934e+24
-0.0	-4.8098463785798304e+20	3.0593828376945393e+24
-0.0	8.071499043946828e+20	3.3556006261460993e+24
-0.0	-1.1210466356692762e+21	3.042950703628168e+24
-0.0	3.7378024667834986e+21	3.418825115145503e+24
-0.0	-1.776772247708264e+20	3.145226497224896e+24
-0.0	9.622208625346957e+21	3.1455652467232016e+24
-0.0	2.6838933870431447e+21	8.153987919947155e+24
-0.0	4.3522144405045966e+21	1.752712337486781e+20
-0.0	1.908888284337184e+22	-2.3505315050248664e+20
-0.0	-2.3028434711306255e+22	8.201424478800646e+24
-0.0	-4.561269191097718e+21	1.4123508686808792e+24
-0.0	-4.350817649516935e+19	3.167769890325982e+24
-0.0	-4.309010790570638e+21	2.7093595881840553e+24
-0.0	1.6067526214742445e+21	2.7114200817410834e+24
-0.0	-5.5186471903056396e+20	2.879584727840759e+24
-0.0	5.311334406039105e+20	2.68637266617884e+24
-0.0	-3.3672497141186114e+20	2.839251462430993e+24
-0.0	1.2708967645388374e+20	2.7711961140871217e+24
-0.0	-8.925207950863883e+19	2.801701073731131e+24
-0.0	-2.612826177943239e+19	2.787232876411204e+24
-0.0	2.8972364620611506e+19	2.79271601564034e+24
-0.0	-2.342861461794535e+19	2.789347028120488e+24
-0.0	1.1843107667467424e+19	2.7893069532611345e+24
-0.0	-7.10789756977559e+18	2.789461258160671e+24
-0.0	2.2537073173286344e+18	2.789289733783034e+24
-0.0	-2.0206971684017713e+18	2.7894184001647316e+24
-0.0	7.561168226144457e+17	2.789318789037959e+24
-0.0	-3.723065317842462e+17	2.789376936288881e+24
-0.0	3.723065335030009e+17	2.7893769362888985e+24
-0.0	-7.561168206635661e+17	2.789318789038052e+24
-0.0	2.0206971639021898e+18	2.789418400164665e+24
-0.0	-2.2537073160970929e+18	2.7892897337832247e+24
-0.0	7.107897564825339e+18	2.789461258160872e+24
-0.0	-1.1843107661645605e+19	2.7893069532609643e+24
-0.0	2.342861461256537e+19	2.7893470281206056e+24
-0.0	-2.8972364625877246e+19	2.792716015640192e+24
-0.0	2.612826178253548e+19	2.787232876411381e+24
-0.0	8.925207951299007e+19	2.8017010737314155e+24
-0.0	-1.2708967645206653e+20	2.7711961140871163e+24
-0.0	3.3672497140194895e+20	2.839251462430854e+24
-0.0	-5.311334405899019e+20	2.6863726661793117e+24
-0.0	5.5186471901477496e+20	2.8795847278404925e+24
-0.0	-1.606752621473388e+21	2.71142008174017e+24
-0.0	4.309010790617137e+21	2.709359588184857e+24
-0.0	4.3508176457519915e+19	3.167769890326142e+24
-0.0	4.561269191115417e+21	1.4123508686809772e+24
-0.0	2.302843471128313e+22	8.201424478799688e+24
-0.0	-1.908888284336959e+22	-2.3505315050244076e+20
-0.0	2.1032791835676745e+22	5.471816041851755e+19
-0.0	-1.1284689603647637e+22	6.799663032771285e+24
-0.0	-1.0564379370287553e+22	1.9624231291731378e+24
-0.0	2.573757327365082e+21	2.5826543833841165e+24
-0.0	-6.187512507021576e+21	2.4587038172336904e+24
-0.0	1.1215002312909584e+21	2.202280304613907e+24
-0.0	-3.143957681538898e+20	2.402992412008417e+24
-0.0	-9.428926823428205e+18	2.2261925614970072e+24
-0.0	-1.3984299337588004e+20	2.3704423098556708e+24
-0.0	5.874475393212139e+19	2.2995554830406417e+24
-0.0	-2.3155130777860854e+19	2.3296128709878234e+24
-0.0	-2.3904280909459788e+19	2.3164893543086776e+24
-0.0	4.9795390062747574e+19	2.3204832062116476e+24
-0.0	-2.3935664143712047e+19	2.3175519926458703e+24
-0.0	1.1457306092111864e+19	2.3173956261850006e+24
-0.0	-6.91885301563925e+18	2.31757562569754e+24
-0.0	1.8636814291088394e+18	2.3174164576809151e+24
-0.0	-1.901357711149394e+18	2.3175255388981569e+24
-0.0	4.0428204374265216e+17	2.317440441357023e+24
-0.0	-1.4640213784135654e+17	2.3175035771867134e+24
-0.0	1.4640214776671677e+17	2.3175035771867816e+24
-0.0	-4.042820354537432e+17	2.3174404413570987e+24
-0.0	1.9013577163231114e+18	2.3175255388980323e+24
-0.0	-1.863681418913995e+18	2.3174164576810692e+24
-0.0	6.91885301950505e+18	2.3175756256977105e+24
-0.0	-1.1457306079940717e+19	2.3173956261848304e+24
-0.0	2.3935664148400005e+19	2.31755199264602e+24
-0.0	-4.979539005868372e+19	2.3204832062114353e+24
-0.0	2.3904280921038803e+19	2.3164893543086993e+24
-0.0	2.315513078856285e+19	2.3296128709880813e+24
-0.0	-5.87447539232654e+19	2.299555483040674e+24
-0.0	1.3984299337877902e+20	2.3704423098555812e+24
-0.0	9.428926840684438e+18	2.226192561497412e+24
-0.0	3.143957681477516e+20	2.4029924120081186e+24
-0.0	-1.1215002312790194e+21	2.2022803046129872e+24
-0.0	6.18751250706663e+21	2.458703817234632e+24
-0.0	-2.5737573273866296e+21	2.582654383384398e+24
-0.0	1.0564379370316177e+22	1.9624231291732447e+24
-0.0	1.1284689603632346e+22	6.799663032770383e+24
-0.0	-2.1032791835672534e+22	5.4718160418609635e+19
-0.0	1.917616731786636e+22	-3.3837857023381385e+19
-0.0	-4.7087614769636206e+21	6.415300952790647e+24
-0.0	-1.580242402458514e+22	1.738311243945959e+24
-0.0	4.386108102489784e+21	2.505442195583461e+24
-0.0	-7.138574293181311e+21	2.2878385090663824e+24
-0.0	1.196054866932834e+21	2.1183523523891947e+24
-0.0	-4.355935780412861e+19	2.3009910272395767e+24
-0.0	-1.921533168161838e+20	2.1426196907638667e+24
-0.0	3.7786031451741995e+19	2.277854874382156e+24
-0.0	4.038528575051289e+19	2.2165851446965246e+24
-0.0	6.378502057100197e+18	2.243092539990606e+24
-0.0	-2.3257355272343736e+19	2.2318053109465395e+24
-0.0	6.050257400607171e+19	2.2350742902724172e+24
-0.0	-2.446302389274267e+19	2.2320410878230333e+24
-0.0	1.06932659874355e+19	2.2320559171384858e+24
-0.0	-6.467206882041298e+18	2.2321496335892507e+24
-0.0	1.1546468645429094e+18	2.2320439751985518e+24
-0.0	-1.84005628998309e+18	2.2321194280702652e+24
-0.0	2.7422673840873824e+17	2.2320390861031609e+24
-0.0	-8.152599058369093e+16	2.232096462497355e+24
-0.0	8.152599213865096e+16	2.2320964624973955e+24
-0.0	-2.7422673847570003e+17	2.2320390861032124e+24
-0.0	1.8400562881479265e+18	2.232119428070141e+24
-0.0	-1.1546468618695357e+18	2.2320439751986795e+24
-0.0	6.467206878415702e+18	2.2321496335894e+24
-0.0	-1.069326598398386e+19	2.2320559171383502e+24
-0.0	2.4463023890143846e+19	2.2320410878231235e+24
-0.0	-6.050257400945496e+19	2.235074290272275e+24
-0.0	2.3257355276458226e+19	2.2318053109465835e+24
-0.0	-6.378502055570546e+18	2.2430925399908152e+24
-0.0	-4.038528575006939e+19	2.2165851446965044e+24
-0.0	-3.7786031455242174e+19	2.2778548743820546e+24
-0.0	1.9215331682423865e+20	2.1426196907642318e+24
-0.0	4.35593577902922e+19	2.3009910272392704e+24
-0.0	-1.1960548669275232e+21	2.1183523523883816e+24
-0.0	7.138574293212446e+21	2.287838509067158e+24
-0.0	-4.386108102518658e+21	2.5054421955836884e+24
-0.0	1.58024240246047e+22	1.7383112439460485e+24
-0.0	4.708761476934442e+21	6.41530095278972e+24
-0.0	-1.917616731786193e+22	-3.3837857023210045e+19
-0.0	1.923837307777922e+22	-1.0388756614032677e+19
-0.0	-1.668862692610866e+21	5.188694354755105e+24
-0.0	-1.8864628372465387e+22	1.3928387969731762e+24
-0.0	5.058663725467486e+21	1.957266047639355e+24
-0.0	-7.9291387864407e+21	1.812635766731966e+24
-0.0	1.2613826008622244e+21	1.6768151476187383e+24
-0.0	-8.156317019432665e+19	1.8260990072981687e+24
-0.0	-2.9116799236903463e+20	1.692822940298357e+24
-0.0	6.05969840027837e+19	1.8051247281077807e+24
-0.0	3.989279474940213e+19	1.7530557441439217e+24
-0.0	2.7098977245670638e+19	1.774640985563041e+24
-0.0	-2.1174648226845106e+19	1.7650127004846726e+24
-0.0	6.604228003779311e+19	1.7675342821451393e+24
-0.0	-2.5627073710908457e+19	1.7651459117401788e+24
-0.0	1.0557816219092625e+19	1.7652505067687758e+24
-0.0	-6.847595590401337e+18	1.7653091666075823e+24
-0.0	5.179949150157718e+17	1.7652209850707427e+24
-0.0	-2.102560557470205e+18	1.765285939856374e+24
-0.0	3.440494739058524e+17	1.7652199771567402e+24
-0.0	-1.0686928891049333e+17	1.7652677234450825e+24
-0.0	1.0686929136377616e+17	1.7652677234451214e+24
-0.0	-3.44049471949969e+17	1.7652199771567937e+24
-0.0	2.1025605567324183e+18	1.7652859398563007e+24
-0.0	-5.179949116169393e+17	1.765220985070818e+24
-0.0	6.847595588708525e+18	1.765309166607694e+24
-0.0	-1.0557816214632145e+19	1.7652505067686722e+24
-0.0	2.562707370969484e+19	1.7651459117402596e+24
-0.0	-6.604228003949681e+19	1.7675342821450236e+24
-0.0	2.1174648232052187e+19	1.7650127004847644e+24
-0.0	-2.709897724352936e+19	1.7746409855631996e+24
-0.0	-3.989279474755833e+19	1.7530557441439e+24
-0.0	-6.059698400493545e+19	1.805124728107692e+24
-0.0	2.9116799237884323e+20	1.692822940298636e+24
-0.0	8.156317018097803e+19	1.8260990072980163e+24
-0.0	-1.2613826008556194e+21	1.676815147618133e+24
-0.0	7.929138786474023e+21	1.8126357667325815e+24
-0.0	-5.058663725495017e+21	1.9572660476394952e+24
-0.0	1.8864628372491045e+22	1.3928387969732286e+24
-0.0	1.6688626925863982e+21	5.188694354754505e+24
-0.0	-1.923837307777473e+22	-1.038875661366864e+19
-0.0	2.031586031758139e+22	-1.1826590269128618e+19
-0.0	-4.0095413025811847e+21	4.3667233650345386e+24
-0.0	-1.890063038587111e+22	1.147171694327641e+24
-0.0	4.955778058483711e+21	1.69981703332122e+24
-0.0	-8.209182717881918e+21	1.5566537526921685e+24
-0.0	1.3015959332851603e+21	1.4616678968437184e+24
-0.0	-1.5925895917902427e+20	1.5871990003730715e+24
-0.0	-2.419255691444025e+20	1.4782150463087373e+24
-0.0	2.2761636100691014e+19	1.57213448067538e+24
-0.0	5.9627526260051124e+19	1.5302182285977182e+24
-0.0	2.2869184928578507e+19	1.5481092208767762e+24
-0.0	-2.4399454145120207e+19	1.5402828972388642e+24
-0.0	6.591181971104158e+19	1.5425396724620542e+24
-0.0	-2.5892286250516345e+19	1.5406042184542208e+24
-0.0	1.2399996504033194e+19	1.5406936927600556e+24
-0.0	-6.725494760435851e+18	1.5407441282012357e+24
-0.0	5.94281321441078e+17	1.5406763692349293e+24
-0.0	-2.01666603477262e+18	1.5407321514542683e+24
-0.0	4.5675809252897766e+17	1.540675718744839e+24
-0.0	-1.588668132548705e+17	1.5407126261621116e+24
-0.0	1.5886681444201677e+17	1.5407126261621363e+24
-0.0	-4.567580918251039e+17	1.5406757187448886e+24
-0.0	2.016666032235486e+18	1.5407321514542044e+24
-0.0	-5.942813195694327e+17	1.5406763692350115e+24
-0.0	6.725494757077416e+18	1.540744128201345e+24
-0.0	-1.2399996500845963e+19	1.5406936927599753e+24
-0.0	2.589228624751485e+19	1.5406042184542772e+24
-0.0	-6.591181971443013e+19	1.542539672461963e+24
-0.0	2.4399454149175833e+19	1.5402828972389179e+24
-0.0	-2.2869184927757427e+19	1.5481092208769306e+24
-0.0	-5.96275262595348e+19	1.5302182285977104e+24
-0.0	-2.2761636104894534e+19	1.5721344806753028e+24
-0.0	2.419255691538456e+20	1.4782150463089791e+24
-0.0	1.5925895916344446e+20	1.5871990003729544e+24
-0.0	-1.3015959332796847e+21	1.4616678968432274e+24
-0.0	8.209182717915669e+21	1.5566537526926348e+24
-0.0	-4.955778058515468e+21	1.699817033321316e+24
-0.0	1.890063038589347e+22	1.1471716943276953e+24
-0.0	4.009541302551256e+21	4.366723365034072e+24
-0.0	-2.031586031757723e+22	-1.1826590269221982e+19
-0.0	2.0359086947215444e+22	-5.419551231981583e+18
-0.0	-5.694855356956802e+21	3.329206354955404e+24
-0.0	-1.7325024839643605e+22	8.483009450755711e+23
-0.0	4.473308322113099e+21	1.2945193778144713e+24
-0.0	-7.744966754572863e+21	1.1756520505446416e+24
-0.0	1.2807292156300003e+21	1.1079853266118256e+24
-0.0	-1.820654991769622e+20	1.2030828272172682e+24
-0.0	-1.9356086973747252e+20	1.119322866250309e+24
-0.0	1.678920861219606e+19	1.1913110964299988e+24
-0.0	7.065188109172768e+19	1.1596827107748148e+24
-0.0	1.8875881649936425e+19	1.1730719022361321e+24
-0.0	-1.9003442425982943e+19	1.1670378142589581e+24
-0.0	6.1764852827830256e+19	1.1687630459750613e+24
-0.0	-2.520291561363914e+19	1.1672281390339847e+24
-0.0	1.1705911334011167e+19	1.1672817794755416e+24
-0.0	-7.112007000454557e+18	1.1673148549107546e+24
-0.0	4.649945845846207e+17	1.167268649731956e+24
-0.0	-1.9543284681210112e+18	1.1673120195693138e+24
-0.0	4.762484845387425e+17	1.1672682932640526e+24
-0.0	-1.7452251150622877e+17	1.1672977355866343e+24
-0.0	1.7452251251982378e+17	1.1672977355866413e+24
-0.0	-4.7624848382490624e+17	1.1672682932640947e+24
-0.0	1.9543284653296123e+18	1.1673120195692657e+24
-0.0	-4.649945829806919e+17	1.1672686497320197e+24
-0.0	7.112006997258478e+18	1.1673148549108176e+24
-0.0	-1.1705911330933168e+19	1.1672817794754841e+24
-0.0	2.5202915610421854e+19	1.1672281390340359e+24
-0.0	-6.176485283124977e+19	1.1687630459749984e+24
-0.0	1.9003442429879013e+19	1.1670378142590142e+24
-0.0	-1.887588164899905e+19	1.1730719022362458e+24
-0.0	-7.065188109125264e+19	1.1596827107748095e+24
-0.0	-1.6789208616564361e+19	1.1913110964299422e+24
-0.0	1.9356086974674167e+20	1.1193228662504842e+24
-0.0	1.820654991618295e+20	1.2030828272171653e+24
-0.0	-1.2807292156249272e+21	1.1079853266114621e+24
-0.0	7.744966754605843e+21	1.1756520505449915e+24
-0.0	-4.473308322144217e+21	1.294519377814546e+24
-0.0	1.7325024839664677e+22	8.483009450756122e+23
-0.0	5.694855356927789e+21	3.3292063549550185e+24
-0.0	-2.035908694721173e+22	-5.419551231696042e+18
-0.0	1.9098997048669324e+22	-5.436013149688277e+18
-0.0	-6.815237867304251e+21	2.4277057579588045e+24
-0.0	-1.4850223396345323e+22	5.959615390818912e+23
-0.0	3.8919114881392386e+21	9.605389875505799e+23
-0.0	-6.853001187923892e+21	8.595993800598753e+23
-0.0	1.186602081185312e+21	8.212317494710913e+23
-0.0	-1.8858750258284488e+20	8.880206873961529e+23
-0.0	-1.4348110508772519e+20	8.278867825448193e+23
-0.0	-2.833839769721211e+18	8.796646446748391e+23
-0.0	6.516444920199596e+19	8.569828395451087e+23
-0.0	1.0875707844158323e+19	8.664913862181737e+23
-0.0	-1.7318791555335754e+19	8.622079370267256e+23
-0.0	5.303598662618477e+19	8.635080722886134e+23
-0.0	-2.3083834154521846e+19	8.623877043960478e+23
-0.0	1.0267919632714693e+19	8.624512307749532e+23
-0.0	-6.449765643068327e+18	8.624618090266604e+23
-0.0	5.6817024577041824e+17	8.624319730725393e+23
-0.0	-1.7621511635297037e+18	8.624600056055481e+23
-0.0	4.471078258991437e+17	8.624288909075885e+23
-0.0	-1.946481653178736e+17	8.624500074929524e+23
-0.0	1.946481657038039e+17	8.624500074929639e+23
-0.0	-4.471078259039807e+17	8.624288909076136e+23
-0.0	1.7621511604428982e+18	8.624600056055032e+23
-0.0	-5.681702449309555e+17	8.624319730725834e+23
-0.0	6.449765639496303e+18	8.624618090267287e+23
-0.0	-1.026791963023424e+19	8.624512307749113e+23
-0.0	2.3083834150609584e+19	8.623877043960827e+23
-0.0	-5.303598662999518e+19	8.635080722885793e+23
-0.0	1.7318791558265008e+19	8.622079370267635e+23
-0.0	-1.0875707843994497e+19	8.664913862182712e+23
-0.0	-6.51644492022055e+19	8.569828395451118e+23
-0.0	2.833839764858672e+18	8.796646446748061e+23
-0.0	1.4348110509549424e+20	8.278867825449442e+23
-0.0	1.885875025683105e+20	8.880206873960851e+23
-0.0	-1.1866020811818205e+21	8.212317494708344e+23
-0.0	6.853001187953944e+21	8.595993800601339e+23
-0.0	-3.891911488168663e+21	9.605389875506489e+23
-0.0	1.485022339636263e+22	5.959615390819253e+23
-0.0	6.815237867276355e+21	2.427705757958538e+24
-0.0	-1.909899704866614e+22	-5.436013149771714e+18
-0.0	1.654958199885837e+22	-4.664312238451506e+18
-0.0	-7.189578740903977e+21	1.6081901061810162e+24
-0.0	-1.1770480608665846e+22	3.7334334416455246e+23
-0.0	3.0853208364834965e+21	6.449801444858148e+23
-0.0	-5.626035576570114e+21	5.672980556217212e+23
-0.0	1.008807649929021e+21	5.502631073243356e+23
-0.0	-1.626071798064211e+20	5.928017380049801e+23
-0.0	-9.244561863374227e+19	5.535332416582377e+23
-0.0	-1.488421982565748e+19	5.873178805305008e+23
-0.0	6.003365839388741e+19	5.725891720574158e+23
-0.0	7.361464418523699e+18	5.787536630750196e+23
-0.0	-1.2833798325790927e+19	5.759691941367532e+23
-0.0	4.39816415973248e+19	5.7683030218016246e+23
-0.0	-1.883491793923412e+19	5.760744904111024e+23
-0.0	8.757767800508705e+18	5.761266942243937e+23
-0.0	-5.222861517583029e+18	5.761243161214828e+23
-0.0	5.4879577057966515e+17	5.761076497106143e+23
-0.0	-1.497818045995737e+18	5.761247618219151e+23
-0.0	4.07705750692037e+17	5.7610589336437764e+23
-0.0	-1.9104189913666515e+17	5.761196179245359e+23
-0.0	1.9104189620388445e+17	5.7611961792454416e+23
-0.0	-4.0770575427857043e+17	5.7610589336439596e+23
-0.0	1.4978180401838615e+18	5.761247618219007e+23
-0.0	-5.4879577290153075e+17	5.761076497106448e+23
-0.0	5.22286151126657e+18	5.761243161215222e+23
-0.0	-8.75776780181073e+18	5.761266942243644e+23
-0.0	1.8834917932435624e+19	5.76074490411133e+23
-0.0	-4.398164160386481e+19	5.7683030218013273e+23
-0.0	1.2833798324735638e+19	5.7596919413678214e+23
-0.0	-7.361464421499361e+18	5.78753663075076e+23
-0.0	-6.0033658397238034e+19	5.725891720574185e+23
-0.0	1.4884219818048924e+19	5.873178805304682e+23
-0.0	9.244561863705564e+19	5.535332416583211e+23
-0.0	1.6260717979099752e+20	5.9280173800493045e+23
-0.0	-1.0088076499292383e+21	5.502631073241609e+23
-0.0	5.626035576592236e+21	5.672980556219024e+23
-0.0	-3.0853208365129463e+21	6.44980144485848e+23
-0.0	1.1770480608675967e+22	3.7334334416457286e+23
-0.0	7.189578740874154e+21	1.6081901061808484e+24
-0.0	-1.65495819988558e+22	-4.664312238273427e+18
-0.0	1.3069097628781018e+22	-1.322506324222998e+18
-0.0	-6.923214559474047e+21	9.484510339695769e+23
-0.0	-8.291001266574884e+21	2.0394712732592647e+23
-0.0	2.1816685321412438e+21	3.889903186351798e+23
-0.0	-4.152962232905004e+21	3.341912630565501e+23
-0.0	7.766328534724596e+20	3.308975730761025e+23
-0.0	-1.3542621702685709e+20	3.543967118190736e+23
-0.0	-4.572835984142521e+19	3.3180071999352514e+23
-0.0	-2.273839245560253e+19	3.5127343766906185e+23
-0.0	4.958675756739072e+19	3.428685241384084e+23
-0.0	1.171039156640983e+18	3.4637399583359885e+23
-0.0	-1.0180632287988867e+19	3.4476589130032895e+23
-0.0	3.1665708971519152e+19	3.452832895405962e+23
-0.0	-1.4434967589548886e+19	3.4482025774903474e+23
-0.0	6.450178678197124e+18	3.4486203641324884e+23
-0.0	-4.043648177114586e+18	3.4485588549841787e+23
-0.0	3.724919708295514e+17	3.448476989594847e+23
-0.0	-1.1818080934684708e+18	3.448568239822542e+23
-0.0	3.3909904096956563e+17	3.448469230173877e+23
-0.0	-1.706071297780578e+17	3.448544539794236e+23
-0.0	1.7060713020552624e+17	3.4485445397943196e+23
-0.0	-3.3909904166660416e+17	3.448469230174047e+23
-0.0	1.1818080911687836e+18	3.448568239822287e+23
-0.0	-3.7249197015187674e+17	3.4484769895949516e+23
-0.0	4.04364817491085e+18	3.44855885498439e+23
-0.0	-6.450178676949771e+18	3.448620364132339e+23
-0.0	1.44349675867002e+19	3.4482025774904615e+23
-0.0	-3.1665708974470582e+19	3.452832895405745e+23
-0.0	1.0180632289373546e+19	3.4476589130032546e+23
-0.0	-1.1710391556835901e+18	3.463739958336221e+23
-0.0	-4.9586757567537185e+19	3.4286852413840466e+23
-0.0	2.27383924519503e+19	3.512734376690436e+23
-0.0	4.572835984625371e+19	3.318007199935639e+23
-0.0	1.3542621701821619e+20	3.543967118190509e+23
-0.0	-7.766328534709211e+20	3.3089757307601555e+23
-0.0	4.1529622329242126e+21	3.3419126305664585e+23
-0.0	-2.1816685321601187e+21	3.889903186351935e+23
-0.0	8.291001266585125e+21	2.0394712732593745e+23
-0.0	6.923214559456345e+21	9.484510339694863e+23
-0.0	-1.3069097628779263e+22	-1.3225063241630953e+18
-0.0	9.12431218423909e+21	-1.6763989793447967e+18
-0.0	-5.973562844495073e+21	4.687984711248415e+23
-0.0	-4.889130604022404e+21	8.881776686961701e+22
-0.0	1.2917527980604908e+21	1.979470543512104e+23
-0.0	-2.6356998805397014e+21	1.6448340212883647e+23
-0.0	5.2067287566430234e+20	1.6770399776920973e+23
-0.0	-1.0193138677287612e+20	1.7821778731887486e+23
-0.0	-8.120071987457699e+18	1.6747300965199907e+23
-0.0	-2.7438796245805818e+19	1.767734784570942e+23
-0.0	3.645165871146269e+19	1.7281658770214905e+23
-0.0	-2.78769483200061e+18	1.7445469553411755e+23
-0.0	-6.526405096206248e+18	1.73689541965203e+23
-0.0	1.9482996448697e+19	1.7395118260676876e+23
-0.0	-9.327274503368655e+18	1.7371314679639326e+23
-0.0	4.2683840331308795e+18	1.7374196212557567e+23
-0.0	-2.6388366470530575e+18	1.737350257199737e+23
-0.0	2.7397642422064474e+17	1.7373247654681592e+23
-0.0	-7.953082705497912e+17	1.7373630812275086e+23
-0.0	2.4864256394871523e+17	1.7373214620061015e+23
-0.0	-1.3145521835183352e+17	1.7373557957486478e+23
-0.0	1.3145521875972069e+17	1.7373557957486934e+23
-0.0	-2.4864256497479555e+17	1.7373214620062126e+23
-0.0	7.953082687108142e+17	1.7373630812273553e+23
-0.0	-2.739764232268904e+17	1.737324765468249e+23
-0.0	2.6388366450505303e+18	1.737350257199793e+23
-0.0	-4.268384032301049e+18	1.7374196212556792e+23
-0.0	9.327274501384778e+18	1.7371314679640027e+23
-0.0	-1.948299645102615e+19	1.7395118260675654e+23
-0.0	6.526405097064121e+18	1.7368954196520086e+23
-0.0	2.787694832586841e+18	1.7445469553412987e+23
-0.0	-3.6451658711656583e+19	1.7281658770214928e+23
-0.0	2.7438796243266458e+19	1.7677347845708643e+23
-0.0	8.120071990568977e+18	1.6747300965201853e+23
-0.0	1.0193138676719287e+20	1.7821778731886003e+23
-0.0	-5.2067287566373605e+20	1.6770399776916796e+23
-0.0	2.63569988055255e+21	1.6448340212888573e+23
-0.0	-1.291752798073436e+21	1.979470543512153e+23
-0.0	4.889130604028959e+21	8.881776686962186e+22
-0.0	5.973562844483302e+21	4.687984711247965e+23
-0.0	-9.124312184237874e+21	-1.6763989793196961e+18
-0.0	5.345334597475144e+21	-4.299356051446598e+17
-0.0	-4.4067229410492264e+21	1.76060168976852e+23
-0.0	-2.181586851807731e+21	2.6597922813652062e+22
-0.0	5.758032377329908e+20	7.764493583391344e+22
-0.0	-1.3383667506105418e+21	6.143386167457213e+22
-0.0	2.86617116240722e+20	6.542634177142299e+22
-0.0	-6.521205475670695e+19	6.8757974412224025e+22
-0.0	1.3353849327735839e+19	6.496204408694643e+22
-0.0	-2.5049591952316334e+19	6.826416586277684e+22
-0.0	2.2731785711676772e+19	6.6892741891669415e+22
-0.0	-4.5866114928374323e+18	6.745236331772386e+22
-0.0	-3.384443666920496e+18	6.718131162140379e+22
-0.0	9.429100168820177e+18	6.728415905611449e+22
-0.0	-4.924909494722014e+18	6.718943777608796e+22
-0.0	2.2542989732580703e+18	6.720461398137171e+22
-0.0	-1.43599184149105e+18	6.719975081205991e+22
-0.0	1.5817305890565034e+17	6.719978252460636e+22
-0.0	-4.4557926461125805e+17	6.720076517185288e+22
-0.0	1.564063877768636e+17	6.719963632333431e+22
-0.0	-8.671084531041774e+16	6.7200735363298996e+22
-0.0	8.671084577778792e+16	6.720073536329941e+22
-0.0	-1.564063878363841e+17	6.7199636323337306e+22
-0.0	4.455792639386914e+17	6.720076517184981e+22
-0.0	-1.5817305847872275e+17	6.719978252460792e+22
-0.0	1.4359918408949847e+18	6.719975081206175e+22
-0.0	-2.2542989724839406e+18	6.72046139813697e+22
-0.0	4.924909493870852e+18	6.718943777609066e+22
-0.0	-9.429100169728772e+18	6.72841590561111e+22
-0.0	3.3844436676666363e+18	6.718131162140281e+22
-0.0	4.5866114933808317e+18	6.7452363317728e+22
-0.0	-2.2731785711434658e+19	6.689274189166938e+22
-0.0	2.50495919510638e+19	6.826416586277305e+22
-0.0	-1.3353849325582942e+19	6.496204408695317e+22
-0.0	6.521205475369357e+19	6.875797441222006e+22
-0.0	-2.866171162400243e+20	6.542634177140843e+22
-0.0	1.3383667506181067e+21	6.14338616745894e+22
-0.0	-5.758032377401381e+20	7.764493583391443e+22
-0.0	2.1815868518117037e+21	2.659792281365351e+22
-0.0	4.4067229410426267e+21	1.7606016897683723e+23
-0.0	-5.34533459747448e+21	-4.2993560512291085e+17
-0.0	2.381294303445409e+21	-1.5756695333943267e+17
-0.0	-2.5964669211341735e+21	4.028060397151339e+22
-0.0	-5.2715642324645865e+20	3.4219430613940767e+21
-0.0	1.3695711386977986e+20	1.90486677839016e+22
-0.0	-4.584043717134441e+20	1.3906976565783102e+22
-0.0	1.1426584031997315e+20	1.591253458798161e+22
-0.0	-3.219015030487025e+19	1.6431167406910185e+22
-0.0	1.775430453183812e+19	1.5655345348542535e+22
-0.0	-1.6903631856397386e+19	1.6336773390122288e+22
-0.0	1.0948067698827815e+19	1.6067994144579967e+22
-0.0	-3.9401666798048287e+18	1.617413165303003e+22
-0.0	-1.193869035033764e+18	1.61185910429714e+22
-0.0	2.892027792769583e+18	1.6143933618889964e+22
-0.0	-1.8365036708941005e+18	1.6120073300619582e+22
-0.0	8.460703102972416e+17	1.6125296806640522e+22
-0.0	-5.5818869472459e+17	1.6123313365499242e+22
-0.0	7.000152984945078e+16	1.612371169680923e+22
-0.0	-1.8046055157111376e+17	1.6123777768384818e+22
-0.0	7.789461539628869e+16	1.6123691265176703e+22
-0.0	-4.4815062542260936e+16	1.612386499039653e+22
-0.0	4.4815062725811176e+16	1.612386499039662e+22
-0.0	-7.789461529495978e+16	1.6123691265177523e+22
-0.0	1.8046055129616496e+17	1.6123777768384174e+22
-0.0	-7.000152980876672e+16	1.6123711696809293e+22
-0.0	5.581886944614658e+17	1.6123313365499886e+22
-0.0	-8.460703098883606e+17	1.6125296806639796e+22
-0.0	1.8365036705291587e+18	1.6120073300620406e+22
-0.0	-2.8920277931237217e+18	1.6143933618888712e+22
-0.0	1.1938690354213366e+18	1.6118591042971597e+22
-0.0	3.940166679924246e+18	1.6174131653031607e+22
-0.0	-1.0948067698740716e+19	1.6067994144579858e+22
-0.0	1.6903631855862723e+19	1.6336773390121742e+22
-0.0	-1.77543045308001e+19	1.5655345348544242e+22
-0.0	3.2190150303430685e+19	1.6431167406909933e+22
-0.0	-1.1426584031964206e+20	1.591253458797881e+22
-0.0	4.584043717166855e+20	1.390697656578786e+22
-0.0	-1.369571138730984e+20	1.904866778390148e+22
-0.0	5.2715642324824687e+20	3.421943061394437e+21
-0.0	2.5964669211309475e+21	4.0280603971511e+22
-0.0	-2.381294303445061e+21	-1.575669533376263e+17
-0.0	6.031550168190515e+20	-1.0321850572915894e+16
-0.0	-1.0738966859946514e+21	2.6233783331225023e+21
-0.0	1.302825745625634e+20	-1.8119193018538974e+20
-0.0	-3.74675917429649e+19	1.4439305145616195e+21
-0.0	-3.189243389149774e+19	8.837099147932488e+20
-0.0	1.98726618514494e+19	1.1860081763055858e+21
-0.0	-9.661998662696784e+18	1.181132257946503e+21
-0.0	1.1239341923402353e+19	1.1450572468427103e+21
-0.0	-7.570831343628283e+18	1.178003899304837e+21
-0.0	3.225872970589829e+18	1.1674754191082348e+21
-0.0	-2.0761453783110986e+18	1.1709765628712725e+21
-0.0	-1.1446706046079914e+17	1.1683902651148995e+21
-0.0	-3.900408165651117e+16	1.1703231251762146e+21
-0.0	-2.4576419560283533e+17	1.168419176351931e+21
-0.0	1.2125202922900682e+17	1.1690468661624108e+21
-0.0	-9.071889069008843e+16	1.1687745838312902e+21
-0.0	1.8654593325323384e+16	1.1688622341799464e+21
-0.0	-3.467781081173062e+16	1.1688412648511655e+21
-0.0	2.4038748490045588e+16	1.1688626029956977e+21
-0.0	-1.4529102540450512e+16	1.1688614401195863e+21
-0.0	1.4529102595010694e+16	1.1688614401195694e+21
-0.0	-2.4038748463153596e+16	1.1688626029957452e+21
-0.0	3.4677810739328584e+16	1.1688412648510489e+21
-0.0	-1.865459333768258e+16	1.1688622341799235e+21
-0.0	9.071889062738258e+16	1.1687745838313269e+21
-0.0	-1.2125202914753195e+17	1.1690468661623568e+21
-0.0	2.457641955157546e+17	1.1684191763519637e+21
-0.0	3.900408159060466e+16	1.1703231251760913e+21
-0.0	1.144670605441767e+17	1.1683902651148015e+21
-0.0	2.076145378323848e+18	1.1709765628713674e+21
-0.0	-3.2258729705585987e+18	1.1674754191082646e+21
-0.0	7.570831343481383e+18	1.1780038993047812e+21
-0.0	-1.123934192316743e+19	1.1450572468427689e+21
-0.0	9.661998662396002e+18	1.1811322579465208e+21
-0.0	-1.987266185139551e+19	1.1860081763056896e+21
-0.0	3.1892433892137705e+19	8.837099147935587e+20
-0.0	3.746759174215055e+19	1.443930514561496e+21
-0.0	-1.3028257456220656e+20	-1.811919301853686e+20
-0.0	1.0738966859937026e+21	2.623378333122332e+21
-0.0	-6.031550168189373e+20	-1.0321850567655924e+16
-0.0	-9.598200694162822e+19	-670015883093955.0
-0.0	-1.9045626787271138e+20	8.11910169377461e+19
-0.0	1.8822543154809366e+20	9.536891712967406e+19
-0.0	-5.18174025781636e+19	5.448342331342822e+18
-0.0	7.297736896167451e+19	3.860893119593248e+19
-0.0	-1.1049471478675233e+19	9.630256422653438e+18
-0.0	5.925143909924104e+17	1.793510632233849e+19
-0.0	3.3272542179008184e+18	1.3692086340826726e+19
-0.0	-1.2898821139003564e+18	1.7170405284079847e+19
-0.0	-1.8771062958516656e+17	1.532669482622579e+19
-0.0	-4.822609526941327e+17	1.6177239339599145e+19
-0.0	1.6436716378004218e+17	1.58806807952278e+19
-0.0	-5.871061215890088e+17	1.5873165244930486e+19
-0.0	2.109444927537448e+17	1.589715281408043e+19
-0.0	-9.231962682126949e+16	1.5852858016080206e+19
-0.0	5.397829215857832e+16	1.5876039938056763e+19
-0.0	-2321447716395460.0	1.5865111405037677e+19
-0.0	1.4470624710696862e+16	1.587016203922983e+19
-0.0	-632685824857558.2	1.5864899464784222e+19
-0.0	53014197541000.68	1.586761237817775e+19
-0.0	-53014191920205.93	1.5867612378157156e+19
-0.0	632685814738544.8	1.5864899464774967e+19
-0.0	-1.4470624696446254e+16	1.5870162039248648e+19
-0.0	2321447712349033.0	1.5865111405005533e+19
-0.0	-5.39782921439729e+16	1.5876039938051076e+19
-0.0	9.23196267931012e+16	1.585285801607569e+19
-0.0	-2.1094449272772528e+17	1.58971528140753e+19
-0.0	5.871061216153315e+17	1.5873165244960039e+19
-0.0	-1.6436716378853507e+17	1.5880680795189844e+19
-0.0	4.822609526675679e+17	1.6177239339540087e+19
-0.0	1.8771062958052272e+17	1.5326694826216372e+19
-0.0	1.2898821139196163e+18	1.7170405284088365e+19
-0.0	-3.327254217938944e+18	1.3692086340790317e+19
-0.0	-5.925143909270702e+17	1.7935106322321617e+19
-0.0	1.1049471478662552e+19	9.63025642259652e+18
-0.0	-7.297736896192236e+19	3.8608931195801805e+19
-0.0	5.181740257827432e+19	5.448342331354915e+18
-0.0	-1.8822543154819006e+20	9.5368917129668e+19
-0.0	1.9045626787266612e+20	8.119101693771941e+19
-0.0	9.59820069416536e+19	-670015883449238.8
-0.0	-1.6834381744042253e+20	-1573708485058806.8
-0.0	9.70687886614296e+19	1.298987563754338e+19
-0.0	7.0313292666005045e+19	-5.229455003597166e+19
-0.0	-1.9181260784655348e+19	2.5281266526233862e+19
-0.0	4.377577331780118e+19	-1.497812653703162e+18
-0.0	-9.81603394064327e+18	1.832537134983802e+19
-0.0	2.310755814972496e+18	1.4272507383164994e+19
-0.0	-6.633219935861386e+17	1.5611548684194281e+19
-0.0	8.978891001395379e+17	1.4578283714638782e+19
-0.0	-7.383627530840151e+17	1.5256094602272434e+19
-0.0	1.9319443094068858e+17	1.4919306833109043e+19
-0.0	1.015162172432047e+17	1.5009712811542864e+19
-0.0	-2.6942946044130893e+17	1.5050686018761447e+19
-0.0	1.5045058238402474e+17	1.5003137199620372e+19
-0.0	-6.804407780652155e+16	1.5035724901324966e+19
-0.0	4.426024373944711e+16	1.5019868511581753e+19
-0.0	-4554689271552937.0	1.502659484442625e+19
-0.0	1.4037138546841276e+16	1.5023829860029063e+19
-0.0	-5156841845115995.0	1.5026705794958146e+19
-0.0	2984827612539959.0	1.5025578309174411e+19
-0.0	-2984827618257363.5	1.5025578309162377e+19
-0.0	5156841846365328.0	1.5026705794947797e+19
-0.0	-1.4037138525120282e+16	1.5023829860055775e+19
-0.0	4554689260811308.0	1.5026594844429824e+19
-0.0	-4.4260243726615816e+16	1.5019868511573852e+19
-0.0	6.804407778041469e+16	1.5035724901329283e+19
-0.0	-1.5045058235521382e+17	1.5003137199629124e+19
-0.0	2.6942946047414646e+17	1.5050686018796161e+19
-0.0	-1.0151621725567886e+17	1.5009712811540703e+19
-0.0	-1.931944309712407e+17	1.491930683305372e+19
-0.0	7.383627530761385e+17	1.525609460226326e+19
-0.0	-8.978891001047758e+17	1.45782837146406e+19
-0.0	6.633219935267894e+17	1.5611548684170009e+19
-0.0	-2.3107558148974234e+18	1.4272507383142154e+19
-0.0	9.816033940636346e+18	1.832537134979208e+19
-0.0	-4.37757733180611e+19	-1.4978126538483139e+18
-0.0	1.918126078485466e+19	2.528126652625471e+19
-0.0	-7.031329266610101e+19	-5.229455003598663e+19
-0.0	-9.706878866132522e+19	1.298987563755975e+19
-0.0	1.683438174404229e+20	-1573708485654067.0
-0.0	-6.141590358204289e+19	-2016026904218051.2
-0.0	8.279090010967292e+19	-3.055945496555274e+19
-0.0	-6.508396132950308e+18	2.5248434002770297e+19
-0.0	1.9888216498639086e+18	-2.4648317022466343e+19
-0.0	5.238459308032643e+18	-7.97960712268339e+18
-0.0	-2.3392236073106903e+18	-1.9317512789203747e+19
-0.0	9.833142604288526e+17	-1.7541024277827037e+19
-0.0	-1.0857421707138867e+18	-1.7791614579476302e+19
-0.0	7.266985056215976e+17	-1.7643107987878543e+19
-0.0	-3.0586319395208986e+17	-1.783914303020617e+19
-0.0	2.1008207515949203e+17	-1.7727270451404794e+19
-0.0	9269497513271384.0	-1.7741743132725672e+19
-0.0	1.3817674224933934e+16	-1.777646067226714e+19
-0.0	2.1424893093911452e+16	-1.7739401690152968e+19
-0.0	-9891547149309062.0	-1.7758367869473739e+19
-0.0	8505253167234289.0	-1.7749463877757846e+19
-0.0	-1338265476034583.0	-1.7752993213815886e+19
-0.0	3357795577819572.0	-1.7751719577647548e+19
-0.0	-2280969681038965.0	-1.7753022270837012e+19
-0.0	1435741942523185.2	-1.7752462313116482e+19
-0.0	-1435741944095505.0	-1.7752462313119676e+19
-0.0	2280969682243834.5	-1.7753022270849907e+19
-0.0	-3357795571373498.0	-1.7751719577659775e+19
-0.0	1338265475536141.5	-1.775299321382442e+19
-0.0	-8505253167843722.0	-1.774946387775762e+19
-0.0	9891547140644694.0	-1.775836786947098e+19
-0.0	-2.142489308521423e+16	-1.7739401690150949e+19
-0.0	-1.3817674215995416e+16	-1.777646067226536e+19
-0.0	-9269497513177274.0	-1.7741743132735594e+19
-0.0	-2.10082075171701e+17	-1.7727270451425993e+19
-0.0	3.0586319394880403e+17	-1.7839143030205694e+19
-0.0	-7.266985056097725e+17	-1.7643107987878777e+19
-0.0	1.085742170699639e+18	-1.7791614579478569e+19
-0.0	-9.833142604140922e+17	-1.754102427783004e+19
-0.0	2.3392236073133624e+18	-1.9317512789224882e+19
-0.0	-5.238459308107582e+18	-7.979607122726808e+18
-0.0	-1.9888216497965376e+18	-2.4648317022457102e+19
-0.0	6.508396132926228e+18	2.5248434002769478e+19
-0.0	-8.279090010963665e+19	-3.0559454965551153e+19
-0.0	6.14159035820406e+19	-2016026904373162.8
-0.0	8.267433078359245e+18	-2324755919445583.5
-0.0	1.890201279264742e+19	2.817323551350851e+19
-0.0	-2.0041845492441063e+19	-1.0530935977157347e+19
-0.0	5.704851315303876e+18	1.8660185176599114e+19
-0.0	-7.989100345705872e+18	9.104334476486189e+18
-0.0	1.233246095206046e+18	1.5136837572620528e+19
-0.0	-8.0576917094508e+16	1.4463958530115516e+19
-0.0	-4.001225310462596e+17	1.4337945527519455e+19
-0.0	1.5248671536707216e+17	1.448061940998518e+19
-0.0	3.213134948042777e+16	1.4489002143595608e+19
-0.0	6.510231361444321e+16	1.446996925444553e+19
-0.0	-2.209207983113112e+16	1.4459323687090883e+19
-0.0	8.161662779904181e+16	1.4483486561966572e+19
-0.0	-2.8675813132542604e+16	1.4458875989295823e+19
-0.0	1.335774436547919e+16	1.446919886249902e+19
-0.0	-7008124903136595.0	1.4464534432290478e+19
-0.0	753043046816892.0	1.446624178778322e+19
-0.0	-1833446116657010.0	1.4465578117740163e+19
-0.0	172979754118400.28	1.4466183010646802e+19
-0.0	-58911278355.49955	1.4466094144238273e+19
-0.0	58913215242.36111	1.4466094144235194e+19
-0.0	-172979754336944.06	1.4466183010648529e+19
-0.0	1833446113460450.2	1.4465578117736724e+19
-0.0	-753043042241881.4	1.446624178777916e+19
-0.0	7008124898176907.0	1.4464534432288653e+19
-0.0	-1.335774436263081e+16	1.4469198862499731e+19
-0.0	2.867581312949749e+16	1.4458875989294086e+19
-0.0	-8.161662780417163e+16	1.4483486561964755e+19
-0.0	2.209207983662968e+16	1.4459323687089603e+19
-0.0	-6.510231361253576e+16	1.4469969254450092e+19
-0.0	-3.2131349480863692e+16	1.4489002143593183e+19
-0.0	-1.5248671537055264e+17	1.4480619409983756e+19
-0.0	4.001225310553548e+17	1.4337945527521315e+19
-0.0	8.057691707958962e+16	1.4463958530117329e+19
-0.0	-1.2332460952015483e+18	1.5136837572623458e+19
-0.0	7.989100345728193e+18	9.104334476496042e+18
-0.0	-5.704851315317594e+18	1.8660185176595948e+19
-0.0	2.0041845492453614e+19	-1.0530935977156768e+19
-0.0	-1.8902012792661074e+19	2.817323551350796e+19
-0.0	-8.267433078360211e+18	-2324755919418551.5
-0.0	1.99308598759322e+19	-2619287722474158.0
-0.0	-7.756624404463547e+18	-2.050465713014044e+19
-0.0	-1.098827389337677e+19	3.2899597623759324e+18
-0.0	3.147995335724045e+18	-1.244563266811837e+19
-0.0	-6.373761931162372e+18	-7.350455254118084e+18
-0.0	1.3819213195900447e+18	-1.0328799329216274e+19
-0.0	-3.041710277402308e+17	-1.0142956739937698e+19
-0.0	1.516988123996975e+16	-9.940636966424437e+18
-0.0	-8.42004001958474e+16	-1.013023551708193e+19
-0.0	9.986378475785803e+16	-1.0083053513243296e+19
-0.0	-9072735035926944.0	-1.0095236259084767e+19
-0.0	-1.6877497202939584e+16	-1.008009756723062e+19
-0.0	5.163013102538698e+16	-1.0095014201364793e+19
-0.0	-2.4416957839567892e+16	-1.008042547888124e+19
-0.0	1.171811759135721e+16	-1.008553211394443e+19
-0.0	-6641931286046779.0	-1.0083324771222125e+19
-0.0	1029973000841282.5	-1.0084124473957384e+19
-0.0	-1998358168313052.8	-1.0083988216618789e+19
-0.0	728046147442952.4	-1.008416741837626e+19
-0.0	-353849659141653.5	-1.0084078445115714e+19
-0.0	353849659843109.3	-1.0084078445116383e+19
-0.0	-728046144214531.0	-1.0084167418377155e+19
-0.0	1998358163881809.5	-1.0083988216620476e+19
-0.0	-1029972998370983.6	-1.0084124473956315e+19
-0.0	6641931282462101.0	-1.008332477121704e+19
-0.0	-1.1718117588395976e+16	-1.0085532113945002e+19
-0.0	2.4416957835138884e+16	-1.0080425478882419e+19
-0.0	-5.163013102914606e+16	-1.0095014201367904e+19
-0.0	1.6877497206623246e+16	-1.0080097567228332e+19
-0.0	9072735037838268.0	-1.009523625907539e+19
-0.0	-9.986378475667592e+16	-1.008305351324237e+19
-0.0	8.420040019019107e+16	-1.0130235517080883e+19
-0.0	-1.516988122982226e+16	-9.940636966423771e+18
-0.0	3.041710277274048e+17	-1.0142956739934431e+19
-0.0	-1.38192131958834e+18	-1.032879932920727e+19
-0.0	6.373761931194224e+18	-7.350455254104483e+18
-0.0	-3.1479953357483535e+18	-1.24456326681225e+19
-0.0	1.0988273893390637e+19	3.289959762378816e+18
-0.0	7.756624404446004e+18	-2.050465713014058e+19
-0.0	-1.9930859875932414e+19	-2619287722408847.5
-0.0	1.123153545618058e+19	-2681693627233920.0
-0.0	-8.021065922864359e+18	1.316643133015644e+19
-0.0	-3.489723807963445e+18	-1.9335111548679728e+17
-0.0	1.0186554051885248e+18	7.611343826370711e+18
-0.0	-2.668963059918101e+18	5.0890031172954e+18
-0.0	6.696990544698734e+17	6.434054706921523e+18
-0.0	-1.810144864914801e+17	6.435194535940831e+18
-0.0	7.963697809173811e+16	6.262454875843293e+18
-0.0	-8.00233545074179e+16	6.416906709279578e+18
-0.0	5.899112531321843e+16	6.365938384504285e+18
-0.0	-1.65275133166277e+16	6.383849631603331e+18
-0.0	-6804977369557262.0	6.371390604098513e+18
-0.0	1.944559030262594e+16	6.379830458082967e+18
-0.0	-1.0591814114943364e+16	6.371696161837194e+18
-0.0	5426018077096610.0	6.374118294277481e+18
-0.0	-2902130566982065.5	6.37310528978072e+18
-0.0	668732145098901.2	6.3733519049034e+18
-0.0	-905002448802544.8	6.373179952888912e+18
-0.0	465458214745601.06	6.373249382042888e+18
-0.0	-217951757159855.7	6.373316685269267e+18
-0.0	217951757053746.9	6.373316685271549e+18
-0.0	-465458211433635.6	6.373249382042693e+18
-0.0	905002445769928.5	6.373179952884234e+18
-0.0	-668732144448563.5	6.373351904902252e+18
-0.0	2902130565120538.5	6.373105289781104e+18
-0.0	-5426018076147907.0	6.374118294276946e+18
-0.0	1.059181411249857e+16	6.371696161837304e+18
-0.0	-1.944559030341649e+16	6.379830458078269e+18
-0.0	6804977370969022.0	6.371390604095726e+18
-0.0	1.6527513316860108e+16	6.383849631606866e+18
-0.0	-5.899112531234042e+16	6.365938384505231e+18
-0.0	8.002335450449722e+16	6.416906709280142e+18
-0.0	-7.963697808687256e+16	6.262454875845969e+18
-0.0	1.810144864854346e+17	6.435194535942144e+18
-0.0	-6.696990544692728e+17	6.434054706925483e+18
-0.0	2.668963059934302e+18	5.089003117304906e+18
-0.0	-1.0186554052011319e+18	7.611343826366129e+18
-0.0	3.4897238079704013e+18	-1.9335111548574714e+17
-0.0	8.021065922855725e+18	1.3166431330158195e+19
-0.0	-1.1231535456180507e+19	-2681693627182312.0
-0.0	3.960003237310646e+18	-2320507760501282.5
-0.0	-3.415165292968827e+18	-7.751164937154391e+18
-0.0	-7.038173217515173e+17	-8.454795789583322e+17
-0.0	2.173011759230994e+17	-4.345776902450944e+18
-0.0	-7.544219177011762e+17	-3.201841522449131e+18
-0.0	2.128402978739077e+17	-3.735311083814814e+18
-0.0	-6.41226639578438e+16	-3.7893050882771656e+18
-0.0	4.0838565939176184e+16	-3.668782675181291e+18
-0.0	-3.320017961471632e+16	-3.773720033963917e+18
-0.0	2.1331672605368224e+16	-3.7349385633049006e+18
-0.0	-7429677657259257.0	-3.7498677885355587e+18
-0.0	-1639005220934583.0	-3.741431128638691e+18
-0.0	5249130263502413.0	-3.7459312794979267e+18
-0.0	-2962851360123727.5	-3.741928876027135e+18
-0.0	1850707908588650.8	-3.742861679578753e+18
-0.0	-709798612450581.5	-3.742523146595177e+18
-0.0	365859123823275.6	-3.742678613200952e+18
-0.0	-217013608189128.53	-3.7427865303521674e+18
-0.0	198855055328753.44	-3.7427799972666276e+18
-0.0	-69583946887587.516	-3.7427637713693834e+18
-0.0	69583947261567.88	-3.7427637713683256e+18
-0.0	-198855054705356.88	-3.7427799972669793e+18
-0.0	217013606553950.97	-3.7427865303529974e+18
-0.0	-365859122340135.44	-3.7426786132012943e+18
-0.0	709798611628257.9	-3.7425231465948534e+18
-0.0	-1850707908539573.2	-3.742861679578738e+18
-0.0	2962851359325901.5	-3.7419288760270684e+18
-0.0	-5249130264154401.0	-3.745931279498704e+18
-0.0	1639005221960607.0	-3.7414311286394353e+18
-0.0	7429677657297977.0	-3.7498677885348475e+18
-0.0	-2.1331672605101588e+16	-3.7349385633041823e+18
-0.0	3.320017961370914e+16	-3.773720033963535e+18
-0.0	-4.0838565936884424e+16	-3.668782675181002e+18
-0.0	6.412266395501509e+16	-3.7893050882764273e+18
-0.0	-2.128402978734693e+17	-3.7353110838122614e+18
-0.0	7.544219177067267e+17	-3.2018415224470303e+18
-0.0	-2.1730117592837805e+17	-4.3457769024517755e+18
-0.0	7.038173217547873e+17	-8.454795789581688e+17
-0.0	3.415165292964123e+18	-7.751164937153177e+18
-0.0	-3.9600032373105613e+18	-2320507760487583.5
-0.0	1.0473431469726838e+18	-2016902618305907.8
-0.0	-9.396015665979155e+17	4.232892559573921e+18
-0.0	-7.375338225460096e+16	9.669751762788036e+17
-0.0	3.1625924542623692e+16	2.3190851364527606e+18
-0.0	-1.5332991642975792e+17	1.8615702452144164e+18
-0.0	4.910443776839183e+16	2.0265310926929362e+18
-0.0	-1.5454430705129038e+16	2.0820844694161016e+18
-0.0	1.2659455607090626e+16	2.0074584481885486e+18
-0.0	-8563314169937029.0	2.071312704919625e+18
-0.0	5734374244606779.0	2.0458501450753208e+18
-0.0	-1757869645458872.5	2.056010801171921e+18
-0.0	-21557634911095.527	2.0508136066744922e+18
-0.0	1232668906907519.8	2.0529091039703718e+18
-0.0	-453064659987581.56	2.050891404036682e+18
-0.0	613912141200838.0	2.0512654196541678e+18
-0.0	19471437453839.04	2.0511165723989563e+18
-0.0	217905819898528.44	2.0510491253538542e+18
-0.0	15396111416360.93	2.050945539804868e+18
-0.0	80276699833769.53	2.0509153589056315e+18
-0.0	-6645425198673.854	2.0509586903767255e+18
-0.0	6645425657454.949	2.0509586903764255e+18
-0.0	-80276700085516.89	2.050915358905855e+18
-0.0	-15396112189368.031	2.0509455398052818e+18
-0.0	-217905818723977.5	2.0510491253538793e+18
-0.0	-19471437733790.676	2.0511165723989158e+18
-0.0	-613912141494860.8	2.0512654196538652e+18
-0.0	453064659859197.94	2.0508914040363779e+18
-0.0	-1232668907170156.0	2.0529091039702065e+18
-0.0	21557635331873.688	2.0508136066746222e+18
-0.0	1757869645294770.8	2.0560108011720568e+18
-0.0	-5734374244541728.0	2.0458501450756244e+18
-0.0	8563314169585679.0	2.0713127049196977e+18
-0.0	-1.2659455606182464e+16	2.0074584481881344e+18
-0.0	1.5454430704007166e+16	2.0820844694160873e+18
-0.0	-4.910443776816979e+16	2.0265310926936876e+18
-0.0	1.5332991643120544e+17	1.8615702452151703e+18
-0.0	-3.16259245444827e+16	2.319085136452379e+18
-0.0	7.375338225577072e+16	9.669751762791151e+17
-0.0	9.396015665958418e+17	4.232892559573402e+18
-0.0	-1.047343146972634e+18	-2016902618302613.5
-0.0	2.6038212953387302e+17	-1223894202909105.2
-0.0	-1.807640942697027e+17	-2.1524070658422147e+18
-0.0	8906758076936047.0	-7.758808062619475e+17
-0.0	4967766638391021.0	-1.1563332264689016e+18
-0.0	-2.2157784499791264e+16	-1.0115703305626968e+18
-0.0	9010330241611964.0	-1.0287402727757098e+18
-0.0	-2335499524392065.5	-1.0703615794019268e+18
-0.0	3141479637188977.0	-1.0277590457898665e+18
-0.0	-1157414037048976.0	-1.0635525896119388e+18
-0.0	1487043885486887.8	-1.0486310893416607e+18
-0.0	27658592844103.79	-1.0548542753612899e+18
-0.0	298456224277248.5	-1.0520583053689751e+18
-0.0	397548575090914.6	-1.0531115008580524e+18
-0.0	93833764357800.89	-1.0523996823088424e+18
-0.0	288358723149693.0	-1.0524244802185795e+18
-0.0	160022450803388.1	-1.052468109273414e+18
-0.0	149264259867756.03	-1.052536016264774e+18
-0.0	56771928124992.375	-1.0526595508779606e+18
-0.0	40632709999237.8	-1.0526678927919951e+18
-0.0	8448708333335.015	-1.0526675079768641e+18
-0.0	-8448708060791.832	-1.0526675079769555e+18
-0.0	-40632710239278.6	-1.0526678927922203e+18
-0.0	-56771928411146.86	-1.052659550877781e+18
-0.0	-149264259311400.0	-1.0525360162647377e+18
-0.0	-160022450930214.56	-1.0524681092734666e+18
-0.0	-288358723343520.7	-1.0524244802186085e+18
-0.0	-93833764391063.02	-1.0523996823089027e+18
-0.0	-397548575119013.75	-1.0531115008578399e+18
-0.0	-298456224195522.6	-1.0520583053685544e+18
-0.0	-27658592917396.773	-1.0548542753611415e+18
-0.0	-1487043885448821.0	-1.0486310893417128e+18
-0.0	1157414036989061.2	-1.0635525896116983e+18
-0.0	-3141479636991831.0	-1.0277590457900174e+18
-0.0	2335499524172746.0	-1.0703615794017426e+18
-0.0	-9010330241595330.0	-1.0287402727753262e+18
-0.0	2.2157784500024332e+16	-1.0115703305630642e+18
-0.0	-4967766638725411.0	-1.1563332264689966e+18
-0.0	-8906758076637134.0	-7.758808062619432e+17
-0.0	1.80764094269161e+17	-2.1524070658419052e+18
-0.0	-2.6038212953383808e+17	-1223894202909461.0
-0.0	9.558782725504242e+16	-697126102900460.9
-0.0	-2.031178955539181e+16	1.004268855149194e+18
-0.0	9475178357341864.0	5.2479077241169363e+17
-0.0	3089783947905657.5	5.259175904631278e+17
-0.0	-1436189402617287.2	5.0763359270296806e+17
-0.0	1802080896287584.2	4.782077864042068e+17
-0.0	156161478941306.06	5.052566320546638e+17
-0.0	998875606795587.8	4.828179186244204e+17
-0.0	326184448195860.2	5.013999540372663e+17
-0.0	612941525030989.1	4.9311371631139245e+17
-0.0	355115060974955.6	4.96538830090774e+17
-0.0	301636682728751.3	4.9498248940466e+17
-0.0	232493767295664.97	4.9525983068685715e+17
-0.0	150709117482713.66	4.948832915527004e+17
-0.0	194720752155385.8	4.9490627698983706e+17
-0.0	149611168614934.62	4.9487809405847674e+17
-0.0	107140298553111.64	4.947794658177547e+17
-0.0	48575371070766.74	4.9469349238112966e+17
-0.0	25124402442460.008	4.9465206033159315e+17
-0.0	8684752447251.62	4.94660941259808e+17
-0.0	-8684752273554.401	4.9466094125965606e+17
-0.0	-25124402573436.49	4.9465206033150016e+17
-0.0	-48575371250202.016	4.946934923814566e+17
-0.0	-107140298251491.75	4.9477946581770464e+17
-0.0	-149611168642151.38	4.948780940582922e+17
-0.0	-194720752319948.72	4.94906276989782e+17
-0.0	-150709117460551.8	4.948832915527551e+17
-0.0	-232493767309482.88	4.952598306868171e+17
-0.0	-301636682727759.06	4.94982489404921e+17
-0.0	-355115061005364.44	4.9653883009081197e+17
-0.0	-612941525029401.0	4.9311371631148154e+17
-0.0	-326184448223694.6	5.01399954037358e+17
-0.0	-998875606727263.5	4.8281791862442784e+17
-0.0	-156161478915861.78	5.0525663205457766e+17
-0.0	-1802080896324818.0	4.7820778640405504e+17
-0.0	1436189402607529.2	5.07633592703123e+17
-0.0	-3089783947942223.0	5.259175904633718e+17
-0.0	-9475178357227644.0	5.2479077241175834e+17
-0.0	2.0311789555323576e+16	1.0042688551490972e+18
-0.0	-9.55878272550214e+16	-697126102899997.4
-0.0	6.050532712914645e+16	257366476022807.78
-0.0	3763127858018928.0	-4.1847605374532954e+17
-0.0	6116964018078590.0	-3.190070476190854e+17
-0.0	2952052419752428.5	-2.0993433773884074e+17
-0.0	931770122090679.1	-2.321679249157974e+17
-0.0	752155240615523.4	-1.9710788271736925e+17
-0.0	453203235545732.7	-2.1302981934941088e+17
-0.0	588089091785466.5	-2.0193023552626803e+17
-0.0	479271495154314.5	-2.1086482337317005e+17
-0.0	423202901611859.6	-2.068540204649965e+17
-0.0	346767288104820.06	-2.0866820521090554e+17
-0.0	250483442786256.8	-2.0805364789756845e+17
-0.0	170496496924389.6	-2.0826762039440154e+17
-0.0	123253142850246.52	-2.082721679607183e+17
-0.0	145396706995361.22	-2.081873378336137e+17
-0.0	114243204354761.97	-2.0826290660491085e+17
-0.0	74591818670556.19	-2.083232567004183e+17
-0.0	33087353497223.996	-2.084072854030776e+17
-0.0	15353695909341.56	-2.084286719343392e+17
-0.0	5824404408842.895	-2.084356872536593e+17
-0.0	-5824404334906.812	-2.0843568725373802e+17
-0.0	-15353695950165.852	-2.084286719344211e+17
-0.0	-33087353615844.47	-2.0840728540305904e+17
-0.0	-74591818495295.75	-2.0832325670042986e+17
-0.0	-114243204365093.05	-2.082629066050501e+17
-0.0	-145396707073706.94	-2.0818733783364435e+17
-0.0	-123253142837442.9	-2.082721679607535e+17
-0.0	-170496496936517.25	-2.0826762039434733e+17
-0.0	-250483442779046.47	-2.0805364789752646e+17
-0.0	-346767288112086.0	-2.086682052109255e+17
-0.0	-423202901607739.8	-2.068540204649503e+17
-0.0	-479271495164129.4	-2.1086482337307366e+17
-0.0	-588089091756261.4	-2.0193023552632243e+17
-0.0	-453203235556168.06	-2.1302981934940832e+17
-0.0	-752155240623107.0	-1.971078827172509e+17
-0.0	-931770122095935.0	-2.3216792491594586e+17
-0.0	-2952052419788049.5	-2.0993433773879632e+17
-0.0	-6116964018033808.0	-3.1900704761913734e+17
-0.0	-3763127858100092.5	-4.184760537452872e+17
-0.0	-6.0505327129132696e+16	257366476023033.47
-0.0	4.711454699172842e+16	960038763722355.6
-0.0	5445452499978564.0	1.4282219363665506e+17
-0.0	4567397158748851.0	1.7694385375307456e+17
-0.0	2644125715690737.0	6.445513666751073e+16
-0.0	1083753614367234.5	9.250699982755112e+16
-0.0	571485394823015.8	6.4731165759650584e+16
-0.0	437245815645399.56	7.339553728130893e+16
-0.0	478168529790703.06	6.85169129211979e+16
-0.0	441931366218925.7	7.23945555269854e+16
-0.0	359414199440036.7	7.036662977054893e+16
-0.0	301913835959103.3	7.1169164448732264e+16
-0.0	202401958852418.72	7.0764732428670456e+16
-0.0	123533357711602.03	7.0668720261660136e+16
-0.0	87893518047237.6	7.061764633412247e+16
-0.0	103999909131560.72	7.062232579210823e+16
-0.0	78234498567956.88	7.059288336415999e+16
-0.0	48220575481737.67	7.052679538387594e+16
-0.0	19684159459354.84	7.04744974794374e+16
-0.0	8170665982758.189	7.044923450660287e+16
-0.0	2996127760209.3306	7.044560180460661e+16
-0.0	-2996127735578.25	7.044560180462288e+16
-0.0	-8170665987598.666	7.044923450656999e+16
-0.0	-19684159523261.496	7.047449747935433e+16
-0.0	-48220575392348.97	7.052679538389798e+16
-0.0	-78234498582177.03	7.059288336411708e+16
-0.0	-103999909155997.16	7.0622325792114424e+16
-0.0	-87893518046698.81	7.061764633413239e+16
-0.0	-123533357728737.7	7.06687202616419e+16
-0.0	-202401958835379.5	7.076473242868499e+16
-0.0	-301913835958993.4	7.116916444875153e+16
-0.0	-359414199447591.8	7.036662977057144e+16
-0.0	-441931366220892.06	7.239455552699146e+16
-0.0	-478168529777685.06	6.851691292119737e+16
-0.0	-437245815656108.1	7.339553728128907e+16
-0.0	-571485394821178.1	6.47311657596353e+16
-0.0	-1083753614367957.4	9.250699982757362e+16
-0.0	-2644125715707823.5	6.4455136667544264e+16
-0.0	-4567397158749242.0	1.769438537530952e+17
-0.0	-5445452500004317.0	1.428221936366706e+17
-0.0	-4.7114546991719544e+16	960038763723033.0
-0.0	3.789559168209643e+16	1894780951612326.2
-0.0	4632706078760011.0	-2.412586576702867e+16
-0.0	3767323976744133.0	-8.652160092481238e+16
-0.0	2304079183483465.0	-2298909774480194.5
-0.0	1028753297964910.1	-2.478406375292208e+16
-0.0	497320237043847.1	-6539516037127725.0
-0.0	385775189782300.0	-1.0940561633691212e+16
-0.0	417443056258147.0	-8923003297474771.0
-0.0	385705412409245.9	-1.0404116917582184e+16
-0.0	306174838718836.2	-9725332508084436.0
-0.0	253441747303933.25	-1.0130267035444644e+16
-0.0	159425586956982.97	-1.0135704422466092e+16
-0.0	86181287056107.98	-1.0234185291955142e+16
-0.0	58602347764944.336	-1.030800322069146e+16
-0.0	69241936638262.07	-1.0257572931295908e+16
-0.0	48628798588595.58	-1.0308958776269294e+16
-0.0	27722457924188.133	-1.034631565547233e+16
-0.0	9940760819459.268	-1.038380364309808e+16
-0.0	3425262237764.0015	-1.039521798170631e+16
-0.0	1092050378770.1151	-1.0399727995574802e+16
-0.0	-1092050367308.397	-1.0399727995575676e+16
-0.0	-3425262250344.2046	-1.0395217981735368e+16
-0.0	-9940760834689.494	-1.0383803643095156e+16
-0.0	-27722457890899.332	-1.034631565548075e+16
-0.0	-48628798606904.59	-1.0308958776304788e+16
-0.0	-69241936636643.28	-1.0257572931304218e+16
-0.0	-58602347762258.41	-1.030800322069814e+16
-0.0	-86181287071891.06	-1.0234185291956026e+16
-0.0	-159425586940950.84	-1.0135704422458686e+16
-0.0	-253441747305528.94	-1.0130267035425706e+16
-0.0	-306174838717880.25	-9725332508086404.0
-0.0	-385705412409713.8	-1.0404116917577272e+16
-0.0	-417443056243671.06	-8923003297484090.0
-0.0	-385775189795232.75	-1.0940561633698834e+16
-0.0	-497320237043178.0	-6539516037112403.0
-0.0	-1028753297965121.6	-2.4784063752939764e+16
-0.0	-2304079183504840.5	-2298909774481036.5
-0.0	-3767323976728938.5	-8.65216009248178e+16
-0.0	-4632706078789309.0	-2.412586576703216e+16
-0.0	-3.789559168209069e+16	1894780951612682.8
-0.0	3.049189734975241e+16	2580718038462437.0
-0.0	3856793033685381.0	-1.313640042148092e+16
-0.0	3185561263087665.0	4.0841266743474536e+16
-0.0	2002244698156260.2	-1.3261372206519514e+16
-0.0	942209181640950.1	1627345408626871.0
-0.0	436786417466166.5	-9540634995061628.0
-0.0	327347476107249.4	-7581202109203213.0
-0.0	351779975578508.06	-8125227331743974.0
-0.0	324101756934062.2	-7730071502719592.0
-0.0	255147728816178.72	-8115868937115528.0
-0.0	207712314157038.75	-8028385723058008.0
-0.0	122074056005235.61	-8184448730767080.0
-0.0	56968050952542.15	-8322386733641071.0
-0.0	35406421515169.68	-8337253229649408.0
-0.0	40458727172601.67	-8335187901943654.0
-0.0	26489255920723.688	-8357662048459067.0
-0.0	13333372890353.775	-8387172495536034.0
-0.0	3998001855977.6704	-8405395460722422.0
-0.0	921170112629.1871	-8412107018085964.0
-0.0	145934570825.16037	-8413924770795447.0
-0.0	-145934568730.07562	-8413924770799255.0
-0.0	-921170115990.8682	-8412107018101129.0
-0.0	-3998001858252.411	-8405395460714822.0
-0.0	-13333372884860.51	-8387172495542143.0
-0.0	-26489255936372.22	-8357662048471985.0
-0.0	-40458727159343.516	-8335187901954021.0
-0.0	-35406421512370.85	-8337253229649033.0
-0.0	-56968050966599.164	-8322386733636129.0
-0.0	-122074055993779.52	-8184448730770011.0
-0.0	-207712314157705.6	-8028385723055677.0
-0.0	-255147728813814.84	-8115868937117256.0
-0.0	-324101756933663.06	-7730071502728855.0
-0.0	-351779975565064.1	-8125227331744812.0
-0.0	-327347476116283.44	-7581202109206178.0
-0.0	-436786417469582.2	-9540634995061548.0
-0.0	-942209181645702.5	1627345408623154.0
-0.0	-2002244698168514.8	-1.3261372206511698e+16
-0.0	-3185561263073534.0	4.084126674347164e+16
-0.0	-3856793033695420.0	-1.313640042148399e+16
-0.0	-3.0491897349747496e+16	2580718038462604.0
-0.0	2.4487831192998116e+16	3417712653311389.5
-0.0	3225019336585257.5	2.6163603658223464e+16
-0.0	2664283039827442.5	-1.0711728851905548e+16
-0.0	1712065959896562.0	2.0596173951935092e+16
-0.0	821909517028489.4	1.1465330126979332e+16
-0.0	355109592038520.0	1.7257437450530484e+16
-0.0	255618426167442.8	1.6372288867165342e+16
-0.0	280356549946097.56	1.6509391909715282e+16
-0.0	260151995053976.38	1.648689805608131e+16
-0.0	204388721299877.7	1.6455468675279552e+16
-0.0	162809027948639.53	1.637268333086334e+16
-0.0	87490513559993.19	1.6242273832777196e+16
-0.0	37601170928118.34	1.6160673575111196e+16
-0.0	20378497686478.332	1.6111127263445006e+16
-0.0	20717683247678.93	1.6121905361666408e+16
-0.0	11826155941322.09	1.6099791059331948e+16
-0.0	4872320297804.359	1.6085995377795212e+16
-0.0	1023243426455.1248	1.6077752382350512e+16
-0.0	-19392195229.104946	1.6075699271029994e+16
-0.0	-135322952238.69072	1.6075588936994556e+16
-0.0	135322947597.08458	1.607558893699184e+16
-0.0	19392198900.280277	1.6075699271033042e+16
-0.0	-1023243422034.3157	1.6077752382352156e+16
-0.0	-4872320304865.995	1.6085995377792638e+16
-0.0	-11826155950226.77	1.6099791059327952e+16
-0.0	-20717683234695.03	1.6121905361665804e+16
-0.0	-20378497687033.273	1.611112726345156e+16
-0.0	-37601170936616.79	1.616067357511615e+16
-0.0	-87490513550103.16	1.6242273832781318e+16
-0.0	-162809027949079.75	1.6372683330865934e+16
-0.0	-204388721301327.9	1.645546867528023e+16
-0.0	-260151995051779.16	1.6486898056077646e+16
-0.0	-280356549939571.0	1.6509391909711516e+16
-0.0	-255618426177505.12	1.6372288867167368e+16
-0.0	-355109592037053.6	1.7257437450531234e+16
-0.0	-821909517026980.9	1.1465330126975958e+16
-0.0	-1712065959905800.8	2.0596173951931492e+16
-0.0	-2664283039814754.0	-1.0711728851908108e+16
-0.0	-3225019336597274.0	2.6163603658219456e+16
-0.0	-2.4487831192994116e+16	3417712653311630.0
-0.0	1.9574933883226824e+16	3990665829583619.0
-0.0	2705564764157920.5	-1.6671299609116198e+16
-0.0	2220938496347001.2	5799037026685634.0
-0.0	1455815812581572.8	-1.0751488894917728e+16
-0.0	704261502982379.4	-6001747199454815.0
-0.0	295726350716161.2	-9260430338827846.0
-0.0	215271562708625.6	-9029066879005576.0
-0.0	228517874050935.72	-8876508283150491.0
-0.0	202753877536998.0	-8989920708085104.0
-0.0	160380407767971.72	-9053118950747590.0
-0.0	124233045119186.16	-9105933873662800.0
-0.0	60519537180782.56	-9223406355305022.0
-0.0	23811643722456.34	-9313675834640592.0
-0.0	9832712439751.89	-9332649927493942.0
-0.0	8682738881126.167	-9337240811824060.0
-0.0	3934221355960.494	-9346576914373356.0
-0.0	922979560836.1951	-9353538694905352.0
-0.0	-41820644839.67903	-9355642635097468.0
-0.0	-173356949701.76764	-9355751150912378.0
-0.0	-92738872192.79166	-9355750595640204.0
-0.0	92738868017.7601	-9355750595637480.0
-0.0	173356953879.5913	-9355751150913424.0
-0.0	41820648504.81071	-9355642635096488.0
-0.0	-922979568506.7695	-9353538694905280.0
-0.0	-3934221362353.9424	-9346576914363718.0
-0.0	-8682738871000.267	-9337240811820210.0
-0.0	-9832712439759.299	-9332649927490882.0
-0.0	-23811643728957.4	-9313675834637214.0
-0.0	-60519537173728.42	-9223406355302832.0
-0.0	-124233045119529.7	-9105933873663456.0
-0.0	-160380407768285.06	-9053118950747612.0
-0.0	-202753877536015.84	-8989920708087666.0
-0.0	-228517874045262.97	-8876508283153905.0
-0.0	-215271562715694.72	-9029066879008698.0
-0.0	-295726350714616.44	-9260430338819426.0
-0.0	-704261502981809.0	-6001747199456944.0
-0.0	-1455815812588970.5	-1.0751488894914244e+16
-0.0	-2220938496337230.8	5799037026688207.0
-0.0	-2705564764167353.5	-1.6671299609118034e+16
-0.0	-1.957493388322385e+16	3990665829583980.0
-0.0	1.5580164342645352e+16	4537318788588531.0
-0.0	2277679321698984.0	1.7885583000648664e+16
-0.0	1840441975149685.5	5773812229015363.0
-0.0	1223400408804888.0	1.377576128067159e+16
-0.0	608793758809368.4	1.1058153657517834e+16
-0.0	247099911169204.4	1.2203817505105102e+16
-0.0	172442328559146.47	1.2079245671995576e+16
-0.0	178262464692697.06	1.201140817098723e+16
-0.0	149263139504388.16	1.2072501699816586e+16
-0.0	117953129591055.77	1.1981687230575906e+16
-0.0	86045233711567.14	1.1937001536459678e+16
-0.0	40119902785727.88	1.1829222000366948e+16
-0.0	14087078765896.064	1.1774522059857642e+16
-0.0	4899940049172.956	1.1748575584828118e+16
-0.0	2839384919628.1895	1.1745570672254272e+16
-0.0	600310291106.9069	1.1740127409973174e+16
-0.0	-248050737194.9296	1.1738146928217906e+16
-0.0	-193993552297.4801	1.1738032228516634e+16
-0.0	-62972814294.21635	1.1738034175704426e+16
-0.0	-10735200507.745668	1.1738035726137924e+16
-0.0	10735198010.305126	1.1738035726141206e+16
-0.0	62972816840.19188	1.1738034175705202e+16
-0.0	193993554752.6554	1.1738032228516444e+16
-0.0	248050732758.27054	1.1738146928217758e+16
-0.0	-600310294448.0707	1.174012740998169e+16
-0.0	-2839384914266.0156	1.1745570672258668e+16
-0.0	-4899940049369.6045	1.174857558482873e+16
-0.0	-14087078769131.037	1.177452205986065e+16
-0.0	-40119902782061.61	1.1829222000370302e+16
-0.0	-86045233711871.77	1.1937001536460836e+16
-0.0	-117953129591474.61	1.1981687230576406e+16
-0.0	-149263139503847.47	1.2072501699815882e+16
-0.0	-178262464689764.22	1.2011408170984718e+16
-0.0	-172442328562723.56	1.2079245671992244e+16
-0.0	-247099911168470.84	1.220381750510272e+16
-0.0	-608793758809148.9	1.1058153657518604e+16
-0.0	-1223400408808809.8	1.377576128067426e+16
-0.0	-1840441975145237.5	5773812229015227.0
-0.0	-2277679321703854.5	1.7885583000644324e+16
-0.0	-1.5580164342643148e+16	4537318788588770.0
-0.0	1.262758119082169e+16	4949456022768428.0
-0.0	1899798519905234.2	-4717327921376072.0
-0.0	1490951866846543.8	1572173570195103.0
-0.0	1022103619354463.0	-1978664477833488.8
-0.0	504900859607673.7	-1034400195840231.6
-0.0	193353137019792.22	-1854410694654987.0
-0.0	128232403695339.12	-1944617435895792.0
-0.0	127717191028212.67	-1830698331908633.5
-0.0	110211029716055.34	-1914951108004065.0
-0.0	85604536072172.39	-1939882210354791.8
-0.0	55935418289112.83	-2009969187989364.0
-0.0	23512459620372.65	-2081720565082884.5
-0.0	8202648772754.991	-2122934537039477.8
-0.0	2002441268752.2021	-2135328895572006.0
-0.0	525599366948.8464	-2138868094321371.5
-0.0	-198458529049.71225	-2140694507350594.2
-0.0	-222771394848.42624	-2140801401157826.8
-0.0	-47886306457.77934	-2140791583783267.5
-0.0	25092337703.330425	-2140789314971415.8
-0.0	20453820640.410744	-2140786516497826.5
-0.0	-20453821454.58428	-2140786516497228.5
-0.0	-25092337035.23408	-2140789314970822.0
-0.0	47886307119.74064	-2140791583783642.8
-0.0	222771394297.64935	-2140801401159090.2
-0.0	198458527591.37567	-2140694507346322.5
-0.0	-525599365151.4227	-2138868094320041.2
-0.0	-2002441269007.9167	-2135328895571765.2
-0.0	-8202648774540.163	-2122934537036187.2
-0.0	-23512459618186.26	-2081720565081523.0
-0.0	-55935418289435.38	-2009969187988652.0
-0.0	-85604536073115.92	-1939882210354948.0
-0.0	-110211029715491.03	-1914951108004611.2
-0.0	-127717191026881.58	-1830698331909696.2
-0.0	-128232403697841.58	-1944617435897681.0
-0.0	-193353137018766.47	-1854410694652719.5
-0.0	-504900859606982.44	-1034400195843517.2
-0.0	-1022103619356744.8	-1978664477832710.2
-0.0	-1490951866843445.5	1572173570194683.8
-0.0	-1899798519908480.0	-4717327921378016.0
-0.0	-1.2627581190820114e+16	4949456022768618.0
-0.0	1.0738322068238724e+16	5306925040751049.0
-0.0	1570262861733673.0	9402282798033926.0
-0.0	1224227122294733.5	6492816423676673.0
-0.0	851093987434380.4	7849371470590117.0
-0.0	423205040989917.56	7176599168677263.0
-0.0	155715243613007.78	7132307090339092.0
-0.0	98644866146814.83	7077216315047462.0
-0.0	88664145208643.44	7030349848493339.0
-0.0	75838563317589.73	7054680143593035.0
-0.0	52341966804759.94	6988010485016134.0
-0.0	30428570629636.035	6947363960216514.0
-0.0	11161848153571.53	6895028682324893.0
-0.0	3783286042302.2676	6877713697760546.0
-0.0	622260868924.2988	6869177037424255.0
-0.0	-58850548646.05495	6867498857212908.0
-0.0	-135461600085.05115	6867399454875579.0
-0.0	-16186914068.706882	6867417982373081.0
-0.0	46904684886.148735	6867422940095374.0
-0.0	43986086164.42913	6867426881553369.0
-0.0	17649825950.98682	6867430533654045.0
-0.0	-17649825879.76239	6867430533655088.0
-0.0	-43986086299.37142	6867426881553835.0
-0.0	-46904684892.848854	6867422940093986.0
-0.0	16186914597.699446	6867417982372425.0
-0.0	135461599598.30093	6867399454877016.0
-0.0	58850548964.062965	6867498857213753.0
-0.0	-622260869098.1382	6869177037424160.0
-0.0	-3783286042733.3203	6877713697760944.0
-0.0	-11161848152740.555	6895028682324852.0
-0.0	-30428570629767.625	6947363960216310.0
-0.0	-52341966804955.37	6988010485015873.0
-0.0	-75838563317329.34	7054680143592119.0
-0.0	-88664145208256.81	7030349848493767.0
-0.0	-98644866147866.27	7077216315046005.0
-0.0	-155715243612396.44	7132307090339380.0
-0.0	-423205040989514.25	7176599168677323.0
-0.0	-851093987435393.9	7849371470589891.0
-0.0	-1224227122294387.2	6492816423676554.0
-0.0	-1570262861734993.2	9402282798032594.0
-0.0	-1.073832206823751e+16	5306925040751111.0
-0.0	8999867872644427.0	5464055156498936.0
-0.0	1269519020163732.5	1698044026305621.8
-0.0	965769883625155.8	2778213292948457.0
-0.0	719385550144505.9	2532561380465673.5
-0.0	330159666885793.25	2448499044917936.5
-0.0	115300562570157.08	2161028230647742.5
-0.0	62813188949056.28	2046550137735833.0
-0.0	59533521434988.484	2094660790060007.5
-0.0	43635679866304.836	2044384088012447.8
-0.0	26894875915022.23	2015869354204125.0
-0.0	13838651654819.676	1980131425822975.0
-0.0	4619664346823.909	1957334875206297.2
-0.0	1116620847602.8772	1947441432457581.5
-0.0	63194348212.529236	1944736930430244.8
-0.0	-78086631154.95204	1944603043855199.2
-0.0	3832793163.2279787	1944623852178801.0
-0.0	58476484468.35051	1944638146378365.5
-0.0	43504337729.407104	1944641422824113.2
-0.0	21275667926.9889	1944645164803605.5
-0.0	6448486240.678096	1944647267372870.2
-0.0	-6448486058.4119215	1944647267372707.2
-0.0	-21275668349.66154	1944645164803920.8
-0.0	-43504338021.24883	1944641422823877.5
-0.0	-58476483918.885956	1944638146378262.8
-0.0	-3832793456.2172384	1944623852179167.8
-0.0	78086630956.76546	1944603043855703.8
-0.0	-63194348381.52931	1944736930430529.8
-0.0	-1116620847885.6646	1947441432457860.8
-0.0	-4619664346570.523	1957334875206546.0
-0.0	-13838651655024.994	1980131425822925.8
-0.0	-26894875915183.043	2015869354204002.2
-0.0	-43635679866322.29	2044384088012346.0
-0.0	-59533521434859.06	2094660790059613.0
-0.0	-62813188949726.34	2046550137735301.2
-0.0	-115300562569833.47	2161028230648163.8
-0.0	-330159666885663.1	2448499044917289.0
-0.0	-719385550145257.6	2532561380465628.0
-0.0	-965769883625044.5	2778213292948311.5
-0.0	-1269519020164776.0	1698044026305768.0
-0.0	-8999867872643804.0	5464055156499032.0
-0.0	6360702821695202.0	5553889276383647.0
-0.0	945895337496045.1	6058822521260740.0
-0.0	644768793604078.2	5565907835914022.0
-0.0	445130657354460.56	5675740682151539.0
-0.0	214899168222183.66	5451725044664097.0
-0.0	65843260759449.84	5237444271811764.0
-0.0	40979761173487.68	5208596044855992.0
-0.0	30951882984332.496	5178933938698328.0
-0.0	19300685976934.28	5162136104325518.0
-0.0	10169459077239.67	5132956667159495.0
-0.0	4065546066107.433	5117583839955381.0
-0.0	804593896513.7087	5107321408487650.0
-0.0	16342293825.820312	5104938512261059.0
-0.0	-69686442747.00206	5104787174461295.0
-0.0	15785008524.782251	5104795112859816.0
-0.0	70000196085.36903	5104808804298482.0
-0.0	58529323347.310394	5104818613702670.0
-0.0	25235582315.167747	5104822632778630.0
-0.0	8188041973.125988	5104825890801041.0
-0.0	1863517104.6712863	5104827249181873.0
-0.0	-1863517075.120463	5104827249181884.0
-0.0	-8188042081.9033	5104825890801023.0
-0.0	-25235582418.596188	5104822632778619.0
-0.0	-58529323157.828	5104818613702391.0
-0.0	-70000196195.64539	5104808804298552.0
-0.0	-15785008661.343975	5104795112859870.0
-0.0	69686442739.4686	5104787174461424.0
-0.0	-16342293840.526064	5104938512261073.0
-0.0	-804593896475.3628	5107321408487669.0
-0.0	-4065546066182.354	5117583839955392.0
-0.0	-10169459077286.332	5132956667159446.0
-0.0	-19300685976952.094	5162136104325696.0
-0.0	-30951882984404.21	5178933938698229.0
-0.0	-40979761173738.836	5208596044855907.0
-0.0	-65843260759254.53	5237444271811846.0
-0.0	-214899168222141.78	5451725044664062.0
-0.0	-445130657354675.44	5675740682151629.0
-0.0	-644768793604237.2	5565907835913994.0
-0.0	-945895337496367.1	6058822521260256.0
-0.0	-6360702821694679.0	5553889276383781.0
-0.0	3518974548512078.0	5383617474628253.0
-0.0	614522800757073.5	3874592850760857.0
-0.0	414012905024845.75	3658473303449686.0
-0.0	244790462349455.78	3821700771247585.0
-0.0	118553308418222.56	3644357111307967.5
-0.0	48969843310646.53	3518604346234755.0
-0.0	24985670606845.57	3430305036680711.5
-0.0	15029716677388.457	3410225837055309.0
-0.0	7599929266210.496	3380715946969358.0
-0.0	3033669070412.961	3366340811626712.5
-0.0	597467062641.0258	3357208345093190.5
-0.0	-154302950482.5682	3354755122448366.0
-0.0	-115710307357.58409	3354715576888791.0
-0.0	-907661679.125875	3354729309449849.0
-0.0	58727669520.62439	3354748059942660.0
-0.0	51641968762.54291	3354763511577507.5
-0.0	25998345533.803875	3354776079812166.0
-0.0	7875788666.377166	3354783586578425.0
-0.0	1847176250.862171	3354787715268057.0
-0.0	329549828.09813595	3354789226604952.5
-0.0	-329549758.78020364	3354789226605002.5
-0.0	-1847176309.0041819	3354787715267974.0
-0.0	-7875788711.411824	3354783586578522.0
-0.0	-25998345367.6738	3354776079812112.5
-0.0	-51641968761.601974	3354763511577528.0
-0.0	-58727669608.60867	3354748059942660.0
-0.0	907661706.8714721	3354729309449785.5
-0.0	115710307398.48177	3354715576888891.0
-0.0	154302950528.99493	3354755122448447.0
-0.0	-597467062658.8491	3357208345093169.0
-0.0	-3033669070411.94	3366340811626685.5
-0.0	-7599929266181.87	3380715946969429.0
-0.0	-15029716677416.4	3410225837055332.0
-0.0	-24985670606955.67	3430305036680727.5
-0.0	-48969843310489.44	3518604346234863.5
-0.0	-118553308418136.44	3644357111307810.0
-0.0	-244790462349521.97	3821700771247523.0
-0.0	-414012905024900.3	3658473303449718.0
-0.0	-614522800757191.5	3874592850761103.0
-0.0	-3518974548511715.5	5383617474628397.0
-0.0	1808820278257036.0	4837701155795587.0
-0.0	509527193159641.2	2510769643677001.5
-0.0	249651658622609.6	2483724769472631.5
-0.0	129561385844989.2	3027113541418937.5
-0.0	57227160883094.06	3245377183819329.5
-0.0	18862188998301.027	3139488153056537.0
-0.0	8220112440512.8545	3052928907079889.5
-0.0	4483785617082.525	3016563413700062.0
-0.0	1777781980336.4792	3000422940893812.0
-0.0	324653967773.595	2993289293532430.0
-0.0	-255883601337.0932	2992365715570970.5
-0.0	-138880084502.73532	2993201500812960.0
-0.0	-21904220196.119545	2993595012202221.5
-0.0	28124525519.29092	2993699941119445.0
-0.0	38963220484.10284	2993796653800348.0
-0.0	20996575747.936684	2993922141516691.5
-0.0	7401486917.691316	2994027344239736.5
-0.0	1630372284.4875405	2994089906748296.5
-0.0	280105128.7084246	2994118316708023.5
-0.0	39675812.07739943	2994127854691516.5
-0.0	-39675815.58042952	2994127854691530.0
-0.0	-280105135.20399135	2994118316708034.0
-0.0	-1630372282.2363899	2994089906748292.5
-0.0	-7401486891.203863	2994027344239694.0
-0.0	-20996575774.240246	2993922141516649.5
-0.0	-38963220495.64577	2993796653800365.5
-0.0	-28124525515.186474	2993699941119476.0
-0.0	21904220198.566605	2993595012202253.0
-0.0	138880084543.62497	2993201500812931.5
-0.0	255883601311.35898	2992365715570904.5
-0.0	-324653967775.42236	2993289293532408.0
-0.0	-1777781980317.3865	3000422940893773.5
-0.0	-4483785617101.215	3016563413700036.5
-0.0	-8220112440627.287	3052928907079945.0
-0.0	-18862188998189.664	3139488153056602.0
-0.0	-57227160883054.36	3245377183819190.5
-0.0	-129561385845073.34	3027113541418874.5
-0.0	-249651658622639.62	2483724769472637.0
-0.0	-509527193159784.7	2510769643677019.0
-0.0	-1808820278256853.8	4837701155795808.0
