1600
-0.0	-1.3200778183826705e+30	-1.3200778183825777e+30
-0.0	1.987557277349074e+29	-4.626131644952617e+30
-0.0	4.708139729328188e+28	-4.8614287428712294e+30
-0.0	8.641490288902133e+27	-5.280023094423071e+30
-0.0	1.0605176693686214e+28	-5.60185209636327e+30
-0.0	-1.0386899685165011e+28	-6.10434098439747e+30
-0.0	6.419992679534956e+27	-6.379097960367166e+30
-0.0	-6.623147400018674e+27	-6.449517248228238e+30
-0.0	4.0190056730207904e+27	-6.477985980539041e+30
-0.0	-1.6336296865587758e+27	-6.470214588814153e+30
-0.0	1.1479603032356654e+27	-6.473503438623269e+30
-0.0	-3.935955745674614e+25	-6.47145364863618e+30
-0.0	1.5846385359948382e+26	-6.470871842323494e+30
-0.0	7.435548831340191e+25	-6.468939866861694e+30
-0.0	-4.152141930586387e+25	-6.468233497386053e+30
-0.0	3.768533236605571e+25	-6.467786106305517e+30
-0.0	-1.1311141427386371e+25	-6.467752571650188e+30
-0.0	1.7802344409428692e+25	-6.467796721243212e+30
-0.0	-1.5062596679495456e+25	-6.467833406838922e+30
-0.0	1.0025718666018616e+25	-6.46785780621954e+30
-0.0	-1.0025719016048424e+25	-6.467857806219547e+30
-0.0	1.5062596308494938e+25	-6.467833406838936e+30
-0.0	-1.7802344717498441e+25	-6.467796721243205e+30
-0.0	1.1311141115630512e+25	-6.467752571650212e+30
-0.0	-3.7685332710241317e+25	-6.467786106305597e+30
-0.0	4.15214189240514e+25	-6.468233497386013e+30
-0.0	-7.435548860489553e+25	-6.468939866861684e+30
-0.0	-1.5846385392747625e+26	-6.470871842323424e+30
-0.0	3.9359557133151614e+25	-6.471453648636235e+30
-0.0	-1.1479603036425123e+27	-6.473503438623466e+30
-0.0	1.6336296861925067e+27	-6.470214588814182e+30
-0.0	-4.019005673263889e+27	-6.477985980538938e+30
-0.0	6.623147399600174e+27	-6.449517248228093e+30
-0.0	-6.419992679914651e+27	-6.379097960366955e+30
-0.0	1.0386899684973153e+28	-6.104340984397407e+30
-0.0	-1.0605176694280803e+28	-5.601852096363381e+30
-0.0	-8.641490289037569e+27	-5.2800230944228e+30
-0.0	-4.708139729362074e+28	-4.86142874287075e+30
-0.0	-1.9875572773512333e+29	-4.626131644951856e+30
-0.0	1.3200778183823167e+30	-1.3200778183822638e+30
-0.0	-1.991373876022569e+30	1.7716103940943923e+29
-0.0	1.2910135831216933e+31	8.011641509452335e+32
-0.0	8.64087545035228e+29	-1.4751865635701996e+32
-0.0	6.097119437708687e+29	3.8994812506709436e+32
-0.0	-1.281556841402397e+29	1.6891172236890177e+32
-0.0	1.2419151991465398e+29	2.7683116894882052e+32
-0.0	-5.457166881472846e+28	2.641490113592028e+32
-0.0	2.5800600729030736e+28	2.6021536493674105e+32
-0.0	-1.4395873869899025e+28	2.6658804298364846e+32
-0.0	6.085336260390127e+27	2.638746002762112e+32
-0.0	-1.7203503641666903e+27	2.652592027982216e+32
-0.0	-5.773998254896744e+26	2.642217272298229e+32
-0.0	1.27898135061865e+27	2.649435906225072e+32
-0.0	-8.65201732125622e+26	2.643797585930155e+32
-0.0	4.455766107232643e+26	2.645979635245368e+32
-0.0	-2.5615450904333366e+26	2.6449956515620073e+32
-0.0	6.2660007918462115e+25	2.645367985777597e+32
-0.0	-6.876765618257939e+25	2.645241805292433e+32
-0.0	1.6592691204296623e+25	2.645318014242448e+32
-0.0	-5.413482818180738e+24	2.645306899026975e+32
-0.0	5.413482351675446e+24	2.6453068990269323e+32
-0.0	-1.659269153640271e+25	2.6453180142425237e+32
-0.0	6.876765542568714e+25	2.6452418052924575e+32
-0.0	-6.266000861550778e+25	2.6453679857775748e+32
-0.0	2.561545084740754e+26	2.6449956515620808e+32
-0.0	-4.455766109592875e+26	2.645979635245232e+32
-0.0	8.652017311881021e+26	2.6437975859302567e+32
-0.0	-1.2789813512683426e+27	2.6494359062250154e+32
-0.0	5.7739982488639576e+26	2.6422172722983062e+32
-0.0	1.7203503640928867e+27	2.65259202798231e+32
-0.0	-6.085336260731081e+27	2.6387460027621563e+32
-0.0	1.4395873868662063e+28	2.665880429836212e+32
-0.0	-2.5800600728993388e+28	2.602153649367547e+32
-0.0	5.4571668813907e+28	2.641490113592023e+32
-0.0	-1.2419151991555424e+29	2.7683116894876266e+32
-0.0	1.281556841422353e+29	1.689117223689202e+32
-0.0	-6.097119437746874e+29	3.89948125067092e+32
-0.0	-8.640875450356723e+29	-1.4751865635702739e+32
-0.0	-1.2910135831220533e+31	8.011641509450686e+32
-0.0	1.9913738760225088e+30	1.771610394094113e+29
-0.0	-3.0751263119428115e+29	-1.0644862537198863e+29
-0.0	4.094902525541378e+29	-1.448892146666679e+32
-0.0	-1.5121661315523453e+29	2.31149913297005e+31
-0.0	-3.803890449122799e+28	-2.7957827608568935e+31
-0.0	9.554132667946968e+28	-2.139722370863812e+31
-0.0	2.4937554667722832e+28	-2.476830605293239e+31
-0.0	-1.9619773140095156e+28	-2.957044062134044e+31
-0.0	1.916983963725405e+28	-2.6186276910458243e+31
-0.0	-1.061275773968131e+28	-2.8613865696248518e+31
-0.0	4.364701073688417e+27	-2.7443389366410537e+31
-0.0	-2.903229599076422e+27	-2.7979098089414203e+31
-0.0	6.56123226224089e+26	-2.7738433065813867e+31
-0.0	-7.466245664780223e+26	-2.7812766023116214e+31
-0.0	9.835124357675583e+25	-2.7773228032126458e+31
-0.0	-1.260580183220212e+25	-2.7769162461736203e+31
-0.0	-1.7939479647799352e+25	-2.777583967754615e+31
-0.0	1.664279416357314e+25	-2.7770121274105947e+31
-0.0	-1.4954370377308123e+25	-2.7773950705521194e+31
-0.0	1.445360715408769e+25	-2.7770624963508555e+31
-0.0	-9.487132417651139e+24	-2.7772464389427153e+31
-0.0	9.487132171883861e+24	-2.7772464389427013e+31
-0.0	-1.4453607322297468e+25	-2.7770624963509613e+31
-0.0	1.4954370093241095e+25	-2.7773950705520063e+31
-0.0	-1.6642794462020685e+25	-2.7770121274107433e+31
-0.0	1.7939479424858345e+25	-2.7775839677547943e+31
-0.0	1.2605801651064264e+25	-2.7769162461733384e+31
-0.0	-9.835124391260484e+25	-2.7773228032128106e+31
-0.0	7.4662456624187e+26	-2.7812766023114413e+31
-0.0	-6.561232264550195e+26	-2.7738433065814695e+31
-0.0	2.9032295989584775e+27	-2.7979098089416513e+31
-0.0	-4.3647010738833346e+27	-2.744338936641058e+31
-0.0	1.0612757739307752e+28	-2.8613865696246577e+31
-0.0	-1.9169839637413212e+28	-2.618627691046174e+31
-0.0	1.9619773139910504e+28	-2.9570440621339547e+31
-0.0	-2.4937554668134243e+28	-2.476830605292421e+31
-0.0	-9.554132667906128e+28	-2.139722370864371e+31
-0.0	3.803890449051307e+28	-2.795782760856912e+31
-0.0	1.5121661315504967e+29	2.3114991329701547e+31
-0.0	-4.094902525547858e+29	-1.4488921466664536e+32
-0.0	3.0751263119470878e+29	-1.06448625371966e+29
-0.0	-2.594159027017157e+29	2.247566672682481e+28
-0.0	4.55117376678956e+29	3.55822190708041e+32
-0.0	7.292066051955113e+27	-2.661894743589304e+31
-0.0	-1.4375933769737782e+29	9.88802070324104e+31
-0.0	1.5022062233685656e+29	5.325087796554605e+31
-0.0	9.501467253553534e+27	8.196077545981564e+31
-0.0	-5.596444401695751e+28	8.543858404710183e+31
-0.0	4.647172684565529e+28	7.800263637569997e+31
-0.0	-2.678962989637605e+28	8.288496051307679e+31
-0.0	1.0508299035572909e+28	8.075484253895298e+31
-0.0	-8.405777878209943e+27	8.175110511206062e+31
-0.0	1.6212982343148108e+27	8.117849897513202e+31
-0.0	-2.872282361524827e+27	8.149289548926593e+31
-0.0	1.1644232654978917e+26	8.126491650675782e+31
-0.0	1.55537059953752e+25	8.131920188024563e+31
-0.0	-6.59391903437882e+25	8.129761433914352e+31
-0.0	6.805457480961133e+25	8.130358975139131e+31
-0.0	-5.185986086994638e+25	8.130299247862286e+31
-0.0	6.087786758195665e+25	8.130308504878606e+31
-0.0	-4.272358447372412e+25	8.130396959954002e+31
-0.0	4.272358455111601e+25	8.130396959953896e+31
-0.0	-6.087786742631873e+25	8.130308504879031e+31
-0.0	5.185986076436213e+25	8.13029924786185e+31
-0.0	-6.805457489123634e+25	8.130358975139277e+31
-0.0	6.593919035710136e+25	8.129761433914819e+31
-0.0	-1.5553705815136978e+25	8.131920188023886e+31
-0.0	-1.1644232677705123e+26	8.12649165067609e+31
-0.0	2.8722823614770113e+27	8.149289548926026e+31
-0.0	-1.621298234295422e+27	8.117849897513182e+31
-0.0	8.405777878518894e+27	8.17511051120662e+31
-0.0	-1.0508299035454362e+28	8.075484253895488e+31
-0.0	2.6789629896040556e+28	8.288496051307252e+31
-0.0	-4.647172684534465e+28	7.8002636375706375e+31
-0.0	5.596444401687661e+28	8.543858404710071e+31
-0.0	-9.50146725380083e+27	8.196077545979396e+31
-0.0	-1.5022062233559283e+29	5.3250877965559725e+31
-0.0	1.4375933769656668e+29	9.888020703240985e+31
-0.0	-7.29206605200707e+27	-2.6618947435894813e+31
-0.0	-4.551173766789936e+29	3.5582219070801406e+32
-0.0	2.594159027021044e+29	2.247566672682376e+28
-0.0	-7.4649847034899905e+28	-5.861686926621009e+27
-0.0	-1.1302094187404448e+30	1.4066678428090277e+32
-0.0	2.536532832558239e+29	-1.8868399920141006e+31
-0.0	-1.5361672992228864e+29	4.9304953240180755e+31
-0.0	1.2470131113884397e+29	1.4996770825376322e+31
-0.0	-9.539207256001666e+26	3.448042373452488e+31
-0.0	-1.9945961033105027e+28	3.296157847671202e+31
-0.0	2.7354170865843856e+28	3.111251903785708e+31
-0.0	-1.5390145241507964e+28	3.245705194213971e+31
-0.0	5.709199615067889e+27	3.199546137143318e+31
-0.0	-4.920220451815958e+27	3.218977375407072e+31
-0.0	1.0400694642847795e+27	3.2036735620310532e+31
-0.0	-1.9500472806251027e+27	3.2210087476561843e+31
-0.0	1.4202963807818546e+26	3.2080900617693653e+31
-0.0	-2.608651761903382e+25	3.2128300170833034e+31
-0.0	-2.501685750127306e+25	3.2106456997047103e+31
-0.0	4.1508748252704805e+25	3.2115177235689135e+31
-0.0	-3.4058513845311423e+25	3.211196954547991e+31
-0.0	4.5971934897601576e+25	3.211403486727603e+31
-0.0	-3.4097581911697146e+25	3.2113586602615446e+31
-0.0	3.4097581921686136e+25	3.211358660261488e+31
-0.0	-4.597193483227715e+25	3.211403486727812e+31
-0.0	3.4058513787956108e+25	3.2111969545480384e+31
-0.0	-4.150874834110353e+25	3.2115177235689063e+31
-0.0	2.501685752030398e+25	3.2106456997046152e+31
-0.0	2.608651768019021e+25	3.2128300170830436e+31
-0.0	-1.4202963815817337e+26	3.208090061769545e+31
-0.0	1.950047280601545e+27	3.2210087476560676e+31
-0.0	-1.040069464319664e+27	3.2036735620310947e+31
-0.0	4.9202204519214095e+27	3.2189773754071666e+31
-0.0	-5.709199615027263e+27	3.1995461371433244e+31
-0.0	1.5390145241353674e+28	3.2457051942137485e+31
-0.0	-2.735417086575289e+28	3.111251903785796e+31
-0.0	1.9945961033152565e+28	3.2961578476711936e+31
-0.0	9.539207254541751e+26	3.4480423734519703e+31
-0.0	-1.2470131113856908e+29	1.499677082537507e+31
-0.0	1.536167299219564e+29	4.930495324017864e+31
-0.0	-2.5365328325605854e+29	-1.8868399920142632e+31
-0.0	1.1302094187402091e+30	1.4066678428090486e+32
-0.0	7.464984703508255e+28	-5.861686926619653e+27
-0.0	4.162584980036657e+29	6.613969998603041e+26
-0.0	-2.2660201997827582e+30	2.0773253429754886e+32
-0.0	4.287925569452232e+29	-1.9983315271884651e+31
-0.0	-9.411015665793246e+28	6.836107285122732e+31
-0.0	2.751694684575675e+28	3.0763654204504014e+31
-0.0	1.6252933457965802e+28	4.749178465727444e+31
-0.0	-1.359542966713379e+28	4.8903474289195405e+31
-0.0	1.3545264402803031e+28	4.537431654187852e+31
-0.0	-1.0993817479674308e+28	4.83644574954597e+31
-0.0	3.790060890807754e+27	4.718289250914484e+31
-0.0	-3.3148494266351787e+27	4.76773084490426e+31
-0.0	7.301355978006639e+24	4.740805434060584e+31
-0.0	-5.7929558826007596e+26	4.7595012062049775e+31
-0.0	-2.4302349542544775e+26	4.7432322104068195e+31
-0.0	1.446347735597154e+26	4.747652728431789e+31
-0.0	-9.886522053593548e+25	4.745768102032552e+31
-0.0	5.014295530246382e+25	4.746443246730941e+31
-0.0	-4.173495541937623e+25	4.7462271760167145e+31
-0.0	4.382594940097312e+25	4.746350839000326e+31
-0.0	-3.0061558099916814e+25	4.7464034650079765e+31
-0.0	3.0061558304908646e+25	4.746403465008072e+31
-0.0	-4.382594920350355e+25	4.746350839000507e+31
-0.0	4.173495553376337e+25	4.746227176016469e+31
-0.0	-5.014295512697735e+25	4.746443246731023e+31
-0.0	9.886522065925236e+25	4.745768102032774e+31
-0.0	-1.4463477331050481e+26	4.747652728431328e+31
-0.0	2.4302349552670926e+26	4.743232210407218e+31
-0.0	5.7929558837327494e+26	4.759501206204588e+31
-0.0	-7.301355768541328e+24	4.74080543406052e+31
-0.0	3.3148494268763835e+27	4.767730844904676e+31
-0.0	-3.7900608906052416e+27	4.718289250914552e+31
-0.0	1.0993817479723803e+28	4.836445749545666e+31
-0.0	-1.3545264402475766e+28	4.53743165418844e+31
-0.0	1.3595429667151625e+28	4.890347428919473e+31
-0.0	-1.6252933457806012e+28	4.749178465725986e+31
-0.0	-2.7516946845262153e+28	3.076365420451157e+31
-0.0	9.411015665757428e+28	6.836107285122458e+31
-0.0	-4.28792556945393e+29	-1.9983315271886376e+31
-0.0	2.2660201997824725e+30	2.0773253429754493e+32
-0.0	-4.162584980036018e+29	6.613969998647362e+26
-0.0	9.039190160918424e+29	-9.020746625187414e+26
-0.0	-2.932708246479402e+30	1.7095673361079563e+32
-0.0	4.919641006095362e+29	-2.0717503707371324e+31
-0.0	-7.405509078921476e+28	6.196766286374567e+31
-0.0	-2.417223654662315e+28	2.54080698526507e+31
-0.0	3.314751255971455e+28	4.259622629269033e+31
-0.0	-1.3438838376864536e+28	4.330216010779109e+31
-0.0	1.5346833054273403e+28	4.0319108240138714e+31
-0.0	-1.0988442736975978e+28	4.286252352486081e+31
-0.0	4.6456471652732363e+27	4.193980348316443e+31
-0.0	-3.7302344232052645e+27	4.226277281623391e+31
-0.0	-4.0755326224063497e+26	4.2066613635971975e+31
-0.0	-1.3932477170085513e+26	4.222221767759481e+31
-0.0	-4.881461607903429e+26	4.206968081537774e+31
-0.0	2.3168228198384753e+26	4.211417572491217e+31
-0.0	-1.690071889728364e+26	4.209559061272075e+31
-0.0	3.993905654518034e+25	4.210224443340599e+31
-0.0	-6.938658680311328e+25	4.21000319320904e+31
-0.0	5.033235513648132e+25	4.210154128707271e+31
-0.0	-3.290186682897885e+25	4.210180532740761e+31
-0.0	3.2901866855509266e+25	4.210180532740755e+31
-0.0	-5.033235510837446e+25	4.21015412870739e+31
-0.0	6.938658672952493e+25	4.210003193208886e+31
-0.0	-3.99390565406271e+25	4.210224443340602e+31
-0.0	1.6900718890972022e+26	4.209559061272269e+31
-0.0	-2.316822818829126e+26	4.211417572490863e+31
-0.0	4.881461606746043e+26	4.206968081538058e+31
-0.0	1.393247716126513e+26	4.22222176775932e+31
-0.0	4.075532622916578e+26	4.206661363597271e+31
-0.0	3.7302344233047175e+27	4.226277281623715e+31
-0.0	-4.645647165246473e+27	4.193980348316379e+31
-0.0	1.0988442736788682e+28	4.2862523524857185e+31
-0.0	-1.5346833054064485e+28	4.031910824014328e+31
-0.0	1.3438838376639813e+28	4.330216010778978e+31
-0.0	-3.31475125597395e+28	4.259622629268027e+31
-0.0	2.417223654724847e+28	2.540806985265472e+31
-0.0	7.405509078840665e+28	6.196766286374219e+31
-0.0	-4.91964100609603e+29	-2.071750370737295e+31
-0.0	2.9327082464783345e+30	1.7095673361079228e+32
-0.0	-9.039190160917811e+29	-9.020746625180804e+26
-0.0	1.1079631042996397e+30	1.0796308463923678e+27
-0.0	-3.0874152743147514e+30	1.409932275879928e+32
-0.0	4.920381714660413e+29	-1.5507981908376766e+31
-0.0	-6.465770398451782e+28	4.779767857645019e+31
-0.0	-4.813432766747649e+28	2.0108701060652512e+31
-0.0	3.933645005296032e+28	3.3322045213978706e+31
-0.0	-1.8748493258020407e+28	3.392222502736536e+31
-0.0	1.6466469838845808e+28	3.145077494260146e+31
-0.0	-1.3619404343266209e+28	3.362620032198467e+31
-0.0	5.39558738511862e+27	3.2839561905133574e+31
-0.0	-4.085331144508971e+27	3.31233709286931e+31
-0.0	-3.65680003963296e+26	3.294286737325718e+31
-0.0	7.406291133626756e+25	3.3061305582060045e+31
-0.0	-5.4125087341243685e+26	3.294051054943184e+31
-0.0	2.5131602756395113e+26	3.297557662543043e+31
-0.0	-2.021777486380365e+26	3.2961397537956213e+31
-0.0	3.254401583181364e+25	3.2966043460286527e+31
-0.0	-8.56349969269689e+25	3.296479502307366e+31
-0.0	5.80909159217363e+25	3.296613441511488e+31
-0.0	-3.704845236516403e+25	3.296633125953131e+31
-0.0	3.7048452496534643e+25	3.2966331259531767e+31
-0.0	-5.809091575428163e+25	3.2966134415116445e+31
-0.0	8.563499693885774e+25	3.2964795023072407e+31
-0.0	-3.254401573549172e+25	3.29660434602869e+31
-0.0	2.0217774870263354e+26	3.296139753795793e+31
-0.0	-2.5131602733352597e+26	3.2975576625427805e+31
-0.0	5.4125087337442563e+26	3.294051054943396e+31
-0.0	-7.406291131949833e+25	3.3061305582058e+31
-0.0	3.6568000411282795e+26	3.2942867373257525e+31
-0.0	4.0853311447497776e+27	3.3123370928694902e+31
-0.0	-5.395587384960272e+27	3.2839561905133363e+31
-0.0	1.3619404343160631e+28	3.3626200321982834e+31
-0.0	-1.6466469838483884e+28	3.145077494260361e+31
-0.0	1.874849325787494e+28	3.3922225027366244e+31
-0.0	-3.9336450052913813e+28	3.3322045213971297e+31
-0.0	4.813432766838599e+28	2.0108701060656551e+31
-0.0	6.465770398371444e+28	4.779767857644918e+31
-0.0	-4.920381714660472e+29	-1.550798190837769e+31
-0.0	3.087415274314026e+30	1.4099322758799218e+32
-0.0	-1.1079631042995323e+30	1.0796308463937717e+27
-0.0	1.1209474032022638e+30	-6.412883926991773e+26
-0.0	-3.217219721557832e+30	1.149990496713801e+32
-0.0	5.2388564125052686e+29	-1.3689317975533617e+31
-0.0	-7.34321138946028e+28	4.082626789227309e+31
-0.0	-4.135778119891091e+28	1.6674025438554008e+31
-0.0	4.350257322842813e+28	2.8556758622194414e+31
-0.0	-1.9681520787466007e+28	2.89493364819619e+31
-0.0	2.0706942231771085e+28	2.7038156110608394e+31
-0.0	-1.4860531841413653e+28	2.8785256791195337e+31
-0.0	6.464774183343752e+27	2.820011756011423e+31
-0.0	-4.353087451270219e+27	2.8416465689686567e+31
-0.0	-2.6792179732663788e+26	2.826778023196173e+31
-0.0	-3.543918870544771e+25	2.837195979433867e+31
-0.0	-5.218040476414657e+26	2.8271656767969576e+31
-0.0	2.9809406182799515e+26	2.8302605947082075e+31
-0.0	-1.9760193632196442e+26	2.82894435677539e+31
-0.0	3.4104264512480564e+25	2.829334859005728e+31
-0.0	-8.90745990344003e+25	2.829236911407398e+31
-0.0	6.210021965486172e+25	2.82934641482044e+31
-0.0	-3.952645274017882e+25	2.829348775544756e+31
-0.0	3.952645276722341e+25	2.829348775544713e+31
-0.0	-6.210021958334394e+25	2.829346414820547e+31
-0.0	8.90745989283696e+25	2.8292369114074233e+31
-0.0	-3.410426453424498e+25	2.8293348590058094e+31
-0.0	1.9760193627407323e+26	2.828944356775521e+31
-0.0	-2.9809406170899717e+26	2.8302605947080436e+31
-0.0	5.2180404749098386e+26	2.8271656767971125e+31
-0.0	3.5439188611672824e+25	2.8371959794337726e+31
-0.0	2.6792179736947248e+26	2.826778023196255e+31
-0.0	4.353087451401917e+27	2.841646568968836e+31
-0.0	-6.464774183296482e+27	2.820011756011488e+31
-0.0	1.4860531841175217e+28	2.878525679119412e+31
-0.0	-2.07069422314911e+28	2.7038156110609475e+31
-0.0	1.968152078721043e+28	2.8949336481961793e+31
-0.0	-4.3502573228481665e+28	2.8556758622188073e+31
-0.0	4.135778119978811e+28	1.667402543855688e+31
-0.0	7.343211389361379e+28	4.082626789227293e+31
-0.0	-5.2388564125060856e+29	-1.3689317975534656e+31
-0.0	3.217219721556709e+30	1.1499904967137548e+32
-0.0	-1.1209474032021625e+30	-6.412883926941627e+26
-0.0	1.0487794659735114e+30	2.5144826143259328e+26
-0.0	-3.0451304776162573e+30	8.598101435510553e+31
-0.0	5.0071564221233266e+29	-1.0068128557341773e+31
-0.0	-7.487813553700597e+28	3.046475189711169e+31
-0.0	-3.4241911695599004e+28	1.2444574043510183e+31
-0.0	4.042031059725036e+28	2.1322366994299195e+31
-0.0	-1.896994874918126e+28	2.161745219831413e+31
-0.0	2.0288840699346617e+28	2.0172008960312254e+31
-0.0	-1.413150489302689e+28	2.150868926984026e+31
-0.0	5.995144552857084e+27	2.1061477262412682e+31
-0.0	-4.287102919350514e+27	2.1219816137368908e+31
-0.0	-2.2039614550098472e+26	2.11078216064236e+31
-0.0	-1.6679605045431207e+26	2.118298404734323e+31
-0.0	-5.033778043959626e+26	2.11068777401395e+31
-0.0	2.7580973281350074e+26	2.112987209013143e+31
-0.0	-1.8979339814755485e+26	2.1119750928525663e+31
-0.0	3.25757254238286e+25	2.1123006743821806e+31
-0.0	-8.171837698591177e+25	2.1122376638313284e+31
-0.0	6.23774361227649e+25	2.112317124189687e+31
-0.0	-3.67541716848921e+25	2.112321076068657e+31
-0.0	3.6754171706314174e+25	2.112321076068594e+31
-0.0	-6.237743604735449e+25	2.112317124189786e+31
-0.0	8.171837687898067e+25	2.1122376638313446e+31
-0.0	-3.257572545155255e+25	2.112300674382238e+31
-0.0	1.897933981107611e+26	2.111975092852629e+31
-0.0	-2.7580973270288217e+26	2.1129872090130255e+31
-0.0	5.0337780424824805e+26	2.1106877740140856e+31
-0.0	1.6679605037072273e+26	2.118298404734248e+31
-0.0	2.203961455427648e+26	2.1107821606424663e+31
-0.0	4.287102919479746e+27	2.121981613737035e+31
-0.0	-5.99514455280751e+27	2.1061477262413286e+31
-0.0	1.4131504892807006e+28	2.1508689269839334e+31
-0.0	-2.0288840699080425e+28	2.0172008960312905e+31
-0.0	1.8969948748945444e+28	2.1617452198313763e+31
-0.0	-4.042031059730057e+28	2.1322366994294655e+31
-0.0	3.424191169641234e+28	1.2444574043512403e+31
-0.0	7.487813553608435e+28	3.046475189711177e+31
-0.0	-5.007156422124227e+29	-1.0068128557342547e+31
-0.0	3.045130477615227e+30	8.598101435510162e+31
-0.0	-1.0487794659734119e+30	2.5144826143618494e+26
-0.0	9.343806529102944e+29	-1.5410498559140128e+26
-0.0	-2.7623445893165947e+30	6.048876826377986e+31
-0.0	4.6283801236201485e+29	-7.351719949608997e+30
-0.0	-7.230360513438487e+28	2.1965808499747044e+31
-0.0	-2.411693602768697e+28	8.760402468531376e+30
-0.0	3.592212129059603e+28	1.5331009781007437e+31
-0.0	-1.7282379549033939e+28	1.5448601353166313e+31
-0.0	1.8988483356692038e+28	1.4456579917916726e+31
-0.0	-1.3101000002361838e+28	1.5380886497047663e+31
-0.0	5.416568587726304e+27	1.5074832434963196e+31
-0.0	-3.903385025115045e+27	1.518160890565213e+31
-0.0	-1.4351022834223576e+26	1.510558208170444e+31
-0.0	-2.4165643385087746e+26	1.5159217230519756e+31
-0.0	-4.4335237146352956e+26	1.5105358059646439e+31
-0.0	2.1691564798270677e+26	1.512239659232713e+31
-0.0	-1.7119119809508505e+26	1.5115017680450401e+31
-0.0	2.770196493267029e+25	1.5117528472455648e+31
-0.0	-7.368526188278988e+25	1.51169453053493e+31
-0.0	5.601986575241282e+25	1.511754092549135e+31
-0.0	-3.4686872233646646e+25	1.5117538045819663e+31
-0.0	3.468687220878472e+25	1.5117538045819434e+31
-0.0	-5.6019865731787105e+25	1.511754092549193e+31
-0.0	7.368526175162591e+25	1.511694530534908e+31
-0.0	-2.7701965001806676e+25	1.5117528472455894e+31
-0.0	1.7119119801780388e+26	1.5115017680451275e+31
-0.0	-2.169156479166959e+26	1.512239659232615e+31
-0.0	4.433523712747336e+26	1.510535805964739e+31
-0.0	2.416564337317731e+26	1.5159217230519513e+31
-0.0	1.4351022833286627e+26	1.5105582081704875e+31
-0.0	3.903385025181327e+27	1.5181608905653519e+31
-0.0	-5.416568587729106e+27	1.5074832434963763e+31
-0.0	1.3101000002112385e+28	1.5380886497047125e+31
-0.0	-1.898848335651157e+28	1.4456579917917215e+31
-0.0	1.7282379548779338e+28	1.5448601353166076e+31
-0.0	-3.59221212906997e+28	1.5331009781004392e+31
-0.0	2.4116936028381952e+28	8.760402468533053e+30
-0.0	7.23036051335138e+28	2.196580849974759e+31
-0.0	-4.6283801236212146e+29	-7.35171994960963e+30
-0.0	2.762344589315572e+30	6.048876826377722e+31
-0.0	-9.343806529101952e+29	-1.5410498558696088e+26
-0.0	7.765607423720251e+29	4.86463550106719e+24
-0.0	-2.3119539240673903e+30	3.822452016462118e+31
-0.0	3.9175382220271466e+29	-4.7627196149180966e+30
-0.0	-6.375800472480103e+28	1.4192726247199344e+31
-0.0	-1.6345912758352672e+28	5.543677954786322e+30
-0.0	2.958646206336729e+28	9.908018894548307e+30
-0.0	-1.434777302091265e+28	9.947164159865436e+30
-0.0	1.624378248887886e+28	9.322457546131582e+30
-0.0	-1.108204466505745e+28	9.899614179488418e+30
-0.0	4.5770229275161277e+27	9.711846740290567e+30
-0.0	-3.2670262013988174e+27	9.776934821809621e+30
-0.0	-9.976775359018986e+25	9.729191229671032e+30
-0.0	-2.24992810329189e+26	9.763404764453177e+30
-0.0	-3.5545273396508605e+26	9.728303752554525e+30
-0.0	1.7601391897427675e+26	9.739443559449824e+30
-0.0	-1.3261930822273906e+26	9.734492527110176e+30
-0.0	2.624522513786815e+25	9.736135593706097e+30
-0.0	-5.86589368382803e+25	9.735699067615064e+30
-0.0	4.766932162082474e+25	9.736133017720759e+30
-0.0	-2.9465316978969397e+25	9.736120683133825e+30
-0.0	2.946531684471589e+25	9.736120683133827e+30
-0.0	-4.766932173243995e+25	9.736133017721379e+30
-0.0	5.865893661457805e+25	9.735699067614932e+30
-0.0	-2.62452252999149e+25	9.736135593706394e+30
-0.0	1.3261930804427571e+26	9.734492527110587e+30
-0.0	-1.7601391904733875e+26	9.739443559449379e+30
-0.0	3.5545273368108914e+26	9.728303752555285e+30
-0.0	2.2499281010999073e+26	9.763404764452743e+30
-0.0	9.97677534518973e+25	9.72919122967132e+30
-0.0	3.2670262013402695e+27	9.776934821810299e+30
-0.0	-4.577022927631679e+27	9.711846740290805e+30
-0.0	1.1082044664725145e+28	9.899614179487723e+30
-0.0	-1.6243782488843767e+28	9.322457546132161e+30
-0.0	1.4347773020587748e+28	9.947164159865331e+30
-0.0	-2.958646206356592e+28	9.908018894546352e+30
-0.0	1.6345912758834495e+28	5.543677954787436e+30
-0.0	6.375800472392848e+28	1.419272624719908e+31
-0.0	-3.917538222028042e+29	-4.762719614918479e+30
-0.0	2.311953924066341e+30	3.822452016462079e+31
-0.0	-7.765607423719476e+29	4.864635504878556e+24
-0.0	5.847510196142644e+29	-1.4554724532609035e+25
-0.0	-1.7629671405910896e+30	2.111717072800107e+31
-0.0	3.025648898398231e+29	-2.7539331296376516e+30
-0.0	-5.179182513543331e+28	8.145590240585664e+30
-0.0	-9.009439965247702e+27	3.0779018780297917e+30
-0.0	2.192942024392149e+28	5.677805216539202e+30
-0.0	-1.087671514383017e+28	5.66067450490946e+30
-0.0	1.2639321504025706e+28	5.323042514761379e+30
-0.0	-8.508206054055695e+27	5.636447124290925e+30
-0.0	3.4609355841643124e+27	5.537506955221338e+30
-0.0	-2.555341867204064e+27	5.57029799189618e+30
-0.0	-9.540041211852292e+25	5.544385424986571e+30
-0.0	-2.2947462481963854e+26	5.564051842669081e+30
-0.0	-2.6168318377256627e+26	5.543874181523348e+30
-0.0	1.2264882319291714e+26	5.550505226492438e+30
-0.0	-1.0127220454688573e+26	5.547585551095909e+30
-0.0	1.8562130573603622e+25	5.548579876575164e+30
-0.0	-4.417919196552972e+25	5.548311949872806e+30
-0.0	3.545049167089968e+25	5.548599605814588e+30
-0.0	-2.2816975576790524e+25	5.548575613919325e+30
-0.0	2.281697557104545e+25	5.548575613919309e+30
-0.0	-3.545049165850464e+25	5.548599605815003e+30
-0.0	4.417919188742394e+25	5.548311949872655e+30
-0.0	-1.8562130616162627e+25	5.548579876575335e+30
-0.0	1.012722045079348e+26	5.547585551096249e+30
-0.0	-1.226488231609892e+26	5.550505226492106e+30
-0.0	2.6168318365579002e+26	5.543874181523638e+30
-0.0	2.294746247497396e+26	5.564051842668876e+30
-0.0	9.5400412109057e+25	5.544385424986604e+30
-0.0	2.555341867261385e+27	5.570297991896628e+30
-0.0	-3.4609355841616175e+27	5.537506955221407e+30
-0.0	8.508206053899144e+27	5.636447124290611e+30
-0.0	-1.2639321503908588e+28	5.323042514761524e+30
-0.0	1.0876715143686854e+28	5.66067450490942e+30
-0.0	-2.1929420243982105e+28	5.677805216538249e+30
-0.0	9.009439965672914e+27	3.0779018780305134e+30
-0.0	5.179182513490173e+28	8.145590240585671e+30
-0.0	-3.0256488983988397e+29	-2.753933129637884e+30
-0.0	1.7629671405904895e+30	2.111717072800066e+31
-0.0	-5.847510196141979e+29	-1.4554724530538105e+25
-0.0	3.846736510361619e+29	-3.448696193059663e+24
-0.0	-1.1777587382376899e+30	9.383913773524667e+30
-0.0	2.0551168201104203e+29	-1.3146363327907717e+30
-0.0	-3.720718127330165e+28	3.84293268888619e+30
-0.0	-2.71401926134192e+27	1.370706603084384e+30
-0.0	1.3963759533949784e+28	2.669598701947602e+30
-0.0	-7.145416536180342e+27	2.6331914163212755e+30
-0.0	8.601418423132913e+27	2.4894580714659203e+30
-0.0	-5.724644597764236e+27	2.6242061700414734e+30
-0.0	2.2805545193889984e+27	2.5844363644053503e+30
-0.0	-1.7187619269037664e+27	2.5967996746210713e+30
-0.0	-5.787060137906495e+25	2.5857211490525845e+30
-0.0	-1.911797527668132e+26	2.5949124537894326e+30
-0.0	-1.542052973412717e+26	2.5854302249320196e+30
-0.0	7.568067818930012e+25	2.588707175360294e+30
-0.0	-6.239057678087904e+25	2.58724132114575e+30
-0.0	1.3226558099426437e+25	2.5877450563410677e+30
-0.0	-2.775274203807529e+25	2.5875962848327224e+30
-0.0	2.3528752280567706e+25	2.587752637608633e+30
-0.0	-1.4965129065021637e+25	2.5877297914685896e+30
-0.0	1.4965129064715554e+25	2.5877297914686245e+30
-0.0	-2.352875227951664e+25	2.587752637608917e+30
-0.0	2.7752741977510567e+25	2.587596284832554e+30
-0.0	-1.3226558123143683e+25	2.587745056341287e+30
-0.0	6.239057674937202e+25	2.587241321145688e+30
-0.0	-7.568067816695874e+25	2.5887071753601506e+30
-0.0	1.5420529726821013e+26	2.585430224932117e+30
-0.0	1.9117975271541696e+26	2.5949124537893386e+30
-0.0	5.78706013694933e+25	2.585721149052562e+30
-0.0	1.7187619269304122e+27	2.5967996746213404e+30
-0.0	-2.28055451938678e+27	2.584436364405298e+30
-0.0	5.724644597660127e+27	2.6242061700412263e+30
-0.0	-8.601418423053378e+27	2.489458071466138e+30
-0.0	7.145416536087872e+27	2.6331914163211544e+30
-0.0	-1.3963759534000907e+28	2.669598701947155e+30
-0.0	2.7140192616067846e+27	1.370706603084714e+30
-0.0	3.7207181272952933e+28	3.842932688886085e+30
-0.0	-2.055116820110797e+29	-1.3146363327908508e+30
-0.0	1.1777587382373123e+30	9.383913773524416e+30
-0.0	-3.8467365103612534e+29	-3.448696192237525e+24
-0.0	2.097291657481489e+29	9.431718927019344e+23
-0.0	-6.563840660098659e+29	2.93294411507452e+30
-0.0	1.172941706829828e+29	-4.6811174564392714e+29
-0.0	-2.262521633728918e+28	1.344500139857269e+30
-0.0	1.0838090654475655e+27	4.3266602658792166e+29
-0.0	7.13940493588914e+27	9.300177031038824e+29
-0.0	-3.8641692011104746e+27	9.00682385832821e+29
-0.0	4.85298749893088e+27	8.596439802968192e+29
-0.0	-3.191615716810768e+27	8.988892511876203e+29
-0.0	1.227872076368639e+27	8.891495971974011e+29
-0.0	-9.620079208247266e+26	8.915529386043793e+29
-0.0	-2.487838993564195e+25	8.883942179161471e+29
-0.0	-1.3687037441009309e+26	8.915830204885825e+29
-0.0	-7.188765606399152e+25	8.882707080985662e+29
-0.0	3.4629884058193425e+25	8.894988545374469e+29
-0.0	-3.1212660488571624e+25	8.889389566880784e+29
-0.0	6.792555919676614e+24	8.891409828440397e+29
-0.0	-1.4264115109433565e+25	8.890766418286058e+29
-0.0	1.2609567775888258e+25	8.891451983894304e+29
-0.0	-8.14669579418872e+24	8.891300852336448e+29
-0.0	8.146695803084347e+24	8.891300852336376e+29
-0.0	-1.2609567764163094e+25	8.891451983894926e+29
-0.0	1.4264115090570956e+25	8.890766418285832e+29
-0.0	-6.792555926039387e+24	8.891409828440603e+29
-0.0	3.121266048343411e+25	8.889389566880951e+29
-0.0	-3.4629884036842868e+25	8.894988545374066e+29
-0.0	7.188765603479209e+25	8.88270708098605e+29
-0.0	1.3687037439424431e+26	8.915830204885392e+29
-0.0	2.487838994071224e+25	8.88394217916118e+29
-0.0	9.620079208499703e+26	8.91552938604449e+29
-0.0	-1.2278720763562936e+27	8.891495971974155e+29
-0.0	3.1916157167655934e+27	8.98889251187562e+29
-0.0	-4.8529874988808966e+27	8.596439802968385e+29
-0.0	3.864169201070494e+27	9.006823858328287e+29
-0.0	-7.139404935901981e+27	9.300177031037673e+29
-0.0	-1.0838090653042797e+27	4.3266602658802904e+29
-0.0	2.262521633711685e+28	1.3445001398572295e+30
-0.0	-1.1729417068300986e+29	-4.681117456439595e+29
-0.0	6.563840660096787e+29	2.932944115074533e+30
-0.0	-2.0972916574812755e+29	9.431718936777158e+23
-0.0	8.57309808553018e+28	-3.2693638766023785e+23
-0.0	-2.771930392904401e+29	4.380039131501024e+29
-0.0	5.124499925438278e+28	-9.670391400208796e+28
-0.0	-1.0595298554150352e+28	2.6865037401812876e+29
-0.0	2.1117688852899196e+27	6.65657453598969e+28
-0.0	2.485506977773061e+27	1.840132920707482e+29
-0.0	-1.504656477671752e+27	1.711507133036029e+29
-0.0	2.0389822571370273e+27	1.6686059335995302e+29
-0.0	-1.307630044785323e+27	1.713582294523307e+29
-0.0	4.727380074919451e+26	1.7116713619951938e+29
-0.0	-3.966019533585406e+26	1.7083847406913515e+29
-0.0	-4.404957336282434e+24	1.7051389943956837e+29
-0.0	-7.683755148411876e+25	1.7113673135343033e+29
-0.0	-1.9301443326344537e+25	1.7047590546738935e+29
-0.0	9.83784812405423e+24	1.7075749005895156e+29
-0.0	-9.807318274125942e+24	1.706260551565041e+29
-0.0	2.7201296742191773e+24	1.706766026804574e+29
-0.0	-4.8324105057285347e+24	1.706590227085917e+29
-0.0	4.925797977612833e+24	1.706783449681244e+29
-0.0	-3.168049098791911e+24	1.7067215133593167e+29
-0.0	3.1680491016662003e+24	1.7067215133592822e+29
-0.0	-4.925797970930275e+24	1.7067834496813627e+29
-0.0	4.832410499248351e+24	1.706590227085865e+29
-0.0	-2.7201296780188226e+24	1.7067660268045635e+29
-0.0	9.807318271938623e+24	1.706260551565137e+29
-0.0	-9.837848115368042e+24	1.7075749005894473e+29
-0.0	1.9301443315587426e+25	1.7047590546740033e+29
-0.0	7.683755147951904e+25	1.711367313534147e+29
-0.0	4.4049573383865985e+24	1.7051389943956433e+29
-0.0	3.966019533662177e+26	1.7083847406915658e+29
-0.0	-4.727380074880744e+26	1.711671361995207e+29
-0.0	1.3076300447691358e+27	1.7135822945232345e+29
-0.0	-2.0389822571175627e+27	1.6686059335995158e+29
-0.0	1.5046564776560202e+27	1.711507133036145e+29
-0.0	-2.485506977777896e+27	1.8401329207075312e+29
-0.0	-2.111768885241549e+27	6.656574535991789e+28
-0.0	1.0595298554086017e+28	2.6865037401811187e+29
-0.0	-5.1244999254399655e+28	-9.670391400209709e+28
-0.0	2.7719303929037012e+29	4.380039131501421e+29
-0.0	-8.573098085529256e+28	-3.269363873894698e+23
-0.0	1.934857109110122e+28	2.6271459272532024e+22
-0.0	-6.748633760858426e+28	-7.736928665812212e+27
-0.0	1.3290737890092313e+28	-4.594597558351818e+27
-0.0	-2.930100823892404e+27	1.1698664166312705e+28
-0.0	1.3607565141395446e+27	-5.1660158695929745e+26
-0.0	2.192921860972675e+26	7.728351801299847e+27
-0.0	-2.501163982399435e+26	5.935856280475897e+27
-0.0	4.385802658584615e+26	6.440316631536118e+27
-0.0	-2.5959048536296035e+26	6.044352696447133e+27
-0.0	7.521652295876956e+25	6.347207087199165e+27
-0.0	-8.000714933783478e+25	6.189552944722157e+27
-0.0	2.596930742550661e+24	6.229732408684061e+27
-0.0	-2.8346015083406116e+25	6.254065251458089e+27
-0.0	2.594856998506236e+24	6.225904980490665e+27
-0.0	-8.40489278014803e+23	6.244452972544069e+27
-0.0	-1.4829176428512507e+23	6.235269645291684e+27
-0.0	4.7541808578569726e+23	6.239245764922991e+27
-0.0	-3.683951770390059e+23	6.237601037839018e+27
-0.0	8.058801365642417e+23	6.239429618516617e+27
-0.0	-5.226345021974286e+23	6.238606434797431e+27
-0.0	5.2263450270577565e+23	6.238606434797442e+27
-0.0	-8.058801355969788e+23	6.239429618516619e+27
-0.0	3.683951762922238e+23	6.237601037837475e+27
-0.0	-4.7541808713499546e+23	6.239245764922087e+27
-0.0	1.4829176395038067e+23	6.235269645292196e+27
-0.0	8.404892790026783e+23	6.244452972543957e+27
-0.0	-2.594856999965107e+24	6.225904980490872e+27
-0.0	2.8346015083334927e+25	6.254065251456109e+27
-0.0	-2.59693074225025e+24	6.229732408681345e+27
-0.0	8.000714933848335e+25	6.189552944722898e+27
-0.0	-7.521652295799365e+25	6.347207087199465e+27
-0.0	2.595904853604417e+26	6.04435269644705e+27
-0.0	-4.385802658559309e+26	6.440316631534952e+27
-0.0	2.5011639823783805e+26	5.935856280477453e+27
-0.0	-2.1929218609772936e+26	7.72835180130446e+27
-0.0	-1.3607565141373648e+27	-5.166015869608772e+26
-0.0	2.930100823884549e+27	1.1698664166310416e+28
-0.0	-1.329073789009845e+28	-4.594597558352684e+27
-0.0	6.748633760856776e+28	-7.736928665805731e+27
-0.0	-1.9348571091098002e+28	2.6271459360341305e+22
-0.0	-3.279016264969757e+27	1.4259343237167329e+22
-0.0	7.884701346239896e+27	7.94627686611529e+27
-0.0	-1.1997856106670787e+27	-5.87981130721987e+26
-0.0	3.345409751315572e+26	1.7604881435199876e+27
-0.0	3.0770499686340977e+26	1.1349783044433815e+27
-0.0	-3.515117235497387e+26	1.280491468868219e+27
-0.0	1.413599387944088e+26	1.436215793149157e+27
-0.0	-1.30597193118867e+26	1.2756580228555192e+27
-0.0	9.811813317710178e+25	1.4182337973002943e+27
-0.0	-4.698873626550896e+25	1.3571029725647335e+27
-0.0	2.9277802794814512e+25	1.382649036518002e+27
-0.0	2.497502648785151e+24	1.3700876154012e+27
-0.0	-2.030021897828361e+24	1.3745979067820302e+27
-0.0	5.313944388734826e+24	1.3703005513756154e+27
-0.0	-2.43673158043181e+24	1.3708760626876678e+27
-0.0	1.8138715843026162e+24	1.370709761594396e+27
-0.0	-2.4707225110070274e+23	1.3706865067272442e+27
-0.0	7.278637727162952e+23	1.3707441255111795e+27
-0.0	-4.715261207937401e+23	1.3706743358434277e+27
-0.0	3.043456840189999e+23	1.370741815155049e+27
-0.0	-3.0434568407134414e+23	1.3707418151546297e+27
-0.0	4.715261201845427e+23	1.370674335843281e+27
-0.0	-7.278637717145803e+23	1.370744125511335e+27
-0.0	2.470722513135399e+23	1.3706865067265908e+27
-0.0	-1.813871583982203e+24	1.3707097615945766e+27
-0.0	2.4367315793214683e+24	1.370876062687568e+27
-0.0	-5.313944387329732e+24	1.3703005513758626e+27
-0.0	2.030021898810292e+24	1.3745979067829585e+27
-0.0	-2.497502648779814e+24	1.3700876154004707e+27
-0.0	-2.927780279635252e+25	1.3826490365157416e+27
-0.0	4.698873626503213e+25	1.3571029725647915e+27
-0.0	-9.811813317535933e+25	1.4182337973004205e+27
-0.0	1.305971931169212e+26	1.275658022854904e+27
-0.0	-1.4135993879285886e+26	1.4362157931487047e+27
-0.0	3.515117235505225e+26	1.2804914688651262e+27
-0.0	-3.0770499687209165e+26	1.1349783044386093e+27
-0.0	-3.345409751235542e+26	1.7604881435209346e+27
-0.0	1.1997856106660653e+27	-5.879811307221061e+26
-0.0	-7.884701346236794e+27	7.946276866115076e+27
-0.0	3.2790162649700355e+27	1.4259343221262123e+22
-0.0	-4.5735787263941545e+27	-1.088828237827407e+22
-0.0	1.4374337845747579e+28	-4.000918266174515e+27
-0.0	-2.890143061036786e+27	1.7792634359447496e+26
-0.0	8.035386565481467e+26	-6.656984248717753e+26
-0.0	-2.0062363313212917e+26	-5.9403572379272136e+26
-0.0	-2.117808036880652e+26	-5.0451298793069684e+26
-0.0	1.1657339988889134e+26	-6.1617673217087205e+26
-0.0	-1.483346777730461e+26	-5.2684933579422006e+26
-0.0	9.867651681559046e+25	-6.050547746549898e+26
-0.0	-3.763329915113458e+25	-5.690135269361451e+26
-0.0	3.014220798611404e+25	-5.846737717506527e+26
-0.0	6.527160357860595e+23	-5.777129324139223e+26
-0.0	4.8162942006818557e+24	-5.7945720560678105e+26
-0.0	1.9861236651824823e+24	-5.7788719420673525e+26
-0.0	-9.834320959238806e+23	-5.778052092402482e+26
-0.0	8.876195887424479e+23	-5.7790507978635694e+26
-0.0	-2.123130160438989e+23	-5.778145361618953e+26
-0.0	4.183670763269648e+23	-5.778740255381055e+26
-0.0	-3.874830809699798e+23	-5.778047888312283e+26
-0.0	2.50216361141769e+23	-5.778537857140705e+26
-0.0	-2.5021636127693737e+23	-5.7785378571437176e+26
-0.0	3.874830806103244e+23	-5.778047888315876e+26
-0.0	-4.1836707564608375e+23	-5.7787402553772724e+26
-0.0	2.123130163071425e+23	-5.778145361619817e+26
-0.0	-8.876195885501806e+23	-5.779050797866247e+26
-0.0	9.834320951863361e+23	-5.7780520924028895e+26
-0.0	-1.9861236643224408e+24	-5.778871942066705e+26
-0.0	-4.816294200013477e+24	-5.794572056061503e+26
-0.0	-6.527160357902848e+23	-5.777129324142302e+26
-0.0	-3.014220798714589e+25	-5.846737717523109e+26
-0.0	3.763329915077169e+25	-5.690135269362037e+26
-0.0	-9.867651681434985e+25	-6.0505477465485484e+26
-0.0	1.4833467777165178e+26	-5.26849335794861e+26
-0.0	-1.1657339988799269e+26	-6.161767321712238e+26
-0.0	2.1178080368871184e+26	-5.0451298793229436e+26
-0.0	2.0062363312712282e+26	-5.940357237957644e+26
-0.0	-8.03538656542536e+26	-6.656984248711709e+26
-0.0	2.8901430610370316e+27	1.7792634359451238e+26
-0.0	-1.437433784574391e+28	-4.000918266173246e+27
-0.0	4.5735787263938444e+27	-1.0888282393998046e+22
-0.0	-1.2418905845856351e+27	1.8230548246268e+21
-0.0	4.2055116446264394e+27	1.8124794915544504e+27
-0.0	-1.0650626920268262e+27	-1.7514602439396289e+25
-0.0	3.5157281612121276e+26	2.033328086290757e+26
-0.0	-2.0459137794817188e+26	2.8231532504833065e+26
-0.0	-1.8362689749254414e+25	1.6619721440134775e+26
-0.0	2.114739911018149e+25	2.3244262864595788e+26
-0.0	-3.8107108670756602e+25	1.8775273773804632e+26
-0.0	2.3373412843884274e+25	2.2642267294836875e+26
-0.0	-6.764018661287613e+24	2.0753764980068467e+26
-0.0	7.397636330323035e+24	2.1597283092149332e+26
-0.0	-2.9410790306390367e+23	2.1249335501098852e+26
-0.0	2.8173354017038436e+24	2.130602999470607e+26
-0.0	-3.405447731653787e+23	2.126099322677493e+26
-0.0	1.2116357826059106e+23	2.1240843892399615e+26
-0.0	-1.499587260768325e+22	2.125343043635446e+26
-0.0	-4.23711357301339e+22	2.124592011336796e+26
-0.0	2.4113385436253394e+22	2.1250014232246144e+26
-0.0	-7.152109531294534e+22	2.1245305035515678e+26
-0.0	4.634939025727707e+22	2.1248231041536943e+26
-0.0	-4.63493902746176e+22	2.1248231041532384e+26
-0.0	7.152109527467733e+22	2.1245305035503855e+26
-0.0	-2.411338534403051e+22	2.1250014232232785e+26
-0.0	4.237113580122991e+22	2.124592011336431e+26
-0.0	1.4995872613942935e+22	2.1253430436353776e+26
-0.0	-1.211635784229093e+23	2.124084389239845e+26
-0.0	3.405447732982009e+23	2.126099322677441e+26
-0.0	-2.8173354015716074e+24	2.1306029994702282e+26
-0.0	2.9410790306115713e+23	2.1249335501080597e+26
-0.0	-7.39763633052976e+24	2.1597283092122985e+26
-0.0	6.764018661221919e+24	2.0753764980068316e+26
-0.0	-2.3373412843683437e+25	2.264226729483438e+26
-0.0	3.810710867057881e+25	1.877527377380366e+26
-0.0	-2.114739911006412e+25	2.3244262864589136e+26
-0.0	1.8362689749353024e+25	1.661972144009432e+26
-0.0	2.0459137794762776e+26	2.823153250481288e+26
-0.0	-3.515728161201116e+26	2.03332808629307e+26
-0.0	1.0650626920270943e+27	-1.7514602439371096e+25
-0.0	-4.2055116446257006e+27	1.812479491554374e+27
-0.0	1.2418905845854543e+27	1.8230548225941056e+21
-0.0	4.704417850875843e+26	9.037421466065049e+20
-0.0	-1.4855552834412335e+27	-7.190642319313412e+26
-0.0	1.2582414107699535e+26	-3.7846647704845627e+25
-0.0	5.981989789902893e+24	-1.3792607311645057e+25
-0.0	-7.116828989342024e+25	-1.1883204554499907e+26
-0.0	4.588475151276513e+25	-2.2617158325158876e+25
-0.0	-2.0076864469544097e+25	-5.9278865531290115e+25
-0.0	1.973254147582021e+25	-3.874340754294282e+25
-0.0	-1.3860082527212966e+25	-5.624518967206574e+25
-0.0	6.42531159327615e+24	-4.7064859187905245e+25
-0.0	-4.0620991436943863e+24	-5.129610614591186e+25
-0.0	-3.421933332387176e+23	-4.969933623092622e+25
-0.0	2.6775976742723595e+23	-4.977392585386181e+25
-0.0	-7.327521253404962e+23	-4.9767684285829725e+25
-0.0	3.3643615221659053e+23	-4.957807262926404e+25
-0.0	-2.505738131430785e+23	-4.968179588259364e+25
-0.0	3.4306078977794784e+22	-4.9628899253852355e+25
-0.0	-1.0058509921453037e+23	-4.9654625259849455e+25
-0.0	6.555143101862536e+22	-4.962551573416642e+25
-0.0	-4.229893130323413e+22	-4.964169341843498e+25
-0.0	4.229893134613303e+22	-4.964169341845819e+25
-0.0	-6.555143094231062e+22	-4.9625515734165466e+25
-0.0	1.0058509907356665e+23	-4.965462525992264e+25
-0.0	-3.4306078966787554e+22	-4.962889925386129e+25
-0.0	2.5057381308989824e+23	-4.968179588264657e+25
-0.0	-3.364361521162861e+23	-4.957807262926159e+25
-0.0	7.327521251662495e+23	-4.976768428587321e+25
-0.0	-2.6775976750341535e+23	-4.977392585401851e+25
-0.0	3.421933332555509e+23	-4.969933623100203e+25
-0.0	4.0620991438420956e+24	-5.129610614563544e+25
-0.0	-6.425311593222481e+24	-4.706485918790306e+25
-0.0	1.3860082526969257e+25	-5.624518967203507e+25
-0.0	-1.9732541475552608e+25	-3.874340754285781e+25
-0.0	2.007686446935986e+25	-5.927886553121163e+25
-0.0	-4.588475151287592e+25	-2.261715832478847e+25
-0.0	7.116828989437498e+25	-1.18832045544455e+26
-0.0	-5.981989790637647e+24	-1.3792607311753709e+25
-0.0	-1.2582414107695168e+26	-3.784664770482401e+25
-0.0	1.48555528344075e+27	-7.190642319312757e+26
-0.0	-4.70441785087614e+26	9.037421480345448e+20
-0.0	5.830621269438502e+26	-1.535602160357213e+21
-0.0	-1.9556893609016816e+27	2.1889244745956806e+26
-0.0	3.198531802531852e+26	4.633866609044818e+25
-0.0	-7.550363802495485e+25	-4.757518349849185e+25
-0.0	1.485026897228231e+24	3.986468871601496e+25
-0.0	3.4882765229805096e+25	-2.7201003486395938e+25
-0.0	-1.885818255360026e+25	-8.244839142873186e+24
-0.0	2.3054697861348664e+25	-1.659375857003277e+25
-0.0	-1.5230926632003637e+25	-9.650989821582751e+24
-0.0	6.010651892621852e+24	-1.3716233012746932e+25
-0.0	-4.596452730330484e+24	-1.1762536798959617e+25
-0.0	-1.5559409430447134e+23	-1.2411155848885826e+25
-0.0	-5.322492917236554e+23	-1.2498912458120103e+25
-0.0	-4.066085760675065e+23	-1.2372420994736258e+25
-0.0	1.954471439718631e+23	-1.2511482946624682e+25
-0.0	-1.6466558936487308e+23	-1.2439890334199178e+25
-0.0	3.3690260987625318e+22	-1.2472847897619404e+25
-0.0	-7.375119474201895e+22	-1.2458051147871454e+25
-0.0	6.217712102966199e+22	-1.247473370007977e+25
-0.0	-4.013342914544765e+22	-1.2466329225019002e+25
-0.0	4.013342917314738e+22	-1.2466329225031696e+25
-0.0	-6.217712093231625e+22	-1.2474733700087084e+25
-0.0	7.375119462393515e+22	-1.2458051147908846e+25
-0.0	-3.369026099754864e+22	-1.2472847897616224e+25
-0.0	1.646655893303271e+23	-1.2439890334175979e+25
-0.0	-1.9544714388900296e+23	-1.2511482946652038e+25
-0.0	4.066085759205789e+23	-1.237242099474726e+25
-0.0	5.322492916558278e+23	-1.249891245823814e+25
-0.0	1.5559409432143623e+23	-1.241115584887481e+25
-0.0	4.596452730446532e+24	-1.1762536798683728e+25
-0.0	-6.010651892566275e+24	-1.3716233012744413e+25
-0.0	1.5230926631783825e+25	-9.650989821571861e+24
-0.0	-2.305469786111006e+25	-1.6593758569960964e+25
-0.0	1.8858182553459233e+25	-8.244839142829154e+24
-0.0	-3.488276522993156e+25	-2.7201003486136676e+25
-0.0	-1.4850268964934164e+24	3.986468871648961e+25
-0.0	7.550363802424301e+25	-4.757518349859238e+25
-0.0	-3.198531802532306e+26	4.633866609044949e+25
-0.0	1.955689360901259e+27	2.1889244745954363e+26
-0.0	-5.830621269438325e+26	-1.5356021594558148e+21
-0.0	2.8792374047258267e+26	7.77246502618255e+20
-0.0	-9.775138380445038e+26	-1.7373703120349555e+25
-0.0	1.7680314024554775e+26	-3.7854776370995056e+25
-0.0	-4.767044887754644e+25	5.518925923017727e+25
-0.0	1.267526714050894e+25	-5.816782539950684e+24
-0.0	1.4469734733927217e+25	3.631012414088898e+25
-0.0	-8.677749195984412e+24	2.7225947455217417e+25
-0.0	1.145332168371507e+25	2.9914819694337493e+25
-0.0	-7.407650373888064e+24	2.780688482078218e+25
-0.0	2.7590897513138327e+24	2.9356846343364592e+25
-0.0	-2.2558480026285026e+24	2.855754116882955e+25
-0.0	-4.179983015007215e+22	2.8764102166170405e+25
-0.0	-3.861520144746148e+23	2.88808567505769e+25
-0.0	-1.36261457745129e+23	2.8744820052169255e+25
-0.0	6.815555509160961e+22	2.8835953720421013e+25
-0.0	-6.296355756616278e+22	2.879073105910474e+25
-0.0	1.5838804573820553e+22	2.8810271650715286e+25
-0.0	-3.0221249697268028e+22	2.880226971482185e+25
-0.0	2.8721774779266484e+22	2.881115073821963e+25
-0.0	-1.853628699369339e+22	2.880713719943005e+25
-0.0	1.853628700808994e+22	2.8807137199445233e+25
-0.0	-2.872177472778569e+22	2.8811150738214448e+25
-0.0	3.022124963098827e+22	2.8802269714783705e+25
-0.0	-1.5838804587228881e+22	2.881027165071309e+25
-0.0	6.296355754756722e+22	2.879073105909182e+25
-0.0	-6.815555506153959e+22	2.8835953720405512e+25
-0.0	1.3626145768137038e+23	2.8744820052164543e+25
-0.0	3.861520144486188e+23	2.8880856750494624e+25
-0.0	4.179983015404441e+22	2.876410216615777e+25
-0.0	2.2558480026726631e+24	2.855754116893516e+25
-0.0	-2.759089751282043e+24	2.9356846343369355e+25
-0.0	7.407650373785397e+24	2.7806884820791624e+25
-0.0	-1.1453321683603952e+25	2.9914819694382547e+25
-0.0	8.677749195918161e+24	2.7225947455239033e+25
-0.0	-1.4469734733982032e+25	3.631012414100714e+25
-0.0	-1.2675267140208204e+25	-5.816782539766065e+24
-0.0	4.767044887722659e+25	5.518925923010395e+25
-0.0	-1.768031402455861e+26	-3.785477637099851e+25
-0.0	9.775138380443198e+26	-1.7373703120388091e+25
-0.0	-2.8792374047256422e+26	7.772465040458653e+20
-0.0	9.459624290944211e+25	-1.671158696907753e+20
-0.0	-3.159394193589874e+26	-4.633566539292687e+25
-0.0	6.0023616112589915e+25	2.5993474545682165e+25
-0.0	-1.7188625332716235e+25	-4.45633650129394e+25
-0.0	6.382966789295747e+24	-6.242772775573101e+24
-0.0	4.114171683696765e+24	-3.0715995677048503e+25
-0.0	-2.6757089482784126e+24	-2.6772142446024e+25
-0.0	3.7132448571607683e+24	-2.7117081199986267e+25
-0.0	-2.367368297411463e+24	-2.6959671725892925e+25
-0.0	8.479474239899854e+23	-2.7385490072632243e+25
-0.0	-7.24641043548921e+23	-2.712249582967628e+25
-0.0	-6.466818170168532e+21	-2.7149548508733684e+25
-0.0	-1.492725779997038e+23	-2.7245467362973435e+25
-0.0	-3.0940900503612845e+22	-2.714061390422008e+25
-0.0	1.6284668383444808e+22	-2.719447238962718e+25
-0.0	-1.6697644804197874e+22	-2.7168620691654483e+25
-0.0	4.963561708293961e+21	-2.7179187913559267e+25
-0.0	-8.495926686530941e+21	-2.717512547458877e+25
-0.0	8.854412713747564e+21	-2.71795336723938e+25
-0.0	-5.731746602040801e+21	-2.717781148958164e+25
-0.0	5.731746610697921e+21	-2.7177811489574847e+25
-0.0	-8.854412701473763e+21	-2.717953367239669e+25
-0.0	8.49592666269142e+21	-2.7175125474594492e+25
-0.0	-4.963561698367697e+21	-2.717918791356449e+25
-0.0	1.669764479532493e+22	-2.7168620691655853e+25
-0.0	-1.6284668377993522e+22	-2.719447238962763e+25
-0.0	3.0940900484010903e+22	-2.7140613904225325e+25
-0.0	1.4927257799034766e+23	-2.724546736299406e+25
-0.0	6.466818178680538e+21	-2.714954850874269e+25
-0.0	7.246410435603097e+23	-2.7122495829655243e+25
-0.0	-8.479474239811598e+23	-2.7385490072623013e+25
-0.0	2.3673682973805808e+24	-2.6959671725887273e+25
-0.0	-3.713244857120516e+24	-2.7117081199986293e+25
-0.0	2.675708948251771e+24	-2.677214244601711e+25
-0.0	-4.1141716837115823e+24	-3.07159956770057e+25
-0.0	-6.382966789209816e+24	-6.242772775505982e+24
-0.0	1.718862533261009e+25	-4.456336501294713e+25
-0.0	-6.002361611261894e+25	2.5993474545683007e+25
-0.0	3.1593941935891946e+26	-4.633566539295374e+25
-0.0	-9.459624290943217e+25	-1.6711586903591682e+20
-0.0	2.329250601505595e+25	9.118108976466393e+19
-0.0	-7.36182823342154e+25	5.362796804609097e+25
-0.0	1.4303652697262086e+25	-1.5932568469505467e+25
-0.0	-4.2347505604414234e+24	3.082931910120777e+25
-0.0	1.8243852383288168e+24	8.578622756750628e+24
-0.0	8.651403148242653e+23	2.183905305918114e+25
-0.0	-6.011985483072413e+23	2.0388796387961044e+25
-0.0	8.664694811682063e+23	1.9952881168845473e+25
-0.0	-5.4509945396175214e+23	2.0415821894340897e+25
-0.0	1.8915247565641985e+23	2.040300444394947e+25
-0.0	-1.6724649482113645e+23	2.0364506839863752e+25
-0.0	-9.846013044282212e+19	2.033065370104557e+25
-0.0	-3.89037931331864e+22	2.0397548523254757e+25
-0.0	-4.913302082942256e+21	2.0327066430995823e+25
-0.0	2.7388990589855654e+21	2.035720699173885e+25
-0.0	-3.2251163027986087e+21	2.0343161324217417e+25
-0.0	1.1135263624309186e+21	2.034851145235335e+25
-0.0	-1.7355681406542723e+21	2.0346636868395807e+25
-0.0	1.9899452201651192e+21	2.0348666421222146e+25
-0.0	-1.2805038759137994e+21	2.0348024494101955e+25
-0.0	1.2805038812825605e+21	2.0348024494100593e+25
-0.0	-1.989945221025583e+21	2.034866642122381e+25
-0.0	1.735568132292934e+21	2.0346636868399526e+25
-0.0	-1.1135263528440901e+21	2.0348511452346714e+25
-0.0	3.2251162991121395e+21	2.034316132421485e+25
-0.0	-2.7388990611334984e+21	2.035720699173366e+25
-0.0	4.913302079462628e+21	2.032706643099537e+25
-0.0	3.890379313202821e+22	2.0397548523250634e+25
-0.0	9.846013351371278e+19	2.033065370103983e+25
-0.0	1.672464948202137e+23	2.0364506839866084e+25
-0.0	-1.891524756538609e+23	2.0403004443951418e+25
-0.0	5.450994539542507e+23	2.0415821894344135e+25
-0.0	-8.664694811560294e+23	1.9952881168840894e+25
-0.0	6.0119854829838155e+23	2.0388796387959614e+25
-0.0	-8.651403148270966e+23	2.1839053059188607e+25
-0.0	-1.8243852383103382e+24	8.578622756764035e+24
-0.0	4.2347505604121076e+24	3.0829319101205646e+25
-0.0	-1.4303652697276157e+25	-1.593256846950848e+25
-0.0	7.361828233418952e+25	5.362796804607135e+25
-0.0	-2.3292506015051377e+25	9.118108987022967e+19
-0.0	4.440271235483084e+24	-1.200504472201433e+19
-0.0	-1.2770778899883354e+25	-4.253538878538597e+25
-0.0	2.437560126937729e+24	8.871623380424302e+24
-0.0	-7.395208066386335e+23	-1.9386177725213133e+25
-0.0	3.3424965507651805e+23	-7.332712560864208e+24
-0.0	1.432347244902708e+23	-1.4023600041786018e+25
-0.0	-1.0281692465785996e+23	-1.3667072336734025e+25
-0.0	1.5181458085604436e+23	-1.3102833801854258e+25
-0.0	-9.390233894314018e+22	-1.3638792764952387e+25
-0.0	3.1683098382594455e+22	-1.3498992457643807e+25
-0.0	-2.880621241883364e+22	-1.353607277699221e+25
-0.0	1.4266439552839995e+20	-1.349262557993414e+25
-0.0	-7.348267984557755e+21	-1.3534319141398447e+25
-0.0	-5.282190297460853e+20	-1.3491350923260998e+25
-0.0	3.20916994408182e+20	-1.3506929241249118e+25
-0.0	-4.752775068337158e+20	-1.3499891909934715e+25
-0.0	1.8376895400599005e+20	-1.3502398280415922e+25
-0.0	-2.732139538801762e+20	-1.350161937785411e+25
-0.0	3.3222006842601295e+20	-1.3502436622395446e+25
-0.0	-2.1563822104891123e+20	-1.3502277082439433e+25
-0.0	2.1563822406370676e+20	-1.3502277082439136e+25
-0.0	-3.322200706504079e+20	-1.3502436622398658e+25
-0.0	2.7321395092746306e+20	-1.3501619377853506e+25
-0.0	-1.8376894876210315e+20	-1.3502398280416106e+25
-0.0	4.752775056261563e+20	-1.3499891909935282e+25
-0.0	-3.209169966295278e+20	-1.350692924124853e+25
-0.0	5.2821902908792216e+20	-1.3491350923261346e+25
-0.0	7.348267985210032e+21	-1.3534319141399198e+25
-0.0	-1.4266439526095133e+20	-1.3492625579932846e+25
-0.0	2.880621241779885e+22	-1.3536072776991346e+25
-0.0	-3.1683098381920464e+22	-1.3498992457645806e+25
-0.0	9.390233894172118e+22	-1.3638792764950332e+25
-0.0	-1.5181458085388627e+23	-1.310283380185409e+25
-0.0	1.0281692465584595e+23	-1.3667072336732957e+25
-0.0	-1.4323472449075791e+23	-1.4023600041780894e+25
-0.0	-3.342496550736486e+23	-7.332712560864074e+24
-0.0	7.395208066340327e+23	-1.9386177725211445e+25
-0.0	-2.4375601269415404e+24	8.871623380424417e+24
-0.0	1.277077889987585e+25	-4.253538878538875e+25
-0.0	-4.4402712354815577e+24	-1.2005044710624997e+19
-0.0	5.8544692149188224e+23	3.832801624476372e+17
-0.0	-1.570633081871343e+24	2.8714040062483744e+25
-0.0	2.6378042224365433e+23	-4.479515185412513e+24
-0.0	-8.795846144710853e+22	1.1312507101050866e+25
-0.0	3.5072144078559756e+22	5.229712100662599e+24
-0.0	2.0377964376316378e+22	8.330955621406246e+24
-0.0	-1.3915190425169347e+22	8.386055476086134e+24
-0.0	2.052861691245592e+22	7.921363307281826e+24
-0.0	-1.227951966626759e+22	8.347775482557891e+24
-0.0	4.0152882130597115e+21	8.204461618644481e+24
-0.0	-3.7603137210961227e+21	8.255058764116661e+24
-0.0	3.923023759903745e+19	8.219456199872084e+24
-0.0	-1.0343905181901897e+21	8.243546628140555e+24
-0.0	-2.973344435097363e+19	8.219192788634424e+24
-0.0	2.9030890073590686e+19	8.226729813988439e+24
-0.0	-5.036588129008943e+19	8.223470476303454e+24
-0.0	2.5064773922658714e+19	8.224507321571317e+24
-0.0	-3.1947062476051927e+19	8.224249700137462e+24
-0.0	4.277288312399369e+19	8.224507894977517e+24
-0.0	-2.7438060583374746e+19	8.224525466250331e+24
-0.0	2.743806253014428e+19	8.224525466248771e+24
-0.0	-4.2772884412218925e+19	8.224507894976679e+24
-0.0	3.194706039274064e+19	8.224249700140384e+24
-0.0	-2.5064770616537055e+19	8.22450732157113e+24
-0.0	5.0365881153239015e+19	8.223470476301605e+24
-0.0	-2.903089209581477e+19	8.226729813986686e+24
-0.0	2.9733444503231836e+19	8.219192788635394e+24
-0.0	1.0343905185235897e+21	8.243546628139081e+24
-0.0	-3.92302377669959e+19	8.219456199874143e+24
-0.0	3.7603137206691095e+21	8.255058764116674e+24
-0.0	-4.0152882131107735e+21	8.204461618646367e+24
-0.0	1.2279519665764136e+22	8.347775482558485e+24
-0.0	-2.0528616911704957e+22	7.921363307282204e+24
-0.0	1.3915190425549596e+22	8.386055476085568e+24
-0.0	-2.0377964376644624e+22	8.330955621405883e+24
-0.0	-3.507214407831425e+22	5.2297121006629e+24
-0.0	8.79584614465779e+22	1.1312507101053415e+25
-0.0	-2.637804222448594e+23	-4.4795151854129557e+24
-0.0	1.5706330818685442e+24	2.871404006248176e+25
-0.0	-5.8544692149148676e+23	3.832801658311439e+17
-0.0	8.896664590578296e+21	3.670148637730355e+18
-0.0	-8.744455296992106e+22	-1.757433180883755e+25
-0.0	3.463588744673292e+21	1.99488749653552e+24
-0.0	-5.864803584885445e+21	-6.197601906540857e+24
-0.0	5.568330887713504e+20	-3.369703032646675e+24
-0.0	2.710324594095657e+21	-4.646672129284293e+24
-0.0	-1.5190559896252543e+21	-4.812388584318731e+24
-0.0	2.1252661106944214e+21	-4.489143865813573e+24
-0.0	-1.1901328285464202e+21	-4.779836124653589e+24
-0.0	3.78936802783666e+20	-4.6702552956595587e+24
-0.0	-3.731595830292538e+20	-4.712462740815446e+24
-0.0	6.205316261323684e+18	-4.6877989730115056e+24
-0.0	-1.1071730612835702e+20	-4.700909101104157e+24
-0.0	-2.923512837108799e+17	-4.687966222187795e+24
-0.0	1.50547921128494e+18	-4.691249436990055e+24
-0.0	-4.1569043431836984e+18	-4.6899129773224264e+24
-0.0	2.3510235396642345e+18	-4.690279192062542e+24
-0.0	-2.9780368940542505e+18	-4.6902366274648854e+24
-0.0	4.162941129673448e+18	-4.6902704610689296e+24
-0.0	-2.7306799505580923e+18	-4.690335104169443e+24
-0.0	2.7306806613201137e+18	-4.690335104170358e+24
-0.0	-4.162941279316356e+18	-4.6902704610704634e+24
-0.0	2.9780354223076096e+18	-4.6902366274649294e+24
-0.0	-2.351021803285409e+18	-4.6902791920626364e+24
-0.0	4.1569045348244413e+18	-4.689912977324456e+24
-0.0	-1.5054802579394468e+18	-4.691249436990141e+24
-0.0	2.9235138954700326e+17	-4.6879662221880327e+24
-0.0	1.1071730633213338e+20	-4.700909101102994e+24
-0.0	-6.205316644403289e+18	-4.687798973011199e+24
-0.0	3.731595830969108e+20	-4.7124627408160676e+24
-0.0	-3.789368026936702e+20	-4.670255295659541e+24
-0.0	1.1901328283208295e+21	-4.779836124652501e+24
-0.0	-2.1252661106839438e+21	-4.4891438658143574e+24
-0.0	1.5190559902430205e+21	-4.812388584319166e+24
-0.0	-2.7103245944474913e+21	-4.6466721292826616e+24
-0.0	-5.568330890358232e+20	-3.3697030326475236e+24
-0.0	5.86480358531737e+21	-6.197601906539769e+24
-0.0	-3.4635887455177456e+21	1.9948874965361372e+24
-0.0	8.744455297097576e+22	-1.7574331808838288e+25
-0.0	-8.896664590536946e+21	3.6701486377755377e+18
-0.0	-2.0725583617542767e+22	-3.4496108893731386e+17
-0.0	1.4643348792236608e+22	9.909588725492999e+24
-0.0	-4.3135731849069614e+21	-7.226190744816527e+23
-0.0	-2.9912178293672444e+20	3.1555804451152706e+24
-0.0	3.535009190108786e+19	1.9897491620052645e+24
-0.0	2.3820386950816776e+20	2.409838263106479e+24
-0.0	-8.272288122797061e+19	2.5679442636480955e+24
-0.0	1.1372142892381263e+20	2.3664270624905614e+24
-0.0	-5.670936816781253e+19	2.5452176819066244e+24
-0.0	2.2400513625475555e+19	2.472728499680993e+24
-0.0	-2.5886951588239954e+19	2.502078385693136e+24
-0.0	6.301537802999048e+17	2.486790574826375e+24
-0.0	-8.704270224839132e+18	2.4933873297632343e+24
-0.0	1.7798695468874627e+17	2.4870705966190067e+24
-0.0	3.1918198820596092e+16	2.4882878292484456e+24
-0.0	-2.2916131041457744e+17	2.4878337295148896e+24
-0.0	1.7994154186084714e+17	2.4879145356099057e+24
-0.0	-2.095739154946665e+17	2.487943110994289e+24
-0.0	3.2460805181561805e+17	2.4878991828693454e+24
-0.0	-2.0533834475115194e+17	2.487963092729172e+24
-0.0	2.0533849750887443e+17	2.487963092729552e+24
-0.0	-3.2460761417254214e+17	2.48789918286892e+24
-0.0	2.0957302520095392e+17	2.4879431109933683e+24
-0.0	-1.799407378012957e+17	2.487914535610306e+24
-0.0	2.291613992777061e+17	2.487833729514525e+24
-0.0	-3.1918740821647988e+16	2.4882878292485476e+24
-0.0	-1.7798692772914947e+17	2.4870705966193234e+24
-0.0	8.704270351618791e+18	2.4933873297630523e+24
-0.0	-6.301539756972056e+17	2.4867905748265233e+24
-0.0	2.5886951582449947e+19	2.502078385693572e+24
-0.0	-2.2400513646126395e+19	2.4727284996814227e+24
-0.0	5.670936814738195e+19	2.5452176819066094e+24
-0.0	-1.1372142898188352e+20	2.3664270624910298e+24
-0.0	8.272288166662249e+19	2.567944263647669e+24
-0.0	-2.382038697402673e+20	2.4098382631058246e+24
-0.0	-3.5350092116448424e+19	1.9897491620055847e+24
-0.0	2.991217833768663e+20	3.155580445115514e+24
-0.0	4.313573184537163e+21	-7.226190744818183e+23
-0.0	-1.4643348790879516e+22	9.909588725492937e+24
-0.0	2.0725583617512274e+22	-3.449610890427156e+17
-0.0	-4.5514781439939266e+21	-6.744610640239163e+17
-0.0	2.3098325533458854e+21	-5.231660597923643e+24
-0.0	1.8330775778213567e+20	1.4175199940583822e+23
-0.0	-2.969155247981043e+20	-1.4988801723219942e+24
-0.0	3.850509236342712e+20	-1.1063692846066587e+24
-0.0	-5.970685560430115e+19	-1.1693385779403877e+24
-0.0	3.3623540328312332e+19	-1.2863172280773156e+24
-0.0	-3.1616087722754904e+19	-1.1697019585742125e+24
-0.0	1.2601080931616592e+19	-1.2723200659584596e+24
-0.0	-6.720164810245976e+17	-1.2283235568617504e+24
-0.0	-6.914551881955165e+17	-1.2466876813273252e+24
-0.0	-1.448672125283326e+16	-1.237810460997789e+24
-0.0	-4.75907774843823e+17	-1.240951488981289e+24
-0.0	9601261941231716.0	-1.23809141102571e+24
-0.0	1985754183941993.0	-1.2384238065826565e+24
-0.0	-1.3671737927300748e+16	-1.238354664797285e+24
-0.0	1.053903498491782e+16	-1.2383293183319316e+24
-0.0	-1.3941220285211878e+16	-1.2383742877795245e+24
-0.0	2.0010117442582964e+16	-1.2383179945973074e+24
-0.0	-1.2784130252101926e+16	-1.238364438624898e+24
-0.0	1.2784278945109852e+16	-1.2383644386247786e+24
-0.0	-2.001012300241886e+16	-1.2383179945976534e+24
-0.0	1.394085556959864e+16	-1.2383742877796764e+24
-0.0	-1.0538566264613276e+16	-1.238329318332148e+24
-0.0	1.3671749431028084e+16	-1.238354664797544e+24
-0.0	-1986008300152293.5	-1.238423806582697e+24
-0.0	-9601211882649836.0	-1.2380914110258046e+24
-0.0	4.759078254964278e+17	-1.2409514889814907e+24
-0.0	1.4486623131545574e+16	-1.2378104609980092e+24
-0.0	6.914552262932602e+17	-1.2466876813272318e+24
-0.0	6.720165004496106e+17	-1.2283235568617058e+24
-0.0	-1.2601080980136952e+19	-1.2723200659582698e+24
-0.0	3.1616087692932776e+19	-1.169701958574457e+24
-0.0	-3.3623539985950142e+19	-1.286317228077257e+24
-0.0	5.970685535324468e+19	-1.1693385779400845e+24
-0.0	-3.850509238435462e+20	-1.1063692846068862e+24
-0.0	2.969155251159602e+20	-1.498880172322031e+24
-0.0	-1.833077582378507e+20	1.4175199940584238e+23
-0.0	-2.3098325521214923e+21	-5.231660597922893e+24
-0.0	4.5514781439699635e+21	-6.744610640616858e+17
-0.0	8.256913729376311e+20	-3.005841210400212e+17
-0.0	-1.692236660620611e+21	2.5215406211931436e+24
-0.0	6.758603389427072e+20	7.759446806594498e+22
-0.0	-1.562452075898573e+20	6.195913267473251e+23
-0.0	2.0739998715884303e+20	5.593242063401853e+23
-0.0	-4.561139238511456e+19	4.974388540429846e+23
-0.0	2.039864618568086e+19	5.736563532339645e+23
-0.0	-1.9878112430110028e+19	5.1110121673928314e+23
-0.0	7.090704184021821e+18	5.653892796030215e+23
-0.0	-7.434517740960492e+17	5.4085298653632795e+23
-0.0	5.156035662905646e+17	5.514882777850981e+23
-0.0	-5.9324829841573656e+16	5.4667733964362065e+23
-0.0	1.4608429504172445e+17	5.479384286557365e+23
-0.0	-3.2519812186101684e+16	5.468050118956255e+23
-0.0	1.144192587649209e+16	5.4677251460867456e+23
-0.0	-5331821177612709.0	5.468382457207629e+23
-0.0	-291349213178425.25	5.4678679218340557e+23
-0.0	-1054978116052710.0	5.46826731015278e+23
-0.0	-587930331085276.0	5.467829419851071e+23
-0.0	482042921930501.94	5.468126204239066e+23
-0.0	-481920826684981.44	5.4681262042386275e+23
-0.0	587823589325104.4	5.467829419849524e+23
-0.0	1054840829540396.8	5.468267310153848e+23
-0.0	291618858854400.94	5.467867921833407e+23
-0.0	5331757516508354.0	5.4683824572071134e+23
-0.0	-1.1442012954147282e+16	5.4677251460854376e+23
-0.0	3.251984557911987e+16	5.468050118957016e+23
-0.0	-1.4608433042229395e+17	5.479384286558184e+23
-0.0	5.932475317889818e+16	5.466773396436734e+23
-0.0	-5.156035126485939e+17	5.514882777851857e+23
-0.0	7.434518039583608e+17	5.4085298653629514e+23
-0.0	-7.090704218740287e+18	5.653892796029321e+23
-0.0	1.9878112424388887e+19	5.111012167393515e+23
-0.0	-2.039864587353297e+19	5.7365635323389845e+23
-0.0	4.561139214005303e+19	4.974388540428289e+23
-0.0	-2.073999873803678e+20	5.593242063403749e+23
-0.0	1.5624520790371975e+20	6.195913267475562e+23
-0.0	-6.758603392935328e+20	7.759446806594726e+22
-0.0	1.692236661682374e+21	2.521540621193124e+24
-0.0	-8.256913729479601e+20	-3.005841210391633e+17
-0.0	9.117863417011345e+20	1.503842686576126e+17
-0.0	-1.0991542015152926e+21	-1.1423750449294604e+24
-0.0	2.969122304173484e+20	-1.3059130430251451e+23
-0.0	-3.846449469564263e+19	-2.2519178962165588e+23
-0.0	5.989433765438799e+19	-2.7305497192151646e+23
-0.0	-1.7261566724591333e+19	-1.9218170009886618e+23
-0.0	8.099455711388367e+18	-2.3783506696652823e+23
-0.0	-8.830851307409474e+18	-2.061557567906316e+23
-0.0	3.220939094283198e+18	-2.3349949005807877e+23
-0.0	-5.567669753392557e+17	-2.2024228117622774e+23
-0.0	5.01248352489203e+17	-2.261501124181911e+23
-0.0	-6.657829977491291e+16	-2.237313313905908e+23
-0.0	2.0678286578452694e+17	-2.241621663133825e+23
-0.0	-4.105279808171628e+16	-2.2381638933426882e+23
-0.0	1.436643301132921e+16	-2.2370991839482045e+23
-0.0	-5142745030853508.0	-2.237919135870228e+23
-0.0	-1440090779618358.2	-2.2374650942104146e+23
-0.0	-372923001090770.94	-2.237731793578144e+23
-0.0	-2096801869784132.8	-2.2374402769133557e+23
-0.0	1565340255719315.2	-2.2376099337338657e+23
-0.0	-1565302986882949.2	-2.2376099337344314e+23
-0.0	2096774711008379.5	-2.237440276913241e+23
-0.0	372871008947948.2	-2.2377317935778025e+23
-0.0	1440240051240721.5	-2.237465094210726e+23
-0.0	5142667504828926.0	-2.2379191358710748e+23
-0.0	-1.4366471102750788e+16	-2.2370991839486407e+23
-0.0	4.105281144425781e+16	-2.2381638933426234e+23
-0.0	-2.0678286659454995e+17	-2.2416216631337655e+23
-0.0	6.657833683340298e+16	-2.237313313905091e+23
-0.0	-5.012483957953405e+17	-2.2615011241808298e+23
-0.0	5.567669827903879e+17	-2.202422811762038e+23
-0.0	-3.220939098117845e+18	-2.3349949005813357e+23
-0.0	8.83085136127749e+18	-2.0615575679061995e+23
-0.0	-8.099455686280348e+18	-2.3783506696656403e+23
-0.0	1.7261566657558798e+19	-1.9218170009882635e+23
-0.0	-5.9894337718506815e+19	-2.7305497192152394e+23
-0.0	3.8464494717114655e+19	-2.2519178962162706e+23
-0.0	-2.969122305549671e+20	-1.3059130430252317e+23
-0.0	1.0991542015948299e+21	-1.1423750449292693e+24
-0.0	-9.117863417039992e+20	1.5038426865598458e+17
-0.0	3.6568558589331276e+20	-3.908641492444296e+17
-0.0	-4.5473837468486815e+20	4.054513782353867e+23
-0.0	9.140376443709509e+19	1.0982160884422167e+23
-0.0	-1.957150670603372e+19	3.093058894321156e+22
-0.0	2.918615132910171e+19	1.0141517761268362e+23
-0.0	-7.137227896530353e+18	3.425503446098265e+22
-0.0	2.705808181746751e+18	5.810349104148634e+22
-0.0	-1.747606107989971e+18	4.4301770683576306e+22
-0.0	7.411721893157692e+17	5.586855976506998e+22
-0.0	-2.321552416409653e+17	4.9600507249158315e+22
-0.0	8.181985127165978e+16	5.239589097949863e+22
-0.0	2.366946239231821e+16	5.129429631591456e+22
-0.0	-8.05975607780513e+16	5.133465583369528e+22
-0.0	4.391249591336875e+16	5.130791550748126e+22
-0.0	-1.82921424253034e+16	5.120279107034781e+22
-0.0	1.1935870318539154e+16	5.126439446202507e+22
-0.0	-733052805578648.4	5.1231765874863484e+22
-0.0	4052919122996776.5	5.124777561458878e+22
-0.0	-928745949993692.6	5.123041574533093e+22
-0.0	368421343293976.94	5.12397561501505e+22
-0.0	-368409296610946.25	5.123975615017685e+22
-0.0	928740633610857.6	5.123041574530619e+22
-0.0	-4052947983893802.5	5.124777561463327e+22
-0.0	733118082100498.8	5.1231765874771285e+22
-0.0	-1.1935914488094854e+16	5.1264394462030436e+22
-0.0	1.829213965522938e+16	5.120279107033719e+22
-0.0	-4.391248682300387e+16	5.130791550752065e+22
-0.0	8.059755380660357e+16	5.133465583370556e+22
-0.0	-2.3669443778700244e+16	5.1294296315859156e+22
-0.0	-8.181987491470651e+16	5.2395890979433186e+22
-0.0	2.3215524871347776e+17	4.960050724918307e+22
-0.0	-7.411722022771648e+17	5.5868559765066754e+22
-0.0	1.7476061567312673e+18	4.430177068348015e+22
-0.0	-2.705808165420847e+18	5.810349104146117e+22
-0.0	7.137227861778371e+18	3.425503446106832e+22
-0.0	-2.918615137407681e+19	1.014151776126551e+23
-0.0	1.9571506690448355e+19	3.0930588943280545e+22
-0.0	-9.14037645309529e+19	1.0982160884421746e+23
-0.0	4.5473837473586165e+20	4.0545137823535653e+23
-0.0	-3.656855858927603e+20	-3.9086414923782925e+17
-0.0	1.79273091831182e+20	-2.4411845468685044e+16
-0.0	-1.248127649567779e+20	-1.3044435111463105e+23
-0.0	7.481594743833146e+19	-8.411330652675776e+22
-0.0	-9.752740440073996e+18	1.996266243452673e+22
-0.0	1.0132024181488482e+19	-3.829791967586761e+22
-0.0	-8.668919128035057e+17	9.844336879152654e+21
-0.0	-2.8118836190238858e+17	-2.9705382250030233e+21
-0.0	6.525633357564668e+17	2.839057846475897e+21
-0.0	-4.3702749248088026e+17	-2.2807168654168057e+21
-0.0	1.8305410534665488e+17	5.685259299861438e+20
-0.0	-1.373939661107314e+17	-8.485874444358442e+20
-0.0	1.2283041564629594e+16	-3.441035967782792e+20
-0.0	-3.9132015087845064e+16	-2.8956129633354216e+20
-0.0	-1107909078947493.6	-3.457322885539979e+20
-0.0	1562098739427595.2	-2.554198195914296e+20
-0.0	-2078908844063492.5	-3.015455721278872e+20
-0.0	508707975925478.56	-2.7938190230548745e+20
-0.0	-1081805393796140.9	-2.8974956499774964e+20
-0.0	679192006190386.0	-2.7987437973628148e+20
-0.0	-396958469389785.6	-2.8468177031225927e+20
-0.0	396969232723816.9	-2.846817702980552e+20
-0.0	-679197420899420.2	-2.7987437975395815e+20
-0.0	1081791880094390.6	-2.8974956496320964e+20
-0.0	-508661954548332.56	-2.7938190233396193e+20
-0.0	2078887262610217.2	-3.015455721143516e+20
-0.0	-1562111054368027.0	-2.554198195964493e+20
-0.0	1107911289259409.0	-3.4573228856814023e+20
-0.0	3.9132015762496344e+16	-2.8956129631938966e+20
-0.0	-1.2283033923374208e+16	-3.44103596737228e+20
-0.0	1.37393950164321e+17	-8.485874444128419e+20
-0.0	-1.8305410576883683e+17	5.68525930002227e+20
-0.0	4.370274903294043e+17	-2.280716865413385e+21
-0.0	-6.525633172750166e+17	2.839057846472739e+21
-0.0	2.8118837053098794e+17	-2.970538225035456e+21
-0.0	8.668918935029088e+17	9.844336879096197e+21
-0.0	-1.0132024200712272e+19	-3.829791967583576e+22
-0.0	9.752740435682413e+18	1.996266243455741e+22
-0.0	-7.481594749483691e+19	-8.411330652675705e+22
-0.0	1.2481276498557626e+20	-1.3044435111466217e+23
-0.0	-1.7927309182918328e+20	-2.4411845469725764e+16
-0.0	1.8714008327992227e+20	-4.307138476786786e+17
-0.0	-1.3557308293130276e+20	-2.2279958196513044e+22
-0.0	6.2745461879083524e+19	4.886445571088135e+22
-0.0	-1.7524261709099153e+19	-4.345217876460883e+22
-0.0	4.749622506693275e+18	-9.154079985798408e+20
-0.0	2.699746745504916e+18	-3.0878202270163415e+22
-0.0	-2.8656567052949745e+18	-2.540614768469466e+22
-0.0	2.940272179067133e+18	-2.711405988337241e+22
-0.0	-1.978573680811157e+18	-2.5795550561041945e+22
-0.0	7.112847720922611e+17	-2.6842710789411266e+22
-0.0	-5.2175824929034515e+17	-2.637517836714734e+22
-0.0	3.1054285976836804e+16	-2.6525936054788136e+22
-0.0	-9.540992368502856e+16	-2.6608633718323188e+22
-0.0	-2.457478928555173e+16	-2.6521192741686227e+22
-0.0	1.556180740086372e+16	-2.658232965305344e+22
-0.0	-1.0182642659213116e+16	-2.655212077236116e+22
-0.0	5028917521904394.0	-2.6566276011712026e+22
-0.0	-3857074499178436.0	-2.6559697777877733e+22
-0.0	3463544241869442.0	-2.6564462664275684e+22
-0.0	-2140199820025004.0	-2.656241975770671e+22
-0.0	2140208085608989.2	-2.656241975771141e+22
-0.0	-3463551303575741.0	-2.656446266428607e+22
-0.0	3857065042064180.0	-2.655969777787105e+22
-0.0	-5028874197693686.0	-2.6566276011750484e+22
-0.0	1.0182618739114278e+16	-2.6552120772370115e+22
-0.0	-1.5561816550352856e+16	-2.658232965306211e+22
-0.0	2.457479048592096e+16	-2.6521192741680083e+22
-0.0	9.540992150214027e+16	-2.66086337183041e+22
-0.0	-3.1054262667677744e+16	-2.6525936054822983e+22
-0.0	5.217582231257625e+17	-2.637517836717076e+22
-0.0	-7.112847744973106e+17	-2.6842710789401304e+22
-0.0	1.9785736806077773e+18	-2.5795550561034173e+22
-0.0	-2.9402721513048837e+18	-2.711405988340098e+22
-0.0	2.8656566713329265e+18	-2.5406147684719156e+22
-0.0	-2.6997467368472847e+18	-3.0878202270147964e+22
-0.0	-4.749622501629956e+18	-9.154079985917256e+20
-0.0	1.7524261661418807e+19	-4.345217876458621e+22
-0.0	-6.274546188493364e+19	4.886445571089407e+22
-0.0	1.3557308282565276e+20	-2.227995819658587e+22
-0.0	-1.8714008327754046e+20	-4.3071384767434426e+17
-0.0	1.7118202346706793e+20	4.7365035136747315e+17
-0.0	-4.086653185977489e+20	5.0431672304183e+21
-0.0	5.2235412096496165e+19	-2.494212732506286e+22
-0.0	-2.6880531833548755e+19	1.4118004954187094e+22
-0.0	5.71274995728952e+18	-3.60432076220551e+21
-0.0	4.811933972694389e+18	9.613566930862062e+21
-0.0	-4.3428672259288346e+18	6.73876979680279e+21
-0.0	4.954230607827385e+18	7.608990613047095e+21
-0.0	-2.7962529493420416e+18	6.82753174974183e+21
-0.0	1.0436729437257462e+18	7.263868794638971e+21
-0.0	-8.18020475084904e+17	7.056184348331679e+21
-0.0	5.803605958154945e+16	7.120154840593919e+21
-0.0	-1.4330855370860322e+17	7.16753925704954e+21
-0.0	-4.601224471895557e+16	7.126083022096011e+21
-0.0	2.8249582455593332e+16	7.15592607180138e+21
-0.0	-1.965138936962983e+16	7.140764826350895e+21
-0.0	9520062489434214.0	7.147966971305306e+21
-0.0	-8039147094188437.0	7.144634348229592e+21
-0.0	6226701563589781.0	7.146989070898514e+21
-0.0	-4058874656775258.0	7.14601417163672e+21
-0.0	4058882081912960.5	7.146014171637623e+21
-0.0	-6226709338981939.0	7.146989070890011e+21
-0.0	8039142356629319.0	7.144634348231891e+21
-0.0	-9520043405315488.0	7.147966971291156e+21
-0.0	1.96513892449926e+16	7.140764826323458e+21
-0.0	-2.8249595032766096e+16	7.155926071792457e+21
-0.0	4.601224551111796e+16	7.126083022098283e+21
-0.0	1.4330856021486275e+17	7.167539257045739e+21
-0.0	-5.8036060653411576e+16	7.120154840578964e+21
-0.0	8.180204694928603e+17	7.056184348315559e+21
-0.0	-1.0436729431431841e+18	7.26386879464055e+21
-0.0	2.796252949496554e+18	6.827531749739746e+21
-0.0	-4.954230607706701e+18	7.608990613038547e+21
-0.0	4.3428672223099494e+18	6.738769796796427e+21
-0.0	-4.811933967638556e+18	9.613566930878445e+21
-0.0	-5.712749953321746e+18	-3.604320762217238e+21
-0.0	2.6880531827631047e+19	1.4118004954181862e+22
-0.0	-5.223541210507884e+19	-2.4942127325061484e+22
-0.0	4.086653185824153e+20	5.043167230425497e+21
-0.0	-1.7118202346507538e+20	4.736503513627056e+17
-0.0	4.775373573681475e+19	-1.5298498358597059e+18
-0.0	2.988274553895314e+20	-6.248562632820088e+22
-0.0	-9.073850303693736e+19	1.4269539077041166e+22
-0.0	1.4110900919994479e+19	-3.0161389477163468e+22
-0.0	-2.3052558864628646e+19	-1.3719018317767881e+22
-0.0	1.9301260356585172e+18	-2.525056418850276e+22
-0.0	1.790618632009138e+18	-2.4406365408230197e+22
-0.0	-1.9264587448376737e+18	-2.3852436634858422e+22
-0.0	1.2247145580463752e+18	-2.4243514260564346e+22
-0.0	-4.477834448610854e+17	-2.411695944482264e+22
-0.0	4.684764794786286e+17	-2.4179989113864653e+22
-0.0	-1.166495220584722e+17	-2.4116593829910397e+22
-0.0	2.1917286451068765e+17	-2.417309056853377e+22
-0.0	-3.4647046513711736e+16	-2.412745717605078e+22
-0.0	1.3146254499141718e+16	-2.414659906751142e+22
-0.0	-2340686307516385.5	-2.4137707508170918e+22
-0.0	-2278423628671670.0	-2.4141323543199147e+22
-0.0	1968699798241815.0	-2.413995939268685e+22
-0.0	-3599953621757262.5	-2.4140882237690967e+22
-0.0	2823140313441342.0	-2.4140612085636884e+22
-0.0	-2823135797519544.0	-2.4140612085640755e+22
-0.0	3599948342153121.0	-2.414088223769368e+22
-0.0	-1968703558999249.2	-2.4139959392686098e+22
-0.0	2278434272646219.5	-2.414132354320347e+22
-0.0	2340686256768857.0	-2.413770750818462e+22
-0.0	-1.3146260924335756e+16	-2.4146599067516496e+22
-0.0	3.4647046367599724e+16	-2.412745717604468e+22
-0.0	-2.1917286286261232e+17	-2.417309056853487e+22
-0.0	1.1664952196559634e+17	-2.4116593829920253e+22
-0.0	-4.684764826296163e+17	-2.4179989113867606e+22
-0.0	4.477834450471084e+17	-2.4116959444821606e+22
-0.0	-1.224714558445291e+18	-2.4243514260562337e+22
-0.0	1.9264587459911444e+18	-2.3852436634861144e+22
-0.0	-1.7906186335579433e+18	-2.4406365408226443e+22
-0.0	-1.930126033836357e+18	-2.525056418849469e+22
-0.0	2.3052558865715474e+19	-1.3719018317777513e+22
-0.0	-1.4110900923512246e+19	-3.0161389477167112e+22
-0.0	9.07385030317945e+19	1.4269539077044618e+22
-0.0	-2.988274553995121e+20	-6.2485626328174775e+22
-0.0	-4.775373573566433e+19	-1.5298498358615775e+18
-0.0	-1.3928012306260995e+20	7.971824371481938e+16
-0.0	1.8177479991674677e+20	-1.3262645848627596e+22
-0.0	-1.6955068387237118e+19	-5.962174488914332e+21
-0.0	5.748846658096512e+18	-5.550254397557787e+21
-0.0	-1.3840112541873759e+18	-8.047640404827847e+21
-0.0	-1.299712113159401e+18	-6.41592351008307e+21
-0.0	8.415110922749089e+17	-7.518499573839937e+21
-0.0	-7.35274177014955e+17	-6.883856719799393e+21
-0.0	4.393782563342027e+17	-7.292345370461513e+21
-0.0	-1.7319224284953206e+17	-7.096487691156745e+21
-0.0	1.1299667913128878e+17	-7.180843017157812e+21
-0.0	-8775427381466503.0	-7.152241061452149e+21
-0.0	1.711810024443173e+16	-7.153181627028433e+21
-0.0	5590662526727218.0	-7.156373359325367e+21
-0.0	-2346848400467069.5	-7.15127162089713e+21
-0.0	3762492475225563.0	-7.154472199315487e+21
-0.0	-761584652469177.2	-7.152718575552114e+21
-0.0	1613664582127329.2	-7.153624706243647e+21
-0.0	-826049141944395.1	-7.152940628316988e+21
-0.0	678355030624078.2	-7.153243693685831e+21
-0.0	-678355999410933.0	-7.153243693686038e+21
-0.0	826050360581031.8	-7.152940628317314e+21
-0.0	-1613663635012781.0	-7.153624706243214e+21
-0.0	761582046172498.2	-7.152718575552519e+21
-0.0	-3762492072923249.5	-7.1544721993187e+21
-0.0	2346849065075547.0	-7.151271620898687e+21
-0.0	-5590662700658412.0	-7.156373359325759e+21
-0.0	-1.7118099698707756e+16	-7.153181627030123e+21
-0.0	8775427033323745.0	-7.152241061453564e+21
-0.0	-1.1299667940679122e+17	-7.180843017159423e+21
-0.0	1.731922429250181e+17	-7.096487691156388e+21
-0.0	-4.393782562747643e+17	-7.292345370461217e+21
-0.0	7.352741765550062e+17	-6.883856719798582e+21
-0.0	-8.415110921573272e+17	-7.518499573838362e+21
-0.0	1.2997121133069274e+18	-6.415923510083933e+21
-0.0	1.384011254502478e+18	-8.047640404828919e+21
-0.0	-5.748846657860658e+18	-5.550254397557669e+21
-0.0	1.6955068387887757e+19	-5.962174488914708e+21
-0.0	-1.8177479991523918e+20	-1.3262645848622204e+22
-0.0	1.3928012306289993e+20	7.971824372188962e+16
-0.0	-3.178630340952e+20	-1.5416057799130667e+19
-0.0	-7.103893253177405e+18	-4.143888774856998e+22
-0.0	2.3493768949295222e+20	2.2508072976393172e+21
-0.0	-1.7003204874909979e+19	-2.4434771790970638e+22
-0.0	2.261858668193951e+19	-1.5306841143403449e+22
-0.0	1.5591547295550595e+18	-1.9642722980510944e+22
-0.0	-2.789869419873097e+18	-1.9301421938616673e+22
-0.0	3.8075684873311365e+18	-1.898272281921995e+22
-0.0	-2.352349782439177e+18	-1.934373790918775e+22
-0.0	9.630308523644588e+17	-1.9184977538461123e+22
-0.0	-7.344830673831933e+17	-1.926190949234045e+22
-0.0	1.5970318531950426e+17	-1.9211493293628294e+22
-0.0	-2.1583498917954013e+17	-1.9242603719954547e+22
-0.0	3.10797511453596e+16	-1.9219312108177306e+22
-0.0	-5998368387390531.0	-1.922757746056857e+22
-0.0	-4040609144850452.5	-1.922403486963582e+22
-0.0	5052994941827178.0	-1.922528128026414e+22
-0.0	-5305843187633733.0	-1.9224911394427638e+22
-0.0	6388753666981112.0	-1.9225096413665363e+22
-0.0	-4355257254804801.5	-1.922510650778553e+22
-0.0	4355256818097652.0	-1.9225106507784803e+22
-0.0	-6388753379623261.0	-1.922509641366655e+22
-0.0	5305843437766333.0	-1.9224911394426577e+22
-0.0	-5052995861592870.0	-1.9225281280264884e+22
-0.0	4040609515483494.0	-1.9224034869637504e+22
-0.0	5998368632666914.0	-1.9227577460567988e+22
-0.0	-3.1079751214321692e+16	-1.9219312108179273e+22
-0.0	2.1583498924206554e+17	-1.924260371995241e+22
-0.0	-1.597031853242104e+17	-1.92114932936293e+22
-0.0	7.34483067606803e+17	-1.9261909492340273e+22
-0.0	-9.63030852326135e+17	-1.9184977538462373e+22
-0.0	2.352349782477944e+18	-1.9343737909186375e+22
-0.0	-3.8075684875609006e+18	-1.8982722819218293e+22
-0.0	2.7898694195343396e+18	-1.9301421938618392e+22
-0.0	-1.5591547293814316e+18	-1.9642722980505416e+22
-0.0	-2.2618586681467605e+19	-1.530684114340631e+22
-0.0	1.7003204875045016e+19	-2.4434771790970155e+22
-0.0	-2.3493768949243452e+20	2.2508072976403543e+21
-0.0	7.103893254075004e+18	-4.14388877485586e+22
-0.0	3.178630340951134e+20	-1.5416057799135425e+19
-0.0	-1.4169150629485163e+20	1.4169005694250343e+20
-0.0	2.5185649738318283e+19	5.212877177300541e+20
-0.0	6.454246049856867e+18	5.943580080027795e+20
-0.0	3.922383147418796e+17	6.351839076507269e+20
-0.0	2.835449086837246e+18	6.451058242359036e+20
-0.0	-1.3559703810939023e+18	6.625675154553821e+20
-0.0	6.681511835027427e+17	6.769567695148793e+20
-0.0	-4.58556642490001e+17	6.781841949315725e+20
-0.0	2.8629500415366765e+17	6.792381009754643e+20
-0.0	-1.2589159708783326e+17	6.775738502954416e+20
-0.0	6.7915855531520776e+16	6.777189450583666e+20
-0.0	8181625845147076.0	6.774770612840158e+20
-0.0	-1.084014771934319e+16	6.77446491317675e+20
-0.0	1.6550512880544654e+16	6.773524645365998e+20
-0.0	-5802796250860033.0	6.773217968141932e+20
-0.0	6293277024520350.0	6.773146897088009e+20
-0.0	-1857348949012.127	6.773170013824126e+20
-0.0	2202255692441295.0	6.773228354263809e+20
-0.0	-626303050259966.9	6.773251683085266e+20
-0.0	554582657475372.0	6.77328027840263e+20
-0.0	-554582659601021.56	6.773280278402558e+20
-0.0	626303046177018.1	6.773251683085358e+20
-0.0	-2202255690777630.0	6.773228354264402e+20
-0.0	1857349560951.7773	6.773170013824971e+20
-0.0	-6293277026189529.0	6.773146897088719e+20
-0.0	5802796245560724.0	6.773217968142411e+20
-0.0	-1.6550512874868436e+16	6.77352464536639e+20
-0.0	1.084014771999302e+16	6.7744649131772e+20
-0.0	-8181625846289795.0	6.774770612840563e+20
-0.0	-6.791585554061294e+16	6.777189450583769e+20
-0.0	1.2589159708616114e+17	6.775738502954286e+20
-0.0	-2.8629500414677373e+17	6.792381009754126e+20
-0.0	4.5855664248159744e+17	6.78184194931502e+20
-0.0	-6.681511835042871e+17	6.769567695148311e+20
-0.0	1.3559703811022264e+18	6.625675154553598e+20
-0.0	-2.835449086878673e+18	6.451058242358908e+20
-0.0	-3.9223831472243014e+17	6.351839076506998e+20
-0.0	-6.454246049864298e+18	5.943580080026638e+20
-0.0	-2.5185649738313126e+19	5.212877177298782e+20
-0.0	1.4169150629478067e+20	1.4169005694242564e+20
