1600
-0.0	6.216143174090376e+21	6.216141364763768e+21
-0.0	3.088187809044768e+21	4.109029122870164e+22
-0.0	-5.093632453630583e+21	7.038270879326472e+22
-0.0	1.1865628918717145e+21	6.479858475496959e+22
-0.0	-1.4046173752360197e+21	6.712588929849222e+22
-0.0	2.9104374592144707e+20	6.0962209998738855e+22
-0.0	-6.2957952510201864e+19	6.0675987292494085e+22
-0.0	-3.772558691053892e+19	6.021360369447151e+22
-0.0	2.1175237867591725e+19	6.090075346713773e+22
-0.0	2.0168304140124987e+18	6.090724169835709e+22
-0.0	1.2818684510039319e+19	6.105365539660971e+22
-0.0	-5.059654956289628e+18	6.099899959434516e+22
-0.0	1.3559302289280459e+19	6.097606578153281e+22
-0.0	-5.643349840505303e+18	6.096409601188887e+22
-0.0	2.705509039078578e+18	6.0953888289278055e+22
-0.0	-1.5724139655994002e+18	6.095426989273126e+22
-0.0	1.2172537735426675e+17	6.095318300681925e+22
-0.0	-3.666630204874475e+17	6.095382076228893e+22
-0.0	-3540452232555428.0	6.0953340795070305e+22
-0.0	-2956734298535306.5	6.095337436824557e+22
-0.0	2956738177404748.5	6.095337436824564e+22
-0.0	3540456372734636.0	6.0953340795070666e+22
-0.0	3.666630239299256e+17	6.095382076228944e+22
-0.0	-1.2172537391332101e+17	6.095318300682051e+22
-0.0	1.572413969547934e+18	6.095426989273209e+22
-0.0	-2.705509034868988e+18	6.095388828927744e+22
-0.0	5.643349843664178e+18	6.096409601188718e+22
-0.0	-1.355930228565993e+19	6.097606578153086e+22
-0.0	5.059654959851161e+18	6.0998999594345385e+22
-0.0	-1.2818684505443066e+19	6.1053655396612535e+22
-0.0	-2.0168304101367547e+18	6.090724169835942e+22
-0.0	-2.1175237864580514e+19	6.090075346713907e+22
-0.0	3.772558691506544e+19	6.021360369447037e+22
-0.0	6.295795251178344e+19	6.067598729248805e+22
-0.0	-2.910437459165681e+20	6.096220999873611e+22
-0.0	1.4046173752467923e+21	6.7125889298503934e+22
-0.0	-1.186562891872253e+21	6.479858475497905e+22
-0.0	5.093632453635807e+21	7.038270879326823e+22
-0.0	-3.0881878090439186e+21	4.109029122869747e+22
-0.0	-6.216143174087862e+21	6.216141364761855e+21
-0.0	3.4208316703123236e+22	1.7804095736701888e+20
-0.0	-8.778520629839016e+22	-7.632172753600135e+23
-0.0	-6.668614510545668e+21	-5.111086663158832e+24
-0.0	-1.096284642285398e+21	-3.283485483291861e+24
-0.0	-1.8558901346212554e+21	-4.36636502945481e+24
-0.0	1.0542915827248044e+21	-3.570693487201968e+24
-0.0	-5.116228537514656e+20	-3.9893543087872335e+24
-0.0	3.1901626121062e+20	-3.7424381495075607e+24
-0.0	-1.6640473812375208e+20	-3.9003779757920816e+24
-0.0	7.313568646384842e+19	-3.828192163931279e+24
-0.0	-2.3861168558014513e+19	-3.8591507179891354e+24
-0.0	-5.796759879777688e+18	-3.8469201311220846e+24
-0.0	1.284006256159817e+19	-3.8498104146539203e+24
-0.0	-1.0055795560087607e+19	-3.848508127564819e+24
-0.0	5.692155530356985e+18	-3.8481381068584865e+24
-0.0	-3.486986904760952e+18	-3.8484631884020676e+24
-0.0	8.884964863313928e+17	-3.848245290104243e+24
-0.0	-8.524805073652838e+17	-3.8483733892050386e+24
-0.0	3.1323115001744006e+17	-3.84826991031025e+24
-0.0	-1.879808894082326e+17	-3.8483237833207626e+24
-0.0	1.8798088589668096e+17	-3.8483237833208313e+24
-0.0	-3.1323115337000595e+17	-3.8482699103102987e+24
-0.0	8.524805007455863e+17	-3.8483733892048217e+24
-0.0	-8.884964901048915e+17	-3.8482452901044796e+24
-0.0	3.4869868977314954e+18	-3.8484631884023307e+24
-0.0	-5.69215553105597e+18	-3.8481381068582937e+24
-0.0	1.0055795552139776e+19	-3.8485081275648736e+24
-0.0	-1.284006256933287e+19	-3.849810414653648e+24
-0.0	5.796759877999346e+18	-3.846920131122133e+24
-0.0	2.386116855696026e+19	-3.8591507179894494e+24
-0.0	-7.313568646745245e+19	-3.8281921639313e+24
-0.0	1.6640473811451036e+20	-3.9003779757919243e+24
-0.0	-3.1901626120812705e+20	-3.742438149508241e+24
-0.0	5.1162285374087365e+20	-3.9893543087866655e+24
-0.0	-1.0542915827314678e+21	-3.57069348720058e+24
-0.0	1.8558901346392353e+21	-4.3663650294561996e+24
-0.0	1.0962846422492978e+21	-3.283485483292444e+24
-0.0	6.668614510549271e+21	-5.11108666315901e+24
-0.0	8.778520629834472e+22	-7.632172753592723e+23
-0.0	-3.4208316703117335e+22	1.7804095736750345e+20
-0.0	2.5540051174312294e+22	-2.3063221083383117e+20
-0.0	-1.3825095539933724e+22	-4.933571228269285e+24
-0.0	5.424479474123224e+20	1.780284505644776e+23
-0.0	1.9228893212289925e+20	-2.0476841594389748e+24
-0.0	-6.465014427951641e+20	-1.3337065207389916e+24
-0.0	1.355172403911642e+20	-1.6947034549934762e+24
-0.0	-7.507603691517585e+19	-1.776971891910241e+24
-0.0	4.619392013760842e+19	-1.6965685710640903e+24
-0.0	-2.320152411136984e+19	-1.7600063047178892e+24
-0.0	4.737866569635054e+18	-1.7304111599666238e+24
-0.0	6.096705575193623e+18	-1.7440729588438982e+24
-0.0	-7.316150922901323e+18	-1.7370203889333735e+24
-0.0	9.173696531474486e+18	-1.7402571355605675e+24
-0.0	-5.756710099101794e+18	-1.738074904066318e+24
-0.0	3.7220241750092887e+18	-1.738602074732477e+24
-0.0	-2.331215917847597e+18	-1.738471975322831e+24
-0.0	5.531376808608183e+17	-1.738454240302775e+24
-0.0	-3.8095935603749965e+17	-1.7384943372849863e+24
-0.0	1.2092412944564094e+17	-1.7384556612546902e+24
-0.0	-1.0893018787504053e+17	-1.7384831286417105e+24
-0.0	1.0893018724055354e+17	-1.7384831286417285e+24
-0.0	-1.2092413007764872e+17	-1.738455661254737e+24
-0.0	3.8095935505634394e+17	-1.7384943372849686e+24
-0.0	-5.531376812414963e+17	-1.7384542403028049e+24
-0.0	2.3312159165142554e+18	-1.7384719753228967e+24
-0.0	-3.722024175022685e+18	-1.7386020747323706e+24
-0.0	5.756710098146017e+18	-1.738074904066387e+24
-0.0	-9.173696532907244e+18	-1.740257135560498e+24
-0.0	7.316150923012423e+18	-1.737020388933413e+24
-0.0	-6.096705575637902e+18	-1.7440729588439666e+24
-0.0	-4.737866570220385e+18	-1.7304111599666378e+24
-0.0	2.320152411021215e+19	-1.7600063047178186e+24
-0.0	-4.619392013711902e+19	-1.6965685710642004e+24
-0.0	7.507603691309972e+19	-1.7769718919102228e+24
-0.0	-1.355172403916747e+20	-1.6947034549931627e+24
-0.0	6.465014427979066e+20	-1.3337065207392327e+24
-0.0	-1.922889321321892e+20	-2.0476841594389496e+24
-0.0	-5.424479474107245e+20	1.780284505644505e+23
-0.0	1.3825095539921548e+22	-4.93357122826888e+24
-0.0	-2.5540051174309413e+22	-2.3063221083364278e+20
-0.0	4.6114815371509414e+21	-1.0050015711576914e+20
-0.0	-7.892003686986286e+20	-3.025998212089542e+24
-0.0	7.004513252088327e+21	-1.9307930102650246e+24
-0.0	-6.734400574497827e+20	-9.881445776449266e+23
-0.0	2.7296718366414613e+21	-1.4368910837201396e+24
-0.0	-6.232908610201751e+20	-1.0294720106644187e+24
-0.0	3.072275971008687e+20	-1.2060362568916348e+24
-0.0	-1.5189135268907998e+20	-1.0614534213433677e+24
-0.0	8.259354970270622e+19	-1.1518183543431759e+24
-0.0	-3.994644139101138e+19	-1.108676168067781e+24
-0.0	1.0240373619687311e+19	-1.128017122534505e+24
-0.0	5.761522690666341e+18	-1.1199307633566736e+24
-0.0	-1.0358293144440545e+19	-1.1221826867098271e+24
-0.0	7.069989743259742e+18	-1.1211022848974988e+24
-0.0	-3.2581984819213706e+18	-1.1205766397971992e+24
-0.0	1.6983711813531343e+18	-1.1209229958202171e+24
-0.0	-4.5351244284061843e+17	-1.1207117222599153e+24
-0.0	4.5355388888092883e+17	-1.1208274078385543e+24
-0.0	-9.332535481447053e+16	-1.1207471551602126e+24
-0.0	-1899862841889195.5	-1.1207873520339398e+24
-0.0	1899861310772379.8	-1.1207873520339546e+24
-0.0	9.33253538102205e+16	-1.1207471551602731e+24
-0.0	-4.535538870441957e+17	-1.120827407838484e+24
-0.0	4.5351244203726726e+17	-1.1207117222600044e+24
-0.0	-1.6983711797881068e+18	-1.1209229958203339e+24
-0.0	3.2581984789919724e+18	-1.1205766397970975e+24
-0.0	-7.069989740442134e+18	-1.1211022848975331e+24
-0.0	1.0358293146564418e+19	-1.1221826867097273e+24
-0.0	-5.761522692398026e+18	-1.1199307633567354e+24
-0.0	-1.024037362248097e+19	-1.1280171225346741e+24
-0.0	3.994644139006701e+19	-1.1086761680677806e+24
-0.0	-8.259354969843502e+19	-1.1518183543430881e+24
-0.0	1.518913526822159e+20	-1.0614534213436642e+24
-0.0	-3.072275970929137e+20	-1.2060362568914597e+24
-0.0	6.232908610193774e+20	-1.0294720106638735e+24
-0.0	-2.729671836663886e+21	-1.4368910837207318e+24
-0.0	6.734400574639703e+20	-9.881445776450688e+23
-0.0	-7.004513252094132e+21	-1.9307930102650847e+24
-0.0	7.892003687006583e+20	-3.025998212089047e+24
-0.0	-4.6114815371498084e+21	-1.0050015711568785e+20
-0.0	-8.3727649120934e+21	1.4958458753228915e+20
-0.0	4.281535006953071e+21	-3.71445481615413e+24
-0.0	7.322475877047424e+21	-1.1450889285325837e+24
-0.0	-1.1371069703500617e+21	-1.3349216452480703e+24
-0.0	3.2054960575129615e+21	-1.3222996649990197e+24
-0.0	-8.849394645527969e+20	-1.1716589261588905e+24
-0.0	1.880331233947519e+20	-1.2814470464409865e+24
-0.0	-1.3466274960428291e+20	-1.1807815786403938e+24
-0.0	9.42049533417756e+19	-1.261334767678318e+24
-0.0	-3.130683656830563e+19	-1.2249014222864255e+24
-0.0	2.119035976660609e+19	-1.2411867187989124e+24
-0.0	1.981022940790133e+19	-1.2338115082460769e+24
-0.0	-2.443913782466032e+19	-1.2358862169858468e+24
-0.0	1.2928839534933985e+19	-1.2347129585247219e+24
-0.0	-6.518557160160098e+18	-1.2344046068013863e+24
-0.0	3.5917625093502423e+18	-1.2346342836363318e+24
-0.0	-9.003993880652466e+17	-1.234479991043259e+24
-0.0	7.76013084115057e+17	-1.2345696063066516e+24
-0.0	-1.6994298693146342e+17	-1.2345053851217956e+24
-0.0	7.000936380931919e+16	-1.234539482800973e+24
-0.0	-7.0009364687046344e+16	-1.2345394828009825e+24
-0.0	1.6994298604341683e+17	-1.2345053851218417e+24
-0.0	-7.76013081866486e+17	-1.2345696063066098e+24
-0.0	9.003993870359999e+17	-1.2344799910433717e+24
-0.0	-3.591762506552425e+18	-1.2346342836364362e+24
-0.0	6.518557157282426e+18	-1.2344046068013052e+24
-0.0	-1.2928839532274594e+19	-1.2347129585247688e+24
-0.0	2.4439137827356107e+19	-1.2358862169857673e+24
-0.0	-1.9810229409817747e+19	-1.233811508246162e+24
-0.0	-2.119035976845936e+19	-1.2411867187990654e+24
-0.0	3.130683656755307e+19	-1.224901422286419e+24
-0.0	-9.420495333714113e+19	-1.2613347676782527e+24
-0.0	1.3466274959702603e+20	-1.1807815786406476e+24
-0.0	-1.8803312338567335e+20	-1.2814470464408282e+24
-0.0	8.849394645514431e+20	-1.1716589261584145e+24
-0.0	-3.2054960575374405e+21	-1.3222996649994712e+24
-0.0	1.1371069703693325e+21	-1.3349216452481806e+24
-0.0	-7.322475877058345e+21	-1.1450889285326447e+24
-0.0	-4.2815350069420706e+21	-3.714454816153626e+24
-0.0	8.372764912092366e+21	1.4958458753226333e+20
-0.0	-8.264267090694795e+21	-2.7934852813763785e+19
-0.0	-3.823631184805321e+21	-2.7892131774960667e+24
-0.0	1.025817692968371e+22	-1.314502316645133e+24
-0.0	-2.3863770451640315e+21	-8.90654361486931e+23
-0.0	3.770615124698425e+21	-1.0686798576504239e+24
-0.0	-5.270545935258881e+20	-7.879063052645159e+23
-0.0	7.525029924974348e+19	-9.058137051075983e+23
-0.0	1.3141894118567099e+20	-8.17436437567191e+23
-0.0	-1.4102250205840333e+19	-8.88958184104296e+23
-0.0	4.2045674833682207e+18	-8.521469258651768e+23
-0.0	-1.1781828698444302e+19	-8.677036623208269e+23
-0.0	1.469095834886129e+19	-8.61181391305837e+23
-0.0	-3.2593196840758215e+19	-8.625415477125575e+23
-0.0	1.2756455059074554e+19	-8.616413853324972e+23
-0.0	-6.12064436060497e+18	-8.612867087918046e+23
-0.0	3.419157065414378e+18	-8.615178541282255e+23
-0.0	-5.970922980130678e+17	-8.613774589078622e+23
-0.0	7.424178965795927e+17	-8.614533072251385e+23
-0.0	2.918897726800424e+16	-8.613985249230412e+23
-0.0	-4.12469040014301e+16	-8.614335290491948e+23
-0.0	4.124690005559546e+16	-8.61433529049224e+23
-0.0	-2.918898033619632e+16	-8.613985249230739e+23
-0.0	-7.424178985543382e+17	-8.614533072250743e+23
-0.0	5.970922936798907e+17	-8.613774589079408e+23
-0.0	-3.4191570665672924e+18	-8.615178541283036e+23
-0.0	6.120644355719604e+18	-8.612867087917287e+23
-0.0	-1.275645506088511e+19	-8.616413853325542e+23
-0.0	3.2593196839420998e+19	-8.625415477124557e+23
-0.0	-1.4690958353699971e+19	-8.611813913058461e+23
-0.0	1.1781828694336367e+19	-8.677036623209482e+23
-0.0	-4.2045674867241564e+18	-8.521469258651889e+23
-0.0	1.410225020459101e+19	-8.889581841042541e+23
-0.0	-1.31418941192794e+20	-8.174364375673945e+23
-0.0	-7.525029924597622e+19	-9.058137051074314e+23
-0.0	5.2705459352026435e+20	-7.87906305264081e+23
-0.0	-3.7706151247191385e+21	-1.0686798576508986e+24
-0.0	2.386377045174012e+21	-8.906543614870905e+23
-0.0	-1.0258176929699878e+22	-1.3145023166451953e+24
-0.0	3.823631184812527e+21	-2.789213177495609e+24
-0.0	8.264267090692711e+21	-2.7934852813806277e+19
-0.0	-5.615653949324497e+21	1.3881911787873071e+19
-0.0	-8.201911596260512e+21	-2.7376498967235774e+24
-0.0	1.2597075593087729e+22	-1.1939702931029078e+24
-0.0	-3.2295585611344883e+21	-9.232074886570173e+23
-0.0	4.0436745913897064e+21	-1.0281978000374166e+24
-0.0	-5.030414584522569e+20	-8.054468968903061e+23
-0.0	-6.453423144626624e+19	-9.13891726019143e+23
-0.0	2.3897151031424726e+20	-8.347509893467495e+23
-0.0	-1.0633641419212037e+20	-9.025875094427208e+23
-0.0	1.3350336815664867e+19	-8.705714212114797e+23
-0.0	-2.7455671302286287e+19	-8.847574675637712e+23
-0.0	1.1956424699064717e+19	-8.790302590103761e+23
-0.0	-3.7170378716812984e+19	-8.801271610324778e+23
-0.0	1.2540449519113798e+19	-8.79103424852815e+23
-0.0	-5.548887015202635e+18	-8.788726732049432e+23
-0.0	3.053669096606877e+18	-8.790384073003884e+23
-0.0	-3.157669440725378e+17	-8.789347999878836e+23
-0.0	6.7367373332461e+17	-8.789900163391876e+23
-0.0	9.236039949564493e+16	-8.789377862489668e+23
-0.0	-7.224470943379906e+16	-8.789699779173731e+23
-0.0	7.224470876596502e+16	-8.789699779173953e+23
-0.0	-9.236039931027437e+16	-8.789377862489915e+23
-0.0	-6.736737328352855e+17	-8.78990016339121e+23
-0.0	3.1576694267101504e+17	-8.78934799987956e+23
-0.0	-3.053669095096315e+18	-8.790384073004548e+23
-0.0	5.548887013936737e+18	-8.788726732048794e+23
-0.0	-1.2540449518450799e+19	-8.79103424852851e+23
-0.0	3.71703787180616e+19	-8.801271610324051e+23
-0.0	-1.195642470090119e+19	-8.790302590103883e+23
-0.0	2.7455671302005125e+19	-8.847574675638731e+23
-0.0	-1.3350336815788511e+19	-8.705714212114675e+23
-0.0	1.0633641419280817e+20	-9.025875094426756e+23
-0.0	-2.3897151031729163e+20	-8.347509893469377e+23
-0.0	6.4534231452302746e+19	-9.138917260189811e+23
-0.0	5.030414584491535e+20	-8.054468968899067e+23
-0.0	-4.0436745914022604e+21	-1.0281978000378212e+24
-0.0	3.2295585611458454e+21	-9.23207488657149e+23
-0.0	-1.2597075593098506e+22	-1.193970293102961e+24
-0.0	8.201911596272521e+21	-2.737649896723114e+24
-0.0	5.615653949322466e+21	1.3881911787812106e+19
-0.0	-4.868704086498806e+21	1.066121331650783e+19
-0.0	-1.0244538101933567e+22	-2.199019997048145e+24
-0.0	1.4154136952160502e+22	-9.554058594957374e+23
-0.0	-3.572064318457804e+21	-7.069055972314895e+23
-0.0	4.4048004934090023e+21	-8.095039633239988e+23
-0.0	-5.330441249060476e+20	-6.2828101247567e+23
-0.0	-6.423866929580347e+19	-7.177569492241173e+23
-0.0	2.9354521441635002e+20	-6.509152591199934e+23
-0.0	-1.2836663630992898e+20	-7.068895542225659e+23
-0.0	1.375043861287594e+19	-6.796006487666088e+23
-0.0	-3.974650304863684e+19	-6.910966192135422e+23
-0.0	1.1043496266269354e+19	-6.862662562954209e+23
-0.0	-3.92773805398418e+19	-6.870970577939866e+23
-0.0	1.328451916028702e+19	-6.863150586026851e+23
-0.0	-5.469885977258809e+18	-6.861770063775217e+23
-0.0	3.1819804584588426e+18	-6.863018011472913e+23
-0.0	8375661258730873.0	-6.86218173110688e+23
-0.0	7.943836075605825e+17	-6.862631392979827e+23
-0.0	6.705940628730927e+16	-6.862190177246989e+23
-0.0	-6.335970847836505e+16	-6.862461214427743e+23
-0.0	6.335970801140424e+16	-6.862461214427916e+23
-0.0	-6.7059406375462056e+16	-6.862190177247222e+23
-0.0	-7.943836070802935e+17	-6.862631392979428e+23
-0.0	-8375662453255249.0	-6.862181731107325e+23
-0.0	-3.1819804572384466e+18	-6.863018011473406e+23
-0.0	5.469885976277488e+18	-6.861770063774758e+23
-0.0	-1.3284519159732627e+19	-6.863150586027153e+23
-0.0	3.92773805408519e+19	-6.870970577939305e+23
-0.0	-1.1043496268109812e+19	-6.862662562954623e+23
-0.0	3.9746503048812814e+19	-6.910966192136246e+23
-0.0	-1.3750438612917375e+19	-6.796006487665971e+23
-0.0	1.2836663631045873e+20	-7.068895542225243e+23
-0.0	-2.9354521441938358e+20	-6.509152591201407e+23
-0.0	6.423866930213295e+19	-7.177569492240246e+23
-0.0	5.3304412490281026e+20	-6.282810124753702e+23
-0.0	-4.4048004934214966e+21	-8.095039633243176e+23
-0.0	3.572064318468622e+21	-7.069055972315756e+23
-0.0	-1.4154136952173943e+22	-9.554058594957685e+23
-0.0	1.0244538101944096e+22	-2.1990199970478354e+24
-0.0	4.868704086496915e+21	1.0661213316346556e+19
-0.0	-5.452683885629065e+21	3.3947641584321556e+18
-0.0	-9.269277664590286e+21	-1.8762766681940303e+24
-0.0	1.441790607747949e+22	-7.93616091159849e+23
-0.0	-3.552107217034687e+21	-6.348119359384565e+23
-0.0	4.621743809649491e+21	-7.070208248784355e+23
-0.0	-5.34801598273381e+20	-5.655329564781577e+23
-0.0	-1.932822831179669e+19	-6.409008464763985e+23
-0.0	2.820786811149548e+20	-5.855781254070021e+23
-0.0	-1.0851267589177249e+20	-6.32835084238025e+23
-0.0	6.425009325980091e+18	-6.106570452475582e+23
-0.0	-3.769787479746865e+19	-6.202637069885765e+23
-0.0	1.3494973593276842e+19	-6.16352446495118e+23
-0.0	-3.949764811292704e+19	-6.171283378031204e+23
-0.0	1.350442791721777e+19	-6.164924937880884e+23
-0.0	-6.317882051637819e+18	-6.163770702481589e+23
-0.0	3.150061445127657e+18	-6.164848560727052e+23
-0.0	-4.78174399413591e+16	-6.164197312346628e+23
-0.0	7.16517758780172e+17	-6.164574755371884e+23
-0.0	7149755924776690.0	-6.164204692570386e+23
-0.0	-3.8589698753391976e+16	-6.164418429962295e+23
-0.0	3.858969834274619e+16	-6.16441842996239e+23
-0.0	-7149755989611704.0	-6.164204692570613e+23
-0.0	-7.165177580125926e+17	-6.164574755371533e+23
-0.0	4.781743891575517e+16	-6.164197312347074e+23
-0.0	-3.1500614437123476e+18	-6.164848560727516e+23
-0.0	6.317882050603539e+18	-6.163770702481208e+23
-0.0	-1.350442791630968e+19	-6.164924937881099e+23
-0.0	3.949764811417684e+19	-6.171283378030744e+23
-0.0	-1.3494973595143285e+19	-6.163524464951416e+23
-0.0	3.769787479764013e+19	-6.202637069886545e+23
-0.0	-6.425009326013032e+18	-6.106570452475514e+23
-0.0	1.0851267589269812e+20	-6.328350842379891e+23
-0.0	-2.8207868111839796e+20	-5.8557812540712853e+23
-0.0	1.932822831875916e+19	-6.409008464763263e+23
-0.0	5.3480159827009654e+20	-5.6553295647791235e+23
-0.0	-4.6217438096627676e+21	-7.07020824878682e+23
-0.0	3.552107217047052e+21	-6.348119359385201e+23
-0.0	-1.4417906077491534e+22	-7.936160911598819e+23
-0.0	9.269277664602767e+21	-1.8762766681937882e+24
-0.0	5.452683885627295e+21	3.394764158509538e+18
-0.0	-5.877085698977273e+21	4.461902409769208e+18
-0.0	-7.8501224823086e+21	-1.4391060066815783e+24
-0.0	1.3462308663961934e+22	-5.914191736613775e+23
-0.0	-3.282717627785566e+21	-4.871405727042665e+23
-0.0	4.3988053592845593e+21	-5.3589797166432006e+23
-0.0	-5.357844314580024e+20	-4.306114491404558e+23
-0.0	-4.654948674091224e+18	-4.87966964365099e+23
-0.0	2.5159734409170823e+20	-4.452266173249402e+23
-0.0	-1.0156351443060933e+20	-4.815405082940919e+23
-0.0	-2.396426606984526e+18	-4.647903846395335e+23
-0.0	-3.5356891906904535e+19	-4.720246402451114e+23
-0.0	1.045638719313685e+19	-4.689884689524028e+23
-0.0	-3.77115842595948e+19	-4.696027092218338e+23
-0.0	1.3101861945349427e+19	-4.690845183381504e+23
-0.0	-5.994604884100495e+18	-4.689885107777239e+23
-0.0	3.406471211026508e+18	-4.690692589537685e+23
-0.0	1.252044671297828e+16	-4.69020900692579e+23
-0.0	7.11228198788588e+17	-4.690498455948758e+23
-0.0	1261924822580001.8	-4.6902114553775254e+23
-0.0	-1.9968619005748224e+16	-4.690382288118611e+23
-0.0	1.9968618655565108e+16	-4.690382288118644e+23
-0.0	-1261924844567377.0	-4.6902114553777274e+23
-0.0	-7.112281978748704e+17	-4.6904984559484914e+23
-0.0	-1.2520447645331522e+16	-4.6902090069261426e+23
-0.0	-3.406471209603778e+18	-4.6906925895379484e+23
-0.0	5.994604883084261e+18	-4.689885107776957e+23
-0.0	-1.3101861944304423e+19	-4.690845183381707e+23
-0.0	3.771158426094055e+19	-4.696027092218011e+23
-0.0	-1.0456387194948096e+19	-4.689884689524257e+23
-0.0	3.5356891907015827e+19	-4.7202464024516853e+23
-0.0	2.396426607004019e+18	-4.647903846395287e+23
-0.0	1.0156351443173597e+20	-4.81540508294066e+23
-0.0	-2.515973440951331e+20	-4.452266173250334e+23
-0.0	4.654948680973309e+18	-4.8796696436503885e+23
-0.0	5.357844314549331e+20	-4.306114491402715e+23
-0.0	-4.3988053592977997e+21	-5.3589797166450555e+23
-0.0	3.282717627797947e+21	-4.871405727043147e+23
-0.0	-1.3462308663973388e+22	-5.9141917366140305e+23
-0.0	7.850122482320832e+21	-1.4391060066813812e+24
-0.0	5.877085698975643e+21	4.4619024096324065e+18
-0.0	-5.803889044187697e+21	2.2904448576782282e+18
-0.0	-6.180107700185988e+21	-1.0625564988461007e+24
-0.0	1.1796343767811163e+22	-4.2024905448385235e+23
-0.0	-2.898615400960099e+21	-3.7029364845956984e+23
-0.0	3.9255693525674204e+21	-3.968085246933892e+23
-0.0	-5.052708854931208e+20	-3.265480634266784e+23
-0.0	9.437950948946119e+18	-3.673130085738408e+23
-0.0	2.116862084811397e+20	-3.363723507410838e+23
-0.0	-8.22821679080917e+19	-3.62700232572242e+23
-0.0	-2.738366214601547e+18	-3.5061521273950095e+23
-0.0	-2.8180861259174015e+19	-3.5577953943677785e+23
-0.0	9.873836092620374e+18	-3.536059373874288e+23
-0.0	-3.2752810734892204e+19	-3.5408678579279195e+23
-0.0	1.2070148688624097e+19	-3.5369860446520164e+23
-0.0	-5.380930675921485e+18	-3.536427965812516e+23
-0.0	3.083375179953946e+18	-3.5369312829795296e+23
-0.0	-9.314834034470187e+16	-3.53659816932352e+23
-0.0	6.391951642578669e+17	-3.536793069291838e+23
-0.0	-8643145624436045.0	-3.536588272919723e+23
-0.0	-563914700051062.2	-3.536711828062528e+23
-0.0	563914407998672.2	-3.53671182806258e+23
-0.0	8643145661641542.0	-3.5365882729198424e+23
-0.0	-6.391951633225043e+17	-3.5367930692916e+23
-0.0	9.314833959115253e+16	-3.5365981693237644e+23
-0.0	-3.0833751785456563e+18	-3.536931282979835e+23
-0.0	5.380930674946824e+18	-3.536427965812327e+23
-0.0	-1.2070148687449242e+19	-3.536986044652164e+23
-0.0	3.2752810736256266e+19	-3.5408678579277255e+23
-0.0	-9.87383609421543e+18	-3.536059373874449e+23
-0.0	2.818086125934921e+19	-3.5577953943682624e+23
-0.0	2.7383662146731607e+18	-3.506152127394996e+23
-0.0	8.228216790933194e+19	-3.62700232572226e+23
-0.0	-2.1168620848429557e+20	-3.3637235074115226e+23
-0.0	-9.437950942480654e+18	-3.673130085737989e+23
-0.0	5.052708854905985e+20	-3.2654806342654765e+23
-0.0	-3.9255693525798124e+21	-3.96808524693527e+23
-0.0	2.8986154009718513e+21	-3.7029364845961104e+23
-0.0	-1.1796343767820822e+22	-4.202490544838731e+23
-0.0	6.180107700197707e+21	-1.0625564988459615e+24
-0.0	5.803889044186269e+21	2.290444857748145e+18
-0.0	-5.237135548465865e+21	2.777427625540919e+18
-0.0	-4.345496303695934e+21	-7.141494457318197e+23
-0.0	9.563064345349694e+21	-2.678113901412629e+23
-0.0	-2.3423199679464425e+21	-2.547758449500483e+23
-0.0	3.2482144175841975e+21	-2.6532505925895392e+23
-0.0	-4.3560010993972524e+20	-2.2364929830929232e+23
-0.0	1.1636297879422208e+19	-2.4987851269748495e+23
-0.0	1.626933621586e+20	-2.2951090050629537e+23
-0.0	-6.188403311348251e+19	-2.4685737991226415e+23
-0.0	-5.302793389057907e+18	-2.389387279842944e+23
-0.0	-2.253350217101554e+19	-2.4231391655808935e+23
-0.0	7.395445647974978e+18	-2.4088996106383195e+23
-0.0	-2.727777349722087e+19	-2.4121538190327868e+23
-0.0	9.909741573309024e+18	-2.4094701722995906e+23
-0.0	-4.62241399411163e+18	-2.409166388906206e+23
-0.0	2.5334586698825283e+18	-2.4094461090868728e+23
-0.0	-1.0582549118927541e+17	-2.4092447556308697e+23
-0.0	5.620888894469962e+17	-2.409367494625059e+23
-0.0	-2.3318672650550224e+16	-2.4092402738233252e+23
-0.0	1.2900869371016614e+16	-2.4093212179164603e+23
-0.0	-1.290086839771426e+16	-2.4093212179165015e+23
-0.0	2.3318674028135664e+16	-2.4092402738233987e+23
-0.0	-5.6208888744824557e+17	-2.4093674946249744e+23
-0.0	1.0582549166814675e+17	-2.4092447556310234e+23
-0.0	-2.533458667421985e+18	-2.4094461090870513e+23
-0.0	4.62241399450518e+18	-2.40916638890606e+23
-0.0	-9.909741571022561e+18	-2.4094701722997134e+23
-0.0	2.7277773499623154e+19	-2.412153819032629e+23
-0.0	-7.395445648065565e+18	-2.4088996106384433e+23
-0.0	2.253350217230073e+19	-2.4231391655811864e+23
-0.0	5.302793390307966e+18	-2.389387279842948e+23
-0.0	6.188403311584942e+19	-2.4685737991225043e+23
-0.0	-1.6269336216009097e+20	-2.2951090050633923e+23
-0.0	-1.1636297872759204e+19	-2.4987851269745706e+23
-0.0	4.356001099387688e+20	-2.2364929830920307e+23
-0.0	-3.2482144175934753e+21	-2.653250592590503e+23
-0.0	2.3423199679583035e+21	-2.5477584495006947e+23
-0.0	-9.563064345355478e+21	-2.678113901412758e+23
-0.0	4.3454963037084844e+21	-7.141494457317322e+23
-0.0	5.237135548464684e+21	2.7774276254523556e+18
-0.0	-4.3219933406036865e+21	7.617585437267488e+17
-0.0	-2.4865248627178304e+21	-4.29556216890966e+23
-0.0	6.955399315339476e+21	-1.4990731523323456e+23
-0.0	-1.7018375210843358e+21	-1.587765742579889e+23
-0.0	2.4217986251980045e+21	-1.5920932742597862e+23
-0.0	-3.413204170242053e+20	-1.386060138502446e+23
-0.0	1.6209207855460219e+19	-1.533491072807126e+23
-0.0	1.102011073931058e+20	-1.4148134743112254e+23
-0.0	-4.046408543640025e+19	-1.5160638473527476e+23
-0.0	-6.610612400164024e+18	-1.4703487139600141e+23
-0.0	-1.4840889972491799e+19	-1.4897992186909015e+23
-0.0	5.796734881759229e+18	-1.481472265700226e+23
-0.0	-1.9988896592420164e+19	-1.4834838627518165e+23
-0.0	7.653619508285733e+18	-1.4817642807394137e+23
-0.0	-3.443147432054334e+18	-1.4816497204977298e+23
-0.0	1.9755188612893873e+18	-1.4817850711021507e+23
-0.0	-6.092490103162705e+16	-1.481675254118913e+23
-0.0	4.568326988672077e+17	-1.4817423567493898e+23
-0.0	-3.6827577433153464e+16	-1.4816730619014617e+23
-0.0	2.3109042719890804e+16	-1.4817182105324057e+23
-0.0	-2.3109042949408796e+16	-1.4817182105324558e+23
-0.0	3.682757785249062e+16	-1.4816730619015404e+23
-0.0	-4.568326980360315e+17	-1.481742356749245e+23
-0.0	6.092490047412432e+16	-1.4816752541189705e+23
-0.0	-1.9755188603328527e+18	-1.481785071102248e+23
-0.0	3.443147431567871e+18	-1.4816497204976536e+23
-0.0	-7.653619507288817e+18	-1.4817642807394611e+23
-0.0	1.9988896593627533e+19	-1.4834838627516968e+23
-0.0	-5.796734882550038e+18	-1.4814722657001952e+23
-0.0	1.4840889972257737e+19	-1.4897992186910113e+23
-0.0	6.610612400252554e+18	-1.4703487139599935e+23
-0.0	4.046408543754632e+19	-1.5160638473526624e+23
-0.0	-1.1020110739506443e+20	-1.4148134743114462e+23
-0.0	-1.6209207851483335e+19	-1.5334910728069927e+23
-0.0	3.4132041702300785e+20	-1.3860601385019914e+23
-0.0	-2.421798625206129e+21	-1.5920932742602936e+23
-0.0	1.7018375210921348e+21	-1.5877657425799837e+23
-0.0	-6.955399315345308e+21	-1.4990731523324146e+23
-0.0	2.486524862725465e+21	-4.2955621689091844e+23
-0.0	4.3219933406028964e+21	7.617585437083052e+17
-0.0	-3.181051892851196e+21	1.0152287734524037e+18
-0.0	-8.899532737881735e+20	-2.1831066876355222e+23
-0.0	4.329199551818901e+21	-6.8185166514176515e+22
-0.0	-1.0534836389916085e+21	-8.433210291647403e+22
-0.0	1.5607044059244218e+21	-8.045543253920884e+22
-0.0	-2.3372492520505842e+20	-7.311336242580671e+22
-0.0	1.8542306019111285e+19	-7.98996062677557e+22
-0.0	6.077756797779775e+19	-7.414695921230066e+22
-0.0	-1.970450166997073e+19	-7.90771447180395e+22
-0.0	-6.666808574284622e+18	-7.688294959886645e+22
-0.0	-7.82923478961171e+18	-7.780990832428147e+22
-0.0	3.7502346363294213e+18	-7.740628060192346e+22
-0.0	-1.2577367104210188e+19	-7.751233940792653e+22
-0.0	5.018160627136084e+18	-7.741912725911187e+22
-0.0	-2.3095368855097856e+18	-7.741842364263105e+22
-0.0	1.306641509004116e+18	-7.742284674533482e+22
-0.0	-5.496787856536176e+16	-7.741827314400106e+22
-0.0	3.173367957760516e+17	-7.74212639232967e+22
-0.0	-3.807625696982954e+16	-7.741819949152668e+22
-0.0	2.624550056144437e+16	-7.742030902246793e+22
-0.0	-2.6245500772131332e+16	-7.742030902247058e+22
-0.0	3.807625754535064e+16	-7.741819949153155e+22
-0.0	-3.1733679508588077e+17	-7.742126392328837e+22
-0.0	5.496787789647425e+16	-7.741827314400517e+22
-0.0	-1.306641508072274e+18	-7.742284674533906e+22
-0.0	2.309536885187978e+18	-7.741842364262716e+22
-0.0	-5.018160626393099e+18	-7.74191272591146e+22
-0.0	1.2577367105218816e+19	-7.751233940791969e+22
-0.0	-3.7502346368566303e+18	-7.740628060192142e+22
-0.0	7.829234789430435e+18	-7.780990832428699e+22
-0.0	6.666808574409796e+18	-7.688294959886652e+22
-0.0	1.9704501670812074e+19	-7.907714471803599e+22
-0.0	-6.077756797907406e+19	-7.41469592123114e+22
-0.0	-1.8542306016443597e+19	-7.989960626774787e+22
-0.0	2.3372492520445218e+20	-7.311336242578436e+22
-0.0	-1.5607044059299871e+21	-8.045543253923508e+22
-0.0	1.0534836389970912e+21	-8.433210291647738e+22
-0.0	-4.3291995518226336e+21	-6.8185166514179686e+22
-0.0	8.899532737932845e+20	-2.1831066876352977e+23
-0.0	3.181051892850641e+21	1.0152287734414158e+18
-0.0	-1.9835908850206772e+21	2.9917132303944134e+17
-0.0	1.279155359979227e+20	-8.540069342889482e+22
-0.0	2.1443814853152942e+21	-2.2263882861889284e+22
-0.0	-5.124351357055768e+20	-3.5036486753482894e+22
-0.0	8.12230703343411e+20	-3.1240190031916754e+22
-0.0	-1.324724092598549e+20	-3.0113346550585e+22
-0.0	1.6267442442068273e+19	-3.2381740385461548e+22
-0.0	2.3135399662722716e+19	-3.028441982959429e+22
-0.0	-4.903556392700638e+18	-3.2090590556463775e+22
-0.0	-5.501539767921994e+18	-3.1304704257940032e+22
-0.0	-2.5473085736632013e+18	-3.1632509899457375e+22
-0.0	1.9823634219144115e+18	-3.148491047356349e+22
-0.0	-6.326983540595529e+18	-3.152913830939652e+22
-0.0	2.700425539664515e+18	-3.148947749694231e+22
-0.0	-1.2487957531204672e+18	-3.149188949070924e+22
-0.0	7.24989903273939e+17	-3.149221842680455e+22
-0.0	-3.886990932235747e+16	-3.149104126515806e+22
-0.0	1.8452270758411546e+17	-3.149193453642289e+22
-0.0	-3.4259114705572584e+16	-3.1490994131080296e+22
-0.0	2.291567150101204e+16	-3.1491703851236287e+22
-0.0	-2.2915671703036056e+16	-3.149170385123663e+22
-0.0	3.425911479598148e+16	-3.1490994131081726e+22
-0.0	-1.8452270731460214e+17	-3.149193453642111e+22
-0.0	3.886990905209676e+16	-3.149104126515892e+22
-0.0	-7.249899029771688e+17	-3.149221842680565e+22
-0.0	1.2487957528106875e+18	-3.1491889490708134e+22
-0.0	-2.7004255393255926e+18	-3.148947749694352e+22
-0.0	6.326983541010256e+18	-3.1529138309394625e+22
-0.0	-1.9823634223031322e+18	-3.148491047356297e+22
-0.0	2.5473085734821233e+18	-3.1632509899459497e+22
-0.0	5.501539767851143e+18	-3.130470425793998e+22
-0.0	4.903556393153736e+18	-3.209059055646187e+22
-0.0	-2.3135399663636935e+19	-3.028441982959813e+22
-0.0	-1.6267442440596963e+19	-3.238174038545917e+22
-0.0	1.3247240925938776e+20	-3.011334655057679e+22
-0.0	-8.122307033468049e+20	-3.1240190031926267e+22
-0.0	5.124351357087301e+20	-3.5036486753483812e+22
-0.0	-2.1443814853176365e+21	-2.2263882861890274e+22
-0.0	-1.2791553599492625e+20	-8.54006934288868e+22
-0.0	1.9835908850203778e+21	2.99171323032278e+17
-0.0	-9.547018575246455e+20	1.0641798006088394e+17
-0.0	4.8487585900233e+20	-2.0877746847157703e+22
-0.0	7.083940109449745e+20	-3.774576332203698e+21
-0.0	-1.5963737787478557e+20	-9.328359920815276e+21
-0.0	2.9266230737015446e+20	-7.540823114832926e+21
-0.0	-5.538818279874785e+19	-7.922880998061107e+21
-0.0	1.0571685357989325e+19	-8.330844941787726e+21
-0.0	2.129542230753865e+18	-7.874822482936555e+21
-0.0	2.1241187484643694e+18	-8.270959488910679e+21
-0.0	-3.464571078860576e+18	-8.106148615142542e+21
-0.0	1.9447076136233974e+17	-8.173091656227046e+21
-0.0	7.30905316768175e+17	-8.14091422356108e+21
-0.0	-2.125268490556942e+18	-8.152779962224382e+21
-0.0	1.0481166506913592e+18	-8.141819997177514e+21
-0.0	-4.86066664109165e+17	-8.143437973771139e+21
-0.0	2.9383494589029414e+17	-8.143002537666954e+21
-0.0	-2.0416787879651304e+16	-8.142947223006149e+21
-0.0	7.95544183062968e+16	-8.143071139315259e+21
-0.0	-2.3377185135311172e+16	-8.142940910911379e+21
-0.0	1.5323986260490332e+16	-8.143069459428365e+21
-0.0	-1.5323986344558232e+16	-8.143069459428412e+21
-0.0	2.3377185113619884e+16	-8.14294091091182e+21
-0.0	-7.955441818339541e+16	-8.143071139314892e+21
-0.0	2.041678783167086e+16	-8.142947223006188e+21
-0.0	-2.938349457543433e+17	-8.143002537667192e+21
-0.0	4.860666639266498e+17	-8.143437973770707e+21
-0.0	-1.0481166505347487e+18	-8.141819997177924e+21
-0.0	2.1252684907346058e+18	-8.152779962223658e+21
-0.0	-7.309053169714839e+17	-8.14091422356116e+21
-0.0	-1.9447076140307056e+17	-8.173091656227896e+21
-0.0	3.464571078831679e+18	-8.106148615142479e+21
-0.0	-2.1241187482496648e+18	-8.270959488910385e+21
-0.0	-2.1295422312285466e+18	-7.874822482937617e+21
-0.0	-1.0571685357271146e+19	-8.330844941787499e+21
-0.0	5.5388182798541414e+19	-7.922880998059337e+21
-0.0	-2.926623073716933e+20	-7.540823114835639e+21
-0.0	1.5963737787634133e+20	-9.328359920815344e+21
-0.0	-7.08394010946073e+20	-3.774576332203973e+21
-0.0	-4.8487585900080254e+20	-2.087774684715628e+22
-0.0	9.547018575244868e+20	1.0641798006249747e+17
-0.0	-2.7625321161104654e+20	7319457581209700.0
-0.0	3.8147601517048195e+20	-1.568350775173416e+21
-0.0	4.051167652903779e+19	-4.430873432307424e+19
-0.0	6.443032242340474e+17	-8.121452470833198e+20
-0.0	3.1144542539803935e+19	-5.51418055439916e+20
-0.0	-1.1248063229805292e+19	-6.769848235250445e+20
-0.0	4.483043482217243e+18	-6.857954264068886e+20
-0.0	-4.2035603199450317e+18	-6.597337837956373e+20
-0.0	3.0486656091862953e+18	-6.830290823195154e+20
-0.0	-1.456641833499971e+18	-6.74588311585763e+20
-0.0	8.202722090458985e+17	-6.776881429555416e+20
-0.0	9.350414061710502e+16	-6.75853073991491e+20
-0.0	-1.252805805313335e+17	-6.768982275643403e+20
-0.0	1.6975724824254342e+17	-6.758802027493729e+20
-0.0	-8.179294931659805e+16	-6.761601328942719e+20
-0.0	5.583959730928485e+16	-6.760499013124447e+20
-0.0	-7366131354897169.0	-6.760790157100388e+20
-0.0	1.8316285747053548e+16	-6.760742229946886e+20
-0.0	-1.0455720662184346e+16	-6.760794566953772e+20
-0.0	6713900852763313.0	-6.760821238140033e+20
-0.0	-6713900881118081.0	-6.760821238139911e+20
-0.0	1.0455720652786382e+16	-6.76079456695408e+20
-0.0	-1.8316285705723804e+16	-6.760742229946334e+20
-0.0	7366131348485129.0	-6.760790157100316e+20
-0.0	-5.5839597272645224e+16	-6.760499013124631e+20
-0.0	8.17929492735982e+16	-6.761601328942336e+20
-0.0	-1.6975724819737686e+17	-6.758802027493905e+20
-0.0	1.252805805750013e+17	-6.768982275642777e+20
-0.0	-9.350414066537792e+16	-6.758530739914602e+20
-0.0	-8.202722090556115e+17	-6.776881429556068e+20
-0.0	1.45664183348635e+18	-6.745883115857832e+20
-0.0	-3.0486656091136154e+18	-6.830290823194817e+20
-0.0	4.203560319820166e+18	-6.597337837956916e+20
-0.0	-4.4830434820531497e+18	-6.857954264068896e+20
-0.0	1.1248063229773101e+19	-6.769848235250608e+20
-0.0	-3.114454254015975e+19	-5.514180554401236e+20
-0.0	-6.443032238006496e+17	-8.121452470832643e+20
-0.0	-4.051167652929336e+19	-4.430873432309703e+19
-0.0	-3.8147601517000144e+20	-1.5683507751732977e+21
-0.0	2.76253211610995e+20	7319457578439980.0
-0.0	2.375159643897261e+19	-1367846218278618.2
-0.0	1.4733098880757121e+20	-1.4565416920619735e+18
-0.0	-1.1067598575236003e+20	-5.251565341796695e+19
-0.0	3.258496602199582e+19	1.757388351937655e+19
-0.0	-4.0203227398873375e+19	-6.659245350602514e+18
-0.0	4.423956581659386e+18	1.1882166834683972e+19
-0.0	5.772801262701841e+17	7.782356852042393e+18
-0.0	-2.962698664954475e+18	9.348260363959218e+18
-0.0	1.437458751061338e+18	8.111146681586844e+18
-0.0	-2.0196009347136e+17	8.861565674978849e+18
-0.0	4.580761314588698e+17	8.499147153047597e+18
-0.0	-8.569196452335915e+16	8.605255961396456e+18
-0.0	3.400635267508744e+17	8.636291245115746e+18
-0.0	-1.0202932127428885e+17	8.598141583682641e+18
-0.0	4.593972065884743e+16	8.627838617707139e+18
-0.0	-2.310529042412181e+16	8.613079298332163e+18
-0.0	-120893394683939.23	8.619539660207648e+18
-0.0	-4446491530925200.0	8.616799549149921e+18
-0.0	-1720804811996945.2	8.619608608219278e+18
-0.0	1048005967355749.1	8.618475708119475e+18
-0.0	-1048005971021467.0	8.618475708127439e+18
-0.0	1720804814634132.8	8.619608608222407e+18
-0.0	4446491530549110.5	8.616799549137298e+18
-0.0	120893395400220.88	8.619539660220679e+18
-0.0	2.310529042015084e+16	8.613079298337362e+18
-0.0	-4.593972065154728e+16	8.627838617708636e+18
-0.0	1.0202932126791064e+17	8.598141583687356e+18
-0.0	-3.400635267559727e+17	8.636291245102811e+18
-0.0	8.56919645261986e+16	8.605255961411273e+18
-0.0	-4.5807613145416486e+17	8.499147153066404e+18
-0.0	2.0196009347078912e+17	8.861565674984909e+18
-0.0	-1.4374587510604165e+18	8.111146681582822e+18
-0.0	2.962698664960281e+18	9.348260363978254e+18
-0.0	-5.772801262941481e+17	7.782356852049744e+18
-0.0	-4.4239565816477143e+18	1.1882166834694828e+19
-0.0	4.020322739895954e+19	-6.65924535055767e+18
-0.0	-3.2584966022011695e+19	1.757388351937272e+19
-0.0	1.1067598575239458e+20	-5.251565341796412e+19
-0.0	-1.4733098880752771e+20	-1.456541692047018e+18
-0.0	-2.3751596438984385e+19	-1367846218212135.2
-0.0	7.187377814671145e+19	-2002058997052524.8
-0.0	8.943934112330324e+17	-3.0559995360040317e+19
-0.0	-6.123731695971761e+19	2.524824620805095e+19
-0.0	1.6535594468459708e+19	-2.464921792721903e+19
-0.0	-2.716587767992518e+19	-7.979963254952617e+18
-0.0	4.668270166721967e+18	-1.9318247854682567e+19
-0.0	-6.650063459070833e+17	-1.7541697156411435e+19
-0.0	-5.748426437174619e+17	-1.7792147877051566e+19
-0.0	7.878296238586387e+16	-1.7643501736019433e+19
-0.0	1.9836503014775046e+17	-1.7839503036287906e+19
-0.0	5.159438221784582e+16	-1.7727742715790086e+19
-0.0	-5.908967947652112e+16	-1.7742249223591754e+19
-0.0	1.870055406040996e+17	-1.7777003164226597e+19
-0.0	-8.253733967877819e+16	-1.7739980966464758e+19
-0.0	3.870112999990782e+16	-1.7758985546650638e+19
-0.0	-2.1905121952346044e+16	-1.77500876343186e+19
-0.0	1696550976401975.8	-1.7753626966071773e+19
-0.0	-5742564393588362.0	-1.7752362897226222e+19
-0.0	1359892737604266.5	-1.7753662248607488e+19
-0.0	-852757596383688.0	-1.7753099509740173e+19
-0.0	852757598889889.5	-1.7753099509736126e+19
-0.0	-1359892740270892.2	-1.775366224860451e+19
-0.0	5742564385374515.0	-1.775236289724064e+19
-0.0	-1696550969147452.5	-1.775362696607432e+19
-0.0	2.190512194714929e+16	-1.7750087634316857e+19
-0.0	-3.870112999039562e+16	-1.775898554665416e+19
-0.0	8.253733966681325e+16	-1.7739980966469792e+19
-0.0	-1.870055406175464e+17	-1.7777003164244058e+19
-0.0	5.9089679483272024e+16	-1.7742249223595174e+19
-0.0	-5.1594382206585816e+16	-1.7727742715768164e+19
-0.0	-1.983650301454457e+17	-1.7839503036282788e+19
-0.0	-7.878296239865426e+16	-1.7643501736019202e+19
-0.0	5.7484264374247597e+17	-1.7792147877041314e+19
-0.0	6.650063458698796e+17	-1.7541697156400044e+19
-0.0	-4.66827016671401e+18	-1.931824785466517e+19
-0.0	2.716587768004366e+19	-7.9799632548884e+18
-0.0	-1.6535594468545004e+19	-2.4649217927229305e+19
-0.0	6.123731695977011e+19	2.524824620805956e+19
-0.0	-8.943934112773262e+17	-3.0559995360043532e+19
-0.0	-7.187377814671223e+19	-2002058996783885.0
-0.0	3.262645663360154e+19	-2307090316558829.5
-0.0	-3.17842937706515e+19	2.817302211577923e+19
-0.0	-4.851283562896977e+18	-1.0531433506664212e+19
-0.0	9.815133585201004e+17	1.8659981306027655e+19
-0.0	-4.538264780270955e+18	9.10380935115144e+18
-0.0	1.3248828402643016e+18	1.5136416425628723e+19
-0.0	-4.628816069826994e+17	1.4463442547937253e+19
-0.0	4.2042379251497766e+17	1.4337388114259069e+19
-0.0	-2.999633558897592e+17	1.4480038420308644e+19
-0.0	1.434134290873815e+17	1.448842641472728e+19
-0.0	-8.555824657982363e+16	1.4469366900063664e+19
-0.0	-7072867934291281.0	1.4458704294732726e+19
-0.0	7590614895381720.0	1.4482838205495222e+19
-0.0	-1.4538059858285222e+16	1.445822884747391e+19
-0.0	7787507171728413.0	1.446855516478364e+19
-0.0	-4585667644580727.0	1.446388959750688e+19
-0.0	1118255867948224.6	1.4465589233295292e+19
-0.0	-1564665744985383.5	1.446492377504779e+19
-0.0	1121523883665395.2	1.4465528671686216e+19
-0.0	-655445319747315.0	1.4465438639891853e+19
-0.0	655445320573982.0	1.4465438639893211e+19
-0.0	-1121523884496619.8	1.446552867169269e+19
-0.0	1564665741714042.2	1.4464923775054037e+19
-0.0	-1118255866989633.0	1.446558923330017e+19
-0.0	4585667644931497.0	1.4463889597506824e+19
-0.0	-7787507167976587.0	1.4468555164781689e+19
-0.0	1.4538059853807434e+16	1.445822884747248e+19
-0.0	-7590614899495678.0	1.4482838205493002e+19
-0.0	7072867934298364.0	1.4458704294736814e+19
-0.0	8.555824658561163e+16	1.4469366900074904e+19
-0.0	-1.4341342908577112e+17	1.448842641472706e+19
-0.0	2.999633558838016e+17	1.4480038420308707e+19
-0.0	-4.204237925075166e+17	1.4337388114260535e+19
-0.0	4.6288160697455245e+17	1.4463442547938775e+19
-0.0	-1.324882840265156e+18	1.5136416425638e+19
-0.0	4.5382647803113585e+18	9.10380935117626e+18
-0.0	-9.815133585542624e+17	1.8659981306023924e+19
-0.0	4.851283562912464e+18	-1.0531433506663213e+19
-0.0	3.1784293770633826e+19	2.8173022115778404e+19
-0.0	-3.2626456633600803e+19	-2307090316479574.0
-0.0	9.866646757094624e+17	-2474131117577388.0
-0.0	-1.715151181625617e+19	-2.0504048449738027e+19
-0.0	1.2148506873802435e+19	3.2908062877332434e+18
-0.0	-3.4381791583996283e+18	-1.2444962865948705e+19
-0.0	4.21772619537023e+18	-7.349582748629566e+18
-0.0	-4.6538785689417645e+17	-1.0327970123116564e+19
-0.0	-7.334536106061872e+16	-1.0142054966878355e+19
-0.0	3.776227559117549e+17	-9.939679132384836e+18
-0.0	-1.8296873236601683e+17	-1.012924038864154e+19
-0.0	2.5959950148563624e+16	-1.0082065115845857e+19
-0.0	-6.1174915501266824e+16	-1.0094277491034718e+19
-0.0	1.259833427922521e+16	-1.0079125703398466e+19
-0.0	-4.636360594555122e+16	-1.0094050662167871e+19
-0.0	1.4664265598320876e+16	-1.0079474386955682e+19
-0.0	-5892786260096652.0	-1.0084591004641335e+19
-0.0	3696030597391682.0	-1.008238419065745e+19
-0.0	390240094883440.7	-1.0083184926435002e+19
-0.0	789028248207294.1	-1.0083050226027586e+19
-0.0	300138754493438.8	-1.0083228839981974e+19
-0.0	-121814613409332.28	-1.008313986523664e+19
-0.0	121814612605243.78	-1.0083139865235007e+19
-0.0	-300138753868472.56	-1.0083228839983049e+19
-0.0	-789028247391831.4	-1.0083050226026131e+19
-0.0	-390240097257401.2	-1.0083184926432629e+19
-0.0	-3696030594995535.0	-1.008238419065702e+19
-0.0	5892786259019506.0	-1.0084591004641722e+19
-0.0	-1.4664265597571852e+16	-1.007947438695506e+19
-0.0	4.6363605948054376e+16	-1.0094050662168072e+19
-0.0	-1.2598334282288888e+16	-1.0079125703398795e+19
-0.0	6.117491550093744e+16	-1.0094277491035802e+19
-0.0	-2.5959950147934916e+16	-1.0082065115844286e+19
-0.0	1.8296873236631158e+17	-1.012924038864045e+19
-0.0	-3.776227559150038e+17	-9.939679132385341e+18
-0.0	7.334536106803749e+16	-1.0142054966878904e+19
-0.0	4.6538785689086304e+17	-1.032797012311586e+19
-0.0	-4.217726195377039e+18	-7.349582748631888e+18
-0.0	3.4381791584032256e+18	-1.2444962865947283e+19
-0.0	-1.2148506873808531e+19	3.2908062877332096e+18
-0.0	1.7151511816261882e+19	-2.0504048449737634e+19
-0.0	-9.866646757091117e+17	-2474131117579635.5
-0.0	-6.763449498782819e+18	-2660763369498651.0
-0.0	-3.414486003239683e+18	1.3165989136156373e+19
-0.0	8.732680016628997e+18	-1.9366834564754486e+17
-0.0	-2.391276629855973e+18	7.610740316684202e+18
-0.0	3.77943672406802e+18	5.088410604925045e+18
-0.0	-6.290156733267704e+17	6.433335971273071e+18
-0.0	7.031739582539735e+16	6.434417818051256e+18
-0.0	1.4270647356878558e+17	6.261647040700294e+18
-0.0	-4.471907879906915e+16	6.416164927248527e+18
-0.0	-1.8621802943689412e+16	6.365200753386629e+18
-0.0	-1.899052066385144e+16	6.383104912898493e+18
-0.0	1.0566315624957826e+16	6.370648272620062e+18
-0.0	-3.28034682597932e+16	6.379071502767673e+18
-0.0	1.3727786446161592e+16	6.370927646593242e+18
-0.0	-5718010568354646.0	6.373336494007745e+18
-0.0	3842323004529865.5	6.372324925036234e+18
-0.0	132065701147382.66	6.372570750042564e+18
-0.0	995945380439231.2	6.372394185641178e+18
-0.0	-49884136420752.1	6.372464070979625e+18
-0.0	94811639748213.64	6.372531902643802e+18
-0.0	-94811639916638.9	6.37253190264416e+18
-0.0	49884135041645.16	6.372464070980045e+18
-0.0	-995945378646851.5	6.372394185641925e+18
-0.0	-132065702440296.42	6.3725707500418e+18
-0.0	-3842323002752185.5	6.372324925033357e+18
-0.0	5718010567106393.0	6.373336494007904e+18
-0.0	-1.3727786444370584e+16	6.370927646594019e+18
-0.0	3.2803468261523828e+16	6.379071502768746e+18
-0.0	-1.056631562696436e+16	6.370648272618545e+18
-0.0	1.899052066337619e+16	6.383104912894465e+18
-0.0	1.862180294335426e+16	6.365200753386148e+18
-0.0	4.4719078800939016e+16	6.416164927248096e+18
-0.0	-1.4270647357305349e+17	6.261647040700429e+18
-0.0	-7.031739581881385e+16	6.434417818049629e+18
-0.0	6.290156733249196e+17	6.433335971269068e+18
-0.0	-3.7794367240819333e+18	5.088410604920379e+18
-0.0	2.391276629866289e+18	7.610740316686115e+18
-0.0	-8.732680016636571e+18	-1.9366834564906154e+17
-0.0	3.4144860032479816e+18	1.3165989136156492e+19
-0.0	6.763449498782943e+18	-2660763369528165.5
-0.0	-4.300981156347481e+18	-2342730850937152.0
-0.0	7.112828349702885e+17	-7.751216322032429e+18
-0.0	3.416622454038919e+18	-8.454538475161586e+17
-0.0	-9.160522352753537e+17	-4.345787253394213e+18
-0.0	1.669417560581888e+18	-3.2018565552650153e+18
-0.0	-3.203566198588365e+17	-3.735374463273713e+18
-0.0	5.823995786362099e+16	-3.7894949869935555e+18
-0.0	2.686448284618171e+16	-3.66910432671802e+18
-0.0	3135109873819875.5	-3.7740031160240113e+18
-0.0	-1.600795366143451e+16	-3.7352289386505354e+18
-0.0	-1469756018695301.0	-3.750140402859438e+18
-0.0	4877655010664515.0	-3.741687064255182e+18
-0.0	-1.2955569674659614e+16	-3.7462154595801774e+18
-0.0	6451329808643395.0	-3.742210154767469e+18
-0.0	-2505610996235566.5	-3.7431527475048607e+18
-0.0	1978085728082379.5	-3.742818364360252e+18
-0.0	125845208268510.56	-3.742973177667619e+18
-0.0	555810211700733.6	-3.743083377558579e+18
-0.0	-57860682186977.85	-3.743077694599815e+18
-0.0	90402970307074.69	-3.7430613073233905e+18
-0.0	-90402970118534.06	-3.743061307324691e+18
-0.0	57860680490294.55	-3.7430776945997486e+18
-0.0	-555810210338846.94	-3.743083377555973e+18
-0.0	-125845208633348.78	-3.7429731776669706e+18
-0.0	-1978085727146742.5	-3.7428183643606415e+18
-0.0	2505610995844662.5	-3.7431527475046687e+18
-0.0	-6451329807559175.0	-3.7422101547675244e+18
-0.0	1.295556967493481e+16	-3.746215459577875e+18
-0.0	-4877655011440119.0	-3.741687064253537e+18
-0.0	1469756018791429.2	-3.7501404028609014e+18
-0.0	1.6007953661103544e+16	-3.7352289386510787e+18
-0.0	-3135109872737672.0	-3.7740031160242565e+18
-0.0	-2.686448284828372e+16	-3.669104326719328e+18
-0.0	-5.8239957860481624e+16	-3.7894949869942605e+18
-0.0	3.203566198580995e+17	-3.735374463275455e+18
-0.0	-1.6694175605894812e+18	-3.2018565552693627e+18
-0.0	9.160522352810349e+17	-4.3457872533918367e+18
-0.0	-3.4166224540427914e+18	-8.45453847516716e+17
-0.0	-7.112828349660997e+17	-7.751216322033741e+18
-0.0	4.300981156347509e+18	-2342730850957503.0
-0.0	-1.5056994849446497e+18	-2042889035954952.8
-0.0	7.150306331142984e+17	4.232819632444301e+18
-0.0	9.079029691864018e+17	9.670114569044433e+17
-0.0	-2.346003360984079e+17	2.3189667638377533e+18
-0.0	4.936641068743914e+17	1.8614841267284168e+18
-0.0	-1.0432076491455024e+17	2.0264344202072305e+18
-0.0	2.3896501636455924e+16	2.0819533958306772e+18
-0.0	196007132154884.44	2.0072753906869563e+18
-0.0	6518182759460003.0	2.0711398177273124e+18
-0.0	-6193033208836198.0	2.045653595422746e+18
-0.0	1410536315042581.8	2.055822768929074e+18
-0.0	1727464864126509.2	2.0506361447911447e+18
-0.0	-3360605055952824.5	2.0527104633542505e+18
-0.0	2141784903653887.0	2.0506993551509315e+18
-0.0	-601817605867358.5	2.0510725686121193e+18
-0.0	779275788211174.4	2.0509245103754906e+18
-0.0	145482813520569.2	2.0508601316943089e+18
-0.0	236795278682863.16	2.0507559602562081e+18
-0.0	-3475709428644.946	2.050725188969811e+18
-0.0	45988127758014.22	2.050768437832322e+18
-0.0	-45988127896314.44	2.0507684378317204e+18
-0.0	3475709108133.112	2.0507251889700035e+18
-0.0	-236795277876775.97	2.0507559602567206e+18
-0.0	-145482814286739.7	2.0508601316944765e+18
-0.0	-779275787812714.1	2.0509245103752256e+18
-0.0	601817605865636.0	2.0510725686121014e+18
-0.0	-2141784903282589.8	2.050699355150857e+18
-0.0	3360605056271049.5	2.052710463354582e+18
-0.0	-1727464864648861.8	2.0506361447915082e+18
-0.0	-1410536315038588.8	2.0558227689287508e+18
-0.0	6193033208735177.0	2.0456535954224061e+18
-0.0	-6518182759064032.0	2.0711398177271398e+18
-0.0	-196007133201763.84	2.0072753906867108e+18
-0.0	-2.38965016349807e+16	2.0819533958302687e+18
-0.0	1.043207649141903e+17	2.0264344202059635e+18
-0.0	-4.9366410687711706e+17	1.8614841267277322e+18
-0.0	2.3460033610091475e+17	2.318966763838256e+18
-0.0	-9.079029691883835e+17	9.670114569043706e+17
-0.0	-7.15030633111925e+17	4.2328196324434734e+18
-0.0	1.505699484944674e+18	-2042889035960678.0
-0.0	-3.147412281625276e+17	-1241296245694213.8
-0.0	2.5999427070645363e+17	-2.1524638413234237e+18
-0.0	1.754195099373425e+17	-7.758746202604552e+17
-0.0	-3.984412524110244e+16	-1.156423324128677e+18
-0.0	1.0622148282345942e+17	-1.0116490878455351e+18
-0.0	-2.3796069912475116e+16	-1.0288155520041944e+18
-0.0	6848146964382370.0	-1.0704337323927046e+18
-0.0	-1040826460335823.9	-1.027830187078902e+18
-0.0	2894112591168756.0	-1.0636205059700038e+18
-0.0	-1278268222308226.0	-1.048708802776669e+18
-0.0	957373154863305.5	-1.0549383275927762e+18
-0.0	650884883101580.4	-1.0521317944547151e+18
-0.0	-470387908097283.0	-1.0531889343598225e+18
-0.0	630141365796410.5	-1.0524748801496082e+18
-0.0	35586991499710.51	-1.052500452132198e+18
-0.0	320992011893146.56	-1.0525437731534125e+18
-0.0	133768930540552.27	-1.0526102754381541e+18
-0.0	104251280297377.08	-1.0527346396158426e+18
-0.0	21007899998807.73	-1.0527432477019372e+18
-0.0	20846304187367.637	-1.052742891889837e+18
-0.0	-20846304419926.707	-1.0527428918896532e+18
-0.0	-21007899857532.793	-1.0527432477020634e+18
-0.0	-104251279892600.97	-1.0527346396160566e+18
-0.0	-133768931172651.64	-1.0526102754382592e+18
-0.0	-320992011759371.7	-1.0525437731534354e+18
-0.0	-35586991347269.26	-1.0525004521320604e+18
-0.0	-630141365730909.2	-1.0524748801494108e+18
-0.0	470387908256357.4	-1.0531889343597371e+18
-0.0	-650884883329549.1	-1.052131794454882e+18
-0.0	-957373154796666.8	-1.0549383275928782e+18
-0.0	1278268222289130.0	-1.0487088027768595e+18
-0.0	-2894112591011755.5	-1.0636205059700179e+18
-0.0	1040826459890688.5	-1.0278301870787057e+18
-0.0	-6848146963772259.0	-1.0704337323927301e+18
-0.0	2.3796069912319916e+16	-1.0288155520046212e+18
-0.0	-1.0622148282420189e+17	-1.011649087845875e+18
-0.0	3.984412524203303e+16	-1.1564233241284442e+18
-0.0	-1.7541950993812336e+17	-7.758746202606412e+17
-0.0	-2.5999427070538323e+17	-2.152463841323249e+18
-0.0	3.1474122816254957e+17	-1241296245696085.8
-0.0	-499345992919128.9	-676010323029183.8
-0.0	6.551786110724772e+16	1.0042635813835652e+18
-0.0	2.729819309228342e+16	5.2487695039297235e+17
-0.0	-2047015768085115.2	5.258964064038675e+17
-0.0	1.7927569114120036e+16	5.076278583327622e+17
-0.0	-3596766469932605.0	4.7820317338075034e+17
-0.0	1776636567127947.2	5.0526460086936877e+17
-0.0	86432899196978.25	4.828445182455861e+17
-0.0	1107753482583804.2	5.014247240599891e+17
-0.0	134534139113691.34	4.9313784888631776e+17
-0.0	547352554440318.5	4.965650090089842e+17
-0.0	359758123530364.6	4.950069762229262e+17
-0.0	109123208557083.8	4.952806282421513e+17
-0.0	236071207847509.66	4.949035144619044e+17
-0.0	154373477687182.56	4.9492529829843686e+17
-0.0	175520754524723.72	4.9489688818885606e+17
-0.0	104869573035824.38	4.947989824199511e+17
-0.0	56335335002360.586	4.947121984951175e+17
-0.0	21673151728775.156	4.946706257850342e+17
-0.0	10855130489047.71	4.9467951178902694e+17
-0.0	-10855130629644.35	4.9467951178909235e+17
-0.0	-21673151601355.42	4.9467062578514554e+17
-0.0	-56335334850040.17	4.947121984950153e+17
-0.0	-104869573332564.48	4.9479898241992486e+17
-0.0	-175520754455447.62	4.948968881888785e+17
-0.0	-154373477591545.28	4.949252982984556e+17
-0.0	-236071207830641.0	4.949035144619429e+17
-0.0	-109123208527624.14	4.952806282420105e+17
-0.0	-359758123581105.4	4.950069762226606e+17
-0.0	-547352554411270.0	4.96565009008901e+17
-0.0	-134534139131497.34	4.931378488863249e+17
-0.0	-1107753482558070.4	5.014247240598635e+17
-0.0	-86432899303374.66	4.8284451824568205e+17
-0.0	-1776636567013407.5	5.052646008692607e+17
-0.0	3596766469922544.0	4.782031733805533e+17
-0.0	-1.7927569114239448e+16	5.076278583329716e+17
-0.0	2047015768258311.0	5.258964064039534e+17
-0.0	-2.7298193092493716e+16	5.248769503929663e+17
-0.0	-6.551786110697365e+16	1.0042635813833782e+18
-0.0	499345992933557.5	-676010323029927.6
-0.0	4.9216041746413224e+16	227826591228538.0
-0.0	1.6287208343676298e+16	-4.184776091152802e+17
-0.0	6340750543721702.0	-3.189042997744629e+17
-0.0	2616045124666005.0	-2.099029536581688e+17
-0.0	3279616960621111.0	-2.3212728173202022e+17
-0.0	43629429640955.875	-1.9707036612124058e+17
-0.0	693616533444237.0	-2.1296755410943e+17
-0.0	451146624641988.4	-2.0187979391057645e+17
-0.0	605431905441641.9	-2.1081487389071782e+17
-0.0	371749087579132.3	-2.068021287431324e+17
-0.0	383848562960319.3	-2.0862162840385056e+17
-0.0	262916361154657.22	-2.080146005364604e+17
-0.0	159347133995615.16	-2.0823255877516928e+17
-0.0	134339756755961.72	-2.082399870685771e+17
-0.0	140176664412118.14	-2.0815693483858285e+17
-0.0	117206735012379.31	-2.0823263191115475e+17
-0.0	74504959616101.53	-2.0829221444293728e+17
-0.0	34045588788245.754	-2.083767267654873e+17
-0.0	14882627884237.303	-2.0839814468130365e+17
-0.0	6122061763256.161	-2.0840516493777978e+17
-0.0	-6122061852916.593	-2.0840516493770138e+17
-0.0	-14882627815118.068	-2.083981446812524e+17
-0.0	-34045588696462.234	-2.083767267656517e+17
-0.0	-74504959773348.56	-2.082922144429031e+17
-0.0	-117206734993306.08	-2.0823263191105712e+17
-0.0	-140176664332405.55	-2.081569348385653e+17
-0.0	-134339756768851.05	-2.0823998706859677e+17
-0.0	-159347133979923.25	-2.0823255877515904e+17
-0.0	-262916361159387.5	-2.080146005365923e+17
-0.0	-383848562947065.6	-2.0862162840387504e+17
-0.0	-371749087581502.5	-2.0680212874316554e+17
-0.0	-605431905429717.4	-2.1081487389076714e+17
-0.0	-451146624679842.9	-2.018797939105685e+17
-0.0	-693616533455360.9	-2.1296755410938102e+17
-0.0	-43629429617575.19	-1.9707036612114605e+17
-0.0	-3279616960613785.0	-2.3212728173210813e+17
-0.0	-2616045124647270.0	-2.0990295365829616e+17
-0.0	-6340750543804476.0	-3.189042997744907e+17
-0.0	-1.628720834365169e+16	-4.1847760911523955e+17
-0.0	-4.9216041746403416e+16	227826591229332.84
-0.0	4.641621703780426e+16	925725451449891.6
-0.0	6663475027647279.0	1.4280493103846222e+17
-0.0	4261293176560002.5	1.770051008598536e+17
-0.0	2614315055795056.5	6.445948791999052e+16
-0.0	1388880019775116.8	9.25077170175274e+16
-0.0	487273365567310.56	6.471731225292579e+16
-0.0	465442181944071.4	7.33719702224827e+16
-0.0	462350630362557.94	6.849502126402084e+16
-0.0	454182657302787.06	7.2371236858883e+16
-0.0	347799485604224.1	7.0338691320158696e+16
-0.0	303081172603932.75	7.114992709972964e+16
-0.0	203903671222887.1	7.0749702420250504e+16
-0.0	126017371052660.27	7.065727100017261e+16
-0.0	90264877782585.86	7.060194651723204e+16
-0.0	104068282090541.6	7.060505246563121e+16
-0.0	79258106471861.22	7.057585294336387e+16
-0.0	48271080361734.06	7.050872152698379e+16
-0.0	19775066330562.56	7.045625137504007e+16
-0.0	8150376350013.521	7.043101487863797e+16
-0.0	3054542430359.9478	7.0427380830274856e+16
-0.0	-3054542469596.373	7.0427380830312264e+16
-0.0	-8150376325933.519	7.043101487867406e+16
-0.0	-19775066270864.82	7.04562513750261e+16
-0.0	-48271080454868.234	7.050872152698797e+16
-0.0	-79258106460755.67	7.057585294343019e+16
-0.0	-104068282053667.95	7.060505246564945e+16
-0.0	-90264877789366.31	7.060194651725524e+16
-0.0	-126017371040374.56	7.0657271000151576e+16
-0.0	-203903671233536.53	7.074970242022827e+16
-0.0	-303081172598894.6	7.1149927099734264e+16
-0.0	-347799485605764.8	7.033869132013148e+16
-0.0	-454182657299213.2	7.237123685883482e+16
-0.0	-462350630382868.6	6.849502126404543e+16
-0.0	-465442181930041.0	7.337197022247376e+16
-0.0	-487273365565118.7	6.471731225286873e+16
-0.0	-1388880019775081.8	9.250771701760515e+16
-0.0	-2614315055768035.0	6.445948791997231e+16
-0.0	-4261293176601881.5	1.7700510085988694e+17
-0.0	-6663475027594895.0	1.4280493103843349e+17
-0.0	-4.641621703779717e+16	925725451449452.8
-0.0	3.782584148028389e+16	1867291429301623.0
-0.0	4622836752683693.0	-2.4075166226918348e+16
-0.0	3759687974189568.0	-8.640636944340891e+16
-0.0	2275701513533101.5	-2247333129445643.8
-0.0	1090347732566952.6	-2.4699437111682136e+16
-0.0	481303779264595.5	-6458534664719227.0
-0.0	386543321716558.25	-1.084991873457522e+16
-0.0	408891641489989.25	-8843592541109476.0
-0.0	383236014552876.8	-1.0323708715081494e+16
-0.0	303998200732504.44	-9639310447110492.0
-0.0	252647821001647.34	-1.0042857444980938e+16
-0.0	159650206130262.62	-1.004716971186956e+16
-0.0	88361002291827.3	-1.0142016196346002e+16
-0.0	58900403422858.33	-1.021994472539071e+16
-0.0	68997955114642.81	-1.0170281957936936e+16
-0.0	48913886958565.305	-1.0220883395986182e+16
-0.0	27711912187001.145	-1.0258743045059454e+16
-0.0	9970412503157.69	-1.0296211355821956e+16
-0.0	3438527135943.892	-1.030763602714423e+16
-0.0	1089646743910.122	-1.0312130948247952e+16
-0.0	-1089646757654.8053	-1.0312130948253174e+16
-0.0	-3438527128353.592	-1.0307636027129632e+16
-0.0	-9970412472462.639	-1.029621135577706e+16
-0.0	-27711912234354.254	-1.0258743045069202e+16
-0.0	-48913886947325.125	-1.0220883395962552e+16
-0.0	-68997955106291.68	-1.017028195793766e+16
-0.0	-58900403422733.07	-1.0219944725392948e+16
-0.0	-88361002278462.53	-1.0142016196335712e+16
-0.0	-159650206144447.56	-1.0047169711877508e+16
-0.0	-252647821001905.9	-1.004285744499009e+16
-0.0	-303998200727729.06	-9639310447118774.0
-0.0	-383236014551875.3	-1.0323708715084852e+16
-0.0	-408891641499628.56	-8843592541103198.0
-0.0	-386543321704856.0	-1.0849918734567006e+16
-0.0	-481303779267765.06	-6458534664715696.0
-0.0	-1090347732568936.1	-2.4699437111693172e+16
-0.0	-2275701513518022.0	-2247333129466762.2
-0.0	-3759687974199440.0	-8.640636944341827e+16
-0.0	-4622836752661829.0	-2.407516622692771e+16
-0.0	-3.782584148027831e+16	1867291429301290.2
-0.0	3.0372609580349452e+16	2577578861529823.5
-0.0	3807270962491906.5	-1.3066833362620668e+16
-0.0	3215000802727235.0	4.098195680382636e+16
-0.0	1977476562789520.2	-1.3195914491629188e+16
-0.0	952740429815814.5	1729789933954940.5
-0.0	428915144962351.56	-9434745446972338.0
-0.0	328981281663617.44	-7442841868108321.0
-0.0	355035271909577.8	-7990349789408148.0
-0.0	325985365292454.75	-7593013034759731.0
-0.0	255384866084397.94	-7980877228703335.0
-0.0	206967026228932.4	-7896550141656041.0
-0.0	121858013074784.39	-8051737121182560.0
-0.0	58795375353075.055	-8185301020160301.0
-0.0	35885500696636.58	-8202872315764953.0
-0.0	41072674287377.46	-8200559440495608.0
-0.0	26541103012622.484	-8224085828401018.0
-0.0	13374955057975.684	-8253636368733364.0
-0.0	3999498621337.9106	-8271904339078053.0
-0.0	901480245382.439	-8278606852248194.0
-0.0	137785498228.93228	-8280428102586859.0
-0.0	-137785503717.44067	-8280428102585618.0
-0.0	-901480237773.5475	-8278606852232773.0
-0.0	-3999498615989.3394	-8271904339080592.0
-0.0	-13374955073377.43	-8253636368730498.0
-0.0	-26541102999886.418	-8224085828380991.0
-0.0	-41072674292540.37	-8200559440491843.0
-0.0	-35885500697628.36	-8202872315761740.0
-0.0	-58795375341577.375	-8185301020163698.0
-0.0	-121858013086847.1	-8051737121190067.0
-0.0	-206967026227726.28	-7896550141666327.0
-0.0	-255384866084901.84	-7980877228701183.0
-0.0	-325985365292890.25	-7593013034760752.0
-0.0	-355035271919849.3	-7990349789405275.0
-0.0	-328981281651765.94	-7442841868102476.0
-0.0	-428915144964944.2	-9434745446978516.0
-0.0	-952740429817798.2	1729789933964080.8
-0.0	-1977476562773124.8	-1.3195914491630016e+16
-0.0	-3215000802745411.5	4.098195680382836e+16
-0.0	-3807270962469208.0	-1.3066833362614172e+16
-0.0	-3.037260958034573e+16	2577578861529770.0
-0.0	2.4396146760391284e+16	3372089991625043.5
-0.0	3217247105932105.0	2.6152184225814124e+16
-0.0	2693368995346509.0	-1.062481597105973e+16
-0.0	1714673717613834.2	2.058334509612596e+16
-0.0	837487956056423.9	1.1494647964121566e+16
-0.0	372706724850087.3	1.7302942344365592e+16
-0.0	272654976661372.66	1.6410901323029232e+16
-0.0	293204246701153.94	1.6545596132657478e+16
-0.0	267531500534706.66	1.6518355614202204e+16
-0.0	207898467809707.84	1.6477322604033256e+16
-0.0	164644936436298.0	1.639107323325734e+16
-0.0	90056824434936.66	1.6262606638095772e+16
-0.0	37453083863988.99	1.6175103329306362e+16
-0.0	19813329519361.31	1.6124752515133744e+16
-0.0	20913754836271.477	1.613692685678321e+16
-0.0	11921662258370.791	1.6114606519169618e+16
-0.0	4865662576136.052	1.610066471317435e+16
-0.0	997800565962.9309	1.6092424189933072e+16
-0.0	-36867531650.82546	1.6090363866599784e+16
-0.0	-137096869385.40567	1.6090246270651052e+16
-0.0	137096869548.81496	1.6090246270652892e+16
-0.0	36867532167.37456	1.6090363866607904e+16
-0.0	-997800566181.393	1.6092424189929038e+16
-0.0	-4865662575811.081	1.6100664713177198e+16
-0.0	-11921662248232.014	1.611460651917733e+16
-0.0	-20913754846914.875	1.6136926856788388e+16
-0.0	-19813329520769.113	1.6124752515133208e+16
-0.0	-37453083854603.305	1.6175103329304548e+16
-0.0	-90056824443587.03	1.6262606638097566e+16
-0.0	-164644936435478.72	1.639107323325645e+16
-0.0	-207898467810970.72	1.6477322604033724e+16
-0.0	-267531500535372.34	1.6518355614206588e+16
-0.0	-293204246710393.4	1.654559613265898e+16
-0.0	-272654976652267.8	1.6410901323031086e+16
-0.0	-372706724849980.3	1.7302942344364634e+16
-0.0	-837487956055890.8	1.1494647964125526e+16
-0.0	-1714673717603348.0	2.058334509612299e+16
-0.0	-2693368995361632.5	-1.0624815971058184e+16
-0.0	-3217247105921099.5	2.615218422581584e+16
-0.0	-2.439614676038813e+16	3372089991624910.0
-0.0	1.957881691005649e+16	3992465644506649.0
-0.0	2695206553496084.5	-1.6758622976828252e+16
-0.0	2223013110744047.0	5830305249583742.0
-0.0	1455190843830194.0	-1.083922094675885e+16
-0.0	712845544762668.4	-6044933972589696.0
-0.0	297667560015413.3	-9334689142474898.0
-0.0	207698490564128.0	-9120764192738294.0
-0.0	227529395613733.62	-8965658892957639.0
-0.0	208078858034837.7	-9065665833021690.0
-0.0	160936438070510.97	-9139785464040238.0
-0.0	123633467286029.22	-9194069627557388.0
-0.0	61657436413108.65	-9307055168528176.0
-0.0	23653545903397.723	-9400049688644872.0
-0.0	10294942586745.604	-9417860640403710.0
-0.0	8885695053888.973	-9422950395230660.0
-0.0	3923794132032.526	-9432676652810774.0
-0.0	897004305981.9487	-9439644325370024.0
-0.0	-60688733266.27546	-9441754440790578.0
-0.0	-172890385478.63177	-9441873900319514.0
-0.0	-94751032690.61748	-9441873700192676.0
-0.0	94751036205.1936	-9441873700191186.0
-0.0	172890382682.66583	-9441873900321056.0
-0.0	60688729760.60244	-9441754440791390.0
-0.0	-897004299581.7837	-9439644325368522.0
-0.0	-3923794126587.9536	-9432676652809056.0
-0.0	-8885695063307.873	-9422950395230882.0
-0.0	-10294942586175.31	-9417860640408166.0
-0.0	-23653545897377.523	-9400049688648148.0
-0.0	-61657436419571.13	-9307055168530546.0
-0.0	-123633467286300.5	-9194069627557392.0
-0.0	-160936438069518.25	-9139785464040220.0
-0.0	-208078858036253.53	-9065665833019728.0
-0.0	-227529395617899.78	-8965658892955365.0
-0.0	-207698490557284.6	-9120764192740264.0
-0.0	-297667560016636.3	-9334689142474584.0
-0.0	-712845544764156.8	-6044933972587651.0
-0.0	-1455190843824129.2	-1.0839220946755838e+16
-0.0	-2223013110753907.8	5830305249584322.0
-0.0	-2695206553489446.5	-1.6758622976825154e+16
-0.0	-1.95788169100541e+16	3992465644506204.5
-0.0	1.5631528935916058e+16	4573297956454460.0
-0.0	2250825903277758.5	1.7822123132677864e+16
-0.0	1827061503264551.2	5783442496180825.0
-0.0	1221629569858515.5	1.366773004057989e+16
-0.0	597159119101456.2	1.09715690067737e+16
-0.0	240958830755587.56	1.213072162053807e+16
-0.0	168834439855463.28	1.200281825608833e+16
-0.0	177991582550455.97	1.1941324545157446e+16
-0.0	154649283842825.56	1.2017291404424962e+16
-0.0	119557318543046.11	1.1919391397327778e+16
-0.0	88309066537795.28	1.1876845445153068e+16
-0.0	39914119874239.39	1.1763368702363454e+16
-0.0	14276000118114.08	1.1709422184719518e+16
-0.0	4590311461811.097	1.1682572850994268e+16
-0.0	2832560934158.8794	1.1680273663369116e+16
-0.0	582940726347.6998	1.1674816085163538e+16
-0.0	-265429207031.5564	1.167283158661918e+16
-0.0	-187798700968.12512	1.1672706195606588e+16
-0.0	-65498074080.53412	1.1672710333235022e+16
-0.0	-11388876717.93567	1.167271012332786e+16
-0.0	11388879654.448908	1.1672710123326278e+16
-0.0	65498071129.14897	1.1672710333235448e+16
-0.0	187798698143.3633	1.1672706195606762e+16
-0.0	265429213030.00714	1.1672831586618292e+16
-0.0	-582940722348.9927	1.1674816085157072e+16
-0.0	-2832560941219.8774	1.1680273663366432e+16
-0.0	-4590311461608.502	1.1682572850992768e+16
-0.0	-14276000113601.062	1.1709422184717272e+16
-0.0	-39914119878872.03	1.1763368702361528e+16
-0.0	-88309066537898.38	1.187684544515273e+16
-0.0	-119557318542800.81	1.1919391397328106e+16
-0.0	-154649283843577.1	1.201729140442679e+16
-0.0	-177991582553933.56	1.194132454515848e+16
-0.0	-168834439850785.28	1.2002818256090732e+16
-0.0	-240958830756405.9	1.2130721620533438e+16
-0.0	-597159119102184.8	1.0971569006773918e+16
-0.0	-1221629569854163.0	1.3667730040577888e+16
-0.0	-1827061503271893.0	5783442496179215.0
-0.0	-2250825903272718.0	1.7822123132678998e+16
-0.0	-1.5631528935914262e+16	4573297956454537.0
-0.0	1.2411570431071736e+16	4937457189136228.0
-0.0	1870490524432913.0	-4737337835472536.0
-0.0	1493891965432671.5	1577902927831254.8
-0.0	1009150908990424.4	-2013297503025226.8
-0.0	503888225933239.56	-1031726892927257.6
-0.0	194610701109291.84	-1872863881507286.2
-0.0	129045153604171.47	-1962801682074390.0
-0.0	131503786748044.64	-1839094560237674.0
-0.0	106610971381664.7	-1941389753029157.8
-0.0	81402520171486.73	-1967133051094159.0
-0.0	55677674723803.97	-2028420473000396.2
-0.0	23645698467841.38	-2099996145400071.5
-0.0	7656938390422.733	-2142635144306983.0
-0.0	1951856146887.9153	-2153835482961870.8
-0.0	495693609199.7209	-2157362251561582.0
-0.0	-239112909076.7578	-2159198310663579.5
-0.0	-244021840027.50525	-2159315172583518.2
-0.0	-53882453651.57232	-2159312905879912.8
-0.0	20816998286.86781	-2159312504899319.2
-0.0	19611200437.751595	-2159311394850863.0
-0.0	-19611198661.010765	-2159311394852818.5
-0.0	-20817000046.20605	-2159312504900020.2
-0.0	53882451913.60497	-2159312905879435.8
-0.0	244021843566.23676	-2159315172583630.2
-0.0	239112911178.84058	-2159198310668976.2
-0.0	-495693613071.0902	-2157362251564461.5
-0.0	-1951856146690.7388	-2153835482962370.0
-0.0	-7656938388091.796	-2142635144308737.2
-0.0	-23645698470207.844	-2099996145401777.0
-0.0	-55677674723848.32	-2028420473000898.2
-0.0	-81402520171217.12	-1967133051094252.8
-0.0	-106610971381992.81	-1941389753028730.2
-0.0	-131503786750007.67	-1839094560235804.0
-0.0	-129045153602032.84	-1962801682072573.5
-0.0	-194610701109413.7	-1872863881506537.0
-0.0	-503888225933314.06	-1031726892927552.0
-0.0	-1009150908988282.2	-2013297503027041.8
-0.0	-1493891965436415.2	1577902927831407.2
-0.0	-1870490524430578.0	-4737337835470218.0
-0.0	-1.2411570431070194e+16	4937457189136130.0
-0.0	1.000511052194873e+16	5287503620053673.0
-0.0	1538682356460327.0	9524197128329132.0
-0.0	1188681030914446.2	6879747049250465.0
-0.0	823809963386449.9	8082346208902482.0
-0.0	405509824200732.9	7390954283668858.0
-0.0	145398109305779.06	7315381580006130.0
-0.0	89903623979382.47	7272338136383833.0
-0.0	86953221785848.9	7243109467737934.0
-0.0	71682808014447.58	7261758402027912.0
-0.0	52858075433131.13	7204167550361582.0
-0.0	31572527828192.137	7163312316430921.0
-0.0	11680790940647.541	7108870925369797.0
-0.0	3634231808515.6885	7089555459632900.0
-0.0	612495657254.1714	7081237118186082.0
-0.0	-82878894163.73323	7079543911458168.0
-0.0	-153735177635.21307	7079435236264792.0
-0.0	-19903537407.829933	7079440544747441.0
-0.0	46175479492.4613	7079438521277272.0
-0.0	37463488969.59229	7079441005992110.0
-0.0	16118328304.315012	7079442364855815.0
-0.0	-16118327665.283833	7079442364855387.0
-0.0	-37463489572.027725	7079441005991588.0
-0.0	-46175480076.47962	7079438521277846.0
-0.0	19903538426.34332	7079440544747795.0
-0.0	153735178329.90375	7079435236261675.0
-0.0	82878892681.29889	7079543911457112.0
-0.0	-612495657077.4174	7081237118186043.0
-0.0	-3634231807268.9336	7089555459630996.0
-0.0	-11680790941809.885	7108870925368434.0
-0.0	-31572527828367.402	7163312316430155.0
-0.0	-52858075432566.9	7204167550361877.0
-0.0	-71682808014788.17	7261758402028351.0
-0.0	-86953221786592.36	7243109467738386.0
-0.0	-89903623978513.0	7272338136384955.0
-0.0	-145398109305834.16	7315381580004837.0
-0.0	-405509824200823.8	7390954283670405.0
-0.0	-823809963385901.1	8082346208901984.0
-0.0	-1188681030916397.8	6879747049250823.0
-0.0	-1538682356459775.8	9524197128329866.0
-0.0	-1.0005110521947628e+16	5287503620053830.0
-0.0	8407222851130537.0	5500898499911433.0
-0.0	1249977829979245.2	1833523844405041.5
-0.0	951488718013215.6	3148169296300304.5
-0.0	663572009459616.6	2712888086562729.5
-0.0	326293046162307.8	2695428469511285.5
-0.0	110969895813105.61	2386993139566181.5
-0.0	64877666575956.07	2291022216448208.5
-0.0	55118956282577.77	2324485835759743.5
-0.0	44320700881610.234	2282870002306596.5
-0.0	28140613914211.863	2255841189153555.5
-0.0	14269527993195.379	2217480205612917.8
-0.0	4255945003867.488	2192457205571495.0
-0.0	1115252680838.3445	2183461465909395.8
-0.0	80853351329.37866	2180792313308810.5
-0.0	-77888010668.70747	2180662959552287.2
-0.0	5089232293.026355	2180676853342007.0
-0.0	64262932451.497536	2180681674207736.8
-0.0	49034801672.515434	2180679153078891.5
-0.0	24182704759.79502	2180680511476183.5
-0.0	7234593497.843727	2180681896917817.0
-0.0	-7234593438.367824	2180681896917216.5
-0.0	-24182704793.02115	2180680511475744.0
-0.0	-49034801720.49402	2180679153079766.8
-0.0	-64262932413.868484	2180681674207950.5
-0.0	-5089232049.940823	2180676853340804.5
-0.0	77888010202.32623	2180662959551776.5
-0.0	-80853351191.03702	2180792313308960.0
-0.0	-1115252680429.4639	2183461465909087.5
-0.0	-4255945004280.3047	2192457205571219.2
-0.0	-14269527993249.81	2217480205612733.0
-0.0	-28140613914069.75	2255841189153745.5
-0.0	-44320700881710.26	2282870002307157.0
-0.0	-55118956282930.1	2324485835759401.0
-0.0	-64877666575785.3	2291022216449004.5
-0.0	-110969895812889.12	2386993139566113.0
-0.0	-326293046162201.5	2695428469510987.5
-0.0	-663572009459484.2	2712888086562763.5
-0.0	-951488718013816.0	3148169296300377.0
-0.0	-1249977829979195.0	1833523844405626.2
-0.0	-8407222851129630.0	5500898499911622.0
-0.0	6923406482307076.0	5563272469096712.0
-0.0	984453778330548.0	5957046820363034.0
-0.0	724375783519418.0	5721136368939431.0
-0.0	538354057660166.9	5655682237427307.0
-0.0	241646208086183.88	5442558227024412.0
-0.0	77695440832320.38	5201697556021548.0
-0.0	37950839800702.55	5147666833324018.0
-0.0	33568752560379.94	5130440906076812.0
-0.0	22124004273829.883	5116786036397803.0
-0.0	11821341460263.555	5086601402300048.0
-0.0	4699121505287.786	5069679884697161.0
-0.0	925387780794.5276	5058170556814658.0
-0.0	16263003405.118307	5055521868222749.0
-0.0	-44167807943.306	5055362465807145.0
-0.0	10333163020.581415	5055380532722481.0
-0.0	59428158993.095985	5055393521813913.0
-0.0	52812617138.9976	5055398558327746.0
-0.0	23431334355.237694	5055398742019903.0
-0.0	7834897931.619239	5055400036424674.0
-0.0	1827287383.104124	5055400677836077.0
-0.0	-1827287588.8853047	5055400677836120.0
-0.0	-7834897863.629504	5055400036424484.0
-0.0	-23431334321.311176	5055398742020045.0
-0.0	-52812617414.71185	5055398558327788.0
-0.0	-59428159019.080795	5055393521813551.0
-0.0	-10333163141.500748	5055380532722066.0
-0.0	44167807928.74353	5055362465807063.0
-0.0	-16263003313.733276	5055521868222571.0
-0.0	-925387780948.005	5058170556814451.0
-0.0	-4699121505408.757	5069679884697144.0
-0.0	-11821341460306.918	5086601402300164.0
-0.0	-22124004273898.195	5116786036397926.0
-0.0	-33568752560656.06	5130440906077071.0
-0.0	-37950839800902.02	5147666833324477.0
-0.0	-77695440832109.28	5201697556021342.0
-0.0	-241646208086125.44	5442558227024587.0
-0.0	-538354057660366.4	5655682237427132.0
-0.0	-724375783519888.0	5721136368939544.0
-0.0	-984453778330759.9	5957046820363110.0
-0.0	-6923406482306669.0	5563272469096753.0
-0.0	4815850125928945.0	5467312139358832.0
-0.0	715129226646462.9	3747651602197724.5
-0.0	468642329010670.9	3895793063971909.5
-0.0	320252529111594.25	3940297049564630.0
-0.0	150453750364284.06	3775729279554810.5
-0.0	41792323121704.94	3593890814987196.5
-0.0	23750910639926.703	3534014597603611.0
-0.0	15895033294456.434	3527296451408094.0
-0.0	8415637892201.935	3502638050628224.0
-0.0	3437610366484.028	3490097178087223.0
-0.0	700722947830.1495	3481067825509172.0
-0.0	-143044792891.32925	3478420376398041.0
-0.0	-123782489377.47855	3478356663592917.5
-0.0	-4741740580.344626	3478379763511153.0
-0.0	61183973635.035515	3478402862128396.5
-0.0	55686647003.36305	3478413644503650.0
-0.0	28553239456.28246	3478418952015058.5
-0.0	8895133149.326248	3478421001912171.0
-0.0	2129853783.731937	3478422264520575.5
-0.0	378442666.0583062	3478422697732246.0
-0.0	-378442754.17632264	3478422697732225.5
-0.0	-2129853783.900998	3478422264520580.0
-0.0	-8895133115.120491	3478421001912180.5
-0.0	-28553239562.566048	3478418952015114.5
-0.0	-55686647068.393745	3478413644503490.0
-0.0	-61183973640.86695	3478402862128322.5
-0.0	4741740551.231027	3478379763511093.0
-0.0	123782489351.62598	3478356663592869.0
-0.0	143044792925.33194	3478420376397955.0
-0.0	-700722947905.9966	3481067825509073.5
-0.0	-3437610366525.8203	3490097178087219.0
-0.0	-8415637892202.305	3502638050628135.0
-0.0	-15895033294525.648	3527296451408169.0
-0.0	-23750910640170.836	3534014597603705.0
-0.0	-41792323121515.18	3593890814987135.5
-0.0	-150453750364206.8	3775729279554695.0
-0.0	-320252529111818.44	3940297049564584.0
-0.0	-468642329010780.75	3895793063971859.5
-0.0	-715129226646712.1	3747651602197931.0
-0.0	-4815850125928643.0	5467312139358934.0
-0.0	2657304573910065.0	5179978221008378.0
-0.0	443426324930851.56	4418885763787174.0
-0.0	293278914398765.25	4600591136903376.0
-0.0	166873265189441.22	4449925413393646.5
-0.0	78735889042160.36	4371939280242169.0
-0.0	29449635398473.664	4212064571448154.5
-0.0	13469561509262.209	4165615390915543.0
-0.0	6791918965776.198	4139259432040291.5
-0.0	2575178055008.108	4125033552083883.5
-0.0	513786480150.4027	4116732618565844.5
-0.0	-241333389838.18124	4114168563156927.0
-0.0	-164881453149.1729	4114167520802099.0
-0.0	-27469986901.888466	4114240886145447.0
-0.0	35133918621.96477	4114274734041180.0
-0.0	44600542193.652824	4114299718592345.0
-0.0	24230532400.21915	4114312807655281.0
-0.0	8671480932.369387	4114320538077107.0
-0.0	2003088834.1445012	4114324414303740.0
-0.0	357504572.0063851	4114326108146447.5
-0.0	49918594.91861174	4114326634846457.5
-0.0	-49918619.461098276	4114326634846427.0
-0.0	-357504528.8403816	4114326108146491.5
-0.0	-2003088777.8222802	4114324414303701.0
-0.0	-8671480963.366295	4114320538077140.5
-0.0	-24230532436.94617	4114312807655266.0
-0.0	-44600542142.134926	4114299718592367.5
-0.0	-35133918606.73309	4114274734041219.0
-0.0	27469986898.577843	4114240886145447.0
-0.0	164881453220.3741	4114167520802064.5
-0.0	241333389824.88205	4114168563156924.0
-0.0	-513786480141.2027	4116732618565835.5
-0.0	-2575178054976.4014	4125033552083825.5
-0.0	-6791918965770.886	4139259432040292.5
-0.0	-13469561509392.254	4165615390915530.0
-0.0	-29449635398329.8	4212064571448115.5
-0.0	-78735889042095.9	4371939280242158.0
-0.0	-166873265189545.1	4449925413393639.0
-0.0	-293278914398748.9	4600591136903346.0
-0.0	-443426324930977.3	4418885763787045.0
-0.0	-2657304573909816.5	5179978221008461.0
-0.0	1398670268330099.2	4647609033673233.0
-0.0	358656399658633.94	2814067366249293.0
-0.0	165388102394136.2	2761582882695956.5
-0.0	83965707142391.25	3104940513282721.5
-0.0	35278159246881.734	3220725619780263.0
-0.0	10468265931980.633	3134087470634824.5
-0.0	3963749453902.1143	3069207742162171.5
-0.0	1591172083238.308	3041387435071790.5
-0.0	321595795164.4629	3031055001779476.5
-0.0	-172964605039.9563	3028970069472120.5
-0.0	-145852993765.195	3029541931833858.0
-0.0	4939324843.306912	3030277343014340.0
-0.0	30210017659.071537	3030673344518889.0
-0.0	24225300053.033154	3030875793648235.0
-0.0	17487733947.191925	3031011263447916.0
-0.0	6693705699.787675	3031109634954594.0
-0.0	1765698570.9453347	3031169548131645.0
-0.0	305502133.64744467	3031198443829846.0
-0.0	40798930.93115724	3031209462571726.5
-0.0	4524255.03497561	3031212617077600.0
-0.0	-4524258.565546982	3031212617077602.0
-0.0	-40798937.14130368	3031209462571737.0
-0.0	-305502130.42285687	3031198443829839.5
-0.0	-1765698550.2322202	3031169548131609.0
-0.0	-6693705720.190314	3031109634954572.5
-0.0	-17487733956.281498	3031011263447920.0
-0.0	-24225300051.208015	3030875793648243.5
-0.0	-30210017658.702724	3030673344518907.5
-0.0	-4939324812.497952	3030277343014312.0
-0.0	145852993743.99246	3029541931833821.0
-0.0	172964605036.21686	3028970069472089.5
-0.0	-321595795149.5748	3031055001779436.0
-0.0	-1591172083249.7375	3041387435071770.0
-0.0	-3963749453991.279	3069207742162191.5
-0.0	-10468265931891.451	3134087470634874.0
-0.0	-35278159246853.37	3220725619780164.5
-0.0	-83965707142455.31	3104940513282687.5
-0.0	-165388102394158.5	2761582882695937.5
-0.0	-358656399658740.06	2814067366249290.5
-0.0	-1398670268329978.0	4647609033673389.0
