1600
-0.0	-7.400362069468536e+30	-7.400362069468157e+30
-0.0	3.1523403459682114e+30	-1.1969292190034454e+31
-0.0	-1.7772059763498144e+30	3.4066150735301843e+30
-0.0	3.788141516324932e+29	1.276364876507944e+31
-0.0	-4.325177590769027e+29	2.5116333206896896e+31
-0.0	1.1129019707525532e+29	2.972437897463991e+31
-0.0	-3.178074675546837e+28	3.1370992256471384e+31
-0.0	7.542646232446401e+26	3.116847672592007e+31
-0.0	-1.4937267831216942e+27	3.125481021323174e+31
-0.0	3.925883399870273e+27	3.123968423610434e+31
-0.0	1.2904361947190437e+27	3.1310136870068867e+31
-0.0	-1.4681002783466625e+27	3.1294034176570945e+31
-0.0	3.607676404223881e+27	3.1280469430841348e+31
-0.0	-1.7902227873440947e+27	3.126773294959643e+31
-0.0	8.264158696861404e+26	3.1259285667610014e+31
-0.0	-5.086358506278331e+26	3.125711256075619e+31
-0.0	6.096150530860496e+25	3.1256245728196156e+31
-0.0	-1.5797890924675634e+26	3.1256472708113705e+31
-0.0	4.12017096419588e+25	3.125625537701188e+31
-0.0	-2.4806499795298066e+25	3.125631789090503e+31
-0.0	2.4806501700382715e+25	3.125631789090467e+31
-0.0	-4.120170764221839e+25	3.125625537701104e+31
-0.0	1.5797891093691534e+26	3.1256472708113133e+31
-0.0	-6.0961503617425316e+25	3.125624572819648e+31
-0.0	5.086358525639995e+26	3.1257112560757e+31
-0.0	-8.2641586757084e+26	3.125928566761002e+31
-0.0	1.790222788873113e+27	3.1267732949595664e+31
-0.0	-3.607676402450156e+27	3.1280469430840186e+31
-0.0	1.4681002801000215e+27	3.1294034176570617e+31
-0.0	-1.2904361924809894e+27	3.1310136870070065e+31
-0.0	-3.9258833979520216e+27	3.1239684236104954e+31
-0.0	1.4937267845831585e+27	3.125481021323171e+31
-0.0	-7.542646209452042e+26	3.1168476725918907e+31
-0.0	3.178074675749354e+28	3.137099225646929e+31
-0.0	-1.1129019707418497e+29	2.972437897464024e+31
-0.0	4.325177590798779e+29	2.51163332069013e+31
-0.0	-3.788141516320006e+29	1.2763648765085153e+31
-0.0	1.7772059763498676e+30	3.406615073533445e+30
-0.0	-3.152340345968141e+30	-1.1969292190033796e+31
-0.0	7.400362069468682e+30	-7.4003620694685e+30
-0.0	1.3092511622066643e+31	-2.968184633776933e+29
-0.0	-2.1524021162633407e+32	1.1637299234564164e+33
-0.0	-1.5122821655156547e+31	-3.351407358386449e+32
-0.0	-9.415751834951869e+30	-2.2767350116796304e+33
-0.0	3.466905282434458e+30	-2.4756602646409083e+33
-0.0	-7.052476525825721e+29	-2.2508473149313757e+33
-0.0	1.6077010360778552e+29	-2.589897669387587e+33
-0.0	1.768623835479052e+29	-2.3480017401639012e+33
-0.0	-1.1053150358058547e+29	-2.5206241775175887e+33
-0.0	4.528686041307039e+28	-2.44048121267146e+33
-0.0	-5.21728789502471e+28	-2.4762754547024713e+33
-0.0	1.8930772090276062e+28	-2.4600367387846378e+33
-0.0	-2.7470584853469946e+28	-2.4656575189918827e+33
-0.0	8.708442613543625e+27	-2.4621920636184962e+33
-0.0	-3.716672945281068e+27	-2.4625822377594566e+33
-0.0	1.414714688015652e+27	-2.4625864817172345e+33
-0.0	-1.133266378823576e+26	-2.4624691050041083e+33
-0.0	5.654869120257687e+25	-2.4625765076387384e+33
-0.0	3.193082394032377e+26	-2.4624721295935885e+33
-0.0	-2.642085225964394e+26	-2.4625403395423995e+33
-0.0	2.64208523956843e+26	-2.4625403395423854e+33
-0.0	-3.1930823816197036e+26	-2.4624721295935813e+33
-0.0	-5.654868915250407e+25	-2.4625765076385375e+33
-0.0	1.133266395342077e+26	-2.4624691050042086e+33
-0.0	-1.4147146869553766e+27	-2.462586481717444e+33
-0.0	3.7166729461881846e+27	-2.4625822377592905e+33
-0.0	-8.708442610494506e+27	-2.46219206361856e+33
-0.0	2.7470584855025183e+28	-2.4656575189916904e+33
-0.0	-1.8930772087798328e+28	-2.4600367387846513e+33
-0.0	5.217287894988701e+28	-2.4762754547026843e+33
-0.0	-4.5286860411989e+28	-2.440481212671469e+33
-0.0	1.1053150358408271e+29	-2.520624177517331e+33
-0.0	-1.7686238354814865e+29	-2.3480017401643572e+33
-0.0	-1.6077010360507544e+29	-2.5898976693872155e+33
-0.0	7.052476525836964e+29	-2.2508473149303386e+33
-0.0	-3.466905282451625e+30	-2.475660264641816e+33
-0.0	9.415751834944135e+30	-2.2767350116800383e+33
-0.0	1.5122821655159118e+31	-3.3514073583871265e+32
-0.0	2.1524021162624195e+32	1.1637299234572246e+33
-0.0	-1.3092511622064416e+31	-2.9681846337745654e+29
-0.0	3.053022063592476e+31	3.444713018389738e+29
-0.0	-1.9340559735361402e+31	-3.260641800543847e+32
-0.0	4.846919437691112e+30	4.857889409749399e+30
-0.0	-1.0639752213066466e+30	-3.4424627868200136e+31
-0.0	1.1074540243620505e+30	1.633425815938676e+32
-0.0	-4.516800778518063e+29	5.973996651969562e+31
-0.0	2.174302660671685e+29	9.846961250589144e+31
-0.0	-1.4010175297105213e+29	7.960327431414339e+31
-0.0	7.552271167100015e+28	9.03757466210822e+31
-0.0	-3.1448687729944007e+28	8.507273889597287e+31
-0.0	1.3769812308631337e+28	8.720903322739719e+31
-0.0	2.1978471953390346e+27	8.68510311421332e+31
-0.0	-3.035951592743811e+27	8.641343636640209e+31
-0.0	3.486818293124695e+27	8.689822275068306e+31
-0.0	-1.9116735621038346e+27	8.656048723365784e+31
-0.0	1.1637786157842044e+27	8.674754438357224e+31
-0.0	-3.946465361593558e+26	8.665603338565e+31
-0.0	3.6186033621484074e+26	8.669837164699255e+31
-0.0	-1.8150946715991025e+26	8.666788972231608e+31
-0.0	9.897144713878338e+25	8.667958986498533e+31
-0.0	-9.897144273230542e+25	8.667958986498645e+31
-0.0	1.8150947060101493e+26	8.666788972231313e+31
-0.0	-3.618603309500516e+26	8.669837164697462e+31
-0.0	3.946465414408166e+26	8.665603338566176e+31
-0.0	-1.1637786117238285e+27	8.674754438358595e+31
-0.0	1.9116735653427864e+27	8.65604872336497e+31
-0.0	-3.486818286855535e+27	8.689822275068652e+31
-0.0	3.0359515975137724e+27	8.641343636639203e+31
-0.0	-2.19784719076523e+27	8.685103114213451e+31
-0.0	-1.376981230630081e+28	8.720903322741183e+31
-0.0	3.144868773388728e+28	8.507273889596887e+31
-0.0	-7.5522711664384265e+28	9.037574662107682e+31
-0.0	1.4010175297345872e+29	7.960327431417703e+31
-0.0	-2.1743026606290576e+29	9.846961250586862e+31
-0.0	4.5168007785915275e+29	5.973996651964271e+31
-0.0	-1.1074540243684953e+30	1.633425815939285e+32
-0.0	1.0639752213122925e+30	-3.4424627868173178e+31
-0.0	-4.846919437690094e+30	4.857889409758761e+30
-0.0	1.934055973535593e+31	-3.260641800545039e+32
-0.0	-3.0530220635923114e+31	3.444713018387827e+29
-0.0	2.891805717634086e+31	-1.3343902077591375e+29
-0.0	-1.2154349763598731e+31	-2.0622450465126913e+33
-0.0	4.6651184357663124e+30	-3.711737848264676e+31
-0.0	-6.688632922287323e+29	-1.587496490209218e+32
-0.0	2.2920776336869176e+30	-3.564891561496731e+32
-0.0	-6.601739850760624e+29	-1.854538589105457e+32
-0.0	4.077411208944622e+29	-2.8196956402187087e+32
-0.0	-2.4288803969877228e+29	-2.0491405084568345e+32
-0.0	1.4983176066526328e+29	-2.5346874915581552e+32
-0.0	-6.615839919210178e+28	-2.294926621274315e+32
-0.0	3.529409386890325e+28	-2.405191153436745e+32
-0.0	3.8402007702277695e+27	-2.357754769774771e+32
-0.0	-3.214559594176296e+27	-2.3709060152640342e+32
-0.0	9.320821330168895e+27	-2.364606023106527e+32
-0.0	-4.830853153150644e+27	-2.3609323919932052e+32
-0.0	3.022907680456512e+27	-2.363260979046163e+32
-0.0	-9.991548588944136e+26	-2.3618568795899002e+32
-0.0	1.0024593621674396e+27	-2.362652325672243e+32
-0.0	-5.626979142988834e+26	-2.3620448978071658e+32
-0.0	3.4236805137205337e+26	-2.3623682374139364e+32
-0.0	-3.423680523157072e+26	-2.3623682374138752e+32
-0.0	5.6269791280025193e+26	-2.3620448978073027e+32
-0.0	-1.0024593606356512e+27	-2.3626523256716402e+32
-0.0	9.991548592297503e+26	-2.361856879590276e+32
-0.0	-3.022907680303258e+27	-2.3632609790466532e+32
-0.0	4.830853150889597e+27	-2.3609323919928763e+32
-0.0	-9.320821327146808e+27	-2.3646060231066823e+32
-0.0	3.214559595327847e+27	-2.3709060152635564e+32
-0.0	-3.8402007706130664e+27	-2.3577547697746976e+32
-0.0	-3.529409387226358e+28	-2.4051911534372548e+32
-0.0	6.615839919100526e+28	-2.2949266212742736e+32
-0.0	-1.498317606614305e+29	-2.5346874915578216e+32
-0.0	2.42888039693954e+29	-2.049140508457827e+32
-0.0	-4.077411208916546e+29	-2.8196956402182667e+32
-0.0	6.601739850787061e+29	-1.8545385891037625e+32
-0.0	-2.2920776337035567e+30	-3.56489156149866e+32
-0.0	6.688632922367901e+29	-1.5874964902094749e+32
-0.0	-4.6651184357658766e+30	-3.7117378482651273e+31
-0.0	1.2154349763594514e+31	-2.0622450465123036e+33
-0.0	-2.8918057176338e+31	-1.334390207757306e+29
-0.0	1.080614798384551e+31	3.0139977173159226e+27
-0.0	3.9964310746109406e+30	-2.0897004464261918e+33
-0.0	-1.1225203008846439e+30	1.3945692441617982e+32
-0.0	1.4453412492146661e+29	-3.299831291807846e+32
-0.0	5.1711116743040734e+29	-2.1809652961427625e+32
-0.0	-3.614578397238538e+29	-2.3662121359692337e+32
-0.0	1.6143589954288558e+29	-2.6984807212333744e+32
-0.0	-1.7390195971869386e+29	-2.3214059193797663e+32
-0.0	1.13361565290346e+29	-2.62442792039254e+32
-0.0	-4.160832746409444e+28	-2.4871610067897657e+32
-0.0	3.6244635152890913e+28	-2.549786946205352e+32
-0.0	3.396195737719937e+27	-2.5188456657809906e+32
-0.0	-2.238714290021154e+26	-2.531099015544615e+32
-0.0	5.61178935571703e+27	-2.5232227797013545e+32
-0.0	-2.975788816935764e+27	-2.5231940105435644e+32
-0.0	1.968285437724139e+27	-2.523520835934081e+32
-0.0	-7.147075451994123e+26	-2.5231416262279175e+32
-0.0	7.263895546002876e+26	-2.5234289354398454e+32
-0.0	-4.4916286562314386e+26	-2.523189957865629e+32
-0.0	2.9710660158458462e+26	-2.5233439288769708e+32
-0.0	-2.9710660176735843e+26	-2.52334392887692e+32
-0.0	4.491628650031025e+26	-2.523189957865695e+32
-0.0	-7.263895536983645e+26	-2.523428935439533e+32
-0.0	7.14707545394214e+26	-2.523141626228169e+32
-0.0	-1.9682854372431007e+27	-2.5235208359343397e+32
-0.0	2.9757888159279784e+27	-2.523194010543309e+32
-0.0	-5.611789354435491e+27	-2.52322277970149e+32
-0.0	2.2387142980877025e+26	-2.5310990155443144e+32
-0.0	-3.396195737891044e+27	-2.5188456657810177e+32
-0.0	-3.624463515409903e+28	-2.549786946205701e+32
-0.0	4.160832746364464e+28	-2.4871610067897387e+32
-0.0	-1.1336156528828434e+29	-2.6244279203923097e+32
-0.0	1.7390195971637257e+29	-2.3214059193803654e+32
-0.0	-1.6143589954117055e+29	-2.6984807212331344e+32
-0.0	3.614578397248203e+29	-2.3662121359681132e+32
-0.0	-5.171111674383526e+29	-2.1809652961434694e+32
-0.0	-1.4453412491523245e+29	-3.299831291807918e+32
-0.0	1.1225203008858638e+30	1.3945692441618937e+32
-0.0	-3.9964310746070456e+30	-2.0897004464259918e+33
-0.0	-1.0806147983844448e+31	3.01399771737555e+27
-0.0	-2.3989003806089228e+30	-8.675591422146215e+27
-0.0	5.873942652927636e+30	-1.725185926865139e+33
-0.0	-1.4527199799943302e+30	4.679102312863068e+31
-0.0	-4.923948749026225e+29	-1.632221705012608e+32
-0.0	6.896290237070863e+29	-2.1534115402502644e+32
-0.0	-1.600918560854138e+29	-1.1927483734858602e+32
-0.0	3.8850376457590544e+28	-1.721852234861718e+32
-0.0	2.3916953742917756e+28	-1.3377921379836087e+32
-0.0	1.0657170294847664e+28	-1.6550409715088196e+32
-0.0	-5.694052551466607e+27	-1.4849755359309166e+32
-0.0	2.1929791594123603e+27	-1.5587940039865914e+32
-0.0	3.879125530402426e+27	-1.5268733333680312e+32
-0.0	-9.259719884190254e+27	-1.5334946449340874e+32
-0.0	4.729857520625362e+27	-1.5290604894064013e+32
-0.0	-2.2001157453843724e+27	-1.527047686228797e+32
-0.0	1.3508624817073016e+27	-1.5282862193861183e+32
-0.0	-2.988264413390836e+26	-1.5275393547479624e+32
-0.0	4.365252145554878e+26	-1.527963751565583e+32
-0.0	-1.0882791371422189e+26	-1.5276239659914688e+32
-0.0	5.783497174887302e+25	-1.5278522281664441e+32
-0.0	-5.78349726263638e+25	-1.5278522281664861e+32
-0.0	1.0882791300400876e+26	-1.5276239659914932e+32
-0.0	-4.3652521501022284e+26	-1.5279637515652029e+32
-0.0	2.9882644034249242e+26	-1.5275393547481743e+32
-0.0	-1.350862481985397e+27	-1.5282862193863918e+32
-0.0	2.200115744288123e+27	-1.5270476862285725e+32
-0.0	-4.7298575210358565e+27	-1.5290604894065957e+32
-0.0	9.259719883873683e+27	-1.5334946449337503e+32
-0.0	-3.8791255314758264e+27	-1.5268733333679046e+32
-0.0	-2.1929791603636075e+27	-1.558794003986918e+32
-0.0	5.69405255067887e+27	-1.48497553593092e+32
-0.0	-1.0657170295122093e+28	-1.6550409715086376e+32
-0.0	-2.391695374448268e+28	-1.3377921379842068e+32
-0.0	-3.8850376456696848e+28	-1.7218522348612803e+32
-0.0	1.6009185608405647e+29	-1.192748373484583e+32
-0.0	-6.896290237127212e+29	-2.1534115402515002e+32
-0.0	4.9239487490553396e+29	-1.6322217050130158e+32
-0.0	1.4527199799929653e+30	4.679102312863238e+31
-0.0	-5.873942652922722e+30	-1.7251859268648553e+33
-0.0	2.398900380608408e+30	-8.67559142216452e+27
-0.0	-6.274115141477222e+30	5.855002139960412e+27
-0.0	6.462018131253354e+30	-1.735794649794585e+33
-0.0	-1.3331416090725202e+29	6.963801118376123e+31
-0.0	-1.0919950178180503e+30	-2.167659736873227e+32
-0.0	1.1469763231044183e+30	-2.146754647051742e+32
-0.0	-1.8536206254010026e+29	-1.5329164585674704e+32
-0.0	-2.276045519102547e+28	-2.0190507089669368e+32
-0.0	9.646031788300808e+28	-1.6596514514043672e+32
-0.0	-4.367044373377102e+28	-1.9749702885302588e+32
-0.0	2.4232102123243277e+27	-1.823158163286868e+32
-0.0	-1.0948152428175101e+28	-1.8917537865304236e+32
-0.0	4.2673845435553527e+27	-1.862794895433931e+32
-0.0	-1.6539258952474424e+28	-1.8691285702281404e+32
-0.0	5.945761134287252e+27	-1.862948094916931e+32
-0.0	-2.4526372938917894e+27	-1.861963203337194e+32
-0.0	1.4623351206911794e+27	-1.8627040120347185e+32
-0.0	-1.1930214298706453e+26	-1.862216159318788e+32
-0.0	4.517619529656663e+26	-1.8624959517039755e+32
-0.0	1.7545175813286986e+25	-1.862188451566433e+32
-0.0	-3.5202964463158922e+25	-1.8623968393243792e+32
-0.0	3.520296429341737e+25	-1.8623968393243807e+32
-0.0	-1.754517572564121e+25	-1.8621884515664427e+32
-0.0	-4.517619528619838e+26	-1.8624959517036614e+32
-0.0	1.1930214250733528e+26	-1.862216159318944e+32
-0.0	-1.4623351203124562e+27	-1.8627040120349552e+32
-0.0	2.4526372935682246e+27	-1.8619632033369716e+32
-0.0	-5.945761134110001e+27	-1.8629480949170852e+32
-0.0	1.6539258952823455e+28	-1.869128570227909e+32
-0.0	-4.267384544038058e+27	-1.8627948954338994e+32
-0.0	1.0948152428067461e+28	-1.891753786530723e+32
-0.0	-2.4232102123430213e+27	-1.823158163286796e+32
-0.0	4.367044373388999e+28	-1.974970288530023e+32
-0.0	-9.646031788380291e+28	-1.659651451404957e+32
-0.0	2.2760455192798175e+28	-2.019050708966486e+32
-0.0	1.853620625391784e+29	-1.532916458566318e+32
-0.0	-1.1469763231084741e+30	-2.146754647052726e+32
-0.0	1.0919950178221607e+30	-2.167659736873527e+32
-0.0	1.3331416090586794e+29	6.963801118376431e+31
-0.0	-6.462018131241425e+30	-1.7357946497943065e+33
-0.0	6.274115141475676e+30	5.855002139948682e+27
-0.0	-5.69422710395341e+30	1.2108174305035435e+25
-0.0	4.021250888724645e+30	-1.3371036610815272e+33
-0.0	1.109610797742815e+30	4.853099665936334e+31
-0.0	-1.4188546730002644e+30	-1.3948075597378355e+32
-0.0	1.5214358145662498e+30	-1.5712874345683033e+32
-0.0	-2.279353928686927e+29	-1.0374827555051606e+32
-0.0	-2.1398241739453564e+28	-1.4258021353409955e+32
-0.0	1.3207760172113728e+29	-1.1393763359135094e+32
-0.0	-5.91271452723253e+28	-1.3847972917748421e+32
-0.0	2.2505307616456616e+27	-1.261588101539688e+32
-0.0	-1.8920785149501212e+28	-1.314706033580011e+32
-0.0	4.250293072450838e+27	-1.2915201455411733e+32
-0.0	-2.007254626198026e+28	-1.2957417373549477e+32
-0.0	7.098169000555494e+27	-1.2915799281822862e+32
-0.0	-2.7094711341749387e+27	-1.2909356024687827e+32
-0.0	1.7302074586646292e+27	-1.2915180036875026e+32
-0.0	5.9041062068676195e+25	-1.2911153439235735e+32
-0.0	5.690175636982671e+26	-1.2913465134014262e+32
-0.0	1.6831677950206737e+25	-1.291090364073723e+32
-0.0	-4.248325470981453e+25	-1.2912599731699897e+32
-0.0	4.248325455724596e+25	-1.291259973170012e+32
-0.0	-1.6831677948114276e+25	-1.2910903640737496e+32
-0.0	-5.690175635694037e+26	-1.2913465134012048e+32
-0.0	-5.9041062465019016e+25	-1.2911153439236989e+32
-0.0	-1.730207458391486e+27	-1.2915180036876903e+32
-0.0	2.7094711338116177e+27	-1.290935602468648e+32
-0.0	-7.098169000340107e+27	-1.2915799281823883e+32
-0.0	2.0072546262330756e+28	-1.2957417373547652e+32
-0.0	-4.25029307285024e+27	-1.2915201455411886e+32
-0.0	1.8920785149378438e+28	-1.3147060335802091e+32
-0.0	-2.2505307616578474e+27	-1.2615881015396315e+32
-0.0	5.912714527251128e+28	-1.3847972917747099e+32
-0.0	-1.3207760172206653e+29	-1.1393763359138879e+32
-0.0	2.139824174104659e+28	-1.4258021353408564e+32
-0.0	2.2793539286810105e+29	-1.0374827555044143e+32
-0.0	-1.5214358145707173e+30	-1.5712874345690136e+32
-0.0	1.4188546730038743e+30	-1.3948075597379724e+32
-0.0	-1.1096107977452031e+30	4.853099665936421e+31
-0.0	-4.021250888715674e+30	-1.337103661081393e+33
-0.0	5.694227103951494e+30	1.2108174290582621e+25
-0.0	-4.9953396818791064e+30	-2.149012491058026e+26
-0.0	4.945418534873179e+30	-1.1647362599917034e+33
-0.0	1.0619245230685591e+30	4.623083861664618e+31
-0.0	-1.4523428173966498e+30	-1.4174370676313252e+32
-0.0	1.6550099551025206e+30	-1.4404115265593268e+32
-0.0	-2.4340612088334755e+29	-1.0602385774580212e+32
-0.0	4.0497309862802456e+27	-1.3970013277657955e+32
-0.0	1.2617681975248978e+29	-1.1479516149338925e+32
-0.0	-4.6974731248319125e+28	-1.3663809311622033e+32
-0.0	-2.780805899839636e+27	-1.2619354382852132e+32
-0.0	-1.7014935030804863e+28	-1.3082072323650884e+32
-0.0	5.772298570978412e+27	-1.2884533206465172e+32
-0.0	-2.0610060527802695e+28	-1.2928531036321456e+32
-0.0	7.48862459574314e+27	-1.2890625768199153e+32
-0.0	-3.38505110984732e+27	-1.2886140971066257e+32
-0.0	1.7959669786733262e+27	-1.2890883153981845e+32
-0.0	2.411442881886627e+25	-1.2887819835442718e+32
-0.0	5.6113353935200867e+26	-1.2889791273366363e+32
-0.0	-4.517228546777212e+25	-1.2887611344263557e+32
-0.0	-1.0398878438045205e+25	-1.2888977293469176e+32
-0.0	1.0398878310193488e+25	-1.2888977293468848e+32
-0.0	4.517228547258933e+25	-1.2887611344263865e+32
-0.0	-5.611335390684176e+26	-1.2889791273364857e+32
-0.0	-2.4114429159925552e+25	-1.2887819835444024e+32
-0.0	-1.7959669782805045e+27	-1.2890883153983202e+32
-0.0	3.385051109438233e+27	-1.2886140971064994e+32
-0.0	-7.48862459534495e+27	-1.2890625768199886e+32
-0.0	2.061006052828317e+28	-1.2928531036320034e+32
-0.0	-5.772298571409119e+27	-1.2884533206465242e+32
-0.0	1.7014935030621996e+28	-1.3082072323652916e+32
-0.0	2.780805899804467e+27	-1.2619354382852055e+32
-0.0	4.697473124878084e+28	-1.366380931162092e+32
-0.0	-1.2617681975366323e+29	-1.1479516149341984e+32
-0.0	-4.049730984395593e+27	-1.397001327765637e+32
-0.0	2.4340612088277306e+29	-1.060238577457357e+32
-0.0	-1.6550099551073865e+30	-1.4404115265599238e+32
-0.0	1.4523428174012007e+30	-1.417437067631447e+32
-0.0	-1.061924523070133e+30	4.62308386166481e+31
-0.0	-4.945418534861994e+30	-1.1647362599915558e+33
-0.0	4.995339681877543e+30	-2.1490124913095344e+26
-0.0	-4.7683089307967295e+30	-4.862130206143826e+26
-0.0	5.213002039799832e+30	-8.719054536477169e+32
-0.0	8.6595324492512e+29	3.461688814829926e+31
-0.0	-1.312114399380723e+30	-1.0372085222147096e+32
-0.0	1.529943973675962e+30	-1.0577214796327476e+32
-0.0	-2.3701044483818963e+29	-7.635618178338903e+31
-0.0	9.257930332048906e+27	-1.0179096074159714e+32
-0.0	1.1056059002818126e+29	-8.293253089828754e+31
-0.0	-4.34328030485407e+28	-9.937404308376488e+31
-0.0	-6.565151249231803e+27	-9.162185130407015e+31
-0.0	-1.5483225578839675e+28	-9.504671046565351e+31
-0.0	4.177227056841105e+27	-9.354304380149444e+31
-0.0	-1.9142975939986818e+28	-9.387158125907098e+31
-0.0	7.155822379681816e+27	-9.358002864568013e+31
-0.0	-3.131734286181054e+27	-9.353673396692881e+31
-0.0	1.920227380768438e+27	-9.357364281316157e+31
-0.0	6.14539856293129e+25	-9.355091333621915e+31
-0.0	5.428026285518492e+26	-9.356620738675704e+31
-0.0	-5.0068760735537135e+25	-9.354921720577585e+31
-0.0	5.200310304040022e+24	-9.356008965641375e+31
-0.0	-5.2003103940319e+24	-9.356008965641008e+31
-0.0	5.0068760733812585e+25	-9.35492172057786e+31
-0.0	-5.428026282240311e+26	-9.356620738674624e+31
-0.0	-6.145398588786301e+25	-9.355091333622886e+31
-0.0	-1.9202273804034753e+27	-9.357364281317002e+31
-0.0	3.131734285793391e+27	-9.353673396691991e+31
-0.0	-7.155822379242406e+27	-9.358002864568663e+31
-0.0	1.9142975940470636e+28	-9.38715812590611e+31
-0.0	-4.1772270572133155e+27	-9.354304380149684e+31
-0.0	1.5483225578656494e+28	-9.504671046566785e+31
-0.0	6.565151249220611e+27	-9.162185130407027e+31
-0.0	4.343280304905047e+28	-9.937404308375769e+31
-0.0	-1.105605900293027e+29	-8.29325308983085e+31
-0.0	-9.257930330270037e+27	-1.017909607415829e+32
-0.0	2.370104448376936e+29	-7.635618178334004e+31
-0.0	-1.5299439736806182e+30	-1.0577214796331951e+32
-0.0	1.3121143993851382e+30	-1.0372085222148024e+32
-0.0	-8.65953244926472e+29	3.4616888148300698e+31
-0.0	-5.213002039789511e+30	-8.719054536475962e+32
-0.0	4.768308930795588e+30	-4.862130206430102e+26
-0.0	-4.5241295501217135e+30	-2.2280700895394553e+26
-0.0	5.518425194588074e+30	-6.3896723221056955e+32
-0.0	5.690732666718957e+29	2.674155422413157e+31
-0.0	-1.1398520918492582e+30	-8.139223017597248e+31
-0.0	1.3430399763155077e+30	-7.8342953283384475e+31
-0.0	-2.2426719956141556e+29	-5.981034953058754e+31
-0.0	1.6151631428730022e+28	-7.79145633646977e+31
-0.0	9.000299250386896e+28	-6.416842230011609e+31
-0.0	-3.285330333104088e+28	-7.617999698582736e+31
-0.0	-6.562402667095912e+27	-7.055420060915539e+31
-0.0	-1.1568789205574499e+28	-7.300740828132226e+31
-0.0	3.990567660916527e+27	-7.192573764169278e+31
-0.0	-1.6352783490177773e+28	-7.21867653093643e+31
-0.0	6.59466831172113e+27	-7.196495780408746e+31
-0.0	-2.7766651857507316e+27	-7.194252369719822e+31
-0.0	1.746170750272449e+27	-7.196410855429812e+31
-0.0	-9.164381867613326e+24	-7.194874925758621e+31
-0.0	4.9234512339405495e+26	-7.195886288101275e+31
-0.0	-5.820927214916644e+25	-7.194675109287406e+31
-0.0	2.1735158681974e+25	-7.19546365965392e+31
-0.0	-2.1735158744253585e+25	-7.1954636596537615e+31
-0.0	5.820927216265777e+25	-7.194675109287604e+31
-0.0	-4.923451230418033e+26	-7.195886288100269e+31
-0.0	9.164381704341452e+24	-7.194874925759313e+31
-0.0	-1.7461707498975404e+27	-7.196410855430744e+31
-0.0	2.776665185381882e+27	-7.194252369719102e+31
-0.0	-6.594668311200741e+27	-7.196495780409301e+31
-0.0	1.6352783490684377e+28	-7.218676530935825e+31
-0.0	-3.9905676612156535e+27	-7.192573764169317e+31
-0.0	1.1568789205445587e+28	-7.300740828133564e+31
-0.0	6.562402667100612e+27	-7.055420060915565e+31
-0.0	3.285330333161902e+28	-7.617999698582231e+31
-0.0	-9.000299250488883e+28	-6.416842230013262e+31
-0.0	-1.6151631427026478e+28	-7.79145633646875e+31
-0.0	2.242671995610732e+29	-5.9810349530553e+31
-0.0	-1.343039976319839e+30	-7.834295328341823e+31
-0.0	1.1398520918535543e+30	-8.13922301759816e+31
-0.0	-5.690732666727473e+29	2.6741554224133054e+31
-0.0	-5.518425194578121e+30	-6.389672322104807e+32
-0.0	4.5241295501207745e+30	-2.2280700897144928e+26
-0.0	-3.9735118032226373e+30	1.7173655600139448e+26
-0.0	5.206288351776779e+30	-4.203889921536973e+32
-0.0	3.5841299892858825e+29	1.850219636864247e+31
-0.0	-9.106569747135365e+29	-5.588695291849805e+31
-0.0	1.1001563440797775e+30	-5.135979831573962e+31
-0.0	-1.9268834518668026e+29	-4.0794940770023155e+31
-0.0	1.435756893081341e+28	-5.241497030378592e+31
-0.0	6.847675994611249e+28	-4.341301314728473e+31
-0.0	-2.4317037874021147e+28	-5.128123035618749e+31
-0.0	-6.974668420297293e+27	-4.7613909342732045e+31
-0.0	-9.312134506255054e+27	-4.920951072395042e+31
-0.0	2.824256769095778e+27	-4.850560816808388e+31
-0.0	-1.3634001176127142e+28	-4.867925459049662e+31
-0.0	5.364867062632806e+27	-4.852845223643569e+31
-0.0	-2.3933539852128733e+27	-4.851659475536499e+31
-0.0	1.4162417438738398e+27	-4.85280269933139e+31
-0.0	-2.8763947912430724e+25	-4.85188613031821e+31
-0.0	4.2548167830770305e+26	-4.852516772963166e+31
-0.0	-5.897780749362672e+25	-4.8517704302140405e+31
-0.0	2.8041414217325204e+25	-4.852285341709272e+31
-0.0	-2.8041413744370526e+25	-4.852285341709276e+31
-0.0	5.897780806711452e+25	-4.851770430214257e+31
-0.0	-4.254816774973004e+26	-4.852516772962638e+31
-0.0	2.876394823370523e+25	-4.85188613031866e+31
-0.0	-1.416241743039753e+27	-4.852802699331989e+31
-0.0	2.3933539854438202e+27	-4.851659475536115e+31
-0.0	-5.364867061636551e+27	-4.852845223644048e+31
-0.0	1.3634001177076566e+28	-4.867925459049139e+31
-0.0	-2.8242567688220475e+27	-4.85056081680857e+31
-0.0	9.312134506631136e+27	-4.920951072395813e+31
-0.0	6.974668420819621e+27	-4.76139093427325e+31
-0.0	2.4317037875056157e+28	-5.128123035618307e+31
-0.0	-6.847675994647733e+28	-4.34130131472956e+31
-0.0	-1.435756892884019e+28	-5.241497030378006e+31
-0.0	1.9268834518680316e+29	-4.079494076999982e+31
-0.0	-1.1001563440829154e+30	-5.135979831576212e+31
-0.0	9.106569747180132e+29	-5.588695291850184e+31
-0.0	-3.584129989287064e+29	1.8502196368643365e+31
-0.0	-5.20628835176589e+30	-4.2038899215365466e+32
-0.0	3.973511803221859e+30	1.7173655597883233e+26
-0.0	-3.170654771316338e+30	-3.0630126633715618e+26
-0.0	4.53750359996806e+30	-2.471751072363314e+32
-0.0	1.5885456805903158e+29	1.156461127784623e+31
-0.0	-6.561657418402735e+29	-3.531991079177152e+31
-0.0	8.141258298302552e+29	-3.0350973429631946e+31
-0.0	-1.5065084961967666e+29	-2.558725154395717e+31
-0.0	1.3722990657552945e+28	-3.2122410831607564e+31
-0.0	4.62381411585291e+28	-2.6876055157146676e+31
-0.0	-1.5630024587424584e+28	-3.1470597613703015e+31
-0.0	-6.394726511899026e+27	-2.935403146502377e+31
-0.0	-5.973631003863357e+27	-3.027308624824082e+31
-0.0	2.2931527636066136e+27	-2.986162163018576e+31
-0.0	-9.963325724702086e+27	-2.9968276829976466e+31
-0.0	4.146771312335962e+27	-2.9872354455080705e+31
-0.0	-1.769934617754052e+27	-2.9868769048370455e+31
-0.0	1.1069736179070192e+27	-2.987399654304547e+31
-0.0	-7.272432386088113e+24	-2.986902137692586e+31
-0.0	3.403630381032312e+26	-2.9872452669534316e+31
-0.0	-5.594995264898505e+25	-2.9868425042533683e+31
-0.0	3.0020720750407224e+25	-2.9871282967020126e+31
-0.0	-3.00207207678952e+25	-2.987128296702034e+31
-0.0	5.594995269776405e+25	-2.9868425042536867e+31
-0.0	-3.4036303780898765e+26	-2.987245266953146e+31
-0.0	7.272432432344551e+24	-2.9869021376927377e+31
-0.0	-1.106973617722747e+27	-2.987399654304739e+31
-0.0	1.769934617571878e+27	-2.986876904836763e+31
-0.0	-4.1467713119095763e+27	-2.9872354455082484e+31
-0.0	9.963325725040142e+27	-2.996827682997431e+31
-0.0	-2.2931527636853246e+27	-2.9861621630185726e+31
-0.0	5.973631003738802e+27	-3.027308624824543e+31
-0.0	6.394726511926682e+27	-2.9354031465023293e+31
-0.0	1.5630024587921682e+28	-3.147059761370034e+31
-0.0	-4.623814115914805e+28	-2.687605515715178e+31
-0.0	-1.3722990656539505e+28	-3.2122410831604236e+31
-0.0	1.5065084961959751e+29	-2.558725154394486e+31
-0.0	-8.141258298330539e+29	-3.0350973429645164e+31
-0.0	6.561657418430973e+29	-3.531991079177315e+31
-0.0	-1.588545680595563e+29	1.1564611277846842e+31
-0.0	-4.537503599961778e+30	-2.471751072363049e+32
-0.0	3.1706547713156816e+30	-3.0630126634857887e+26
-0.0	-2.2481213112685865e+30	1.0236523271838523e+26
-0.0	3.566859242406839e+30	-1.2126222515261637e+32
-0.0	-4.7347770338251906e+27	6.217433953209886e+30
-0.0	-3.9846634588299204e+29	-1.8970256610094437e+31
-0.0	5.157634481526835e+29	-1.4904425086356862e+31
-0.0	-1.024422962429758e+29	-1.3617558348751871e+31
-0.0	1.2208609612868543e+28	-1.6611967702968602e+31
-0.0	2.523453864906415e+28	-1.4082973583914656e+31
-0.0	-7.068910410129574e+27	-1.6309150546198892e+31
-0.0	-5.206828724020712e+27	-1.52993228897407e+31
-0.0	-3.0011767705204175e+27	-1.5734510544217445e+31
-0.0	1.4861100177468303e+27	-1.5536396376962144e+31
-0.0	-6.231460010520759e+27	-1.5591781797741965e+31
-0.0	2.6988974609216667e+27	-1.5540594591016323e+31
-0.0	-1.1856094617721553e+27	-1.5541450492605921e+31
-0.0	7.260936686341287e+26	-1.5542816047346206e+31
-0.0	-1.4843555825533532e+25	-1.5540816323684217e+31
-0.0	2.314709325258934e+26	-1.5542325498282538e+31
-0.0	-4.514827934971844e+25	-1.5540569360863702e+31
-0.0	2.6696595205284217e+25	-1.5541895950722176e+31
-0.0	-2.669659522330919e+25	-1.5541895950722746e+31
-0.0	4.514827946013982e+25	-1.5540569360865593e+31
-0.0	-2.3147093228106733e+26	-1.55423254982804e+31
-0.0	1.4843555796593313e+25	-1.554081632368551e+31
-0.0	-7.26093668440336e+26	-1.5542816047346881e+31
-0.0	1.1856094616723491e+27	-1.5541450492604705e+31
-0.0	-2.6988974606039155e+27	-1.5540594591017064e+31
-0.0	6.231460010799025e+27	-1.559178179774054e+31
-0.0	-1.4861100178473138e+27	-1.5536396376962378e+31
-0.0	3.001176770489244e+27	-1.5734510544220492e+31
-0.0	5.206828724067131e+27	-1.5299322889740457e+31
-0.0	7.068910410478163e+27	-1.630915054619735e+31
-0.0	-2.523453864949077e+28	-1.408297358391818e+31
-0.0	-1.2208609612057994e+28	-1.661196770296662e+31
-0.0	1.0244229624291167e+29	-1.3617558348745546e+31
-0.0	-5.1576344815461544e+29	-1.4904425086363489e+31
-0.0	3.984663458850781e+29	-1.8970256610094969e+31
-0.0	4.734777033405835e+27	6.217433953210152e+30
-0.0	-3.566859242402483e+30	-1.2126222515260446e+32
-0.0	2.2481213112681784e+30	1.0236523270970129e+26
-0.0	-1.358335543668945e+30	-2.614049977101648e+25
-0.0	2.421509469619903e+30	-4.510224782961139e+31
-0.0	-9.566327689148699e+28	2.603206147410342e+30
-0.0	-1.864438134871563e+29	-8.012728644240707e+30
-0.0	2.6061299196266677e+29	-5.569337144496415e+30
-0.0	-5.755044724166048e+28	-5.690437227941665e+30
-0.0	9.13951789817407e+27	-6.689441685903601e+30
-0.0	9.356552960406968e+27	-5.771829657384542e+30
-0.0	-1.1356714948966412e+27	-6.583709628699329e+30
-0.0	-3.641557285380179e+27	-6.224241722093368e+30
-0.0	-7.953994431135401e+26	-6.377075261878402e+30
-0.0	7.960485995690575e+26	-6.305095700579495e+30
-0.0	-3.1086112345365376e+27	-6.32784898668054e+30
-0.0	1.4457307297778373e+27	-6.306444311674016e+30
-0.0	-6.35109149268566e+26	-6.30814254611124e+30
-0.0	4.02033721345376e+26	-6.307946546337874e+30
-0.0	-1.2586645865529126e+25	-6.307492337730778e+30
-0.0	1.3199175575783502e+26	-6.307924754930543e+30
-0.0	-3.2430215105564328e+25	-6.307399059347471e+30
-0.0	2.016258881538371e+25	-6.307840409009693e+30
-0.0	-2.016258886617521e+25	-6.307840409009691e+30
-0.0	3.243021508790683e+25	-6.307399059348118e+30
-0.0	-1.3199175566515772e+26	-6.30792475493009e+30
-0.0	1.2586645859519576e+25	-6.307492337731076e+30
-0.0	-4.020337213071836e+26	-6.307946546338097e+30
-0.0	6.351091491544121e+26	-6.308142546110816e+30
-0.0	-1.445730729634249e+27	-6.306444311674394e+30
-0.0	3.1086112346417086e+27	-6.32784898668011e+30
-0.0	-7.960485996323351e+26	-6.30509570057933e+30
-0.0	7.953994430234674e+26	-6.377075261879149e+30
-0.0	3.641557285344215e+27	-6.22424172209342e+30
-0.0	1.135671495084196e+27	-6.583709628698691e+30
-0.0	-9.356552960699163e+27	-5.771829657385434e+30
-0.0	-9.139517897810151e+27	-6.689441685903098e+30
-0.0	5.755044724161573e+28	-5.690437227939467e+30
-0.0	-2.606129919637795e+29	-5.569337144498783e+30
-0.0	1.8644381348827995e+29	-8.012728644240733e+30
-0.0	9.566327689128169e+28	2.6032061474104576e+30
-0.0	-2.421509469617614e+30	-4.510224782960725e+31
-0.0	1.358335543668716e+30	-2.6140499777653078e+25
-0.0	-6.48482788004476e+29	6.882918480325061e+24
-0.0	1.3269463476623055e+30	-1.0140915170366267e+31
-0.0	-1.082494396441957e+29	7.002861474371733e+29
-0.0	-5.1429658323008865e+28	-2.1796482136350552e+30
-0.0	8.728804257151034e+28	-1.2605612214617305e+30
-0.0	-2.3676430030530426e+28	-1.5254377861626556e+30
-0.0	5.294485063959935e+27	-1.7042060085723769e+30
-0.0	5.875740790774479e+26	-1.5067182016412088e+30
-0.0	1.4574769740805454e+27	-1.682931015975367e+30
-0.0	-1.997360398423399e+27	-1.6086479482766646e+30
-0.0	2.7760716054914392e+26	-1.6393625017079144e+30
-0.0	2.9848804071109805e+26	-1.6238785014040999e+30
-0.0	-1.0237607091250727e+27	-1.6298567374116182e+30
-0.0	5.559509950371357e+26	-1.6240795199546567e+30
-0.0	-2.4407063442809504e+26	-1.6250125358365519e+30
-0.0	1.611814494858386e+26	-1.624698812666889e+30
-0.0	-7.797827100213892e+24	-1.6247132186753935e+30
-0.0	5.494823683688335e+25	-1.6247663670006784e+30
-0.0	-1.88591498728147e+25	-1.624699544165496e+30
-0.0	1.2060356550287e+25	-1.6247771892373465e+30
-0.0	-1.2060356571793542e+25	-1.6247771892373085e+30
-0.0	1.8859149847332839e+25	-1.6246995441656637e+30
-0.0	-5.494823679501989e+25	-1.6247663670005954e+30
-0.0	7.797827103296755e+24	-1.6247132186754385e+30
-0.0	-1.611814494588848e+26	-1.6246988126669914e+30
-0.0	2.440706343682919e+26	-1.625012535836413e+30
-0.0	-5.5595099497029336e+26	-1.6240795199547882e+30
-0.0	1.0237607091699077e+27	-1.6298567374114087e+30
-0.0	-2.984880407477647e+26	-1.6238785014041395e+30
-0.0	-2.7760716058120283e+26	-1.6393625017082403e+30
-0.0	1.9973603984093042e+27	-1.6086479482766485e+30
-0.0	-1.457476973994435e+27	-1.6829310159752604e+30
-0.0	-5.875740792221857e+26	-1.5067182016414616e+30
-0.0	-5.294485063782762e+27	-1.704206008572367e+30
-0.0	2.367643003051103e+28	-1.5254377861622106e+30
-0.0	-8.728804257197309e+28	-1.2605612214623846e+30
-0.0	5.1429658323543245e+28	-2.179648213634997e+30
-0.0	1.0824943964413964e+29	7.0028614743721e+29
-0.0	-1.3269463476612601e+30	-1.0140915170365776e+31
-0.0	6.484827880043774e+29	6.88291847838428e+24
-0.0	-2.051457880920036e+29	-3.2103025590040275e+23
-0.0	5.1307107497857195e+29	-6.3299324688270934e+29
-0.0	-7.079495562688293e+28	5.994506215108533e+28
-0.0	6.369235463438761e+27	-1.9574860747066497e+29
-0.0	3.862716782573713e+27	-8.018699879089389e+28
-0.0	-4.536504179909802e+27	-1.3389962373151018e+29
-0.0	2.0024695508325982e+27	-1.3795114222047622e+29
-0.0	-1.927396347316358e+27	-1.2693058714145066e+29
-0.0	1.5151277065362652e+27	-1.3700355313127142e+29
-0.0	-7.217154445082983e+26	-1.3336803731562895e+29
-0.0	4.3550052620742575e+26	-1.3472777951897317e+29
-0.0	4.088137682502588e+25	-1.3386756691366229e+29
-0.0	-4.555968629790577e+25	-1.3437686417062236e+29
-0.0	8.605253850656717e+25	-1.3386235725799722e+29
-0.0	-3.940978239955023e+25	-1.3400834441087579e+29
-0.0	2.9134774309652596e+25	-1.3394606476198894e+29
-0.0	-3.734485405907676e+24	-1.3396483072004373e+29
-0.0	1.1499481226828008e+25	-1.3396103913675748e+29
-0.0	-7.218776399783107e+24	-1.3396476025729594e+29
-0.0	4.6849732037328305e+24	-1.3396625563270754e+29
-0.0	-4.684973210106232e+24	-1.339662556327045e+29
-0.0	7.21877639182003e+24	-1.339647602573079e+29
-0.0	-1.1499481213116598e+25	-1.3396103913674084e+29
-0.0	3.73448540972408e+24	-1.3396483072004372e+29
-0.0	-2.9134774302273335e+25	-1.3394606476199367e+29
-0.0	3.9409782385548255e+25	-1.3400834441085988e+29
-0.0	-8.605253848766375e+25	-1.338623572580011e+29
-0.0	4.555968630947663e+25	-1.3437686417059733e+29
-0.0	-4.088137683331426e+25	-1.3386756691364853e+29
-0.0	-4.3550052621800676e+26	-1.3472777951900522e+29
-0.0	7.217154445021188e+26	-1.3336803731563645e+29
-0.0	-1.5151277065084866e+27	-1.3700355313126106e+29
-0.0	1.9273963472792193e+27	-1.2693058714146592e+29
-0.0	-2.0024695507936381e+27	-1.3795114222048002e+29
-0.0	4.536504179908527e+27	-1.3389962373151287e+29
-0.0	-3.862716782652091e+27	-8.018699879094003e+28
-0.0	-6.369235463300749e+27	-1.9574860747064597e+29
-0.0	7.079495562688839e+28	5.994506215108783e+28
-0.0	-5.130710749782532e+29	-6.3299324688266345e+29
-0.0	2.0514578809197085e+29	-3.210302568378388e+23
-0.0	-1.1262558752302009e+28	-5.624553321883594e+22
-0.0	8.212742419062232e+28	-2.5802568132432994e+28
-0.0	-2.6535887109309185e+28	-1.564539772996865e+27
-0.0	1.4702038108839435e+28	5.269745064223541e+27
-0.0	-1.5724945513545308e+28	-3.4999340677383904e+27
-0.0	2.0598657029669265e+27	3.000903192727711e+27
-0.0	1.625969358752552e+26	1.143184884519542e+27
-0.0	-1.294293835293268e+27	1.935252964821183e+27
-0.0	6.430218263602638e+26	1.2769538838087618e+27
-0.0	-4.730993892652991e+25	1.671526106067876e+27
-0.0	2.0947282407448144e+26	1.480636178837966e+27
-0.0	-3.3788052619539132e+25	1.542961932834573e+27
-0.0	1.723466064190757e+26	1.5530304345710635e+27
-0.0	-5.667287341503424e+25	1.538976374918252e+27
-0.0	2.403782770739627e+25	1.5533425447063923e+27
-0.0	-1.374027967743226e+25	1.5459242223416467e+27
-0.0	-6.482346453061786e+23	1.5493611935469176e+27
-0.0	-3.8164913104002584e+24	1.547822377637945e+27
-0.0	-6.907570505984054e+23	1.549534084678796e+27
-0.0	4.4133169905041174e+23	1.548684456461906e+27
-0.0	-4.413316994517632e+23	1.5486844564635705e+27
-0.0	6.907570513104496e+23	1.5495340846793962e+27
-0.0	3.8164913095655116e+24	1.5478223776350742e+27
-0.0	6.482346442252553e+23	1.5493611935497384e+27
-0.0	1.3740279677577124e+25	1.5459242223428427e+27
-0.0	-2.4037827704585794e+25	1.5533425447066865e+27
-0.0	5.667287341281361e+25	1.5389763749191318e+27
-0.0	-1.7234660642072625e+26	1.553030434567524e+27
-0.0	3.3788052618722543e+25	1.5429619328378453e+27
-0.0	-2.094728240724102e+26	1.4806361788433314e+27
-0.0	4.730993892620603e+25	1.6715261060693173e+27
-0.0	-6.430218263609277e+26	1.2769538838080416e+27
-0.0	1.294293835295735e+27	1.9352529648246382e+27
-0.0	-1.6259693588039757e+26	1.1431848845216458e+27
-0.0	-2.059865702967239e+27	3.000903192733652e+27
-0.0	1.5724945513594608e+28	-3.499934067710339e+27
-0.0	-1.4702038108854578e+28	5.269745064219833e+27
-0.0	2.653588710932438e+28	-1.5645397729958707e+27
-0.0	-8.212742419060914e+28	-2.5802568132424304e+28
-0.0	1.1262558752297413e+28	-5.624553323979979e+22
-0.0	2.869049546369536e+28	4.9539130527070384e+22
-0.0	-4.592454531287935e+28	-1.2765673531597986e+26
-0.0	-1.48247715332728e+27	2.308105974548382e+27
-0.0	6.34777691866755e+27	-6.469300784313365e+27
-0.0	-8.986352390243898e+27	1.3522932601320457e+26
-0.0	1.9999609488701938e+27	-4.163330570012197e+27
-0.0	-3.2393879092525315e+26	-3.3190671892218905e+27
-0.0	-2.490318659460939e+26	-3.49944373262923e+27
-0.0	1.261683877953274e+25	-3.3669763134005e+27
-0.0	1.2174195328285648e+26	-3.492236278885358e+27
-0.0	1.1627304542231006e+25	-3.423884671069186e+27
-0.0	-2.438563673072306e+25	-3.438158071679728e+27
-0.0	9.084458243345144e+25	-3.4530773075504005e+27
-0.0	-4.436817558703976e+25	-3.4362363837934674e+27
-0.0	1.93949015174744e+25	-3.446205376165221e+27
-0.0	-1.2411401276748442e+25	-3.441352547722648e+27
-0.0	4.442690327737864e+23	-3.4434023944850846e+27
-0.0	-4.150623314913706e+24	-3.4425887708733923e+27
-0.0	1.1472953984859548e+24	-3.443500688191661e+27
-0.0	-7.421249417213461e+23	-3.44310736197663e+27
-0.0	7.421249425341598e+23	-3.443107361975807e+27
-0.0	-1.1472953978457495e+24	-3.4435006881909267e+27
-0.0	4.1506233116740355e+24	-3.4425887708768096e+27
-0.0	-4.442690330730713e+23	-3.4434023944852105e+27
-0.0	1.2411401276451595e+25	-3.441352547722284e+27
-0.0	-1.939490151410009e+25	-3.4462053761658305e+27
-0.0	4.436817558235753e+25	-3.4362363837946675e+27
-0.0	-9.084458243684594e+25	-3.4530773075553384e+27
-0.0	2.43856367309257e+25	-3.438158071680263e+27
-0.0	-1.1627304537445014e+25	-3.423884671060819e+27
-0.0	-1.2174195328177956e+26	-3.4922362788842763e+27
-0.0	-1.261683878478601e+25	-3.36697631340054e+27
-0.0	2.490318659535981e+26	-3.499443732626063e+27
-0.0	3.239387909169478e+26	-3.3190671892189565e+27
-0.0	-1.9999609488712232e+27	-4.1633305700040794e+27
-0.0	8.98635239028938e+27	1.3522932603948883e+26
-0.0	-6.34777691870255e+27	-6.469300784318805e+27
-0.0	1.4824771533349008e+27	2.308105974549881e+27
-0.0	4.592454531284448e+28	-1.2765673532171422e+26
-0.0	-2.869049546369338e+28	4.953913065088946e+22
-0.0	1.49790817523301e+28	-1.843650776216177e+22
-0.0	-3.575370911253157e+28	6.06584228337769e+27
-0.0	4.4168989191805105e+27	-1.803033124372149e+27
-0.0	-1.2531817115072795e+26	4.745021532161171e+27
-0.0	-8.94026292922377e+26	7.228742684971745e+26
-0.0	4.9877201045566286e+26	3.1600982763565445e+27
-0.0	-1.8249875190110886e+26	2.8157097423613064e+27
-0.0	1.7087925478185318e+26	2.7980752566983325e+27
-0.0	-1.3959336830365958e+26	2.828828784704901e+27
-0.0	6.862602588292198e+25	2.8524854653745733e+27
-0.0	-4.474668288917806e+25	2.833933267712854e+27
-0.0	-3.5202672470355573e+24	2.832611213565125e+27
-0.0	1.7555834316561174e+24	2.8438743376186457e+27
-0.0	-7.553849769936502e+24	2.8316914993948917e+27
-0.0	3.481131459805583e+24	2.837454116907168e+27
-0.0	-2.632220773507395e+24	2.8347229007209143e+27
-0.0	3.745674050070319e+23	2.8358031749577617e+27
-0.0	-1.0681980346823963e+24	2.835402319835803e+27
-0.0	7.19688525363763e+23	2.83584462826315e+27
-0.0	-4.665353239254165e+23	2.835682656973454e+27
-0.0	4.6653532424967255e+23	2.835682656973663e+27
-0.0	-7.196885250271954e+23	2.835844628264675e+27
-0.0	1.0681980334221851e+24	2.8354023198369987e+27
-0.0	-3.745674052872851e+23	2.8358031749587254e+27
-0.0	2.632220773688126e+24	2.8347229007210347e+27
-0.0	-3.4811314585290267e+24	2.837454116906504e+27
-0.0	7.553849768146882e+24	2.831691499394556e+27
-0.0	-1.755583432699665e+24	2.843874337617451e+27
-0.0	3.5202672467825344e+24	2.8326112135657993e+27
-0.0	4.474668289133099e+25	2.833933267716688e+27
-0.0	-6.862602588222172e+25	2.8524854653746014e+27
-0.0	1.3959336830134212e+26	2.828828784704903e+27
-0.0	-1.708792547795546e+26	2.7980752566988487e+27
-0.0	1.8249875189922818e+26	2.8157097423619293e+27
-0.0	-4.9877201045652666e+26	3.1600982763594065e+27
-0.0	8.940262929351693e+26	7.228742685047648e+26
-0.0	1.2531817113694736e+26	4.745021532159336e+27
-0.0	-4.416898919179369e+27	-1.803033124372011e+27
-0.0	3.575370911251935e+28	6.065842283377946e+27
-0.0	-1.497908175232879e+28	-1.8436507723215065e+22
-0.0	1.192709451228084e+27	2.7574190137690397e+21
-0.0	-6.958483017214775e+27	-6.315555085036499e+27
-0.0	2.5447234770933546e+27	1.20620758921356e+27
-0.0	-1.619811498186537e+27	-3.101756614237921e+27
-0.0	1.7870835012877425e+27	-8.249969233724304e+26
-0.0	-2.5834560852154226e+26	-2.1150886724579586e+27
-0.0	-4.397716298926432e+24	-2.0035695698023242e+27
-0.0	1.496124333144684e+26	-1.9307820656447538e+27
-0.0	-7.629601188025541e+25	-2.0030150768647088e+27
-0.0	4.6053685476448755e+24	-1.9905405300869623e+27
-0.0	-2.7958963213416196e+25	-1.9914092707870698e+27
-0.0	4.6739354453279666e+24	-1.9857502303736636e+27
-0.0	-2.3783910048749174e+25	-1.9932115469937197e+27
-0.0	7.869538230718952e+24	-1.985376943056231e+27
-0.0	-3.341497997621007e+24	-1.9884972697947432e+27
-0.0	1.9105268580859335e+24	-1.9870654711503836e+27
-0.0	8.799486567098758e+22	-1.987599235550414e+27
-0.0	5.3252616251220086e+23	-1.9874204173588496e+27
-0.0	9.032332045224099e+22	-1.987613874451497e+27
-0.0	-5.909947978507331e+22	-1.9875599776276847e+27
-0.0	5.90994795715922e+22	-1.9875599776273488e+27
-0.0	-9.032332036772276e+22	-1.9876138744517824e+27
-0.0	-5.325261622443822e+23	-1.987420417358506e+27
-0.0	-8.79948659840227e+22	-1.9875992355499506e+27
-0.0	-1.9105268577698228e+24	-1.9870654711503797e+27
-0.0	3.3414979972409256e+24	-1.9884972697947105e+27
-0.0	-7.869538230425182e+24	-1.985376943056126e+27
-0.0	2.378391004932428e+25	-1.9932115469936196e+27
-0.0	-4.673935445756193e+24	-1.9857502303736518e+27
-0.0	2.7958963213199064e+25	-1.991409270787586e+27
-0.0	-4.6053685475017833e+24	-1.9905405300867116e+27
-0.0	7.629601188049369e+25	-2.003015076864493e+27
-0.0	-1.4961243331538462e+26	-1.930782065644913e+27
-0.0	4.397716300507105e+24	-2.0035695698025384e+27
-0.0	2.583456085212514e+26	-2.1150886724582403e+27
-0.0	-1.7870835012917348e+27	-8.249969233747924e+26
-0.0	1.6198114981875284e+27	-3.1017566142375146e+27
-0.0	-2.544723477094373e+27	1.2062075892134022e+27
-0.0	6.958483017218725e+27	-6.315555085036587e+27
-0.0	-1.1927094512278951e+27	2.757419017672449e+21
-0.0	-2.521858226450533e+27	3.786149668872716e+21
-0.0	4.0407631724105444e+27	4.826763654726727e+27
-0.0	5.373441432338154e+26	-7.24373857344191e+26
-0.0	-1.0009913224198513e+27	1.869300362723828e+27
-0.0	1.3819397896047368e+27	6.657695127267805e+26
-0.0	-2.9908813802787448e+26	1.2997110276856106e+27
-0.0	4.649861181803886e+25	1.284867522566122e+27
-0.0	5.290869034591756e+25	1.2131014805299278e+27
-0.0	-1.4432538322829889e+25	1.2803398697007383e+27
-0.0	-1.442449906190404e+25	1.2600626509202155e+27
-0.0	-7.420538512731627e+24	1.2665138947907973e+27
-0.0	4.024136628128176e+24	1.2609209965827526e+27
-0.0	-1.6432285636232246e+25	1.2654361793135245e+27
-0.0	7.197199663602169e+24	1.2607909924283427e+27
-0.0	-3.1250699646722496e+24	1.2623627849302977e+27
-0.0	1.9495993904381327e+24	1.2616619415768598e+27
-0.0	-3.5131800244557646e+22	1.2619009453169089e+27
-0.0	6.284909231831593e+23	1.2618302418318527e+27
-0.0	-1.2094775059348497e+23	1.26190401657326e+27
-0.0	7.814822993986967e+22	1.26189560723627e+27
-0.0	-7.814823001411353e+22	1.2618956072363524e+27
-0.0	1.2094775013476553e+23	1.2619040165733808e+27
-0.0	-6.28490922631586e+23	1.26183024183212e+27
-0.0	3.5131800207236935e+22	1.2619009453167624e+27
-0.0	-1.949599390180301e+24	1.2616619415763568e+27
-0.0	3.12506996418476e+24	1.262362784930364e+27
-0.0	-7.197199662904263e+24	1.260790992428563e+27
-0.0	1.6432285636680536e+25	1.2654361793140037e+27
-0.0	-4.0241366284640824e+24	1.2609209965823468e+27
-0.0	7.420538512416832e+24	1.2665138947893564e+27
-0.0	1.4424499061766106e+25	1.2600626509201448e+27
-0.0	1.4432538323621324e+25	1.280339869700642e+27
-0.0	-5.290869034727496e+25	1.2131014805297109e+27
-0.0	-4.649861181641677e+25	1.2848675225656313e+27
-0.0	2.990881380279005e+26	1.2997110276840507e+27
-0.0	-1.3819397896103805e+27	6.657695127238298e+26
-0.0	1.0009913224238404e+27	1.869300362724505e+27
-0.0	-5.373441432348027e+26	-7.243738573444998e+26
-0.0	-4.0407631724048594e+27	4.826763654726766e+27
-0.0	2.521858226450369e+27	3.786149662542194e+21
-0.0	-1.7081800087678646e+27	-8.276887403931614e+21
-0.0	3.670450326101506e+27	-3.193755108114305e+27
-0.0	-1.0476763282082568e+26	3.95846340297859e+26
-0.0	-3.542604966126156e+26	-1.0523535176431591e+27
-0.0	5.7391578174458384e+26	-4.612432241376395e+26
-0.0	-1.4778381868989663e+26	-7.44974407499796e+26
-0.0	3.108034853602371e+25	-7.626574929159216e+26
-0.0	7.7949428205446e+24	-7.085282896477102e+26
-0.0	3.944085762768067e+24	-7.579957069288103e+26
-0.0	-1.004624654055426e+25	-7.403007768384367e+26
-0.0	-8.471607671082385e+21	-7.468643643206428e+26
-0.0	1.7840069394552722e+24	-7.426466625812946e+26
-0.0	-6.494310360584205e+24	-7.451983007090683e+26
-0.0	3.2762392977133373e+24	-7.426377774208416e+26
-0.0	-1.4352374194289338e+24	-7.433746328488218e+26
-0.0	9.25756240633062e+23	-7.430620881903089e+26
-0.0	-3.79249011070944e+22	-7.431562666933301e+26
-0.0	3.1237735157835094e+23	-7.431375226988776e+26
-0.0	-9.255028712189961e+22	-7.431566849095751e+26
-0.0	6.022295863698545e+22	-7.431632984879611e+26
-0.0	-6.022295862403782e+22	-7.431632984882289e+26
-0.0	9.255028667725225e+22	-7.431566849095942e+26
-0.0	-3.123773511795752e+23	-7.431375226982778e+26
-0.0	3.792490117492827e+22	-7.431562666932587e+26
-0.0	-9.257562404965694e+23	-7.43062088190384e+26
-0.0	1.43523741923698e+24	-7.433746328487475e+26
-0.0	-3.2762392973026074e+24	-7.426377774208412e+26
-0.0	6.494310360692306e+24	-7.451983007084246e+26
-0.0	-1.7840069396153204e+24	-7.426466625809686e+26
-0.0	8.471607599340087e+21	-7.4686436432128e+26
-0.0	1.004624654041972e+25	-7.403007768385378e+26
-0.0	-3.9440857623076894e+24	-7.579957069288258e+26
-0.0	-7.794942821265021e+24	-7.085282896480766e+26
-0.0	-3.1080348535120526e+25	-7.626574929160879e+26
-0.0	1.4778381868987725e+26	-7.449744075004803e+26
-0.0	-5.739157817475315e+26	-4.612432241393787e+26
-0.0	3.5426049661498316e+26	-1.0523535176424122e+27
-0.0	1.0476763282032027e+26	3.958463402977809e+26
-0.0	-3.6704503260985616e+27	-3.1937551081146865e+27
-0.0	1.7081800087677256e+27	-8.276887412327713e+21
-0.0	-6.312448405191232e+26	1.2376170076877155e+21
-0.0	1.51237905766336e+27	1.922220595377779e+27
-0.0	-1.171588289098034e+26	-1.9545544415704975e+26
-0.0	-8.323461469884815e+25	5.54478754203965e+26
-0.0	1.620665440051122e+26	2.8984219356696715e+26
-0.0	-4.767946579568595e+25	3.996555242056416e+26
-0.0	1.1698575362372424e+25	4.227626799638661e+26
-0.0	-1.2541962571784195e+24	3.869317541930615e+26
-0.0	3.5291496814316376e+24	4.1914902388985504e+26
-0.0	-3.825090255962174e+24	4.0650264579675064e+26
-0.0	7.335770857421496e+23	4.1151748471224286e+26
-0.0	5.3451765954852206e+23	4.087373849882245e+26
-0.0	-1.7697052398137514e+24	4.1007014055304474e+26
-0.0	1.0006460057222279e+24	4.0875249949401804e+26
-0.0	-4.421892417428827e+23	4.0905621213553224e+26
-0.0	2.9139200154042956e+23	4.0893452634999054e+26
-0.0	-1.631730569452473e+22	4.089633829956874e+26
-0.0	1.0078347387353298e+23	4.089631323239737e+26
-0.0	-3.66289145368678e+22	4.089616249510338e+26
-0.0	2.373544866389552e+22	4.089714550109182e+26
-0.0	-2.373544869861657e+22	4.089714550107973e+26
-0.0	3.662891443268068e+22	4.089616249510824e+26
-0.0	-1.0078347367683079e+23	4.089631323240952e+26
-0.0	1.6317305585795452e+22	4.089633829957282e+26
-0.0	-2.913920014782686e+23	4.0893452634991344e+26
-0.0	4.4218924170443644e+23	4.0905621213551155e+26
-0.0	-1.0006460055806711e+24	4.0875249949403055e+26
-0.0	1.7697052398966832e+24	4.100701405531699e+26
-0.0	-5.345176596411367e+23	4.087373849883104e+26
-0.0	-7.335770857978058e+23	4.1151748471211394e+26
-0.0	3.8250902559245226e+24	4.065026457966829e+26
-0.0	-3.52914968126706e+24	4.191490238898013e+26
-0.0	1.2541962568880644e+24	3.869317541930056e+26
-0.0	-1.1698575362024422e+25	4.227626799637457e+26
-0.0	4.767946579567614e+25	3.99655524205223e+26
-0.0	-1.6206654400608807e+26	2.898421935665309e+26
-0.0	8.32346146997601e+25	5.544787542041305e+26
-0.0	1.1715882890971682e+26	-1.954554441570829e+26
-0.0	-1.512379057662022e+27	1.9222205953775125e+27
-0.0	6.312448405190577e+26	1.2376170038030956e+21
-0.0	-1.6182072066842213e+26	-2.012285443090771e+21
-0.0	4.1127286441709e+26	-1.0719051825797996e+27
-0.0	-4.513240221391638e+25	8.439165259638286e+25
-0.0	-1.3172000553441193e+25	-2.7163288770099548e+26
-0.0	3.359202322350465e+25	-1.6873857640094297e+26
-0.0	-1.1075359712642148e+25	-1.99750255684491e+26
-0.0	3.018805054273236e+24	-2.1892880835302314e+26
-0.0	-9.771402760784998e+23	-1.972707887362872e+26
-0.0	1.2237213254121502e+24	-2.165337709506968e+26
-0.0	-9.919456977868658e+23	-2.084666840633875e+26
-0.0	3.0077511491383473e+23	-2.117971806499432e+26
-0.0	1.1643714706460526e+23	-2.1011262416061642e+26
-0.0	-3.525453748582172e+23	-2.1077012933828827e+26
-0.0	2.221067595464844e+23	-2.1013969507513412e+26
-0.0	-9.820153039507304e+22	-2.1024336627056084e+26
-0.0	6.6535051497935225e+22	-2.1020894505002943e+26
-0.0	-4.3551541312115484e+21	-2.102103821142405e+26
-0.0	2.342653770460812e+22	-2.1021584071610635e+26
-0.0	-9.702879717143825e+21	-2.1020874269581496e+26
-0.0	6.218898895495264e+21	-2.102169720388561e+26
-0.0	-6.218898943359489e+21	-2.1021697203881616e+26
-0.0	9.702879735402721e+21	-2.1020874269584967e+26
-0.0	-2.3426537615797082e+22	-2.1021584071614394e+26
-0.0	4.355154014861857e+21	-2.1021038211426316e+26
-0.0	-6.653505147498514e+22	-2.1020894505004565e+26
-0.0	9.820153041626303e+22	-2.102433662705267e+26
-0.0	-2.2210675951775635e+23	-2.1013969507509873e+26
-0.0	3.525453748937391e+23	-2.1077012933825343e+26
-0.0	-1.1643714710495534e+23	-2.1011262416064264e+26
-0.0	-3.0077511491592443e+23	-2.117971806499974e+26
-0.0	9.919456977778846e+23	-2.084666840634314e+26
-0.0	-1.2237213253610884e+24	-2.1653377095069978e+26
-0.0	9.771402759737448e+23	-1.972707887362579e+26
-0.0	-3.018805054145285e+24	-2.1892880835303723e+26
-0.0	1.1075359712631858e+25	-1.9975025568458955e+26
-0.0	-3.359202322374675e+25	-1.6873857640109278e+26
-0.0	1.3172000553731756e+25	-2.716328877009205e+26
-0.0	4.513240221393791e+25	8.439165259637776e+25
-0.0	-4.112728644165504e+26	-1.0719051825796522e+27
-0.0	1.618207206683954e+26	-2.0122854438820071e+21
-0.0	-3.152603060487074e+25	5.7017817726431796e+20
-0.0	8.063757536413156e+25	5.561478925919225e+26
-0.0	-1.0834278511121048e+25	-2.853521314700642e+25
-0.0	-1.415491805736964e+24	1.2104135757623838e+26
-0.0	5.525176697102503e+24	9.15217967463319e+25
-0.0	-1.9573904019175122e+24	9.12983692121417e+25
-0.0	5.74357013422831e+23	1.0466747050822208e+26
-0.0	-2.776403929456218e+23	9.24706916115382e+25
-0.0	2.7418412043467736e+23	1.032075551887795e+26
-0.0	-1.87644519625018e+23	9.845492517829552e+25
-0.0	7.046099349507448e+22	1.0047741988477843e+26
-0.0	1.903933545791805e+22	9.953323532677647e+25
-0.0	-5.281551718282636e+22	9.982501699491058e+25
-0.0	3.6915044352563903e+22	9.955388250738549e+25
-0.0	-1.6497790933986554e+22	9.957190130093554e+25
-0.0	1.13042019553703e+22	9.957136240786999e+25
-0.0	-8.849688662274893e+20	9.956474050315473e+25
-0.0	4.0771438268313077e+21	9.957061101864798e+25
-0.0	-1.8400727631068054e+21	9.956351192634017e+25
-0.0	1.1748775855846314e+21	9.956928409470293e+25
-0.0	-1.1748776137641607e+21	9.956928409471393e+25
-0.0	1.8400727868428953e+21	9.956351192636534e+25
-0.0	-4.077143795180267e+21	9.957061101862327e+25
-0.0	8.849688078900306e+20	9.956474050315166e+25
-0.0	-1.1304201941526663e+22	9.957136240787614e+25
-0.0	1.6497790951524414e+22	9.957190130093624e+25
-0.0	-3.6915044346288117e+22	9.955388250739456e+25
-0.0	5.281551718944613e+22	9.982501699488192e+25
-0.0	-1.903933546743127e+22	9.953323532672027e+25
-0.0	-7.046099349201184e+22	1.0047741988475989e+26
-0.0	1.8764451962046197e+23	9.845492517829703e+25
-0.0	-2.7418412042562203e+23	1.0320755518874896e+26
-0.0	2.776403929212888e+23	9.247069161155764e+25
-0.0	-5.743570133971528e+23	1.0466747050819899e+26
-0.0	1.957390401918234e+24	9.129836921208859e+25
-0.0	-5.525176697142505e+24	9.152179674636365e+25
-0.0	1.415491805790457e+24	1.2104135757625763e+26
-0.0	1.0834278511130624e+25	-2.8535213147004953e+25
-0.0	-8.06375753639945e+25	5.561478925918477e+26
-0.0	3.1526030604861767e+25	5.701781772084153e+20
-0.0	-4.921437338344737e+24	-1.580544084114626e+20
-0.0	1.1453586054135136e+25	-2.6648499759616982e+26
-0.0	-1.5466734565953874e+24	3.9151233260677527e+24
-0.0	-1.8622470943859083e+23	-4.6470609981339945e+25
-0.0	8.676593453357587e+23	-4.600317980502102e+25
-0.0	-2.8392731251465352e+23	-3.64633176706189e+25
-0.0	8.691619738365152e+22	-4.4849560074447945e+25
-0.0	-5.530284308059659e+22	-3.8429793916537064e+25
-0.0	4.4782471942399515e+22	-4.401663364361526e+25
-0.0	-2.64756609453469e+22	-4.1411492897969115e+25
-0.0	1.1329489668692884e+22	-4.255237267809818e+25
-0.0	2.350100004009943e+21	-4.205696560709728e+25
-0.0	-6.024717429398774e+21	-4.217068084158186e+25
-0.0	4.6883813685684706e+21	-4.207116228752905e+25
-0.0	-2.129999498406888e+21	-4.205978652183375e+25
-0.0	1.4478172550487673e+21	-4.206967531833676e+25
-0.0	-1.3489308746505884e+20	-4.206219264924865e+25
-0.0	5.306775118465757e+20	-4.206686419869784e+25
-0.0	-2.6435520583693625e+20	-4.206152679775883e+25
-0.0	1.6612097408454866e+20	-4.2065139469381025e+25
-0.0	-1.6612099200770782e+20	-4.206513946936429e+25
-0.0	2.643552191749529e+20	-4.206152679774894e+25
-0.0	-5.3067749378967686e+20	-4.2066864198726665e+25
-0.0	1.3489305634606629e+20	-4.206219264924379e+25
-0.0	-1.4478172517523584e+21	-4.206967531832022e+25
-0.0	2.1299995138685996e+21	-4.205978652182879e+25
-0.0	-4.6883813707857317e+21	-4.207116228753513e+25
-0.0	6.024717432271059e+21	-4.217068084157721e+25
-0.0	-2.3501000049430383e+21	-4.205696560712171e+25
-0.0	-1.1329489666556662e+22	-4.255237267810567e+25
-0.0	2.64756609445818e+22	-4.141149289797619e+25
-0.0	-4.478247193961425e+22	-4.401663364362411e+25
-0.0	5.530284307293913e+22	-3.842979391653887e+25
-0.0	-8.691619738582808e+22	-4.4849560074439045e+25
-0.0	2.8392731251930524e+23	-3.646331767059557e+25
-0.0	-8.676593453371795e+23	-4.60031798050413e+25
-0.0	1.862247094441613e+23	-4.647060998136711e+25
-0.0	1.5466734565987313e+24	3.9151233260657974e+24
-0.0	-1.1453586054117073e+25	-2.664849975961421e+26
-0.0	4.921437338341784e+24	-1.580544084453522e+20
-0.0	-5.802354792056154e+23	-1.3547613411860302e+19
-0.0	9.757812117728685e+23	1.1531336841003521e+26
-0.0	4.464260404079169e+21	4.971102261577999e+24
-0.0	-7.189983018555337e+22	1.2700956055638817e+25
-0.0	1.655660228451553e+23	2.107529661367294e+25
-0.0	-3.92277470920364e+22	1.0994194714381418e+25
-0.0	1.2213212244462778e+22	1.5884963417862065e+25
-0.0	-9.607165884706134e+21	1.27358258351387e+25
-0.0	5.705861527607283e+21	1.5435894546945983e+25
-0.0	-2.777226798537985e+21	1.4099761987534432e+25
-0.0	1.3063994106507942e+21	1.4702173323133959e+25
-0.0	2.2460660689401253e+20	1.4459113256966494e+25
-0.0	-5.352512700999799e+20	1.4492684475174905e+25
-0.0	4.66977533393228e+20	1.4468829544629872e+25
-0.0	-2.0679261823047864e+20	1.4451111154258717e+25
-0.0	1.4655483262271291e+20	1.4461563973595074e+25
-0.0	-1.3356714782371369e+19	1.4455711331025182e+25
-0.0	5.4075911952898376e+19	1.4458781607089625e+25
-0.0	-2.8572051507232764e+19	1.4455256815276448e+25
-0.0	1.803590934695884e+19	1.4457335904598653e+25
-0.0	-1.8035917135283188e+19	1.4457335904605942e+25
-0.0	2.8572056280169435e+19	1.4455256815284857e+25
-0.0	-5.407590017702286e+19	1.445878160708773e+25
-0.0	1.3356696526923155e+19	1.445571133102657e+25
-0.0	-1.4655483070660256e+20	1.4461563973607933e+25
-0.0	2.067926256029559e+20	1.4451111154262106e+25
-0.0	-4.6697753475472595e+20	1.4468829544634914e+25
-0.0	5.3525127237957334e+20	1.4492684475171061e+25
-0.0	-2.2460660884491983e+20	1.4459113256962572e+25
-0.0	-1.3063994096092974e+21	1.470217332313657e+25
-0.0	2.7772267980720817e+21	1.4099761987528993e+25
-0.0	-5.705861526808671e+21	1.5435894546936091e+25
-0.0	9.60716588077725e+21	1.2735825835143864e+25
-0.0	-1.2213212241765006e+22	1.5884963417859791e+25
-0.0	3.922774709217352e+22	1.099419471436771e+25
-0.0	-1.655660228447134e+23	2.1075296613689026e+25
-0.0	7.1899830192918235e+22	1.2700956055634606e+25
-0.0	-4.464260398783956e+21	4.971102261576931e+24
-0.0	-9.75781211754374e+23	1.1531336841002205e+26
-0.0	5.802354792047073e+23	-1.354761341561864e+19
-0.0	-1.68569802284669e+22	5.629674662044212e+18
-0.0	-3.5279474966962886e+22	-4.210558509605623e+25
-0.0	6.662109103537286e+22	-6.518026390553832e+24
-0.0	-2.488678554101566e+22	6.703880728371115e+23
-0.0	3.2493470350898727e+22	-8.290398912944302e+24
-0.0	-5.532856802869111e+21	-5.138923655214586e+23
-0.0	1.8440951649309685e+21	-3.166131299081368e+24
-0.0	-1.630799797114239e+21	-1.7650546341507014e+24
-0.0	5.0308023209358485e+20	-2.945444408540593e+24
-0.0	-1.6997064554544765e+20	-2.3116397690784366e+24
-0.0	8.412401613195949e+19	-2.6052404358890854e+24
-0.0	1.4783676672850024e+19	-2.4973976786812443e+24
-0.0	-4.0050695855800476e+19	-2.499140711549292e+24
-0.0	3.4898940637068534e+19	-2.503846092590136e+24
-0.0	-1.6293819706544771e+19	-2.4888702734057403e+24
-0.0	1.0933616447900776e+19	-2.4969138265277646e+24
-0.0	-1.3014070038344696e+18	-2.4930523233028005e+24
-0.0	4.140205096330074e+18	-2.4949350344454193e+24
-0.0	-2.391404630992824e+18	-2.4928176347002116e+24
-0.0	1.4524235072289902e+18	-2.4939566884247195e+24
-0.0	-1.4524262424124664e+18	-2.4939566884258727e+24
-0.0	2.3914062652893425e+18	-2.4928176346976126e+24
-0.0	-4.140199136460929e+18	-2.494935034436759e+24
-0.0	1.3013976749389312e+18	-2.493052323304678e+24
-0.0	-1.0933614340579863e+19	-2.496913826523227e+24
-0.0	1.6293821351140119e+19	-2.4888702734059084e+24
-0.0	-3.4898940589663855e+19	-2.503846092590704e+24
-0.0	4.005069852511803e+19	-2.499140711547204e+24
-0.0	-1.4783679496153768e+19	-2.497397678683746e+24
-0.0	-8.41240161354129e+19	-2.60524043589206e+24
-0.0	1.6997064644321513e+20	-2.311639769079879e+24
-0.0	-5.0308023185794374e+20	-2.9454444085410516e+24
-0.0	1.6307997952157216e+21	-1.7650546341509535e+24
-0.0	-1.8440951624422096e+21	-3.166131299079391e+24
-0.0	5.532856801849423e+21	-5.138923655192747e+23
-0.0	-3.249347035086362e+22	-8.290398912947921e+24
-0.0	2.488678554547681e+22	6.703880728320834e+23
-0.0	-6.662109103175895e+22	-6.518026390553881e+24
-0.0	3.5279474972096094e+22	-4.2105585096057716e+25
-0.0	1.685698022821215e+22	5.62967466202778e+18
-0.0	1.6030296276811693e+22	-2.625822170546513e+18
-0.0	-2.2792232781974646e+22	1.0269569263884046e+25
-0.0	1.2989210287512889e+22	5.510272868268667e+24
-0.0	-4.346501508276149e+21	-4.57113408928963e+24
-0.0	2.8617319398194796e+21	2.42277798183123e+24
-0.0	-4.334073061855308e+20	-2.807897795714265e+24
-0.0	2.3538081869461933e+20	-1.4575987522458642e+24
-0.0	-2.105368167973455e+20	-2.006907572468516e+24
-0.0	-3.92806207423513e+19	-1.5622033957721606e+24
-0.0	1.9915678392391782e+19	-1.8336387289142035e+24
-0.0	-8.307123787782967e+18	-1.7015209952313175e+24
-0.0	1.4382388058831043e+18	-1.7442150701563864e+24
-0.0	-3.425225758111881e+18	-1.752475132145963e+24
-0.0	2.327111972684575e+18	-1.7410793469200397e+24
-0.0	-1.0279904951286781e+18	-1.7516593285004692e+24
-0.0	7.27303830536603e+17	-1.746205408874443e+24
-0.0	-7.298084284013221e+16	-1.74865264557215e+24
-0.0	2.683954058233493e+17	-1.747602467654805e+24
-0.0	-1.5024270043580742e+17	-1.748792789634942e+24
-0.0	9.030358873783838e+16	-1.748218776011233e+24
-0.0	-9.030462314911123e+16	-1.748218776010868e+24
-0.0	1.5024423101866512e+17	-1.7487927896319062e+24
-0.0	-2.683944462726802e+17	-1.747602467655439e+24
-0.0	7.297794357623752e+16	-1.748652645571496e+24
-0.0	-7.273013790510868e+17	-1.746205408870623e+24
-0.0	1.027989467676998e+18	-1.7516593284994242e+24
-0.0	-2.327112194588273e+18	-1.741079346919469e+24
-0.0	3.4252280146436787e+18	-1.7524751321463297e+24
-0.0	-1.4382411802340155e+18	-1.744215070157506e+24
-0.0	8.307124072848526e+18	-1.7015209952330943e+24
-0.0	-1.9915678505254638e+19	-1.8336387289139308e+24
-0.0	3.928062063094619e+19	-1.562203395772518e+24
-0.0	2.105368148007693e+20	-2.006907572467641e+24
-0.0	-2.3538081628072165e+20	-1.4575987522450036e+24
-0.0	4.3340730540532145e+20	-2.807897795716033e+24
-0.0	-2.861731939747102e+21	2.422777981833461e+24
-0.0	4.3465015128012934e+21	-4.5711340892896253e+24
-0.0	-1.2989210284405058e+22	5.510272868269342e+24
-0.0	2.279223278774695e+22	1.0269569263883026e+25
-0.0	-1.6030296276952364e+22	-2.6258221703893857e+18
-0.0	5.383284510664898e+21	-1.9117798573668534e+18
-0.0	2.0409513444305763e+21	1.863601126596586e+24
-0.0	-2.570023741857742e+21	-3.7775721833425724e+24
-0.0	4.02624435669524e+20	4.7457821054914836e+24
-0.0	-1.5026798777469756e+21	7.446520483207696e+22
-0.0	2.177909965957565e+20	3.2585997294971145e+24
-0.0	-2.566131291196791e+19	2.6432041460675473e+24
-0.0	3.162163975336181e+19	2.794262870338e+24
-0.0	-5.580877244636511e+19	2.683513670679272e+24
-0.0	1.7539600545626296e+19	2.7790351602552845e+24
-0.0	-9.408530598653479e+18	2.7273653210825256e+24
-0.0	2.2550886632122614e+17	2.739429047671497e+24
-0.0	-1.1035584427646103e+18	2.7492213003438397e+24
-0.0	-5.069026975073733e+16	2.738232870234434e+24
-0.0	6.201703997706002e+16	2.7449395716990837e+24
-0.0	-4.862138983384437e+16	2.741544382238875e+24
-0.0	1.843375500324602e+16	2.74291075445775e+24
-0.0	-2.576791825811398e+16	2.7423719345412516e+24
-0.0	2.6338602401631436e+16	2.7429860632667807e+24
-0.0	-1.5443299229870268e+16	2.7427257212513827e+24
-0.0	1.5443434365943244e+16	2.742725721251801e+24
-0.0	-2.633853499737889e+16	2.7429860632684004e+24
-0.0	2.5767769905311956e+16	2.742371934540368e+24
-0.0	-1.8433606908369292e+16	2.742910754458344e+24
-0.0	4.8623303653412504e+16	2.741544382240592e+24
-0.0	-6.201911244619029e+16	2.744939571700041e+24
-0.0	5.069001267935274e+16	2.738232870234491e+24
-0.0	1.1035602461632462e+18	2.7492213003433297e+24
-0.0	-2.2551060967490486e+17	2.7394290476718615e+24
-0.0	9.408530810914271e+18	2.727365321082424e+24
-0.0	-1.7539600771592522e+19	2.7790351602555626e+24
-0.0	5.580877227566074e+19	2.6835136706802556e+24
-0.0	-3.1621641512504648e+19	2.794262870338146e+24
-0.0	2.5661314859419832e+19	2.643204146068071e+24
-0.0	-2.1779099692845675e+20	3.2585997294968766e+24
-0.0	1.5026798781809073e+21	7.446520483223433e+22
-0.0	-4.026244326122612e+20	4.745782105490789e+24
-0.0	2.5700237441455704e+21	-3.777572183342453e+24
-0.0	-2.04095134309604e+21	1.863601126598232e+24
-0.0	-5.383284510813412e+21	-1.9117798574137477e+18
-0.0	1.2298144054608763e+21	2.5220789256263823e+18
-0.0	2.5093421620349905e+21	-4.79077149357605e+24
-0.0	-2.550309203854419e+21	2.4117014482064837e+24
-0.0	5.117162778705855e+20	-3.661959743099727e+24
-0.0	-9.95368521232038e+20	-7.626126126401767e+23
-0.0	1.654995372268937e+20	-2.590651882962064e+24
-0.0	-4.3063288284740534e+19	-2.329504756070845e+24
-0.0	4.529256247042036e+19	-2.3332542857813305e+24
-0.0	-3.3927211313542545e+19	-2.3389317136531918e+24
-0.0	1.1089210550734017e+19	-2.364099345895863e+24
-0.0	-6.497800450778509e+18	-2.348107185550662e+24
-0.0	-3.6713356502805176e+16	-2.348430320941959e+24
-0.0	-5.342756453457368e+17	-2.3564732155034015e+24
-0.0	-3.3043497337321235e+17	-2.348374714223922e+24
-0.0	2.061671178975202e+17	-2.352259274857158e+24
-0.0	-1.3439484904444485e+17	-2.350377338248905e+24
-0.0	3.2013802680668496e+16	-2.3510737217883606e+24
-0.0	-5.971519621530221e+16	-2.3507988662158342e+24
-0.0	4.490903902656137e+16	-2.351099585662807e+24
-0.0	-2.775088155062923e+16	-2.3509903087501608e+24
-0.0	2.775164594099754e+16	-2.350990308749897e+24
-0.0	-4.490963422223877e+16	-2.3510995856633673e+24
-0.0	5.9714433158192904e+16	-2.3507988662161426e+24
-0.0	-3.2012409150446404e+16	-2.3510737217881147e+24
-0.0	1.3439588382678773e+17	-2.350377338248527e+24
-0.0	-2.061690180759965e+17	-2.3522592748571565e+24
-0.0	3.30435086840736e+17	-2.3483747142248375e+24
-0.0	5.342768090747554e+17	-2.3564732155040393e+24
-0.0	3.671208709381049e+16	-2.3484303209423678e+24
-0.0	6.497800407022253e+18	-2.3481071855506964e+24
-0.0	-1.1089210364755479e+19	-2.3640993458958447e+24
-0.0	3.392721101327158e+19	-2.3389317136527891e+24
-0.0	-4.529256321401016e+19	-2.3332542857807599e+24
-0.0	4.3063289693083976e+19	-2.3295047560713098e+24
-0.0	-1.6549953759559284e+20	-2.590651882962177e+24
-0.0	9.953685211058036e+20	-7.626126126397717e+23
-0.0	-5.1171627626169434e+20	-3.661959743098806e+24
-0.0	2.550309204085427e+21	2.4117014482067808e+24
-0.0	-2.509342159308578e+21	-4.7907714935757163e+24
-0.0	-1.2298144055920144e+21	2.522078925714254e+18
-0.0	7.985935290559426e+19	-2.1971351289342792e+18
-0.0	3.008075001577885e+21	4.553941409505157e+24
-0.0	-1.325186641485394e+21	-1.2677867622274417e+24
-0.0	3.382589063097882e+20	2.421610960996096e+24
-0.0	-4.457692079933812e+20	8.442008171681502e+23
-0.0	5.107720771097546e+19	1.762737015268208e+24
-0.0	-8.888725119268481e+17	1.6803382901405326e+24
-0.0	-7.529618806579507e+18	1.6306271625662104e+24
-0.0	3.32912299782508e+18	1.6762901851996351e+24
-0.0	-8.519494228404146e+17	1.6693120611244145e+24
-0.0	2.0784938766260613e+18	1.669373376486806e+24
-0.0	-2.2831900673965974e+17	1.6663144563975033e+24
-0.0	1.3093913742420186e+18	1.6713889002511248e+24
-0.0	-2.910020196727151e+17	1.6662044014572568e+24
-0.0	9.786283373854808e+16	1.668213125387265e+24
-0.0	-3.845080104664222e+16	1.6673194400062458e+24
-0.0	-1.0689097490105752e+16	1.667667155045853e+24
-0.0	-3595324299273325.0	1.6675413060401448e+24
-0.0	-2.049803540724424e+16	1.667675904368106e+24
-0.0	1.5296074222191098e+16	1.667642164079231e+24
-0.0	-1.5295461388848656e+16	1.6676421640788636e+24
-0.0	2.0497435702957324e+16	1.6676759043682238e+24
-0.0	3594733582233054.5	1.6675413060402573e+24
-0.0	1.0690355494519944e+16	1.6676671550456716e+24
-0.0	3.845153116952828e+16	1.6673194400049463e+24
-0.0	-9.786421386926733e+16	1.668213125386675e+24
-0.0	2.910020556176162e+17	1.6662044014569725e+24
-0.0	-1.309390529302183e+18	1.6713889002507624e+24
-0.0	2.2831812685384963e+17	1.6663144563970517e+24
-0.0	-2.0784938996588547e+18	1.6693733764867363e+24
-0.0	8.51949461386917e+17	1.6693120611244714e+24
-0.0	-3.3291231480270653e+18	1.6762901851999626e+24
-0.0	7.529618201878562e+18	1.6306271625662512e+24
-0.0	8.888734580241633e+17	1.6803382901409124e+24
-0.0	-5.1077207976612495e+19	1.7627370152674507e+24
-0.0	4.457692079475551e+20	8.442008171682844e+23
-0.0	-3.3825890517689755e+20	2.421610960995716e+24
-0.0	1.325186641591272e+21	-1.2677867622275834e+24
-0.0	-3.008074999473615e+21	4.5539414095057395e+24
-0.0	-7.985935298939603e+19	-2.1971351290231613e+18
-0.0	-8.822343641794907e+20	-1.1937723942125274e+18
-0.0	-4.222757234226427e+19	-3.3267013082935326e+24
-0.0	-1.853996958131053e+20	7.138590900002446e+23
-0.0	8.722594779631562e+19	-1.5682683350879188e+24
-0.0	-3.4780907380509487e+19	-6.738385775377166e+23
-0.0	-5.792847558409786e+18	-1.1525079334543446e+24
-0.0	5.765296730145228e+18	-1.1366894639303148e+24
-0.0	-5.953892621017037e+18	-1.0881376376102729e+24
-0.0	3.575604059337397e+18	-1.1288671678333689e+24
-0.0	-1.9050252107007882e+18	-1.1163866055797142e+24
-0.0	1.204899736787259e+18	-1.1197984695827661e+24
-0.0	8.926261737248901e+16	-1.116934797974262e+24
-0.0	-7.044598942236745e+16	-1.1202139926819295e+24
-0.0	1.7218519388452032e+17	-1.1170241139216556e+24
-0.0	-8.030353181816434e+16	-1.118114610947026e+24
-0.0	4.814666063105602e+16	-1.1176433504744383e+24
-0.0	-1.024306753386502e+16	-1.1178235300761953e+24
-0.0	1.5134162451358222e+16	-1.1177574302517443e+24
-0.0	-4620703283916023.0	-1.11780818098225e+24
-0.0	1597011879437536.0	-1.1178028081329575e+24
-0.0	-1596636254590241.8	-1.11780280813335e+24
-0.0	4620342490983244.0	-1.1178081809824381e+24
-0.0	-1.5134531694731588e+16	-1.117757430251656e+24
-0.0	1.0243792451662524e+16	-1.1178235300762093e+24
-0.0	-4.814625362588116e+16	-1.117643350475534e+24
-0.0	8.030275499897064e+16	-1.1181146109475754e+24
-0.0	-1.7218515659421152e+17	-1.1170241139217632e+24
-0.0	7.044643936583009e+16	-1.120213992682234e+24
-0.0	-8.926309072911274e+16	-1.1169347979745786e+24
-0.0	-1.2048997383294904e+18	-1.1197984695829153e+24
-0.0	1.9050252597332529e+18	-1.1163866055797939e+24
-0.0	-3.5756041317470085e+18	-1.1288671678332301e+24
-0.0	5.953892263428432e+18	-1.0881376376099145e+24
-0.0	-5.765296257835121e+18	-1.1366894639299844e+24
-0.0	5.792847455418337e+18	-1.1525079334541521e+24
-0.0	3.478090737614078e+19	-6.738385775378637e+23
-0.0	-8.72259471833636e+19	-1.568268335088358e+24
-0.0	1.8539969596310684e+20	7.138590900002546e+23
-0.0	4.222757339050088e+19	-3.326701308292479e+24
-0.0	8.822343641385826e+20	-1.193772394177876e+18
-0.0	-1.0914794813468158e+21	2.8530548929363123e+18
-0.0	-5.6215736167732896e+19	2.2039033424650527e+24
-0.0	4.2712827538606326e+20	-2.6670970610884723e+23
-0.0	-4.898621600666329e+19	8.839011897248272e+23
-0.0	2.0973432670259007e+20	4.768178306980384e+23
-0.0	-4.713232071212063e+19	6.663404885407204e+23
-0.0	1.621016914138116e+19	6.79228885163361e+23
-0.0	-3.633837671752602e+18	6.425186345352413e+23
-0.0	7.022632185079624e+18	6.734239853935193e+23
-0.0	-2.7781779805584993e+18	6.613654208841819e+23
-0.0	1.5871134063143898e+18	6.663869624618866e+23
-0.0	6.99745141537523e+17	6.636401801399337e+23
-0.0	-1.3401856989779773e+18	6.655762543882957e+23
-0.0	7.697555397257146e+17	6.639071780879126e+23
-0.0	-3.559639031437685e+17	6.643632826580533e+23
-0.0	1.9567796311098605e+17	6.641703107793785e+23
-0.0	-5.106116459471835e+16	6.64239110249766e+23
-0.0	5.5545807365826696e+16	6.642171887268265e+23
-0.0	-1.5128766667324364e+16	6.642295519877349e+23
-0.0	6415961113965459.0	6.642346165534815e+23
-0.0	-6415813685665020.0	6.642346165533685e+23
-0.0	1.512864852683309e+16	6.64229551987646e+23
-0.0	-5.5545943723871256e+16	6.642171887269187e+23
-0.0	5.106140151770411e+16	6.64239110249811e+23
-0.0	-1.9567783346830074e+17	6.641703107787204e+23
-0.0	3.559635961518662e+17	6.64363282657801e+23
-0.0	-7.697555054002828e+17	6.639071780879165e+23
-0.0	1.3401859506735452e+18	6.655762543879073e+23
-0.0	-6.997453652699985e+17	6.636401801396045e+23
-0.0	-1.5871134592125038e+18	6.663869624617167e+23
-0.0	2.7781780897042693e+18	6.613654208842501e+23
-0.0	-7.022632255352765e+18	6.734239853936031e+23
-0.0	3.633837563756988e+18	6.425186345352854e+23
-0.0	-1.6210168935381189e+19	6.792288851635966e+23
-0.0	4.7132320655445295e+19	6.663404885404897e+23
-0.0	-2.0973432674750946e+20	4.768178306983168e+23
-0.0	4.8986216167237116e+19	8.839011897247161e+23
-0.0	-4.271282756026212e+20	-2.667097061089311e+23
-0.0	5.6215736864994705e+19	2.203903342465636e+24
-0.0	1.0914794813295273e+21	2.853054892882538e+18
-0.0	-2.573530899371477e+20	-1.4001392630560414e+19
-0.0	1.9187319446065185e+21	-1.0765913877804911e+24
-0.0	2.5260950646544695e+20	1.726268089131818e+23
-0.0	-1.3007609743703374e+20	-3.7779320533907744e+23
-0.0	2.8824328922549954e+20	-1.93400892831289e+23
-0.0	-8.69168107131757e+19	-2.8987051265867015e+23
-0.0	1.3925341559769209e+19	-2.9076469731764293e+23
-0.0	-6.624567485999714e+18	-2.7317463835225498e+23
-0.0	6.528057287024057e+18	-2.865819945049358e+23
-0.0	-2.1924900752308785e+18	-2.811814341130137e+23
-0.0	1.818356212357236e+18	-2.83561319454586e+23
-0.0	1.8194012811696712e+18	-2.821370469358045e+23
-0.0	-2.079859109456203e+18	-2.8319062661302017e+23
-0.0	1.154416876176865e+18	-2.8244500961172753e+23
-0.0	-5.524126457568846e+17	-2.826467013824361e+23
-0.0	3.042202929730279e+17	-2.8256251722370443e+23
-0.0	-8.328807085717442e+16	-2.825898925654515e+23
-0.0	8.303634392060394e+16	-2.8258349871935264e+23
-0.0	-2.970406646042057e+16	-2.8258624889622097e+23
-0.0	1.5282559716151526e+16	-2.82588044598401e+23
-0.0	-1.5282561923221336e+16	-2.825880445984965e+23
-0.0	2.970408300433311e+16	-2.825862488962809e+23
-0.0	-8.30363458953876e+16	-2.825834987192333e+23
-0.0	8.328802634534944e+16	-2.8258989256539595e+23
-0.0	-3.042202490989392e+17	-2.8256251722384073e+23
-0.0	5.524126079606416e+17	-2.826467013824911e+23
-0.0	-1.1544168596947702e+18	-2.8244500961172162e+23
-0.0	2.0798591563393042e+18	-2.831906266130589e+23
-0.0	-1.8194013519997583e+18	-2.8213704693581223e+23
-0.0	-1.8183562061196037e+18	-2.8356131945458363e+23
-0.0	2.1924900944975473e+18	-2.8118143411298405e+23
-0.0	-6.52805730709118e+18	-2.8658199450482885e+23
-0.0	6.624567442474295e+18	-2.731746383523012e+23
-0.0	-1.3925341484987902e+19	-2.907646973175171e+23
-0.0	8.691681069169582e+19	-2.8987051265868817e+23
-0.0	-2.8824328924794818e+20	-1.9340089283129292e+23
-0.0	1.3007609751863093e+20	-3.7779320533901725e+23
-0.0	-2.526095063978768e+20	1.7262680891314383e+23
-0.0	-1.9187319443838054e+21	-1.0765913877802616e+24
-0.0	2.573530899286466e+20	-1.400139263040535e+19
-0.0	8.634956078393995e+20	6.77595847739113e+18
-0.0	-1.9508923876824937e+21	7.774681813103289e+23
-0.0	1.0783922173249162e+21	2.6135650603414724e+22
-0.0	-6.031004735244114e+19	2.5658163490815068e+23
-0.0	8.762380563782769e+19	2.0961569814050245e+23
-0.0	1.374767149796628e+19	2.3190056403684144e+23
-0.0	-2.9390334056951816e+19	2.4990541786530405e+23
-0.0	2.246196748546628e+19	2.2785158244480103e+23
-0.0	-1.3875768235604482e+19	2.419395727180328e+23
-0.0	5.785983766077571e+18	2.3548678307829565e+23
-0.0	-4.15866099875844e+18	2.3846597202009493e+23
-0.0	4.6639920251541555e+17	2.369692295403905e+23
-0.0	-8.892742056771817e+17	2.3762559726356892e+23
-0.0	-3.349101599041463e+17	2.3719789638711398e+23
-0.0	2.068218460629686e+17	2.372345428080276e+23
-0.0	-1.5879222073213635e+17	2.3723115588068792e+23
-0.0	6.604601821249369e+16	2.3722269267985854e+23
-0.0	-6.5859423391034824e+16	2.3723157849797066e+23
-0.0	4.680816209440571e+16	2.3722433986103967e+23
-0.0	-3.057020176200773e+16	2.3722946793182982e+23
-0.0	3.0570172607485372e+16	2.37229467931824e+23
-0.0	-4.68081168571067e+16	2.372243398609995e+23
-0.0	6.5859445088611e+16	2.3723157849800643e+23
-0.0	-6.6046087251472536e+16	2.3722269267986253e+23
-0.0	1.5879224672551622e+17	2.3723115588057487e+23
-0.0	-2.0682185335376477e+17	2.3723454280790328e+23
-0.0	3.349101742016143e+17	2.3719789638709126e+23
-0.0	8.892742504940052e+17	2.376255972635125e+23
-0.0	-4.663992425932298e+17	2.3696922954032996e+23
-0.0	4.1586609965922324e+18	2.3846597202010442e+23
-0.0	-5.785983753305657e+18	2.3548678307832017e+23
-0.0	1.3875768229513662e+19	2.419395727180423e+23
-0.0	-2.2461967524864074e+19	2.2785158244486368e+23
-0.0	2.9390334095548117e+19	2.4990541786541243e+23
-0.0	-1.3747671497971573e+19	2.319005640367802e+23
-0.0	-8.762380564071639e+19	2.0961569814057503e+23
-0.0	6.031004739630007e+19	2.5658163490810427e+23
-0.0	-1.0783922173136217e+21	2.6135650603405534e+22
-0.0	1.950892387816751e+21	7.774681813102995e+23
-0.0	-8.634956078441712e+20	6.775958477312251e+18
-0.0	1.0631574973639235e+21	4.23807385315576e+19
-0.0	-1.2847333949798613e+21	-1.6845008845934737e+23
-0.0	-5.574410443109193e+19	9.001969491012575e+22
-0.0	3.919938061154038e+19	-3.940923084648206e+22
-0.0	-4.44000601542762e+19	2.196314595086238e+22
-0.0	9.42273094744122e+18	-1.2604416781544665e+22
-0.0	-2.697555952094521e+18	-7.895096853371798e+21
-0.0	2.673127782072903e+16	-8.826256538319966e+21
-0.0	-7.79082075530909e+16	-8.838344100333156e+21
-0.0	9.760477117952413e+16	-8.859921986745253e+21
-0.0	2.685827940953799e+17	-8.932490647670854e+21
-0.0	-2.9929269058921146e+17	-8.750870219969727e+21
-0.0	3.827352268802056e+17	-8.942994544583956e+21
-0.0	-2.0095763942455158e+17	-8.781169840103458e+21
-0.0	1.0264569421399258e+17	-8.857899450717118e+21
-0.0	-5.402969019388424e+16	-8.820862317740743e+21
-0.0	1.6541465373307492e+16	-8.836068019436423e+21
-0.0	-1.4349904987033292e+16	-8.830340526675539e+21
-0.0	5698152252141414.0	-8.833685577715468e+21
-0.0	-2557282563281540.0	-8.83303042860533e+21
-0.0	2557286140724422.0	-8.833030428602421e+21
-0.0	-5698154717397565.0	-8.833685577715456e+21
-0.0	1.4349901393086676e+16	-8.830340526678956e+21
-0.0	-1.6541459137890864e+16	-8.836068019418569e+21
-0.0	5.402968740518898e+16	-8.820862317716458e+21
-0.0	-1.0264569386279672e+17	-8.857899450704913e+21
-0.0	2.0095763942917488e+17	-8.781169840108099e+21
-0.0	-3.827352318849128e+17	-8.942994544570234e+21
-0.0	2.992926943652152e+17	-8.750870219963287e+21
-0.0	-2.6858279346473267e+17	-8.932490647663013e+21
-0.0	-9.760477113628214e+16	-8.859921986745168e+21
-0.0	7.790820749306869e+16	-8.838344100344794e+21
-0.0	-2.673127358447123e+16	-8.82625653831514e+21
-0.0	2.697555948621901e+18	-7.895096853380451e+21
-0.0	-9.422730946859313e+18	-1.2604416781534928e+22
-0.0	4.4400060153352225e+19	2.1963145950862156e+22
-0.0	-3.919938061737222e+19	-3.940923084648778e+22
-0.0	5.57441044334371e+19	9.001969491013389e+22
-0.0	1.2847333949635153e+21	-1.684500884593133e+23
-0.0	-1.0631574973668506e+21	4.2380738531625886e+19
-0.0	8.712329818519883e+19	-1.7039127804409666e+20
-0.0	-5.363953164068588e+21	5.536371918738866e+22
-0.0	-1.877302983811514e+21	1.2354026060857934e+23
-0.0	-2.1397378148624384e+20	1.530792634138398e+23
-0.0	1.0142245548066562e+20	1.7489633199814155e+23
-0.0	-8.38789163371973e+19	1.5445824622637457e+23
-0.0	5.0343250727414096e+19	1.712814780831689e+23
-0.0	-3.4903148231580328e+19	1.598620098054274e+23
-0.0	1.9971814528189497e+19	1.676305590050144e+23
-0.0	-8.689545061818449e+18	1.6403688782560293e+23
-0.0	4.300165344888977e+18	1.6561877354662025e+23
-0.0	-4.8671838654911096e+16	1.649372833313619e+23
-0.0	-2.942198549038538e+17	1.6515017725233955e+23
-0.0	7.053698574939502e+17	1.6503034610286374e+23
-0.0	-3.9509886596710906e+17	1.6503376062617797e+23
-0.0	2.8028048901746906e+17	1.6504030486229454e+23
-0.0	-8.20688140698861e+16	1.6503271374687685e+23
-0.0	1.0103294644940341e+17	1.6503814755219576e+23
-0.0	-5.250763288595229e+16	1.650331920558078e+23
-0.0	3.2087562095625452e+16	1.6503612741661136e+23
-0.0	-3.2087575188843224e+16	1.650361274165975e+23
-0.0	5.250765659119787e+16	1.650331920558305e+23
-0.0	-1.0103293107876995e+17	1.650381475521684e+23
-0.0	8.20687772420423e+16	1.6503271374689715e+23
-0.0	-2.8028049646363405e+17	1.6504030486229487e+23
-0.0	3.9509888832317786e+17	1.6503376062617975e+23
-0.0	-7.053698588466029e+17	1.6503034610288086e+23
-0.0	2.942198513380371e+17	1.6515017725231868e+23
-0.0	4.867184546948236e+16	1.6493728333134826e+23
-0.0	-4.3001653474949734e+18	1.6561877354662596e+23
-0.0	8.689545064654814e+18	1.6403688782560716e+23
-0.0	-1.997181452692294e+19	1.676305590049904e+23
-0.0	3.4903148236620165e+19	1.5986200980542392e+23
-0.0	-5.034325073379679e+19	1.712814780831633e+23
-0.0	8.387891634056258e+19	1.5445824622633434e+23
-0.0	-1.0142245548287666e+20	1.7489633199818427e+23
-0.0	2.139737814740847e+20	1.5307926341385427e+23
-0.0	1.8773029838154126e+21	1.235402606085722e+23
-0.0	5.363953164057675e+21	5.5363719187289805e+22
-0.0	-8.712329818659656e+19	-1.7039127804390415e+20
-0.0	-3.744190605629714e+20	3.7441791819917374e+20
-0.0	2.854404730595634e+20	1.735549190605874e+20
-0.0	-2.0741709457933926e+20	-1.4259940144944652e+21
-0.0	4.885127993263159e+19	-1.6487062825512419e+21
-0.0	-5.102988983845217e+19	-2.0543247408638966e+21
-0.0	9.604876856326875e+18	-1.8409282555951742e+21
-0.0	-1.255428807697857e+18	-1.7345344464322529e+21
-0.0	-2.6297384373342147e+18	-1.6527670725276645e+21
-0.0	1.564147420596649e+18	-1.6489026559242412e+21
-0.0	-2.607198578893627e+17	-1.6509058746513946e+21
-0.0	6.78026791187159e+17	-1.6578053876810478e+21
-0.0	-1.769424019942413e+17	-1.6579147713024463e+21
-0.0	4.8090489928366714e+17	-1.6571895415818737e+21
-0.0	-1.538080167971162e+17	-1.6569155000346862e+21
-0.0	7.308479286820475e+16	-1.6563822593881512e+21
-0.0	-3.089063242442794e+16	-1.6563770180229134e+21
-0.0	3624989209238636.0	-1.6563196793211063e+21
-0.0	-5594161896554912.0	-1.6563383180304463e+21
-0.0	-3246204081271833.0	-1.6563082789132312e+21
-0.0	3147361116443257.0	-1.6563024449019115e+21
-0.0	-3147361109300342.5	-1.656302444901945e+21
-0.0	3246204093936465.0	-1.6563082789136202e+21
-0.0	5594161890848354.0	-1.656338318031308e+21
-0.0	-3624989214272127.0	-1.656319679321824e+21
-0.0	3.089063243158022e+16	-1.6563770180231168e+21
-0.0	-7.308479285126573e+16	-1.6563822593882731e+21
-0.0	1.538080167782037e+17	-1.65691550003512e+21
-0.0	-4.8090489928830624e+17	-1.6571895415823925e+21
-0.0	1.7694240199308672e+17	-1.6579147713026728e+21
-0.0	-6.780267911581591e+17	-1.6578053876810472e+21
-0.0	2.607198578921692e+17	-1.6509058746515005e+21
-0.0	-1.5641474206109588e+18	-1.648902655924463e+21
-0.0	2.629738437363024e+18	-1.6527670725278688e+21
-0.0	1.25542880771055e+18	-1.7345344464324204e+21
-0.0	-9.60487685637506e+18	-1.8409282555952117e+21
-0.0	5.102988983859275e+19	-2.0543247408637723e+21
-0.0	-4.885127993267405e+19	-1.6487062825511934e+21
-0.0	2.0741709457932354e+20	-1.425994014494451e+21
-0.0	-2.854404730594186e+20	1.735549190602742e+20
-0.0	3.7441906056288384e+20	3.744179181990869e+20
