1600
-0.0	1.9802403169581123e+25	1.9802403168846705e+25
-0.0	4.83977260979184e+24	1.2226639634662431e+26
-0.0	-1.0368933391937815e+25	1.8990686978737142e+26
-0.0	2.0938563883003958e+24	2.033197385345081e+26
-0.0	-2.9701011981201854e+24	2.2836295319331207e+26
-0.0	8.106341331941501e+23	2.330125960772702e+26
-0.0	-2.535013158531073e+23	2.390370136220054e+26
-0.0	5.149021179185307e+22	2.389018802718957e+26
-0.0	-3.778034005467839e+22	2.40516108509456e+26
-0.0	3.8680303329243354e+22	2.4037533661060102e+26
-0.0	1.1666014587550436e+21	2.4076266751216435e+26
-0.0	-9.444773988274543e+21	2.406104579948207e+26
-0.0	2.3996803817038854e+22	2.405395528518311e+26
-0.0	-1.310727481137288e+22	2.4047093015933145e+26
-0.0	6.171135122675639e+21	2.404279003332065e+26
-0.0	-3.929289594734134e+21	2.4041963338668125e+26
-0.0	4.810786020341914e+20	2.4041566762472347e+26
-0.0	-1.242746580912919e+21	2.4041794555514908e+26
-0.0	3.683553791994719e+20	2.4041661531582942e+26
-0.0	-2.3622661659972538e+20	2.4041735915306278e+26
-0.0	2.362266308316137e+20	2.4041735915306127e+26
-0.0	-3.683553639129916e+20	2.4041661531582664e+26
-0.0	1.2427465934799868e+21	2.4041794555514725e+26
-0.0	-4.8107858960441364e+20	2.404156676247277e+26
-0.0	3.9292896089604846e+21	2.404196333866869e+26
-0.0	-6.171135107107272e+21	2.404279003332071e+26
-0.0	1.3107274822865929e+22	2.404709301593277e+26
-0.0	-2.3996803803809587e+22	2.4053955285182363e+26
-0.0	9.444774001551713e+21	2.4061045799482008e+26
-0.0	-1.1666014420060891e+21	2.4076266751217315e+26
-0.0	-3.868030331476619e+22	2.4037533661060624e+26
-0.0	3.778034006552252e+22	2.405161085094567e+26
-0.0	-5.1490211775088e+22	2.3890188027188684e+26
-0.0	2.5350131586043145e+23	2.390370136219808e+26
-0.0	-8.106341331782582e+23	2.3301259607725846e+26
-0.0	2.970101198153821e+24	2.2836295319334918e+26
-0.0	-2.0938563883012253e+24	2.033197385345394e+26
-0.0	1.036893339195101e+25	1.8990686978738056e+26
-0.0	-4.839772609788756e+24	1.2226639634660667e+26
-0.0	-1.980240316957083e+25	1.980240316883808e+25
-0.0	1.13098997162225e+26	-3.7435707221264285e+24
-0.0	-5.721005605303304e+26	-7.209585831155487e+27
-0.0	-2.90054620201002e+25	-9.487922166699276e+27
-0.0	-2.555417426758469e+25	-1.4256047971046393e+28
-0.0	6.253105074283537e+24	-1.5247130215020596e+28
-0.0	7.023389520968176e+23	-1.3933081849733053e+28
-0.0	-9.98489015913184e+23	-1.5338314124077857e+28
-0.0	1.396746786136821e+24	-1.4344492409424862e+28
-0.0	-8.144374361637906e+23	-1.5041072504665832e+28
-0.0	3.581529695189506e+23	-1.4721128687354369e+28
-0.0	-2.3757477006000755e+23	-1.486287609956925e+28
-0.0	4.182572682220889e+22	-1.4799701019152585e+28
-0.0	-4.582114950590557e+22	-1.482101669810971e+28
-0.0	-5.408126623591872e+21	-1.4808219028831458e+28
-0.0	5.795205180430061e+21	-1.4809462547062376e+28
-0.0	-6.670347789112826e+21	-1.480960061998541e+28
-0.0	2.4907046213153336e+21	-1.4809114063846735e+28
-0.0	-3.250034578686697e+21	-1.4809530447427055e+28
-0.0	2.363030213236993e+21	-1.48091394238374e+28
-0.0	-1.601035982376422e+21	-1.4809386681225797e+28
-0.0	1.6010359770414228e+21	-1.480938668122586e+28
-0.0	-2.363030215135487e+21	-1.4809139423837402e+28
-0.0	3.2500345692985345e+21	-1.4809530447425751e+28
-0.0	-2.49070463269237e+21	-1.4809114063847633e+28
-0.0	6.67034778085663e+21	-1.4809600619986512e+28
-0.0	-5.795205181044963e+21	-1.4809462547061644e+28
-0.0	5.408126613253414e+21	-1.4808219028831786e+28
-0.0	4.582114949643933e+22	-1.4821016698108617e+28
-0.0	-4.1825726825504705e+22	-1.4799701019152554e+28
-0.0	2.375747700574791e+23	-1.4862876099570358e+28
-0.0	-3.581529695245106e+23	-1.4721128687354338e+28
-0.0	8.144374361513456e+23	-1.5041072504664924e+28
-0.0	-1.3967467861371782e+24	-1.4344492409427453e+28
-0.0	9.984890159199633e+23	-1.533831412407529e+28
-0.0	-7.023389521259107e+23	-1.3933081849726788e+28
-0.0	-6.253105074303005e+24	-1.5247130215026267e+28
-0.0	2.5554174267537407e+25	-1.4256047971049173e+28
-0.0	2.9005462020110417e+25	-9.487922166699838e+27
-0.0	5.721005605301258e+26	-7.209585831150641e+27
-0.0	-1.130989971622016e+26	-3.7435707221243057e+24
-0.0	9.75202666252459e+25	1.0749114376890026e+24
-0.0	-7.080968527505081e+25	-9.12635385753889e+27
-0.0	2.5581517153393447e+25	3.3388932461939705e+27
-0.0	-4.1621112845928675e+24	-2.464251514475552e+27
-0.0	3.905334121477794e+24	1.0185552659758862e+26
-0.0	-6.30472999128393e+23	-1.3235177385280198e+27
-0.0	2.199255160301323e+23	-1.2188408811392833e+27
-0.0	-7.4402033123193455e+22	-1.1989332976328184e+27
-0.0	1.918014208904923e+22	-1.241665906676812e+27
-0.0	-4.931504796838994e+21	-1.2224938404962355e+27
-0.0	-4.1034174572686423e+21	-1.2340924834451957e+27
-0.0	1.0037583512502695e+21	-1.2229909068045089e+27
-0.0	-7.542686070664537e+20	-1.2318652150536738e+27
-0.0	-3.2553285707090064e+21	-1.2247024791598494e+27
-0.0	2.675875075292763e+21	-1.2277437015739207e+27
-0.0	-2.5333126108360307e+21	-1.2263576473564944e+27
-0.0	6.432508617113884e+20	-1.2268779602638277e+27
-0.0	-8.686139522929143e+20	-1.2267066652038112e+27
-0.0	5.567551471859313e+20	-1.2267974537813e+27
-0.0	-4.7245280211155504e+20	-1.226794488504262e+27
-0.0	4.724528119398204e+20	-1.226794488504248e+27
-0.0	-5.5675513978098273e+20	-1.2267974537814245e+27
-0.0	8.686139638314844e+20	-1.2267066652039884e+27
-0.0	-6.432508504634254e+20	-1.2268779602637946e+27
-0.0	2.533312619099441e+21	-1.2263576473564479e+27
-0.0	-2.675875068557501e+21	-1.2277437015738418e+27
-0.0	3.2553285849155555e+21	-1.2247024791599462e+27
-0.0	7.5426861807055e+20	-1.231865215053728e+27
-0.0	-1.003758340342754e+21	-1.2229909068045817e+27
-0.0	4.103417462314107e+21	-1.2340924834451327e+27
-0.0	4.931504804596736e+21	-1.2224938404962609e+27
-0.0	-1.9180142073709964e+22	-1.2416659066767698e+27
-0.0	7.440203312692417e+22	-1.1989332976326428e+27
-0.0	-2.1992551601467273e+23	-1.2188408811394442e+27
-0.0	6.304729991394651e+23	-1.3235177385280426e+27
-0.0	-3.9053341215000344e+24	1.01855526597992e+26
-0.0	4.162111284604837e+24	-2.464251514475404e+27
-0.0	-2.558151715339629e+25	3.3388932461941223e+27
-0.0	7.080968527501753e+25	-9.126353857538062e+27
-0.0	-9.752026662523501e+25	1.0749114376890196e+24
-0.0	5.217060726649125e+25	-4.5097396067108286e+23
-0.0	-5.052458258102534e+24	-1.2984785389754715e+28
-0.0	1.5122173426013472e+25	-2.3288286605034946e+27
-0.0	-3.048871261107758e+23	-3.232818350888695e+27
-0.0	7.39716876281715e+24	-3.848481199100642e+27
-0.0	-2.4069050418035375e+24	-3.140375210532803e+27
-0.0	1.9361219577162714e+24	-3.693765749064146e+27
-0.0	-1.2652507403946233e+24	-3.190256215720313e+27
-0.0	7.359223591504499e+23	-3.508738906178921e+27
-0.0	-3.172856813755488e+23	-3.357171623261071e+27
-0.0	1.793216514133238e+23	-3.4266102598985216e+27
-0.0	-2.9153629224862777e+20	-3.395286464493483e+27
-0.0	5.903972920480719e+21	-3.405843490498339e+27
-0.0	3.0389723860639576e+22	-3.3999086695553766e+27
-0.0	-1.6122176845709648e+22	-3.398754687823926e+27
-0.0	1.0191210932134188e+22	-3.3996444050200413e+27
-0.0	-3.567627203385178e+21	-3.399027613512764e+27
-0.0	3.4125875468602347e+21	-3.399405171350948e+27
-0.0	-1.8894619895798542e+21	-3.3991198396414355e+27
-0.0	1.0944368316586274e+21	-3.39927964137537e+27
-0.0	-1.0944368366575629e+21	-3.399279641375348e+27
-0.0	1.8894619827612615e+21	-3.399119839641531e+27
-0.0	-3.412587539349793e+21	-3.3994051713505033e+27
-0.0	3.567627203501663e+21	-3.39902761351304e+27
-0.0	-1.0191210929329818e+22	-3.3996444050205075e+27
-0.0	1.612217683337486e+22	-3.3987546878235847e+27
-0.0	-3.038972384695992e+22	-3.3999086695555515e+27
-0.0	-5.903972913062802e+21	-3.405843490497933e+27
-0.0	2.9153628860521248e+20	-3.3952864644934987e+27
-0.0	-1.7932165142792566e+23	-3.4266102598989993e+27
-0.0	3.17285681369284e+23	-3.357171623261012e+27
-0.0	-7.359223591305379e+23	-3.5087389061786283e+27
-0.0	1.2652507403680224e+24	-3.1902562157212314e+27
-0.0	-1.936121957689644e+24	-3.6937657490636305e+27
-0.0	2.4069050418043455e+24	-3.1403752105310796e+27
-0.0	-7.397168762906595e+24	-3.8484811991023785e+27
-0.0	3.048871261661778e+23	-3.2328183508891015e+27
-0.0	-1.5122173426027138e+25	-2.3288286605035897e+27
-0.0	5.052458258101371e+24	-1.2984785389752353e+28
-0.0	-5.217060726648446e+25	-4.509739606706082e+23
-0.0	-7.438401393412487e+23	1.921027411336634e+23
-0.0	4.734892294780604e+25	-1.2835432602219662e+28
-0.0	-8.901130869098801e+24	1.0676871571168506e+26
-0.0	1.8405537187770748e+24	-3.566132944074152e+27
-0.0	3.965900811773353e+24	-2.732882332253161e+27
-0.0	-2.3696451064893353e+24	-2.8486549003522003e+27
-0.0	1.0947267337343296e+24	-3.09271878919725e+27
-0.0	-1.1683734499473583e+24	-2.804174951959435e+27
-0.0	7.283025471934709e+23	-3.0338072820467325e+27
-0.0	-2.6988498027845774e+23	-2.9314433974644863e+27
-0.0	2.2076463079107562e+23	-2.977770875777616e+27
-0.0	2.5943766615855156e+22	-2.955028054583606e+27
-0.0	-1.4382569660320305e+22	-2.964165252451343e+27
-0.0	3.827601426015044e+22	-2.9583456672984273e+27
-0.0	-2.0243185646358363e+22	-2.9584060702711114e+27
-0.0	1.289028083641225e+22	-2.9586082319121326e+27
-0.0	-4.3114585959719837e+21	-2.9583544100699025e+27
-0.0	4.2837165702899675e+21	-2.9585474705206536e+27
-0.0	-2.301672380092364e+21	-2.958390155304226e+27
-0.0	1.4561801259853815e+21	-2.9584911465330166e+27
-0.0	-1.456180127830667e+21	-2.9584911465329913e+27
-0.0	2.3016723756490786e+21	-2.9583901553042745e+27
-0.0	-4.283716563007027e+21	-2.958547470520288e+27
-0.0	4.3114585961382496e+21	-2.958354410070191e+27
-0.0	-1.2890280831137132e+22	-2.958608231912435e+27
-0.0	2.024318563775905e+22	-2.9584060702708684e+27
-0.0	-3.827601425132448e+22	-2.9583456672985807e+27
-0.0	1.4382569667924408e+22	-2.9641652524510717e+27
-0.0	-2.5943766618256748e+22	-2.9550280545836543e+27
-0.0	-2.2076463079896152e+23	-2.9777708757779555e+27
-0.0	2.698849802741965e+23	-2.931443397464387e+27
-0.0	-7.283025471771792e+23	-3.0338072820465005e+27
-0.0	1.1683734499269034e+24	-2.804174951960157e+27
-0.0	-1.0947267337135593e+24	-3.0927187891968145e+27
-0.0	2.3696451064900636e+24	-2.8486549003509095e+27
-0.0	-3.9659008118378e+24	-2.732882332254137e+27
-0.0	-1.840553718722876e+24	-3.5661329440744203e+27
-0.0	8.901130869086269e+24	1.0676871571164938e+26
-0.0	-4.734892294776876e+25	-1.2835432602217518e+28
-0.0	7.43840139340991e+23	1.9210274113363243e+23
-0.0	-2.6378724701469836e+25	-8.238806715615347e+22
-0.0	3.096607582229472e+25	-1.0673047509853226e+28
-0.0	1.2420491467958503e+23	-9.983485388289251e+26
-0.0	-3.065361699479672e+24	-2.6821248912076514e+27
-0.0	7.241595466791645e+24	-2.583940403962664e+27
-0.0	-1.603025872329561e+24	-2.1347025979076758e+27
-0.0	5.164930565048693e+23	-2.4702272321318122e+27
-0.0	-1.1829440970982924e+22	-2.1900668032948306e+27
-0.0	2.2323924991735396e+23	-2.4201676192430448e+27
-0.0	-9.210723408423997e+22	-2.304454739487371e+27
-0.0	5.284744913794517e+22	-2.3540948795854816e+27
-0.0	3.174059991553011e+22	-2.3321051629097535e+27
-0.0	-6.885092764316608e+22	-2.3383938599030778e+27
-0.0	3.950009645661914e+22	-2.3337517236227428e+27
-0.0	-1.8824456387582606e+22	-2.3332035594338425e+27
-0.0	1.1259335690242664e+22	-2.3336565869304198e+27
-0.0	-2.6653749574180646e+21	-2.333327273800033e+27
-0.0	3.4323888599623223e+21	-2.3335316275701462e+27
-0.0	-1.0012617814883098e+21	-2.3333660953201485e+27
-0.0	5.557919703407769e+20	-2.3334921297635268e+27
-0.0	-5.5579198293939526e+20	-2.333492129763603e+27
-0.0	1.0012617705012337e+21	-2.3333660953201782e+27
-0.0	-3.432388866774463e+21	-2.333531627569772e+27
-0.0	2.6653749445007387e+21	-2.3333272738002538e+27
-0.0	-1.1259335695795925e+22	-2.333656586930699e+27
-0.0	1.882445637202896e+22	-2.3332035594336245e+27
-0.0	-3.950009646263815e+22	-2.33375172362292e+27
-0.0	6.885092763757641e+22	-2.338393859902729e+27
-0.0	-3.174059992989408e+22	-2.3321051629096625e+27
-0.0	-5.284744915218609e+22	-2.3540948795858167e+27
-0.0	9.21072340724646e+22	-2.3044547394873921e+27
-0.0	-2.23239249921027e+23	-2.420167619242915e+27
-0.0	1.1829440949231701e+22	-2.1900668032954263e+27
-0.0	-5.16493056497243e+23	-2.4702272321312402e+27
-0.0	1.6030258723138797e+24	-2.1347025979062115e+27
-0.0	-7.241595466850542e+24	-2.583940403964063e+27
-0.0	3.0653616995087727e+24	-2.682124891208233e+27
-0.0	-1.2420491470825306e+23	-9.983485388290046e+26
-0.0	-3.0966075822262482e+25	-1.0673047509850912e+28
-0.0	2.637872470146301e+25	-8.238806715627328e+22
-0.0	-3.273641713129912e+25	3.104872496543348e+22
-0.0	2.264974174531013e+25	-1.0277000379254672e+28
-0.0	1.0539409426568666e+25	-7.678145872787478e+26
-0.0	-6.627680001703843e+24	-2.7736392690267273e+27
-0.0	9.787719595265482e+24	-2.454944704558124e+27
-0.0	-1.808333535623847e+24	-2.1811747904598434e+27
-0.0	5.046161315561349e+22	-2.48413660893587e+27
-0.0	3.966287887001162e+23	-2.2307368078782487e+27
-0.0	-1.2672610748925314e+23	-2.4497944466006885e+27
-0.0	-4.58672041727716e+22	-2.3490194147604927e+27
-0.0	-1.8619485929500014e+22	-2.393244812944817e+27
-0.0	3.441643966549163e+22	-2.3741348258500837e+27
-0.0	-1.0197645008022837e+23	-2.3794743197001396e+27
-0.0	4.327514855957072e+22	-2.3743564249964708e+27
-0.0	-1.8456710827643471e+22	-2.3742461398195135e+27
-0.0	1.1033187917847408e+22	-2.3744861936538408e+27
-0.0	-1.293077065062291e+21	-2.3742733959586888e+27
-0.0	3.407110953958287e+21	-2.3744093287962004e+27
-0.0	-4.7839867941706e+20	-2.3742564318183325e+27
-0.0	1.8506110674201956e+20	-2.3743705752844735e+27
-0.0	-1.8506110858060127e+20	-2.3743705752844853e+27
-0.0	4.7839867998718866e+20	-2.3742564318183473e+27
-0.0	-3.4071109518365903e+21	-2.374409328795921e+27
-0.0	1.2930770605774961e+21	-2.3742733959588804e+27
-0.0	-1.1033187913022575e+22	-2.3744861936540704e+27
-0.0	1.8456710823332553e+22	-2.3742461398193266e+27
-0.0	-4.327514855629312e+22	-2.3743564249965986e+27
-0.0	1.0197645008487266e+23	-2.379474319699923e+27
-0.0	-3.4416439670836287e+22	-2.3741348258500732e+27
-0.0	1.8619485927173217e+22	-2.3932448129450927e+27
-0.0	4.586720417209496e+22	-2.3490194147604355e+27
-0.0	1.2672610749370528e+23	-2.4497944466005283e+27
-0.0	-3.96628788710597e+23	-2.2307368078787784e+27
-0.0	-5.0461613136012955e+22	-2.484136608935306e+27
-0.0	1.8083335356153483e+24	-2.1811747904585762e+27
-0.0	-9.787719595308745e+24	-2.4549447045592503e+27
-0.0	6.627680001745757e+24	-2.7736392690271946e+27
-0.0	-1.053940942658992e+25	-7.678145872788184e+26
-0.0	-2.2649741745246547e+25	-1.0277000379252382e+28
-0.0	3.273641713128773e+25	3.10487249651834e+22
-0.0	-3.2358783920315003e+25	6.180758886383911e+20
-0.0	1.5241421844232046e+25	-8.164623232748941e+27
-0.0	1.6992987148059497e+25	-6.216034714866791e+26
-0.0	-8.091850384072121e+24	-2.0636045564833882e+27
-0.0	1.156563011529236e+25	-1.8904664539541802e+27
-0.0	-1.9793640428227862e+24	-1.65787494936689e+27
-0.0	9.242113766968088e+22	-1.9040582595113634e+27
-0.0	5.939092720134629e+23	-1.6946438733893914e+27
-0.0	-1.9013729183391768e+23	-1.8729193901714923e+27
-0.0	-4.55955689105453e+22	-1.788553044732718e+27
-0.0	-6.184130051128935e+22	-1.8240238945068858e+27
-0.0	3.1629052083871213e+22	-1.808012958363939e+27
-0.0	-1.1685587235769408e+23	-1.8119701631970628e+27
-0.0	4.694895659919868e+22	-1.8080987238082541e+27
-0.0	-1.869676848691034e+22	-1.8081399573002098e+27
-0.0	1.1996310188391093e+22	-1.8083140801694214e+27
-0.0	-1.5108707889331762e+20	-1.808135445728308e+27
-0.0	3.968965427343196e+21	-1.808252375521172e+27
-0.0	-5.535666070563776e+20	-1.80812634177703e+27
-0.0	1.960834855817403e+20	-1.8082204046625753e+27
-0.0	-1.96083488443351e+20	-1.8082204046626e+27
-0.0	5.535666055272906e+20	-1.8081263417770593e+27
-0.0	-3.968965426469246e+21	-1.8082523755209745e+27
-0.0	1.5108707302954012e+20	-1.8081354457284301e+27
-0.0	-1.1996310185510405e+22	-1.808314080169617e+27
-0.0	1.8696768481339078e+22	-1.8081399573000655e+27
-0.0	-4.694895659737481e+22	-1.8080987238083773e+27
-0.0	1.1685587236075538e+23	-1.8119701631968938e+27
-0.0	-3.1629052090616115e+22	-1.8080129583639897e+27
-0.0	6.184130050802589e+22	-1.8240238945070843e+27
-0.0	4.559556890823995e+22	-1.7885530447326538e+27
-0.0	1.9013729183703368e+23	-1.872919390171363e+27
-0.0	-5.93909272026389e+23	-1.6946438733897908e+27
-0.0	-9.242113765083765e+22	-1.904058259511111e+27
-0.0	1.9793640428134076e+24	-1.6578749493660347e+27
-0.0	-1.1565630115339495e+25	-1.890466453955003e+27
-0.0	8.091850384112027e+24	-2.0636045564836155e+27
-0.0	-1.6992987148090753e+25	-6.216034714867208e+26
-0.0	-1.5241421844183408e+25	-8.164623232747601e+27
-0.0	3.23587839203019e+25	6.180758880945357e+20
-0.0	-3.213563608815537e+25	2.3348742635576492e+20
-0.0	2.0232119412144636e+25	-6.952163064119708e+27
-0.0	1.6584465563355362e+25	-4.951979973229288e+26
-0.0	-7.980576464340392e+24	-1.8600804791822636e+27
-0.0	1.2108746217191073e+25	-1.659594016947293e+27
-0.0	-2.0545199931952542e+24	-1.5026308481381303e+27
-0.0	2.381169701978461e+23	-1.7116256591332737e+27
-0.0	5.082232796507973e+23	-1.5372153570425196e+27
-0.0	-1.12768566584409e+23	-1.6891725177009205e+27
-0.0	-8.194283935958959e+22	-1.6202479037504757e+27
-0.0	-5.047339327832647e+22	-1.6501066566719826e+27
-0.0	3.8160462400449765e+22	-1.636886693188737e+27
-0.0	-1.1680385730068075e+23	-1.640575851685909e+27
-0.0	4.78063841390663e+22	-1.6373401608041788e+27
-0.0	-2.23548163070186e+22	-1.6374021887274944e+27
-0.0	1.199770625957476e+22	-1.6375416935632891e+27
-0.0	-3.346299160069133e+20	-1.637405809265749e+27
-0.0	3.8358873074547436e+21	-1.637506419768508e+27
-0.0	-8.509238136504977e+20	-1.6373986557654816e+27
-0.0	3.422678684070285e+20	-1.6374721485194965e+27
-0.0	-3.422678696896157e+20	-1.6374721485194888e+27
-0.0	8.509238134514338e+20	-1.637398655765511e+27
-0.0	-3.835887304172198e+21	-1.6375064197683726e+27
-0.0	3.3462991215469684e+20	-1.6374058092658852e+27
-0.0	-1.1997706254632404e+22	-1.6375416935634532e+27
-0.0	2.235481630268035e+22	-1.637402188727381e+27
-0.0	-4.780638413476992e+22	-1.6373401608042805e+27
-0.0	1.1680385730589784e+23	-1.6405758516857863e+27
-0.0	-3.8160462405761575e+22	-1.6368866931887774e+27
-0.0	5.047339327648985e+22	-1.6501066566721855e+27
-0.0	8.194283935850765e+22	-1.6202479037504388e+27
-0.0	1.1276856659059673e+23	-1.6891725177008127e+27
-0.0	-5.082232796639023e+23	-1.5372153570428582e+27
-0.0	-2.3811697017579653e+23	-1.71162565913307e+27
-0.0	2.0545199931872505e+24	-1.5026308481374387e+27
-0.0	-1.2108746217239544e+25	-1.659594016947915e+27
-0.0	7.980576464387215e+24	-1.860080479182433e+27
-0.0	-1.6584465563381334e+25	-4.951979973229679e+26
-0.0	-2.0232119412085095e+25	-6.952163064118633e+27
-0.0	3.213563608814416e+25	2.3348742652764517e+20
-0.0	-3.1537114530559217e+25	-4.195439374707753e+21
-0.0	2.2572900152011156e+25	-5.260707039802602e+27
-0.0	1.4530091151587863e+25	-3.5430851089361646e+26
-0.0	-7.159495443988127e+24	-1.4005837617184603e+27
-0.0	1.130347025927478e+25	-1.2403499127730045e+27
-0.0	-2.005942992710005e+24	-1.1234435538476591e+27
-0.0	2.7182274611121196e+23	-1.281656472095113e+27
-0.0	4.165998910347784e+23	-1.1482785231431444e+27
-0.0	-9.602881986364946e+22	-1.2641256145589128e+27
-0.0	-1.0176981499510655e+23	-1.2123845711105075e+27
-0.0	-4.195123964318693e+22	-1.2346366830700465e+27
-0.0	2.8660658683065592e+22	-1.2244889016079193e+27
-0.0	-1.0828619313834316e+23	-1.2272797485725083e+27
-0.0	4.6228984249669355e+22	-1.2247425577930547e+27
-0.0	-2.0991110071657895e+22	-1.2247507612651058e+27
-0.0	1.2733053644703586e+22	-1.2248530663062428e+27
-0.0	-1.2526425706969126e+20	-1.2247576640359326e+27
-0.0	3.717020868681885e+21	-1.2248365079264918e+27
-0.0	-8.878145525065658e+20	-1.2247524280067596e+27
-0.0	3.9651497979893226e+20	-1.2248111723626645e+27
-0.0	-3.9651498083712185e+20	-1.2248111723626401e+27
-0.0	8.878145521782639e+20	-1.224752428006786e+27
-0.0	-3.7170208650193283e+21	-1.224836507926398e+27
-0.0	1.2526425386514381e+20	-1.2247576640360351e+27
-0.0	-1.2733053640116271e+22	-1.2248530663063345e+27
-0.0	2.099111006746348e+22	-1.2247507612650242e+27
-0.0	-4.622898424502824e+22	-1.224742557793143e+27
-0.0	1.0828619314354335e+23	-1.2272797485724266e+27
-0.0	-2.866065868800572e+22	-1.2244889016079745e+27
-0.0	4.195123964121577e+22	-1.2346366830701915e+27
-0.0	1.0176981499414604e+23	-1.2123845711104805e+27
-0.0	9.602881987011296e+22	-1.2641256145588303e+27
-0.0	-4.165998910475232e+23	-1.1482785231433806e+27
-0.0	-2.718227460900153e+23	-1.2816564720949397e+27
-0.0	2.005942992702643e+24	-1.1234435538471573e+27
-0.0	-1.1303470259321584e+25	-1.2403499127734624e+27
-0.0	7.159495444033623e+24	-1.400583761718588e+27
-0.0	-1.4530091151611924e+25	-3.543085108936462e+26
-0.0	-2.257290015195403e+25	-5.260707039801741e+27
-0.0	3.1537114530550683e+25	-4.1954393751710193e+21
-0.0	-2.9555813917843924e+25	-9.846303061817958e+20
-0.0	2.376037957913396e+25	-3.8387117726496966e+27
-0.0	1.1741836878970295e+25	-2.3568936679235484e+26
-0.0	-6.199963307707769e+24	-1.0519452639041546e+27
-0.0	9.953030086625928e+24	-9.098821628851571e+26
-0.0	-1.8655073561733489e+24	-8.429034033109697e+26
-0.0	2.8976828416039004e+23	-9.543388071557989e+26
-0.0	3.1852545447013506e+23	-8.582293046976048e+26
-0.0	-5.116198780052968e+22	-9.418890563097663e+26
-0.0	-9.45520455953368e+22	-9.046687191811991e+26
-0.0	-2.5345302007217314e+22	-9.204999573465366e+26
-0.0	2.6504861733057963e+22	-9.13274438938879e+26
-0.0	-9.22535943901636e+22	-9.154003824478353e+26
-0.0	4.243111164494777e+22	-9.135337396059123e+26
-0.0	-1.8386561309345829e+22	-9.135881580847285e+26
-0.0	1.1562091130442647e+22	-9.136355859823874e+26
-0.0	-4.371001158850262e+20	-9.13573512264495e+26
-0.0	3.358230073902772e+21	-9.13624267958781e+26
-0.0	-8.492699328711707e+20	-9.135644793437595e+26
-0.0	4.491585640356637e+20	-9.136067337773062e+26
-0.0	-4.4915856428945873e+20	-9.136067337772977e+26
-0.0	8.49269933276517e+20	-9.135644793437753e+26
-0.0	-3.3582300698335736e+21	-9.136242679586947e+26
-0.0	4.3710011394041604e+20	-9.135735122645636e+26
-0.0	-1.1562091125448318e+22	-9.136355859824886e+26
-0.0	1.8386561305842985e+22	-9.135881580846664e+26
-0.0	-4.243111163932632e+22	-9.135337396059754e+26
-0.0	9.225359439582766e+22	-9.15400382447788e+26
-0.0	-2.6504861736707797e+22	-9.13274438938907e+26
-0.0	2.5345302006284044e+22	-9.204999573466651e+26
-0.0	9.45520455952324e+22	-9.046687191811858e+26
-0.0	5.1161987807708025e+22	-9.41889056309718e+26
-0.0	-3.1852545448095744e+23	-8.582293046977786e+26
-0.0	-2.8976828414011588e+23	-9.543388071556764e+26
-0.0	1.8655073561682225e+24	-8.42903403310619e+26
-0.0	-9.953030086668564e+24	-9.098821628854938e+26
-0.0	6.199963307750884e+24	-1.0519452639042729e+27
-0.0	-1.1741836878989275e+25	-2.3568936679238044e+26
-0.0	-2.3760379579078933e+25	-3.83871177264909e+27
-0.0	2.9555813917837275e+25	-9.846303060562477e+20
-0.0	-2.5640525524131835e+25	8.72382864116544e+20
-0.0	2.2631640746514274e+25	-2.5326845815194833e+27
-0.0	8.849003262019061e+24	-1.3504720771402847e+26
-0.0	-4.910139226248988e+24	-7.086669160132342e+26
-0.0	8.153840276077549e+24	-5.981994959161428e+26
-0.0	-1.5883612926147563e+24	-5.6625163719809567e+26
-0.0	2.4853139746120414e+23	-6.373738457724656e+26
-0.0	2.2156317778743423e+23	-5.7459677498981814e+26
-0.0	-2.220904426896907e+22	-6.291974082381932e+26
-0.0	-8.845878853711881e+22	-6.05018789304037e+26
-0.0	-1.8704102707113503e+22	-6.152843219201552e+26
-0.0	1.9119182480661576e+22	-6.1058944327879135e+26
-0.0	-7.664176275499434e+22	-6.1199492655389736e+26
-0.0	3.457768175757399e+22	-6.107362550615566e+26
-0.0	-1.5719282590623942e+22	-6.1078961723091785e+26
-0.0	9.351344794181527e+21	-6.10803711486491e+26
-0.0	-5.053376847410407e+20	-6.107682389154977e+26
-0.0	2.859593754159732e+21	-6.107991510741071e+26
-0.0	-7.745756352261335e+20	-6.1076296350777426e+26
-0.0	4.3202018877789536e+20	-6.107904618217701e+26
-0.0	-4.320201842835894e+20	-6.1079046182177274e+26
-0.0	7.7457564076607e+20	-6.1076296350779515e+26
-0.0	-2.8595937460553127e+21	-6.107991510740576e+26
-0.0	5.0533768738570817e+20	-6.107682389155435e+26
-0.0	-9.351344785315429e+21	-6.108037114865518e+26
-0.0	1.5719282592696985e+22	-6.107896172308781e+26
-0.0	-3.4577681747698745e+22	-6.107362550616057e+26
-0.0	7.664176276460302e+22	-6.1199492655385276e+26
-0.0	-1.9119182478758705e+22	-6.105894432788167e+26
-0.0	1.8704102710804868e+22	-6.152843219202293e+26
-0.0	8.845878854177536e+22	-6.0501878930402946e+26
-0.0	2.2209044279948493e+22	-6.291974082381503e+26
-0.0	-2.215631777918734e+23	-5.745967749899357e+26
-0.0	-2.4853139743942697e+23	-6.373738457723815e+26
-0.0	1.5883612926147528e+24	-5.6625163719784e+26
-0.0	-8.153840276108908e+24	-5.9819949591638615e+26
-0.0	4.910139226292317e+24	-7.086669160132964e+26
-0.0	-8.849003262029266e+24	-1.3504720771404376e+26
-0.0	-2.263164074645502e+25	-2.5326845815191034e+27
-0.0	2.5640525524126376e+25	8.723828638357604e+20
-0.0	-2.0258532419204477e+25	-1.860477990559574e+21
-0.0	1.990731543108305e+25	-1.488986259172306e+27
-0.0	5.774594119124966e+24	-6.420175078228253e+25
-0.0	-3.478817985340563e+24	-4.315270056184495e+26
-0.0	6.014990568297889e+24	-3.521118452877002e+26
-0.0	-1.2255365437400928e+24	-3.4355091816101176e+26
-0.0	2.0666209209310465e+23	-3.830205890950304e+26
-0.0	1.287632369562627e+23	-3.467919538707773e+26
-0.0	1.7563091232399363e+21	-3.7835777947378596e+26
-0.0	-7.384585409656383e+22	-3.6452537457418105e+26
-0.0	-6.85635794148179e+21	-3.703786168609168e+26
-0.0	1.5454020829209124e+22	-3.676599811600433e+26
-0.0	-5.528565137400881e+22	-3.6850738092467146e+26
-0.0	2.654371382398049e+22	-3.677316328916612e+26
-0.0	-1.1566727159014098e+22	-3.677831882151315e+26
-0.0	7.272803037599012e+21	-3.677827893893173e+26
-0.0	-2.966818930996884e+20	-3.677646832071842e+26
-0.0	2.260823746117452e+21	-3.677811648056379e+26
-0.0	-6.42387277657328e+20	-3.677621743804706e+26
-0.0	3.792670051382355e+20	-3.677772613364869e+26
-0.0	-3.792670054145944e+20	-3.677772613364889e+26
-0.0	6.423872780583115e+20	-3.677621743804982e+26
-0.0	-2.2608237430509902e+21	-3.677811648056207e+26
-0.0	2.9668189329827516e+20	-3.6776468320720174e+26
-0.0	-7.272803035245533e+21	-3.6778278938933434e+26
-0.0	1.1566727157260365e+22	-3.677831882151076e+26
-0.0	-2.6543713819811794e+22	-3.677316328916828e+26
-0.0	5.528565137758023e+22	-3.68507380924655e+26
-0.0	-1.5454020830674968e+22	-3.676599811600549e+26
-0.0	6.856357940392829e+21	-3.703786168609593e+26
-0.0	7.384585409653387e+22	-3.645253745741689e+26
-0.0	-1.7563091177892387e+21	-3.783577794737604e+26
-0.0	-1.2876323696287702e+23	-3.467919538708315e+26
-0.0	-2.0666209208111944e+23	-3.830205890949898e+26
-0.0	1.2255365437378178e+24	-3.4355091816089157e+26
-0.0	-6.014990568325134e+24	-3.521118452878284e+26
-0.0	3.4788179853681204e+24	-4.31527005618479e+26
-0.0	-5.774594119135954e+24	-6.420175078228956e+25
-0.0	-1.9907315431048507e+25	-1.4889862591720955e+27
-0.0	2.02585324192002e+25	-1.8604779905240633e+21
-0.0	-1.4178492098864442e+25	5.906803697113924e+20
-0.0	1.5798600568270116e+25	-7.317747494107945e+26
-0.0	2.913618889514003e+24	-2.001488297472417e+25
-0.0	-2.06093506265472e+24	-2.2194780733954163e+26
-0.0	3.8063239974742987e+24	-1.726553195442063e+26
-0.0	-8.224375274347858e+23	-1.7582301379999992e+26
-0.0	1.560590271243225e+23	-1.9358484344686038e+26
-0.0	4.9376965164696565e+22	-1.7631760461513947e+26
-0.0	2.2001536184643064e+22	-1.9143287527585816e+26
-0.0	-5.483958284822526e+22	-1.8490673303246226e+26
-0.0	1.4523506602022475e+21	-1.87647332416592e+26
-0.0	9.948802809785034e+21	-1.863516910373092e+26
-0.0	-3.4096478147715952e+22	-1.8678125112343837e+26
-0.0	1.7135536044167423e+22	-1.86380723792356e+26
-0.0	-7.679189770793063e+21	-1.864212051223575e+26
-0.0	4.739558939741684e+21	-1.8641384566369127e+26
-0.0	-2.5959350895509792e+20	-1.864076321158589e+26
-0.0	1.519088794873582e+21	-1.8641456643515993e+26
-0.0	-4.7110094166279435e+20	-1.86406584348535e+26
-0.0	2.8691852662974182e+20	-1.8641347717139322e+26
-0.0	-2.8691852696544566e+20	-1.8641347717139796e+26
-0.0	4.711009426404644e+20	-1.8640658434855493e+26
-0.0	-1.519088792368882e+21	-1.8641456643513667e+26
-0.0	2.595935084379326e+20	-1.8640763211587368e+26
-0.0	-4.739558937581636e+21	-1.8641384566369364e+26
-0.0	7.679189769722886e+21	-1.8642120512234694e+26
-0.0	-1.7135536041210954e+22	-1.863807237923646e+26
-0.0	3.4096478150611037e+22	-1.8678125112342432e+26
-0.0	-9.948802811139394e+21	-1.8635169103731127e+26
-0.0	-1.4523506603660665e+21	-1.8764733241661867e+26
-0.0	5.48395828484446e+22	-1.8490673303245666e+26
-0.0	-2.200153618095875e+22	-1.914328752758433e+26
-0.0	-4.937696516939232e+22	-1.763176046151774e+26
-0.0	-1.5605902711541375e+23	-1.9358484344683207e+26
-0.0	8.224375274333862e+23	-1.758230137999324e+26
-0.0	-3.8063239974928256e+24	-1.726553195442758e+26
-0.0	2.0609350626745557e+24	-2.2194780733955637e+26
-0.0	-2.913618889522419e+24	-2.001488297472667e+25
-0.0	-1.5798600568245314e+25	-7.31774749410684e+26
-0.0	1.4178492098861307e+25	5.906803696611771e+20
-0.0	-8.381055591642294e+24	-1.6584634845363143e+20
-0.0	1.0810412010560424e+25	-2.7261258689540107e+26
-0.0	8.373104656640701e+23	-1.0448417393778799e+24
-0.0	-9.182887931971934e+23	-8.846123323375871e+25
-0.0	1.922885050854131e+24	-6.421611406803202e+25
-0.0	-4.538018788794364e+23	-6.9635424766061255e+25
-0.0	1.0030571401731955e+23	-7.534440609370756e+25
-0.0	-2.0559728036994692e+21	-6.921042606600986e+25
-0.0	2.9090572301477284e+22	-7.460648882329232e+25
-0.0	-3.4668386466204054e+22	-7.233300063519958e+25
-0.0	6.024789097740821e+21	-7.327384486826171e+25
-0.0	5.219014225712942e+21	-7.281272217647935e+25
-0.0	-1.6567542406026063e+22	-7.298266794615734e+25
-0.0	9.065504139457058e+21	-7.282224704435744e+25
-0.0	-4.058011282491114e+21	-7.284535429144962e+25
-0.0	2.588437624017059e+21	-7.283845047518334e+25
-0.0	-1.631194546186626e+20	-7.283793004791376e+25
-0.0	8.516991655888969e+20	-7.283969822842924e+25
-0.0	-2.977468983920919e+20	-7.283752956506069e+25
-0.0	1.8626838554386747e+20	-7.283974718966115e+25
-0.0	-1.8626838608322786e+20	-7.283974718966088e+25
-0.0	2.977468982206905e+20	-7.283752956506629e+25
-0.0	-8.516991646676073e+20	-7.28396982284264e+25
-0.0	1.6311945445190163e+20	-7.283793004791694e+25
-0.0	-2.5884376234887374e+21	-7.283845047518446e+25
-0.0	4.058011281410082e+21	-7.284535429144627e+25
-0.0	-9.065504138172106e+21	-7.28222470443617e+25
-0.0	1.656754240710623e+22	-7.29826679461544e+25
-0.0	-5.219014226565174e+21	-7.281272217647954e+25
-0.0	-6.024789098466717e+21	-7.327384486826853e+25
-0.0	3.4668386465757947e+22	-7.23330006351987e+25
-0.0	-2.9090572299579865e+22	-7.4606488823286885e+25
-0.0	2.0559728007345346e+21	-6.921042606601925e+25
-0.0	-1.0030571401315187e+23	-7.534440609370071e+25
-0.0	4.538018788784342e+23	-6.963542476603993e+25
-0.0	-1.9228850508647486e+24	-6.421611406805503e+25
-0.0	9.182887932076178e+23	-8.846123323376187e+25
-0.0	-8.373104656682525e+23	-1.0448417393785479e+24
-0.0	-1.0810412010547524e+25	-2.72612586895366e+26
-0.0	8.381055591640585e+24	-1.6584634852401912e+20
-0.0	-3.8341589012710225e+24	3.762626445994085e+19
-0.0	5.94811180372367e+24	-6.1490283119486886e+25
-0.0	-2.179988145034344e+23	2.300790125941018e+24
-0.0	-2.1653933742127714e+23	-2.222580682369937e+25
-0.0	6.4948530026998e+23	-1.4426849511408626e+25
-0.0	-1.8170391664889196e+23	-1.732420491490948e+25
-0.0	4.983690931024281e+22	-1.8251199850038514e+25
-0.0	-2.1215375896816185e+22	-1.6983530809591629e+25
-0.0	2.3381612964783994e+22	-1.8108648985212996e+25
-0.0	-1.6982212817370927e+22	-1.765869524449043e+25
-0.0	6.034136154470983e+21	-1.7838943011103813e+25
-0.0	1.878983467056704e+21	-1.7743586949192976e+25
-0.0	-5.12244735496057e+21	-1.7785874841625944e+25
-0.0	3.398824681846917e+21	-1.7745078959355542e+25
-0.0	-1.525819302095604e+21	-1.7753512928069292e+25
-0.0	1.0107763575864201e+21	-1.7750360266016151e+25
-0.0	-8.05441759351218e+19	-1.775095421099541e+25
-0.0	3.4478549303058747e+20	-1.7751071469664755e+25
-0.0	-1.4972722271330615e+20	-1.7750903629519486e+25
-0.0	9.487988292951658e+19	-1.7751258860592433e+25
-0.0	-9.487988314143801e+19	-1.7751258860592287e+25
-0.0	1.497272224822278e+20	-1.7750903629520974e+25
-0.0	-3.44785492650298e+20	-1.7751071469664195e+25
-0.0	8.054417593470355e+19	-1.7750954210996107e+25
-0.0	-1.0107763572687152e+21	-1.7750360266017118e+25
-0.0	1.5258193015356195e+21	-1.775351292806819e+25
-0.0	-3.3988246812808357e+21	-1.7745078959356872e+25
-0.0	5.122447355388594e+21	-1.7785874841624496e+25
-0.0	-1.8789834674980764e+21	-1.7743586949193674e+25
-0.0	-6.034136154661344e+21	-1.7838943011106467e+25
-0.0	1.6982212817212813e+22	-1.7658695244489917e+25
-0.0	-2.3381612963983327e+22	-1.8108648985212163e+25
-0.0	2.121537589540111e+22	-1.698353080959421e+25
-0.0	-4.9836909308288365e+22	-1.825119985003767e+25
-0.0	1.8170391664845146e+23	-1.7324204914905172e+25
-0.0	-6.494853002744197e+23	-1.4426849511415015e+25
-0.0	2.1653933742603925e+23	-2.2225806823699782e+25
-0.0	2.1799881450175142e+23	2.3007901259409034e+24
-0.0	-5.948111803717476e+24	-6.149028311948049e+25
-0.0	3.8341589012701963e+24	3.762626445766765e+19
-0.0	-1.0783373027065332e+24	-1.6105684384924014e+18
-0.0	2.2901302050418482e+24	-3.868159953380086e+24
-0.0	-4.271215604858293e+23	5.227736210848165e+23
-0.0	6.217038321681243e+22	-1.7607244446478602e+24
-0.0	3.7308007916672716e+22	-9.012401214438325e+23
-0.0	-3.2170830466280105e+22	-1.3474950726538413e+24
-0.0	1.5160363758117217e+22	-1.3490730930958176e+24
-0.0	-1.701458626707583e+22	-1.287173244085631e+24
-0.0	1.1926696692953553e+22	-1.3438395936424076e+24
-0.0	-5.158748742630686e+21	-1.325336933484725e+24
-0.0	3.4426896868399886e+21	-1.3316852235326394e+24
-0.0	2.0691147730659816e+20	-1.3270439852837006e+24
-0.0	3.5639266586530337e+19	-1.3303334721639447e+24
-0.0	4.6846908414564296e+20	-1.3270226596590639e+24
-0.0	-2.219882427772921e+20	-1.3280726139468924e+24
-0.0	1.6690599776560218e+20	-1.3276187573547175e+24
-0.0	-2.6995482482514477e+19	-1.32776633368617e+24
-0.0	6.641642806413868e+19	-1.3277275354530502e+24
-0.0	-4.68256187985327e+19	-1.3277675037866908e+24
-0.0	3.0078372004141715e+19	-1.3277668524009827e+24
-0.0	-3.0078372068124877e+19	-1.3277668524009604e+24
-0.0	4.682561873723292e+19	-1.3277675037867783e+24
-0.0	-6.641642795623272e+19	-1.327727535452909e+24
-0.0	2.6995482519306084e+19	-1.327766333686158e+24
-0.0	-1.669059976960668e+20	-1.3276187573547578e+24
-0.0	2.2198824265874126e+20	-1.328072613946799e+24
-0.0	-4.684690840064728e+20	-1.3270226596591127e+24
-0.0	-3.5639266496031736e+19	-1.3303334721637734e+24
-0.0	-2.069114773933514e+20	-1.3270439852835702e+24
-0.0	-3.442689686885886e+21	-1.3316852235328134e+24
-0.0	5.158748742574767e+21	-1.3253369334847574e+24
-0.0	-1.1926696692729606e+22	-1.3438395936423365e+24
-0.0	1.7014586266750617e+22	-1.2871732440857315e+24
-0.0	-1.516036375771932e+22	-1.349073093095811e+24
-0.0	3.217083046622189e+22	-1.3474950726539191e+24
-0.0	-3.7308007917478484e+22	-9.012401214442576e+23
-0.0	-6.217038321568394e+22	-1.760724444647745e+24
-0.0	4.2712156048558475e+23	5.227736210848199e+23
-0.0	-2.2901302050400164e+24	-3.8681599533796473e+24
-0.0	1.0783373027062554e+24	-1.6105684476165614e+18
-0.0	5.048334999409109e+22	-9.788615990000518e+17
-0.0	3.4421164169533864e+23	-1.505711195625097e+23
-0.0	-2.4324239880978104e+23	-7.62897354208481e+22
-0.0	8.427202318653943e+22	8.123626947795625e+21
-0.0	-1.0871252072663166e+23	-4.334745435006727e+22
-0.0	1.7146143954674177e+22	2.9367893941365814e+20
-0.0	-7.55428756285565e+20	-1.2883674796814668e+22
-0.0	-6.183883369607661e+21	-6.265584769039196e+21
-0.0	2.6875796196176015e+21	-1.1790400900683367e+22
-0.0	1.9705070197382568e+20	-8.790116823530851e+21
-0.0	9.012368950978761e+20	-1.0193438029555186e+22
-0.0	-2.4338744085058634e+20	-9.69881032665175e+21
-0.0	1.0208547813733153e+21	-9.682729582690346e+21
-0.0	-3.809368159894771e+20	-9.724932914812396e+21
-0.0	1.647741932583847e+20	-9.64667899853696e+21
-0.0	-9.571416845190577e+19	-9.688043356325941e+21
-0.0	-1.1034051399058178e+17	-9.66818515173843e+21
-0.0	-2.7459543966090953e+19	-9.67742607595524e+21
-0.0	8.554161575585807e+17	-9.667347139454336e+21
-0.0	-5.2190006156306746e+17	-9.672538138409366e+21
-0.0	5.219000559955417e+17	-9.672538138387493e+21
-0.0	-8.554161432978177e+17	-9.667347139445572e+21
-0.0	2.745954394789534e+19	-9.677426075978936e+21
-0.0	1.1034051065986378e+17	-9.668185151701487e+21
-0.0	9.571416843930477e+19	-9.688043356318654e+21
-0.0	-1.6477419322457506e+20	-9.646678998530814e+21
-0.0	3.809368159564016e+20	-9.724932914807436e+21
-0.0	-1.0208547814012065e+21	-9.682729582728074e+21
-0.0	2.4338744085372738e+20	-9.698810326609088e+21
-0.0	-9.012368950635143e+20	-1.019343802948348e+22
-0.0	-1.9705070196658976e+20	-8.790116823518937e+21
-0.0	-2.6875796196453473e+21	-1.179040090069106e+22
-0.0	6.183883369652852e+21	-6.265584768998446e+21
-0.0	7.554287562043357e+20	-1.288367479679071e+22
-0.0	-1.71461439546567e+22	2.936789394890928e+20
-0.0	1.0871252072702333e+23	-4.334745434986459e+22
-0.0	-8.42720231867174e+22	8.123626947771561e+21
-0.0	2.432423988099309e+23	-7.628973542084074e+22
-0.0	-3.4421164169525864e+23	-1.5057111956246106e+23
-0.0	-5.0483349994134395e+22	-9.78861598701282e+17
-0.0	2.1965754043055565e+23	4.726282519124242e+17
-0.0	-2.266404436895965e+23	-4.219288029593689e+21
-0.0	-4.904872440188361e+22	5.15588915863689e+22
-0.0	3.1073958122109947e+22	-3.826470598585605e+22
-0.0	-6.309366054300712e+22	3.60113655945125e+21
-0.0	1.5432173837612522e+22	-2.655156818780331e+22
-0.0	-3.49817694302527e+21	-2.0145235087285075e+22
-0.0	4.043661576896737e+20	-2.219369458751901e+22
-0.0	-1.0764332401003623e+21	-2.058006040514926e+22
-0.0	1.1304641998482124e+21	-2.1686631602080585e+22
-0.0	-2.690078741233432e+20	-2.112574412800779e+22
-0.0	-1.57579357148021e+20	-2.127694590241779e+22
-0.0	4.7596129891480175e+20	-2.134845980224931e+22
-0.0	-2.757623374544278e+20	-2.126487613190887e+22
-0.0	1.2312763516360245e+20	-2.1323057091365795e+22
-0.0	-7.913442659405006e+19	-2.129441360268841e+22
-0.0	5.379889565928209e+18	-2.1306805600328973e+22
-0.0	-2.6537615490064806e+19	-2.1301710358891247e+22
-0.0	9.957339075481719e+18	-2.1307280551285214e+22
-0.0	-6.348543577350835e+18	-2.1304772881325327e+22
-0.0	6.34854358485931e+18	-2.1304772881312987e+22
-0.0	-9.957339069348925e+18	-2.1307280551273097e+22
-0.0	2.6537615458523546e+19	-2.13017103589252e+22
-0.0	-5.379889564724458e+18	-2.1306805600331036e+22
-0.0	7.9134426585349e+19	-2.129441360268156e+22
-0.0	-1.2312763512909093e+20	-2.132305709137111e+22
-0.0	2.7576233741252782e+20	-2.1264876131920097e+22
-0.0	-4.7596129895296834e+20	-2.13484598022948e+22
-0.0	1.575793571550961e+20	-2.127694590241795e+22
-0.0	2.69007874167734e+20	-2.1125744127930893e+22
-0.0	-1.1304641998345037e+21	-2.168663160207024e+22
-0.0	1.0764332400474936e+21	-2.05800604051523e+22
-0.0	-4.043661576124938e+20	-2.219369458748716e+22
-0.0	3.498176942931057e+21	-2.0145235087256323e+22
-0.0	-1.54321738376062e+22	-2.655156818773216e+22
-0.0	6.309366054338434e+22	3.6011365596608033e+21
-0.0	-3.107395812240792e+22	-3.82647059858933e+22
-0.0	4.9048724401991805e+22	5.155889158638576e+22
-0.0	2.2664044368939428e+23	-4.2192880296225847e+21
-0.0	-2.1965754043054314e+23	4.7262825277068205e+17
-0.0	9.148999651648173e+22	-1.4386793508886598e+17
-0.0	-1.687373598620655e+23	3.856430456183918e+22
-0.0	2.5950673614127055e+22	-2.9537269117734974e+22
-0.0	-3.3601177813219714e+21	3.345608525424263e+22
-0.0	-6.541255519821093e+21	7.142198010134503e+21
-0.0	3.663762185278273e+21	2.460611677145034e+22
-0.0	-1.4886998793510705e+21	2.179127498109454e+22
-0.0	1.587654454194912e+21	2.2143703679385175e+22
-0.0	-1.1219973616652325e+21	2.1937095692026315e+22
-0.0	4.893843556518727e+20	2.2258818715411175e+22
-0.0	-3.461431850877418e+20	2.206919986565962e+22
-0.0	-1.6591130125567922e+19	2.2093824298920677e+22
-0.0	-1.9591861173070926e+19	2.215454744116862e+22
-0.0	-3.9923382853154546e+19	2.2088426076048403e+22
-0.0	1.9114988405434507e+19	2.2123047688053304e+22
-0.0	-1.47928930505383e+19	2.2106537422316e+22
-0.0	2.6341310988442737e+18	2.211321555356181e+22
-0.0	-6.087206103717972e+18	2.211064673153814e+22
-0.0	4.579893650365458e+18	2.2113406126794402e+22
-0.0	-2.9362584932802765e+18	2.2112325817276727e+22
-0.0	2.9362584956085417e+18	2.2112325817279894e+22
-0.0	-4.579893648922933e+18	2.2113406126808965e+22
-0.0	6.087206093902725e+18	2.2110646731551774e+22
-0.0	-2.634131101401175e+18	2.211321555357115e+22
-0.0	1.4792893052599202e+19	2.210653742231667e+22
-0.0	-1.9114988393414738e+19	2.212304768804924e+22
-0.0	3.99233828397194e+19	2.2088426076046205e+22
-0.0	1.959186116245955e+19	2.21545474411632e+22
-0.0	1.6591130123673817e+19	2.2093824298930928e+22
-0.0	3.4614318510509346e+20	2.2069199865689137e+22
-0.0	-4.893843556459186e+20	2.2258818715410906e+22
-0.0	1.1219973616466969e+21	2.1937095692027175e+22
-0.0	-1.587654454175031e+21	2.214370367938873e+22
-0.0	1.4886998793316805e+21	2.179127498109906e+22
-0.0	-3.663762185282689e+21	2.4606116771477705e+22
-0.0	6.541255519926013e+21	7.142198010194692e+21
-0.0	3.3601177812195287e+21	3.3456085254230214e+22
-0.0	-2.5950673614103747e+22	-2.9537269117734403e+22
-0.0	1.6873735986199174e+23	3.856430456183602e+22
-0.0	-9.148999651647124e+22	-1.4386793489767475e+17
-0.0	-4.2348158564595474e+21	1.1133669422641508e+16
-0.0	-3.1090962212323202e+22	-3.914644739648446e+22
-0.0	2.4785925442449707e+22	1.53790315907682e+22
-0.0	-9.395829777296863e+21	-2.412302900222451e+22
-0.0	1.2226265069667433e+22	-8.863123957307041e+21
-0.0	-1.9885559439781622e+21	-1.8289355099984418e+22
-0.0	1.4246476389744907e+20	-1.7224032002131473e+22
-0.0	7.1324336178534e+20	-1.6990029349441342e+22
-0.0	-3.1032761397279425e+20	-1.7247908623705912e+22
-0.0	-3.7071079472487555e+19	-1.7259754253244881e+22
-0.0	-1.1933008262101949e+20	-1.7226087319366084e+22
-0.0	3.367966971263611e+19	-1.7207585475634997e+22
-0.0	-1.4075305203846994e+20	-1.72502340501622e+22
-0.0	5.285569211128204e+19	-1.7205658739496383e+22
-0.0	-2.2891073018809213e+19	-1.7224858033100843e+22
-0.0	1.330166013031655e+19	-1.7216007501475454e+22
-0.0	4868388021729800.0	-1.7219386642007186e+22
-0.0	3.820409275120866e+18	-1.7218199484095837e+22
-0.0	-1.4970601602307366e+17	-1.721944664355996e+22
-0.0	8.737796128774064e+16	-1.7219049916001365e+22
-0.0	-8.737796351338445e+16	-1.721904991599791e+22
-0.0	1.4970601576325523e+17	-1.7219446643562096e+22
-0.0	-3.820409271063807e+18	-1.721819948409204e+22
-0.0	-4868392364442504.0	-1.7219386642002512e+22
-0.0	-1.330166012530986e+19	-1.7216007501474104e+22
-0.0	2.289107301523467e+19	-1.7224858033101367e+22
-0.0	-5.2855692107222065e+19	-1.7205658739494848e+22
-0.0	1.4075305204440252e+20	-1.725023405015995e+22
-0.0	-3.3679669718153757e+19	-1.7207585475634053e+22
-0.0	1.1933008261804358e+20	-1.7226087319372458e+22
-0.0	3.707107947269665e+19	-1.7259754253242195e+22
-0.0	3.103276139776248e+20	-1.7247908623704641e+22
-0.0	-7.132433617962377e+20	-1.6990029349443634e+22
-0.0	-1.424647638790438e+20	-1.7224032002133625e+22
-0.0	1.9885559439725198e+21	-1.828935509998855e+22
-0.0	-1.2226265069702017e+22	-8.863123957323986e+21
-0.0	9.395829777315017e+21	-2.4123029002220955e+22
-0.0	-2.4785925442463485e+22	1.5379031590766748e+22
-0.0	3.109096221234522e+22	-3.914644739648256e+22
-0.0	4.2348158564617043e+21	1.113366939967373e+16
-0.0	-2.3646693775269324e+22	3.5587723688327996e+16
-0.0	2.0336320990199293e+22	2.9633364880816144e+22
-0.0	9.448615664202396e+21	-7.149321774390279e+21
-0.0	-5.190987968536659e+21	1.5594806726295305e+22
-0.0	9.465179675477963e+21	7.34830739781165e+21
-0.0	-2.2169115796781044e+21	1.2082537673013559e+22
-0.0	4.816707616823806e+20	1.179412600266504e+22
-0.0	5.669321039037651e+19	1.144514385014272e+22
-0.0	8.244801221875935e+19	1.1775881850008742e+22
-0.0	-1.4940480952217125e+20	1.169397603006301e+22
-0.0	7.620783493888281e+18	1.1714204639860542e+22
-0.0	2.680110656308712e+19	1.1687651859591925e+22
-0.0	-8.962423358287965e+19	1.1714397812675324e+22
-0.0	4.560560825786407e+19	1.168716583846887e+22
-0.0	-2.021652027589961e+19	1.169706693077336e+22
-0.0	1.2681840362074675e+19	1.1692636717892692e+22
-0.0	-6.604726755125711e+17	1.1694198578896555e+22
-0.0	4.1074535919841203e+18	1.1693702926115296e+22
-0.0	-1.2578795511989486e+18	1.1694206510102712e+22
-0.0	8.018556028727148e+17	1.169410729008414e+22
-0.0	-8.018556037311914e+17	1.1694107290084946e+22
-0.0	1.257879546430002e+18	1.1694206510103897e+22
-0.0	-4.1074535861857603e+18	1.1693702926117498e+22
-0.0	6.604726741766552e+17	1.16941985788954e+22
-0.0	-1.2681840358637003e+19	1.169263671788718e+22
-0.0	2.0216520271573557e+19	1.1697066930774315e+22
-0.0	-4.5605608251412365e+19	1.1687165838470687e+22
-0.0	8.96242335874212e+19	1.1714397812679917e+22
-0.0	-2.6801106567392776e+19	1.1687651859588081e+22
-0.0	-7.620783496369294e+18	1.1714204639846501e+22
-0.0	1.494048095201653e+20	1.1693976030062072e+22
-0.0	-8.244801221031354e+19	1.1775881850007782e+22
-0.0	-5.669321040436543e+19	1.1445143850140423e+22
-0.0	-4.816707616641951e+20	1.179412600266076e+22
-0.0	2.216911579675249e+21	1.2082537673000707e+22
-0.0	-9.46517967552554e+21	7.34830739778933e+21
-0.0	5.190987968573651e+21	1.5594806726301206e+22
-0.0	-9.448615664218683e+21	-7.14932177439362e+21
-0.0	-2.033632099016632e+22	2.9633364880815053e+22
-0.0	2.3646693775268196e+22	3.558772374341721e+16
-0.0	-1.3949792042246365e+22	-6.5210831278802696e+16
-0.0	1.7897755032654228e+22	-1.949812121238978e+22
-0.0	1.7355488772494994e+21	2.7994471820657977e+21
-0.0	-1.6799487323453687e+21	-9.316598932170184e+21
-0.0	3.9157569675588424e+21	-5.167182781311435e+21
-0.0	-1.0752478357575548e+21	-7.350958439376994e+21
-0.0	2.8602340120282664e+20	-7.361937635062654e+21
-0.0	-8.825165127566056e+19	-7.065193200691487e+21
-0.0	1.0665720565876007e+20	-7.335423165265899e+21
-0.0	-8.953164708858248e+19	-7.24635300255863e+21
-0.0	2.5158218889329107e+19	-7.277368791858631e+21
-0.0	1.1456345411977652e+19	-7.255044219531152e+21
-0.0	-3.353671495177324e+19	-7.27057594344321e+21
-0.0	2.025147554825987e+19	-7.255206830353724e+21
-0.0	-9.069337403861386e+18	-7.25998162241614e+21
-0.0	5.872725207493967e+18	-7.257937078388895e+21
-0.0	-4.270997698923526e+17	-7.258590605551123e+21
-0.0	1.9830711927701576e+18	-7.258431664697985e+21
-0.0	-7.793756677701061e+17	-7.258588917437506e+21
-0.0	4.998590865264591e+17	-7.258597813273481e+21
-0.0	-4.99859086494218e+17	-7.258597813276057e+21
-0.0	7.793756633746364e+17	-7.258588917437507e+21
-0.0	-1.983071188735765e+18	-7.258431664692417e+21
-0.0	4.2709977005001875e+17	-7.258590605550103e+21
-0.0	-5.872725205760932e+18	-7.257937078389155e+21
-0.0	9.069337402312319e+18	-7.259981622415396e+21
-0.0	-2.025147554476196e+19	-7.255206830353738e+21
-0.0	3.3536714952863633e+19	-7.270575943437207e+21
-0.0	-1.1456345413988764e+19	-7.255044219527941e+21
-0.0	-2.515821888942636e+19	-7.277368791863846e+21
-0.0	8.953164708707957e+19	-7.246353002559552e+21
-0.0	-1.0665720565422776e+20	-7.335423165266439e+21
-0.0	8.825165126834976e+19	-7.065193200695004e+21
-0.0	-2.8602340119326238e+20	-7.361937635064067e+21
-0.0	1.075247835756075e+21	-7.350958439382714e+21
-0.0	-3.915756967583133e+21	-5.167182781325127e+21
-0.0	1.679948732365659e+21	-9.316598932164314e+21
-0.0	-1.7355488772585148e+21	2.7994471820646616e+21
-0.0	-1.789775503263676e+22	-1.9498121212391296e+22
-0.0	1.3949792042245243e+22	-6.5210831345828424e+16
-0.0	-4.910182833487862e+21	1747676131242506.0
-0.0	7.327379828474116e+21	1.168652305920512e+22
-0.0	-6.815427878378661e+19	-7.367088884998394e+20
-0.0	-3.5334073607274136e+20	5.202125366930242e+21
-0.0	1.0991758609651873e+21	3.282113695287065e+21
-0.0	-3.4176543039011376e+20	4.1747536446624996e+21
-0.0	1.020507075314367e+20	4.2706079047058194e+21
-0.0	-5.2278576178532884e+19	4.062128527766233e+21
-0.0	4.781111861499431e+19	4.2478748973989883e+21
-0.0	-3.2024632753969775e+19	4.1787908815985763e+21
-0.0	1.2424374917525922e+19	4.205274057582863e+21
-0.0	3.3383750251814927e+18	4.1897843815946634e+21
-0.0	-8.662052431929953e+18	4.1980998050309457e+21
-0.0	6.073699458045706e+18	4.190023371155432e+21
-0.0	-2.7463329912313e+18	4.1920839189567127e+21
-0.0	1.8180345206692447e+18	4.1912442025449326e+21
-0.0	-1.5779839754739072e+17	4.1914730008484727e+21
-0.0	6.283939781253139e+17	4.1914433738132847e+21
-0.0	-2.8397546724681987e+17	4.1914624652844125e+21
-0.0	1.8208143140771725e+17	4.191501810114868e+21
-0.0	-1.8208143182474832e+17	4.191501810113635e+21
-0.0	2.8397546631012278e+17	4.191462465284895e+21
-0.0	-6.283939761423405e+17	4.191443373814361e+21
-0.0	1.5779839616367235e+17	4.1914730008489367e+21
-0.0	-1.8180345198804475e+18	4.1912442025443176e+21
-0.0	2.7463329910027704e+18	4.192083918956627e+21
-0.0	-6.073699456849769e+18	4.1900233711554973e+21
-0.0	8.66205243272087e+18	4.198099805032097e+21
-0.0	-3.3383750262956646e+18	4.1897843815956386e+21
-0.0	-1.2424374917743387e+19	4.205274057581889e+21
-0.0	3.2024632753549984e+19	4.1787908815976997e+21
-0.0	-4.781111861347638e+19	4.247874897398489e+21
-0.0	5.227857617557417e+19	4.0621285277659515e+21
-0.0	-1.0205070752770885e+20	4.270607904704695e+21
-0.0	3.4176543038952754e+20	4.1747536446589187e+21
-0.0	-1.0991758609732306e+21	3.2821136952838046e+21
-0.0	3.533407360804479e+20	5.202125366931554e+21
-0.0	6.8154278780880495e+19	-7.367088885000374e+20
-0.0	-7.327379828465812e+21	1.1686523059202916e+22
-0.0	4.910182833487426e+21	1747676094531266.0
-0.0	-1.2154879782585138e+21	-1.530661517794142e+16
-0.0	1.9894178962901133e+21	-6.493088348625619e+21
-0.0	-1.4314314402393625e+20	-9.838737692074556e+19
-0.0	-4.569476648305579e+19	-2.7187447931680766e+21
-0.0	2.24513618924962e+20	-1.9281994875899038e+21
-0.0	-7.82163175029038e+19	-2.2199163994922914e+21
-0.0	2.545314557812058e+19	-2.3172054031986729e+21
-0.0	-1.6436197130359316e+19	-2.18635684870338e+21
-0.0	1.3474878328782977e+19	-2.301335929662231e+21
-0.0	-7.986518072339719e+18	-2.255290409854516e+21
-0.0	3.6425419015794657e+18	-2.2738338561316422e+21
-0.0	7.083068261003603e+17	-2.2641466261936582e+21
-0.0	-1.6257327793182129e+18	-2.2683535052654022e+21
-0.0	1.3275332504827415e+18	-2.2643930955833687e+21
-0.0	-6.013483347967224e+17	-2.2651690858116305e+21
-0.0	4.0940192378156346e+17	-2.2648902389114866e+21
-0.0	-3.907427050532514e+16	-2.2649340729642207e+21
-0.0	1.4389060631452477e+17	-2.2649499219114567e+21
-0.0	-7.171486509976466e+16	-2.2649256188081988e+21
-0.0	4.5643458015233304e+16	-2.2649626852097398e+21
-0.0	-4.564345853525478e+16	-2.2649626852093827e+21
-0.0	7.1714865337742584e+16	-2.2649256188084858e+21
-0.0	-1.438906054122426e+17	-2.2649499219118968e+21
-0.0	3.9074269231024056e+16	-2.2649340729642965e+21
-0.0	-4.094019234963575e+17	-2.2648902389115118e+21
-0.0	6.013483350804654e+17	-2.2651690858112845e+21
-0.0	-1.3275332502596275e+18	-2.2643930955830652e+21
-0.0	1.625732779638331e+18	-2.268353505265139e+21
-0.0	-7.083068265426464e+17	-2.2641466261938572e+21
-0.0	-3.642541901477507e+18	-2.2738338561319355e+21
-0.0	7.986518072239901e+18	-2.2552904098548747e+21
-0.0	-1.3474878328301085e+19	-2.3013359296623228e+21
-0.0	1.6436197129285839e+19	-2.1863568487029835e+21
-0.0	-2.5453145576784654e+19	-2.317205403198671e+21
-0.0	7.821631750266926e+19	-2.2199163994931588e+21
-0.0	-2.245136189269754e+20	-1.9281994875910593e+21
-0.0	4.569476648555257e+19	-2.718744793167581e+21
-0.0	1.4314314402326035e+20	-9.838737692101953e+19
-0.0	-1.9894178962867893e+21	-6.493088348624562e+21
-0.0	1.2154879782583717e+21	-1.530661518460328e+16
-0.0	-2.2324717426176023e+20	-2991409573462076.0
-0.0	3.911778653128603e+20	3.3560852352124296e+21
-0.0	-4.749159498006325e+19	3.4108640966857156e+20
-0.0	-2.2917465694929795e+18	1.3184097638310108e+21
-0.0	3.4919715676300325e+19	1.0552117602998004e+21
-0.0	-1.3517650056130759e+19	1.097692326952056e+21
-0.0	4.711735871306994e+18	1.1712962249770196e+21
-0.0	-3.509909986677681e+18	1.0954956600133186e+21
-0.0	2.691305907478671e+18	1.1612955707978984e+21
-0.0	-1.466338490198938e+18	1.1333944395844986e+21
-0.0	7.379659508499077e+17	1.1450054801287271e+21
-0.0	1.1378115195361957e+17	1.1394534404390786e+21
-0.0	-2.2640710676851923e+17	1.1413891534350878e+21
-0.0	2.178521883838685e+17	1.139621927682164e+21
-0.0	-9.930848112386378e+16	1.1398261653801197e+21
-0.0	6.91231613948457e+16	1.1397777113324905e+21
-0.0	-7133414344797590.0	1.1397599129702283e+21
-0.0	2.4847989892297828e+16	1.1397851723944736e+21
-0.0	-1.3136721842862386e+16	1.1397544508818472e+21
-0.0	8381074467007621.0	1.1397816227838413e+21
-0.0	-8381074774657342.0	1.139781622783944e+21
-0.0	1.3136722108472956e+16	1.1397544508821176e+21
-0.0	-2.4847989561010976e+16	1.139785172394246e+21
-0.0	7133413713894717.0	1.1397599129702123e+21
-0.0	-6.912316124682216e+16	1.139777711332565e+21
-0.0	9.930848133122158e+16	1.139826165380135e+21
-0.0	-2.1785218833378067e+17	1.139621927682253e+21
-0.0	2.2640710681453248e+17	1.1413891534348423e+21
-0.0	-1.1378115204921723e+17	1.1394534404385648e+21
-0.0	-7.37965950784487e+17	1.1450054801285636e+21
-0.0	1.46633849014979e+18	1.1333944395845278e+21
-0.0	-2.691305907394305e+18	1.1612955707976075e+21
-0.0	3.5099099864336517e+18	1.0954956600135165e+21
-0.0	-4.711735871036489e+18	1.1712962249767505e+21
-0.0	1.3517650056112386e+19	1.0976923269515126e+21
-0.0	-3.491971567662921e+19	1.0552117603002104e+21
-0.0	2.2917465699501786e+18	1.3184097638311862e+21
-0.0	4.749159497988788e+19	3.4108640966860335e+20
-0.0	-3.9117786531199536e+20	3.3560852352118156e+21
-0.0	2.2324717426171124e+20	-2991409573410961.0
-0.0	-2.9677039829438996e+19	-2732589107688860.0
-0.0	5.628946096061871e+19	-1.601094550175555e+21
-0.0	-9.12400684161952e+18	-3.354560234155922e+20
-0.0	2.1023682172559978e+17	-5.794036230626578e+20
-0.0	4.5934116702597796e+18	-5.359101377274382e+20
-0.0	-1.8664679314809715e+18	-4.9454843793928965e+20
-0.0	6.85206876198225e+17	-5.429456756961823e+20
-0.0	-5.640120919321691e+17	-5.020129054632502e+20
-0.0	4.004687652063699e+17	-5.3709639597541405e+20
-0.0	-2.0129328986757802e+17	-5.214574847118359e+20
-0.0	1.0952653332854187e+17	-5.2815347032503733e+20
-0.0	1.4224520787931188e+16	-5.251835877676248e+20
-0.0	-2.323262724763739e+16	-5.25985815249155e+20
-0.0	2.7605076480022436e+16	-5.252895259637056e+20
-0.0	-1.2350226280405918e+16	-5.252804480921706e+20
-0.0	9081565899952628.0	-5.253112759996035e+20
-0.0	-779906748656740.5	-5.252797086954745e+20
-0.0	3309461574565456.0	-5.2530156916628704e+20
-0.0	-1799947786591270.8	-5.252768381944202e+20
-0.0	1155173950769129.2	-5.2529394529960015e+20
-0.0	-1155174147061996.0	-5.252939452994275e+20
-0.0	1799947933192867.2	-5.252768381943077e+20
-0.0	-3309461373390969.5	-5.253015691666031e+20
-0.0	779906406892022.1	-5.2527970869542676e+20
-0.0	-9081565865552902.0	-5.253112759994194e+20
-0.0	1.2350226458846144e+16	-5.2528044809210285e+20
-0.0	-2.760507650449242e+16	-5.252895259637779e+20
-0.0	2.323262726894025e+16	-5.2598581524909536e+20
-0.0	-1.4224520793300786e+16	-5.251835877678914e+20
-0.0	-1.0952653329812619e+17	-5.281534703250957e+20
-0.0	2.0129328986322813e+17	-5.2145748471192204e+20
-0.0	-4.004687651745145e+17	-5.370963959755111e+20
-0.0	5.6401209185069306e+17	-5.020129054632773e+20
-0.0	-6.85206876222146e+17	-5.4294567569606725e+20
-0.0	1.8664679315254223e+18	-4.9454843793907057e+20
-0.0	-4.593411670259777e+18	-5.3591013772764257e+20
-0.0	-2.102368216757787e+17	-5.794036230629531e+20
-0.0	9.124006841548567e+18	-3.354560234156476e+20
-0.0	-5.6289460960506225e+19	-1.6010945501753309e+21
-0.0	2.967703982942426e+19	-2732589107920299.0
-0.0	-1.6442526200150638e+18	-5403607591362175.0
-0.0	5.058382302124306e+18	6.880732817672759e+20
-0.0	-7.621383708382049e+17	2.5322461618921633e+20
-0.0	-5.493599590865196e+16	2.168890109496753e+20
-0.0	6.821184465801233e+17	2.486366227146442e+20
-0.0	-2.3519629556777792e+17	1.9275214101471098e+20
-0.0	8.765563939069072e+16	2.2185777628099776e+20
-0.0	-7.321998191612315e+16	2.0124014815270175e+20
-0.0	4.59998519079688e+16	2.18645012485299e+20
-0.0	-2.0073076856673484e+16	2.1046813539946827e+20
-0.0	1.2637800890780422e+16	2.1406266318855658e+20
-0.0	1829369181549272.8	2.125789030085945e+20
-0.0	-1409313254466724.0	2.1285515906331374e+20
-0.0	3071215832623442.5	2.126446704360208e+20
-0.0	-820066736387603.9	2.1257502143012094e+20
-0.0	1260278990141269.0	2.126200722619297e+20
-0.0	200690114006569.62	2.125931260253725e+20
-0.0	448737531944449.44	2.126080534813228e+20
-0.0	-158037121590182.12	2.1259156372034755e+20
-0.0	124447512531326.78	2.1260153963817527e+20
-0.0	-124447595719778.55	2.1260153963825886e+20
-0.0	158037167709877.62	2.1259156372044772e+20
-0.0	-448737398912982.4	2.1260805348130642e+20
-0.0	-200690310876983.56	2.1259312602538508e+20
-0.0	-1260278975391565.5	2.1262007226207905e+20
-0.0	820066821751836.0	2.12575021430156e+20
-0.0	-3071215846974404.0	2.1264467043607128e+20
-0.0	1409313271983936.8	2.1285515906326033e+20
-0.0	-1829369192945589.0	2.1257890300855792e+20
-0.0	-1.263780088230448e+16	2.1406266318858912e+20
-0.0	2.0073076851171256e+16	2.1046813539941263e+20
-0.0	-4.5999851897249304e+16	2.1864501248518898e+20
-0.0	7.321998188002859e+16	2.0124014815277118e+20
-0.0	-8.765563937614342e+16	2.2185777628097738e+20
-0.0	2.3519629557613453e+17	1.9275214101456362e+20
-0.0	-6.821184465724709e+17	2.4863662271481574e+20
-0.0	5.4935995957574376e+16	2.1688901094962984e+20
-0.0	7.621383708386145e+17	2.53224616189245e+20
-0.0	-5.058382302009699e+18	6.880732817671832e+20
-0.0	1.6442526200111997e+18	-5403607591365679.0
-0.0	8.539188916485167e+17	-4077325811183669.0
-0.0	-8.327729641133381e+16	-2.484188861707553e+20
-0.0	2.078003585542364e+17	-1.652016279480474e+20
-0.0	-5.306593520541211e+16	-5.449185395128433e+19
-0.0	1.406024749354331e+17	-1.0029640938860141e+20
-0.0	-3.204268449105805e+16	-5.408948914622099e+19
-0.0	1.1502131476994978e+16	-7.030970137332264e+19
-0.0	-7113032808033763.0	-6.0770692006110495e+19
-0.0	4120689993748014.5	-6.868873076044234e+19
-0.0	-568400952201014.2	-6.4714652384261054e+19
-0.0	1572973821567685.0	-6.650276465870871e+19
-0.0	674982350177821.5	-6.5824865079311696e+19
-0.0	365877597751680.8	-6.588049911942101e+19
-0.0	626080356460829.5	-6.586404686572844e+19
-0.0	343119820928543.6	-6.579605880557858e+19
-0.0	483713773113075.44	-6.5833550376055546e+19
-0.0	329420034942057.75	-6.581506494006577e+19
-0.0	170251747807312.38	-6.5824276871351575e+19
-0.0	33466906475462.48	-6.5814216771603464e+19
-0.0	21000498245813.06	-6.581948984851904e+19
-0.0	-21000525755774.844	-6.581948984853603e+19
-0.0	-33466899569338.92	-6.58142167715707e+19
-0.0	-170251677742192.53	-6.582427687125644e+19
-0.0	-329420134009079.5	-6.581506494008994e+19
-0.0	-483713755222354.94	-6.583355037600813e+19
-0.0	-343119796474101.06	-6.579605880558219e+19
-0.0	-626080356533921.1	-6.586404686573986e+19
-0.0	-365877575685819.0	-6.588049911939813e+19
-0.0	-674982372554178.4	-6.582486507933812e+19
-0.0	-1572973821536198.2	-6.650276465874202e+19
-0.0	568400960826672.8	-6.471465238428069e+19
-0.0	-4120689991356676.5	-6.868873076044619e+19
-0.0	7113032791753212.0	-6.077069200612109e+19
-0.0	-1.1502131461824106e+16	-7.0309701373295665e+19
-0.0	3.2042684487089776e+16	-5.408948914618679e+19
-0.0	-1.406024749336565e+17	-1.0029640938864447e+20
-0.0	5.306593523149914e+16	-5.44918539513302e+19
-0.0	-2.078003585315716e+17	-1.652016279480582e+20
-0.0	8.327729644433253e+16	-2.4841888617075973e+20
-0.0	-8.539188916491991e+17	-4077325811187093.0
-0.0	6.568046458202034e+17	-6494147740520754.0
-0.0	-7.69421508718553e+16	5.782755425249602e+19
-0.0	1.2008231018120488e+17	9.779686355663338e+19
-0.0	-8097455752279534.0	-7.78011078027824e+18
-0.0	3.0214340389727292e+16	3.0842370973856887e+19
-0.0	-3712075563226897.0	-1.1353218981531775e+18
-0.0	1811008576513707.8	7.307533959569803e+18
-0.0	741565262064001.6	3.3388696157938324e+18
-0.0	616261578101120.5	6.53076289528896e+18
-0.0	890908288829478.9	4.772866232372214e+18
-0.0	749466583848954.2	5.59470787985939e+18
-0.0	632329957055729.2	5.31490162866984e+18
-0.0	509931644472553.5	5.292876227969456e+18
-0.0	471484979274609.4	5.333105175503498e+18
-0.0	467171491665907.9	5.28286725308344e+18
-0.0	440269584555671.8	5.308972491840489e+18
-0.0	357029595672160.56	5.297189370248503e+18
-0.0	155475246237353.34	5.302349332625356e+18
-0.0	52957736544829.75	5.296854098830044e+18
-0.0	13689722175518.686	5.299584653871272e+18
-0.0	-13689734218548.014	5.299584653872391e+18
-0.0	-52957722582549.625	5.296854098863539e+18
-0.0	-155475231026950.56	5.302349332621978e+18
-0.0	-357029630389487.75	5.297189370257493e+18
-0.0	-440269562244325.56	5.308972491880814e+18
-0.0	-467171496655074.94	5.282867253092357e+18
-0.0	-471484982111866.7	5.333105175509993e+18
-0.0	-509931624746115.25	5.29287622796801e+18
-0.0	-632329977059482.1	5.314901628662985e+18
-0.0	-749466581980582.0	5.594707879841902e+18
-0.0	-890908290169296.8	4.772866232374289e+18
-0.0	-616261578293959.6	6.530762895282204e+18
-0.0	-741565279841753.2	3.3388696158061993e+18
-0.0	-1811008560233642.0	7.307533959576672e+18
-0.0	3712075561615245.0	-1.1353218981737128e+18
-0.0	-3.0214340387831388e+16	3.0842370973882802e+19
-0.0	8097455781674638.0	-7.780110780278432e+18
-0.0	-1.2008231017288544e+17	9.779686355664105e+19
-0.0	7.694215090918693e+16	5.7827554252494406e+19
-0.0	-6.568046458204982e+17	-6494147740536322.0
-0.0	4.6506462725035686e+17	-5936742478854438.0
-0.0	4.3227364212900936e+16	1.3259012415743494e+19
-0.0	4.451005557380482e+16	-5.201553074437604e+19
-0.0	8593596934704563.0	2.543213660721871e+19
-0.0	5254566549305985.0	-1.3062988548713388e+18
-0.0	807792768493643.2	1.8505380636590027e+19
-0.0	634005735031042.8	1.4496676591219665e+19
-0.0	1341964764458118.0	1.5825024939311043e+19
-0.0	642533910109432.8	1.481580373267721e+19
-0.0	890296782556941.5	1.5490172734423747e+19
-0.0	724027238619978.0	1.5151077489295466e+19
-0.0	622685885387208.4	1.5243778623823917e+19
-0.0	507244557307872.7	1.528525872971463e+19
-0.0	453381700734067.6	1.5237753881131299e+19
-0.0	470630899553714.56	1.5270316147947993e+19
-0.0	431484343219831.4	1.5253906616329193e+19
-0.0	352414507624838.0	1.5260516409121217e+19
-0.0	158016668490201.88	1.525783408369307e+19
-0.0	53052466152814.71	1.5260715313503648e+19
-0.0	7941520242304.87	1.5259606855005145e+19
-0.0	-7941521336688.438	1.525960685500955e+19
-0.0	-53052463606425.62	1.526071531352069e+19
-0.0	-158016667245239.03	1.5257834083684207e+19
-0.0	-352414511185144.75	1.5260516409128253e+19
-0.0	-431484324442458.8	1.5253906616345025e+19
-0.0	-470630916973359.2	1.527031614796008e+19
-0.0	-453381703714367.06	1.5237753881130416e+19
-0.0	-507244540150494.25	1.5285258729709777e+19
-0.0	-622685899894644.8	1.524377862382703e+19
-0.0	-724027237728842.0	1.5151077489292403e+19
-0.0	-890296785191750.1	1.5490172734426081e+19
-0.0	-642533911016419.0	1.4815803732688003e+19
-0.0	-1341964780542662.8	1.5825024939311657e+19
-0.0	-634005722760241.0	1.4496676591224603e+19
-0.0	-807792766023205.9	1.8505380636590326e+19
-0.0	-5254566543272065.0	-1.3062988548700186e+18
-0.0	-8593596916881240.0	2.5432136607210164e+19
-0.0	-4.451005556922982e+16	-5.201553074437195e+19
-0.0	-4.322736420329665e+16	1.3259012415748426e+19
-0.0	-4.6506462725077894e+17	-5936742478860037.0
-0.0	3.6692100154233805e+17	-6877091374792095.0
-0.0	4.6489201854357144e+16	-3.041401064826192e+19
-0.0	2.440223129983797e+16	2.5574742995170775e+19
-0.0	1.0174269319270052e+16	-2.460806098210738e+19
-0.0	1518804695812561.5	-7.81380755112286e+18
-0.0	1200880076683534.5	-1.918305669161825e+19
-0.0	630225360941112.4	-1.743156919208023e+19
-0.0	1167691565544101.2	-1.7677622241176943e+19
-0.0	772924826596567.1	-1.7523342385870088e+19
-0.0	844581620227958.2	-1.7732271953842678e+19
-0.0	723208865692384.0	-1.761785256019319e+19
-0.0	604389975032974.8	-1.763257901448462e+19
-0.0	496491816433930.5	-1.766994388504037e+19
-0.0	444853002332313.9	-1.7632757947780915e+19
-0.0	458919646036008.06	-1.7651473348927468e+19
-0.0	412974025368405.44	-1.7642498309342806e+19
-0.0	336707994402041.6	-1.7645843227565457e+19
-0.0	149822856137436.2	-1.7644574221057245e+19
-0.0	52675237217494.93	-1.7645867273469442e+19
-0.0	14225309402686.996	-1.7645315207766796e+19
-0.0	-14225303172818.162	-1.7645315207763479e+19
-0.0	-52675242104081.234	-1.7645867273474312e+19
-0.0	-149822862107217.38	-1.764457422106039e+19
-0.0	-336707984490752.75	-1.764584322756302e+19
-0.0	-412974014480831.25	-1.7642498309337815e+19
-0.0	-458919662654026.56	-1.7651473348927205e+19
-0.0	-444853001531300.2	-1.7632757947789433e+19
-0.0	-496491805756147.0	-1.766994388504685e+19
-0.0	-604389987341138.5	-1.763257901449015e+19
-0.0	-723208865358642.8	-1.7617852560195103e+19
-0.0	-844581618646017.2	-1.7732271953842653e+19
-0.0	-772924829245933.1	-1.7523342385865763e+19
-0.0	-1167691573473806.0	-1.767762224117244e+19
-0.0	-630225348447680.9	-1.743156919208284e+19
-0.0	-1200880078627685.0	-1.918305669161879e+19
-0.0	-1518804697029072.5	-7.813807551118723e+18
-0.0	-1.0174269306924568e+16	-2.460806098210219e+19
-0.0	-2.4402231308858816e+16	2.5574742995173687e+19
-0.0	-4.648920183761619e+16	-3.0414010648255885e+19
-0.0	-3.669210015427443e+17	-6877091374801293.0
-0.0	2.953527533115812e+17	-6636849342262934.0
-0.0	4.0543766512507864e+16	2.810570439024445e+19
-0.0	1.7133512133196938e+16	-1.0261825803332506e+19
-0.0	9541936805474176.0	1.8520246419102536e+19
-0.0	1115613311546716.5	9.095375668134437e+18
-0.0	968554181523973.6	1.4999001709121059e+19
-0.0	828118844508336.6	1.4353006686079422e+19
-0.0	872080794522602.4	1.4199742542669613e+19
-0.0	878413426127803.2	1.4349183292873691e+19
-0.0	763920739476346.8	1.4355813407312654e+19
-0.0	716748962902273.1	1.433851817555382e+19
-0.0	558310978285946.9	1.4329922759091782e+19
-0.0	463741871887773.3	1.435467479443096e+19
-0.0	400735570566344.4	1.4330084696223975e+19
-0.0	421704250150077.75	1.4340028943483732e+19
-0.0	384624131052850.0	1.4335652470109028e+19
-0.0	304605810311560.56	1.4337316759850215e+19
-0.0	139557710348422.67	1.4336634429633106e+19
-0.0	59068560947198.33	1.4337268877288376e+19
-0.0	17247767749608.365	1.4337183962978032e+19
-0.0	-17247762405035.502	1.4337183962974306e+19
-0.0	-59068566309290.81	1.433726887728979e+19
-0.0	-139557715182981.52	1.4336634429633585e+19
-0.0	-304605800166616.25	1.433731675985054e+19
-0.0	-384624123372813.4	1.433565247009689e+19
-0.0	-421704262781146.94	1.434002894347889e+19
-0.0	-400735570401870.5	1.4330084696220604e+19
-0.0	-463741863925554.44	1.4354674794427742e+19
-0.0	-558310986833941.5	1.4329922759088976e+19
-0.0	-716748962647627.5	1.4338518175554347e+19
-0.0	-763920739240388.8	1.4355813407312542e+19
-0.0	-878413427282279.2	1.434918329287699e+19
-0.0	-872080801198432.1	1.4199742542672333e+19
-0.0	-828118836027125.5	1.435300668608349e+19
-0.0	-968554183132967.1	1.4999001709111947e+19
-0.0	-1115613311841158.4	9.09537566813598e+18
-0.0	-9541936796140736.0	1.8520246419098403e+19
-0.0	-1.7133512140222316e+16	-1.0261825803335e+19
-0.0	-4.054376649952277e+16	2.81057043902463e+19
-0.0	-2.953527533118193e+17	-6636849342259640.0
-0.0	2.3297062484504864e+17	-6097775251056277.0
-0.0	2.169111931976366e+16	-2.049041969278506e+19
-0.0	1.8895154349234464e+16	3.4586991754722703e+18
-0.0	7432198397914505.0	-1.2612007586507135e+19
-0.0	2010239172541581.2	-7.41863517083968e+18
-0.0	892714484780371.4	-1.0396532010150179e+19
-0.0	781798390197925.1	-1.022536861361374e+19
-0.0	887087545036809.0	-1.001095861649903e+19
-0.0	771939292903369.8	-1.018724715813949e+19
-0.0	726406462237287.2	-1.0139446376734618e+19
-0.0	643288306127004.1	-1.0150063240853905e+19
-0.0	520661624583077.1	-1.0138227416389446e+19
-0.0	416856986728227.9	-1.0154084392476047e+19
-0.0	369973898033848.3	-1.013930129259744e+19
-0.0	381738038184156.1	-1.0144425887528038e+19
-0.0	341780108124694.3	-1.0142267455462437e+19
-0.0	274520599129014.9	-1.0143122147049685e+19
-0.0	138553489760083.69	-1.0142908137097347e+19
-0.0	61062507691471.93	-1.014309335709469e+19
-0.0	18646772721437.195	-1.014302268828626e+19
-0.0	-18646769518954.4	-1.0143022688290007e+19
-0.0	-61062510855947.46	-1.0143093357096053e+19
-0.0	-138553492863394.77	-1.014290813709724e+19
-0.0	-274520593381610.47	-1.014312214704957e+19
-0.0	-341780103999888.75	-1.0142267455472566e+19
-0.0	-381738045035293.5	-1.0144425887533265e+19
-0.0	-369973897735556.4	-1.013930129259833e+19
-0.0	-416856982616995.44	-1.0154084392479488e+19
-0.0	-520661629072463.0	-1.013822741639317e+19
-0.0	-643288305873013.6	-1.0150063240855472e+19
-0.0	-726406461775641.0	-1.0139446376735111e+19
-0.0	-771939293533051.0	-1.0187247158138458e+19
-0.0	-887087548686196.4	-1.0010958616495946e+19
-0.0	-781798386010468.8	-1.0225368613609933e+19
-0.0	-892714485313758.1	-1.0396532010147244e+19
-0.0	-2010239172508655.0	-7.41863517084129e+18
-0.0	-7432198393030028.0	-1.2612007586511342e+19
-0.0	-1.889515435207419e+16	3.4586991754723666e+18
-0.0	-2.169111931328889e+16	-2.0490419692777386e+19
-0.0	-2.3297062484511622e+17	-6097775251058571.0
-0.0	1.9103383002660835e+17	-6851199505672843.0
-0.0	1.7164418578279872e+16	1.3279501854647087e+19
-0.0	1.7386152863097278e+16	-1.219697018632679e+16
-0.0	6239125764882546.0	7.686522097553371e+18
-0.0	2447738747267959.0	5.226904167415136e+18
-0.0	779775076388091.1	6.48464529370192e+18
-0.0	797379796422929.5	6.500922923666142e+18
-0.0	829050197838143.5	6.330874750819162e+18
-0.0	784428753896473.0	6.47162309658072e+18
-0.0	712616597277888.8	6.42072958764176e+18
-0.0	618948963320060.6	6.441608357458456e+18
-0.0	489253483311283.06	6.429684846144893e+18
-0.0	390708521023099.56	6.439019031412607e+18
-0.0	333177990489910.4	6.431136851537191e+18
-0.0	342292768699538.44	6.433411788601231e+18
-0.0	307021904174414.0	6.43245434154383e+18
-0.0	250179312949212.3	6.432734292545405e+18
-0.0	141264251358352.1	6.432545566950237e+18
-0.0	65014958994192.88	6.432595311354144e+18
-0.0	20994292049065.39	6.432650534593239e+18
-0.0	-20994290921949.605	6.432650534592423e+18
-0.0	-65014959892870.06	6.432595311353591e+18
-0.0	-141264252361682.1	6.432545566951033e+18
-0.0	-250179311806146.6	6.432734292546745e+18
-0.0	-307021902466328.7	6.432454341538189e+18
-0.0	-342292771234717.2	6.433411788599311e+18
-0.0	-333177990208120.6	6.431136851537083e+18
-0.0	-390708518721468.06	6.439019031408892e+18
-0.0	-489253485861808.75	6.429684846142762e+18
-0.0	-618948963209023.6	6.441608357457395e+18
-0.0	-712616596240543.9	6.420729587642115e+18
-0.0	-784428754529438.5	6.471623096581449e+18
-0.0	-829050199460832.8	6.33087475082034e+18
-0.0	-797379793834734.0	6.500922923668336e+18
-0.0	-779775077123776.2	6.484645293699374e+18
-0.0	-2447738747807600.0	5.226904167418291e+18
-0.0	-6239125762584273.0	7.686522097552516e+18
-0.0	-1.7386152867223792e+16	-1.2196970186579052e+16
-0.0	-1.716441857393609e+16	1.3279501854649467e+19
-0.0	-1.9103383002659834e+17	-6851199505673180.0
-0.0	1.7632346676475805e+17	-1.0084432343179608e+16
-0.0	2.044777545847451e+16	-7.20892811796412e+18
-0.0	1.358552348748368e+16	-4.498562916813815e+16
-0.0	5523284367463410.0	-3.785164666515775e+18
-0.0	2937681228789893.0	-2.661028573784437e+18
-0.0	683340561588428.1	-3.2445198834359864e+18
-0.0	880192721974916.4	-3.25541340183518e+18
-0.0	808531302480459.8	-3.1458558827551416e+18
-0.0	847650319351850.4	-3.2278866975924065e+18
-0.0	703184361174912.5	-3.1948950150073866e+18
-0.0	616730697958905.9	-3.2094523488077916e+18
-0.0	474658021529876.1	-3.201187458562885e+18
-0.0	378947755103037.5	-3.2068218274322186e+18
-0.0	309236506243666.6	-3.2031446923356196e+18
-0.0	315131798333011.5	-3.203991379900741e+18
-0.0	282055609257297.2	-3.203692965537238e+18
-0.0	228363204038147.06	-3.203839916761349e+18
-0.0	138455431084179.39	-3.203920021125542e+18
-0.0	76288213538363.14	-3.2039182636469284e+18
-0.0	25685175144325.492	-3.2039130932068326e+18
-0.0	-25685175205089.832	-3.203913093207924e+18
-0.0	-76288213322421.47	-3.20391826364756e+18
-0.0	-138455431085202.0	-3.203920021124167e+18
-0.0	-228363204624105.78	-3.2038399167607404e+18
-0.0	-282055608754336.94	-3.2036929655385733e+18
-0.0	-315131798713776.4	-3.203991379901391e+18
-0.0	-309236506061406.6	-3.2031446923355034e+18
-0.0	-378947754597040.7	-3.206821827432677e+18
-0.0	-474658022338987.44	-3.2011874585628534e+18
-0.0	-616730697857927.6	-3.209452348807649e+18
-0.0	-703184360955807.5	-3.1948950150070175e+18
-0.0	-847650319580903.1	-3.227886697591342e+18
-0.0	-808531302985191.4	-3.145855882755566e+18
-0.0	-880192721108209.6	-3.255413401833524e+18
-0.0	-683340561878971.8	-3.2445198834361523e+18
-0.0	-2937681229030867.5	-2.661028573784655e+18
-0.0	-5523284366614765.0	-3.785164666515601e+18
-0.0	-1.3585523487386834e+16	-4.498562916858624e+16
-0.0	-2.0447775457087816e+16	-7.208928117961947e+18
-0.0	-1.7632346676473782e+17	-1.0084432343177454e+16
-0.0	1.6787976185723958e+17	-1.411524908840345e+16
-0.0	7937118904786690.0	4.4662312826050463e+18
-0.0	1.371855235886689e+16	1.3302664196866908e+18
-0.0	5849290974895174.0	2.4552460933455616e+18
-0.0	1839819740648414.8	2.1345768375732488e+18
-0.0	1196332157355618.8	2.3028060952808676e+18
-0.0	698537851347017.5	2.3741404446345216e+18
-0.0	1008143517772605.5	2.2764189268666678e+18
-0.0	783626461271384.8	2.337534167997778e+18
-0.0	741036876857127.0	2.3102874358953897e+18
-0.0	597282408478200.1	2.3226354066655406e+18
-0.0	474753284603485.06	2.3164356666441646e+18
-0.0	354000655138783.44	2.3191828709923487e+18
-0.0	257768011611032.88	2.3173430596635013e+18
-0.0	265490880862363.72	2.317576106059063e+18
-0.0	225152270513646.94	2.3174985957797576e+18
-0.0	173913825214139.97	2.317410894336946e+18
-0.0	100447164913580.02	2.3173464145733033e+18
-0.0	54589750354231.81	2.317307022521077e+18
-0.0	18674292536840.402	2.3173335244722657e+18
-0.0	-18674292851086.477	2.317333524472312e+18
-0.0	-54589749901641.78	2.3173070225207895e+18
-0.0	-100447164669559.72	2.317346414573578e+18
-0.0	-173913825956366.0	2.3174108943371284e+18
-0.0	-225152270305769.12	2.3174985957791247e+18
-0.0	-265490880797627.44	2.3175761060582697e+18
-0.0	-257768011495258.28	2.3173430596631885e+18
-0.0	-354000654818238.6	2.319182870991965e+18
-0.0	-474753284921367.0	2.3164356666438687e+18
-0.0	-597282408433223.6	2.322635406665637e+18
-0.0	-741036876759613.8	2.310287435895571e+18
-0.0	-783626461311407.1	2.3375341679979336e+18
-0.0	-1008143518107062.0	2.2764189268671672e+18
-0.0	-698537851009325.2	2.374140444635162e+18
-0.0	-1196332157398233.8	2.3028060952801738e+18
-0.0	-1839819740684981.5	2.1345768375740723e+18
-0.0	-5849290974507563.0	2.4552460933455447e+18
-0.0	-1.3718552359064962e+16	1.3302664196867428e+18
-0.0	-7937118904020321.0	4.4662312826044687e+18
-0.0	-1.6787976185723293e+17	-1.4115249088403624e+16
-0.0	1.2879539798325682e+17	-1.4419808997563942e+16
-0.0	1.051513835219475e+16	-1.9956379286301302e+18
-0.0	9267598137153158.0	1.3955254482956266e+17
-0.0	5174397005126583.0	-9.506546289309601e+17
-0.0	1824190476541290.0	-5.770885974994432e+17
-0.0	951189813735357.6	-7.674319804974152e+17
-0.0	782700778622587.9	-7.890942771729413e+17
-0.0	788193790870865.9	-7.627283724554991e+17
-0.0	704016696072329.2	-7.8393583267559e+17
-0.0	592982038571046.2	-7.742284198179465e+17
-0.0	505102302429313.56	-7.79007838097718e+17
-0.0	394340184224653.4	-7.76393627278481e+17
-0.0	302854215436121.06	-7.777660703007462e+17
-0.0	238488985899912.47	-7.769718850429275e+17
-0.0	227064350981083.38	-7.771777173768468e+17
-0.0	184172784008753.25	-7.771700054490359e+17
-0.0	135018525119580.5	-7.772570563233559e+17
-0.0	77559894725677.39	-7.773596937532461e+17
-0.0	41809326187094.33	-7.773777280516421e+17
-0.0	14421554366064.688	-7.773876700058954e+17
-0.0	-14421554396532.73	-7.773876700058874e+17
-0.0	-41809326121446.51	-7.773777280516664e+17
-0.0	-77559894696504.16	-7.773596937532909e+17
-0.0	-135018525249231.55	-7.772570563231393e+17
-0.0	-184172784014938.06	-7.771700054489581e+17
-0.0	-227064350917643.03	-7.771777173768236e+17
-0.0	-238488985914916.72	-7.769718850430524e+17
-0.0	-302854215465559.56	-7.777660703007186e+17
-0.0	-394340184197148.3	-7.763936272785263e+17
-0.0	-505102302441657.7	-7.790078380977313e+17
-0.0	-592982038564112.8	-7.742284198179031e+17
-0.0	-704016696067288.4	-7.839358326757725e+17
-0.0	-788193790844701.5	-7.627283724553725e+17
-0.0	-782700778665372.6	-7.890942771728726e+17
-0.0	-951189813713212.8	-7.674319804973078e+17
-0.0	-1824190476518918.2	-5.770885974995743e+17
-0.0	-5174397005194959.0	-9.506546289310953e+17
-0.0	-9267598137039810.0	1.3955254482959427e+17
-0.0	-1.0515138352267738e+16	-1.9956379286294397e+18
-0.0	-1.2879539798324982e+17	-1.4419808997561426e+16
-0.0	6.060937419807092e+16	-1.3060651091171814e+16
-0.0	-1977710234684572.2	7.794078586061257e+17
-0.0	8209427654168966.0	1.1344565473733143e+18
-0.0	2375314517654999.0	9.483753432236883e+17
-0.0	2587641496918976.0	1.0491728885359185e+18
-0.0	346874222190458.75	9.6065990398143e+17
-0.0	774977042138359.2	1.0152901125207524e+18
-0.0	462117561022395.7	9.809701767004664e+17
-0.0	501262397719839.56	1.0030158266470058e+18
-0.0	358211618607935.9	9.929336710157051e+17
-0.0	311168621635194.3	9.971547840184722e+17
-0.0	236196012674291.0	9.954237757716618e+17
-0.0	163523782572217.06	9.958127378649312e+17
-0.0	133118552934707.56	9.955522119942693e+17
-0.0	121409797065517.05	9.955388008659763e+17
-0.0	98419764140116.95	9.95518221562968e+17
-0.0	68500532351534.32	9.954242541342056e+17
-0.0	37831050270832.1	9.953634192904431e+17
-0.0	19734846805493.168	9.953244880443018e+17
-0.0	6905358897976.216	9.953256807337061e+17
-0.0	-6905358979147.499	9.953256807336293e+17
-0.0	-19734846661794.164	9.953244880444316e+17
-0.0	-37831050177929.21	9.953634192902697e+17
-0.0	-68500532577392.32	9.95424254134341e+17
-0.0	-98419764186281.5	9.95518221562973e+17
-0.0	-121409796929821.39	9.955388008660119e+17
-0.0	-133118552944423.66	9.955522119943773e+17
-0.0	-163523782595038.47	9.958127378648209e+17
-0.0	-236196012633353.38	9.954237757715894e+17
-0.0	-311168621651075.56	9.971547840185004e+17
-0.0	-358211618591345.75	9.92933671015709e+17
-0.0	-501262397713742.56	1.0030158266468598e+18
-0.0	-462117560992124.3	9.809701767004602e+17
-0.0	-774977042179138.5	1.0152901125206857e+18
-0.0	-346874222170906.25	9.606599039811817e+17
-0.0	-2587641496926226.5	1.049172888536163e+18
-0.0	-2375314517721153.5	9.483753432237788e+17
-0.0	-8209427654113659.0	1.1344565473732564e+18
-0.0	1977710234629212.0	7.79407858605612e+17
-0.0	-6.060937419806155e+16	-1.306065109116918e+16
-0.0	1.8394177091070044e+16	-1.738961903031525e+16
-0.0	1.4567381566859658e+16	-6.559937082976582e+16
-0.0	6307406091389274.0	-7.293286269665899e+16
-0.0	3432290581640699.0	-3.987303569432061e+16
-0.0	904413236187058.9	-2.1438592101173204e+16
-0.0	588832890241681.6	-1.7587421910312048e+16
-0.0	417561096080285.3	-1.8252277106733184e+16
-0.0	363173681075369.0	-1.803673062420089e+16
-0.0	339624398970008.4	-1.7952836355928732e+16
-0.0	250299140300633.78	-1.7954805376914572e+16
-0.0	207624034475585.44	-1.7708373819277368e+16
-0.0	138011927689633.67	-1.7526109891827372e+16
-0.0	93481333351384.5	-1.7386330363629454e+16
-0.0	64931590841082.63	-1.7299208095935164e+16
-0.0	66578342264863.47	-1.7191122209095412e+16
-0.0	51415632078050.086	-1.7220705477914486e+16
-0.0	34179932136241.33	-1.7265016415818746e+16
-0.0	16673180322939.156	-1.730511173650871e+16
-0.0	8185755025915.222	-1.7309576873609684e+16
-0.0	3029832992446.7686	-1.7305059829199402e+16
-0.0	-3029832992542.4663	-1.7305059829198916e+16
-0.0	-8185755024831.14	-1.7309576873612286e+16
-0.0	-16673180322966.36	-1.7305111736516578e+16
-0.0	-34179932137246.617	-1.7265016415826536e+16
-0.0	-51415632078551.36	-1.7220705477916614e+16
-0.0	-66578342264717.95	-1.7191122209094926e+16
-0.0	-64931590841175.484	-1.7299208095937194e+16
-0.0	-93481333350994.81	-1.7386330363632276e+16
-0.0	-138011927689042.6	-1.7526109891830094e+16
-0.0	-207624034476317.03	-1.770837381927929e+16
-0.0	-250299140300462.72	-1.7954805376915868e+16
-0.0	-339624398969850.94	-1.7952836355931926e+16
-0.0	-363173681075335.56	-1.8036730624204204e+16
-0.0	-417561096081941.8	-1.825227710673205e+16
-0.0	-588832890240316.1	-1.7587421910309336e+16
-0.0	-904413236186072.0	-2.1438592101176264e+16
-0.0	-3432290581642945.5	-3.987303569432087e+16
-0.0	-6307406091389333.0	-7.293286269665654e+16
-0.0	-1.4567381566862234e+16	-6.559937082976489e+16
-0.0	-1.839417709106005e+16	-1.7389619030306158e+16
