1600
-0.0	6.358087264263705e+30	6.358087264263485e+30
-0.0	-4.408031020905654e+30	-1.42824304174379e+29
-0.0	3.11759868871679e+30	-2.614657971967405e+31
-0.0	-5.665921863549977e+29	-4.358812473575391e+31
-0.0	7.258337359572024e+29	-6.5717588524553315e+31
-0.0	-2.2317514127066936e+29	-7.601383860651711e+31
-0.0	8.064938117288127e+28	-8.010800727113645e+31
-0.0	-3.3272135060280096e+28	-8.015187444822542e+31
-0.0	2.1731741417088674e+28	-8.041864362333538e+31
-0.0	-1.398311051725612e+28	-8.036010583889739e+31
-0.0	3.5156996280032185e+27	-8.048779440754033e+31
-0.0	2.088017923089874e+27	-8.045323901844863e+31
-0.0	-4.8448302959528313e+27	-8.042851284258692e+31
-0.0	3.1342728643638304e+27	-8.0398588294942545e+31
-0.0	-1.4811291578790517e+27	-8.038147450208088e+31
-0.0	9.676614207079232e+26	-8.0375670109582175e+31
-0.0	-1.4860107446078224e+26	-8.0374082866555645e+31
-0.0	3.2923653157433986e+26	-8.03746438164314e+31
-0.0	-1.3509004351938587e+26	-8.037449310144097e+31
-0.0	8.562174479343682e+25	-8.0374710361338835e+31
-0.0	-8.562174948111253e+25	-8.037471036133836e+31
-0.0	1.3509003858539819e+26	-8.037449310143961e+31
-0.0	-3.2923653571399605e+26	-8.037464381643052e+31
-0.0	1.486010702599817e+26	-8.037408286655621e+31
-0.0	-9.676614254029975e+26	-8.03756701095836e+31
-0.0	1.4811291527520447e+27	-8.038147450208061e+31
-0.0	-3.1342728682164823e+27	-8.039858829494134e+31
-0.0	4.8448302915802897e+27	-8.04285128425847e+31
-0.0	-2.0880179274093148e+27	-8.045323901844855e+31
-0.0	-3.5156996334905655e+27	-8.048779440754306e+31
-0.0	1.3983110512515634e+28	-8.036010583889853e+31
-0.0	-2.173174142055642e+28	-8.041864362333465e+31
-0.0	3.3272135054638687e+28	-8.015187444822287e+31
-0.0	-8.06493811778924e+28	-8.010800727113222e+31
-0.0	2.231751412680632e+29	-7.601383860651727e+31
-0.0	-7.258337359646643e+29	-6.571758852456067e+31
-0.0	5.665921863536121e+29	-4.358812473576137e+31
-0.0	-3.117598688718306e+30	-2.614657971967649e+31
-0.0	4.4080310209046396e+30	-1.4282430417140567e+29
-0.0	-6.358087264265771e+30	6.358087264265708e+30
-0.0	-2.941730278617837e+31	1.2665934970578437e+30
-0.0	4.262164571351938e+32	2.1554410120475452e+33
-0.0	2.90145958016535e+31	-3.9109827597483364e+32
-0.0	1.8307281465059669e+31	5.520784890124921e+33
-0.0	-6.028877001945579e+30	4.61874352242498e+33
-0.0	1.894820114789866e+30	4.865667326248096e+33
-0.0	-6.223122485880484e+29	5.326296912043966e+33
-0.0	-7.880124586847756e+28	4.9267569511345166e+33
-0.0	5.884473862809733e+28	5.231821850707351e+33
-0.0	-2.2707607600145814e+28	5.0914934222073706e+33
-0.0	6.3280412271110015e+28	5.155141322078131e+33
-0.0	-3.204603406299688e+28	5.1239783436861893e+33
-0.0	4.924594228645426e+28	5.136784817519633e+33
-0.0	-1.9106125477586742e+28	5.128218022270287e+33
-0.0	8.723672899275183e+27	5.1300470587775643e+33
-0.0	-4.00452991322507e+27	5.129503325636988e+33
-0.0	6.560086852885995e+26	5.129528020136287e+33
-0.0	-6.30768321808419e+26	5.129625509112818e+33
-0.0	-2.9640305590576266e+26	5.1295047457487375e+33
-0.0	3.100053456940277e+26	5.129605482610064e+33
-0.0	-3.100053508548416e+26	5.12960548261002e+33
-0.0	2.9640305182391405e+26	5.1295047457487663e+33
-0.0	6.30768313753025e+26	5.129625509112519e+33
-0.0	-6.560086923874315e+26	5.1295280201364224e+33
-0.0	4.0045299079066056e+27	5.129503325637346e+33
-0.0	-8.723672902265737e+27	5.130047058777225e+33
-0.0	1.9106125466846391e+28	5.128218022270446e+33
-0.0	-4.924594229305227e+28	5.136784817519304e+33
-0.0	3.20460340552272e+28	5.123978343686251e+33
-0.0	-6.328041227103812e+28	5.155141322078506e+33
-0.0	2.2707607596182154e+28	5.091493422207407e+33
-0.0	-5.884473864153702e+28	5.231821850706795e+33
-0.0	7.880124586900802e+28	4.926756951135304e+33
-0.0	6.2231224857933695e+29	5.326296912043404e+33
-0.0	-1.89482011479809e+30	4.8656673262462e+33
-0.0	6.028877001984336e+30	4.618743522426457e+33
-0.0	-1.8307281465069374e+31	5.520784890125507e+33
-0.0	-2.9014595801660123e+31	-3.910982759747868e+32
-0.0	-4.262164571350621e+32	2.1554410120454085e+33
-0.0	2.9417302786174763e+31	1.2665934970573633e+30
-0.0	-5.069588908078926e+31	-1.1649758708912345e+30
-0.0	3.2950819341065075e+31	-3.87968780435463e+32
-0.0	-8.283669982878576e+30	1.5082145582400768e+32
-0.0	1.4054772173829217e+30	-9.643148003876845e+31
-0.0	-1.1051391989554199e+30	-3.258163909507499e+32
-0.0	8.629130199225653e+29	-2.077503728554927e+32
-0.0	-4.653581871572376e+29	-2.871569284749845e+32
-0.0	3.4471161396635614e+29	-2.424999038518753e+32
-0.0	-1.8924957522748546e+29	-2.7083719677868885e+32
-0.0	7.839827770272041e+28	-2.570082612780303e+32
-0.0	-4.155951541280293e+28	-2.6294688318811565e+32
-0.0	8.393895386777908e+26	-2.6109132879060484e+32
-0.0	-4.319458077820846e+26	-2.6092304393392585e+32
-0.0	-4.863106918777833e+27	-2.6135280039784542e+32
-0.0	2.9570655241829876e+27	-2.6087268357643793e+32
-0.0	-2.0090257027350499e+27	-2.6116432407439964e+32
-0.0	7.647388066309955e+26	-2.610073401010164e+32
-0.0	-7.066730147498146e+26	-2.6108686910814002e+32
-0.0	4.215793241929536e+26	-2.6102631673036398e+32
-0.0	-2.496013783642528e+26	-2.6105282122167807e+32
-0.0	2.4960137002183097e+26	-2.6105282122167893e+32
-0.0	-4.2157933061883e+26	-2.6102631673036585e+32
-0.0	7.066730048420445e+26	-2.6108686910811048e+32
-0.0	-7.64738816562954e+26	-2.610073401010389e+32
-0.0	2.0090256949990647e+27	-2.6116432407442667e+32
-0.0	-2.9570655303473935e+27	-2.6087268357641102e+32
-0.0	4.863106906999609e+27	-2.6135280039785933e+32
-0.0	4.319457989227529e+26	-2.6092304393390304e+32
-0.0	-8.393895471341671e+26	-2.610913287906103e+32
-0.0	4.155951540845563e+28	-2.6294688318814602e+32
-0.0	-7.839827771005919e+28	-2.570082612780259e+32
-0.0	1.8924957521493818e+29	-2.7083719677867134e+32
-0.0	-3.4471161397107605e+29	-2.4249990385193672e+32
-0.0	4.653581871495002e+29	-2.8715692847495262e+32
-0.0	-8.62913019936456e+29	-2.0775037285538025e+32
-0.0	1.1051391989676389e+30	-3.258163909508559e+32
-0.0	-1.405477217395556e+30	-9.643148003880427e+31
-0.0	8.283669982875647e+30	1.5082145582400556e+32
-0.0	-3.295081934106029e+31	-3.879687804351673e+32
-0.0	5.069588908078936e+31	-1.1649758708908137e+30
-0.0	-4.911785807201537e+31	3.521084896310218e+29
-0.0	2.43914009672883e+31	5.016477891780168e+33
-0.0	-8.070245002860916e+30	-8.460483879982065e+31
-0.0	4.0198794699711065e+29	6.786922161757439e+32
-0.0	-2.917558387699268e+30	7.735350291529487e+32
-0.0	1.1144064432937474e+30	6.4141266264722995e+32
-0.0	-9.462136574141095e+29	8.098312504240577e+32
-0.0	6.3076018586170945e+29	6.535207629417644e+32
-0.0	-3.800052644285742e+29	7.529854065328118e+32
-0.0	1.6087660620907596e+29	7.05157655026671e+32
-0.0	-1.0050924938902597e+29	7.272384850147184e+32
-0.0	2.1473377578553113e+27	7.170503559308616e+32
-0.0	-9.754688921638177e+27	7.206140693853378e+32
-0.0	-1.4435829316810764e+28	7.185368084174383e+32
-0.0	7.876777766972624e+27	7.182157138464733e+32
-0.0	-5.221036200311863e+27	7.1848016175477e+32
-0.0	1.9703120553677593e+27	7.182871338561872e+32
-0.0	-1.889502819936918e+27	7.18409812120985e+32
-0.0	1.2312186626297777e+27	7.183143377457307e+32
-0.0	-7.80139594086182e+26	7.183696843804638e+32
-0.0	7.801395959762366e+26	7.18369684380447e+32
-0.0	-1.2312186594439435e+27	7.183143377457723e+32
-0.0	1.889502816948188e+27	7.184098121208697e+32
-0.0	-1.9703120563046232e+27	7.182871338562515e+32
-0.0	5.221036200130975e+27	7.184801617548647e+32
-0.0	-7.876777762478359e+27	7.182157138463916e+32
-0.0	1.4435829310795393e+28	7.185368084174745e+32
-0.0	9.754688919599425e+27	7.206140693852359e+32
-0.0	-2.1473377571381362e+27	7.170503559308452e+32
-0.0	1.005092493960248e+29	7.272384850148238e+32
-0.0	-1.6087660620672627e+29	7.051576550266752e+32
-0.0	3.800052644207479e+29	7.5298540653274e+32
-0.0	-6.307601858524771e+29	6.53520762941945e+32
-0.0	9.462136574094131e+29	8.098312504239881e+32
-0.0	-1.1144064432994143e+30	6.4141266264687096e+32
-0.0	2.917558387732207e+30	7.735350291533068e+32
-0.0	-4.019879470138142e+29	6.786922161757772e+32
-0.0	8.070245002859626e+30	-8.460483879982458e+31
-0.0	-2.4391400967281436e+31	5.016477891779444e+33
-0.0	4.911785807201313e+31	3.521084896307358e+29
-0.0	-1.877968537511424e+31	-4.083016731654197e+28
-0.0	-1.0261940044932676e+31	3.892849858132651e+33
-0.0	2.1938594083080966e+30	-2.8085432149455906e+32
-0.0	-9.155697832768584e+29	7.162064313257264e+32
-0.0	-2.201256716140626e+29	3.846867689913394e+32
-0.0	5.592352448194728e+29	5.036037982351489e+32
-0.0	-3.451969764411186e+29	5.4718041997946324e+32
-0.0	3.982462833160873e+29	4.811027926194159e+32
-0.0	-2.4817358830331223e+29	5.335576547389685e+32
-0.0	9.125597354439055e+28	5.10480032433267e+32
-0.0	-7.939871892293652e+28	5.209364389019018e+32
-0.0	-2.8965834545079988e+26	5.154991597105646e+32
-0.0	-9.066849750370065e+27	5.181854258039152e+32
-0.0	-7.929143093640069e+27	5.1637302173652744e+32
-0.0	4.4359769049355926e+27	5.165930712942929e+32
-0.0	-3.1312406707380015e+27	5.165392461700293e+32
-0.0	1.297757830858745e+27	5.165228589578583e+32
-0.0	-1.2773908674214423e+27	5.165514300023145e+32
-0.0	9.148976515644194e+26	5.165247928536561e+32
-0.0	-6.234256907728857e+26	5.165461829030206e+32
-0.0	6.234256910962964e+26	5.165461829030104e+32
-0.0	-9.148976503036958e+26	5.16524792853675e+32
-0.0	1.2773908657596613e+27	5.165514300022687e+32
-0.0	-1.2977578315702208e+27	5.1652285895789424e+32
-0.0	3.1312406700926465e+27	5.165392461700644e+32
-0.0	-4.435976903102748e+27	5.165930712942436e+32
-0.0	7.92914309125325e+27	5.163730217365554e+32
-0.0	9.06684974902357e+27	5.181854258038646e+32
-0.0	2.896583455513283e+26	5.1549915971057e+32
-0.0	7.939871892532893e+28	5.209364389019589e+32
-0.0	-9.12559735435276e+28	5.104800324332635e+32
-0.0	2.481735882993977e+29	5.335576547389237e+32
-0.0	-3.98246283312089e+29	4.811027926195098e+32
-0.0	3.451969764387798e+29	5.4718041997943e+32
-0.0	-5.592352448217437e+29	5.036037982349579e+32
-0.0	2.2012567162767365e+29	3.846867689914384e+32
-0.0	9.155697832657689e+29	7.162064313257235e+32
-0.0	-2.1938594083111976e+30	-2.808543214945808e+32
-0.0	1.0261940044925983e+31	3.892849858132384e+33
-0.0	1.8779685375113694e+31	-4.083016731663467e+28
-0.0	5.448649372335813e+30	1.6205160989867324e+28
-0.0	-2.072304280881205e+31	3.709823857904119e+33
-0.0	4.1199090938199734e+30	-1.652956618601799e+32
-0.0	3.287161635724066e+29	5.484701089631263e+32
-0.0	-9.016099846065177e+29	4.556850712093945e+32
-0.0	3.144788626274949e+29	3.831383362208356e+32
-0.0	-1.1634664726534132e+29	4.724275757521432e+32
-0.0	1.8593627945973618e+28	3.9620885698067735e+32
-0.0	-6.241945503815555e+28	4.595515741870075e+32
-0.0	2.4513881558567978e+28	4.275037993748587e+32
-0.0	-1.7403626442689666e+28	4.413344041775962e+32
-0.0	-5.974743831597746e+27	4.350945569131501e+32
-0.0	1.1757427415295435e+28	4.369947272748722e+32
-0.0	-8.316309248691448e+27	4.355469060390897e+32
-0.0	4.00063900105418e+27	4.354362863011524e+32
-0.0	-2.50052154033022e+27	4.355428516788996e+32
-0.0	6.770583779450107e+26	4.3545721053329346e+32
-0.0	-8.540732183418446e+26	4.355136810394616e+32
-0.0	3.6185091714501516e+26	4.354661469378694e+32
-0.0	-2.2285271916730366e+26	4.355044488457742e+32
-0.0	2.22852721336197e+26	4.355044488457839e+32
-0.0	-3.618509152704894e+26	4.3546614693788146e+32
-0.0	8.540732194914598e+26	4.355136810393925e+32
-0.0	-6.770583757054336e+26	4.3545721053332884e+32
-0.0	2.5005215412377595e+27	4.3554285167895154e+32
-0.0	-4.0006389983697647e+27	4.3543628630109685e+32
-0.0	8.316309249720296e+27	4.3554690603913756e+32
-0.0	-1.1757427414369589e+28	4.369947272748032e+32
-0.0	5.974743834097816e+27	4.3509455691312886e+32
-0.0	1.7403626445107044e+28	4.413344041776647e+32
-0.0	-2.4513881556551983e+28	4.275037993748626e+32
-0.0	6.24194550387781e+28	4.595515741869634e+32
-0.0	-1.85936279422516e+28	3.962088569807947e+32
-0.0	1.1634664726399794e+29	4.724275757520766e+32
-0.0	-3.1447886262472993e+29	3.8313833622057826e+32
-0.0	9.016099846171173e+29	4.556850712096125e+32
-0.0	-3.2871616357849804e+29	5.4847010896316854e+32
-0.0	-4.119909093818884e+30	-1.6529566186019188e+32
-0.0	2.0723042808803265e+31	3.7098238579036897e+33
-0.0	-5.448649372334693e+30	1.6205160989913615e+28
-0.0	1.4380529130240561e+31	-1.368872515277193e+28
-0.0	-2.5891189946306174e+31	3.5416783058932707e+33
-0.0	2.6167177348326726e+30	-2.016828834574254e+32
-0.0	1.3409021579033836e+30	6.065032278179689e+32
-0.0	-1.8484441924092577e+30	4.317818193703351e+32
-0.0	4.332352825036543e+29	4.165930088027968e+32
-0.0	-2.354036532785348e+28	4.956622982766773e+32
-0.0	-8.30209581742437e+28	4.258489852158884e+32
-0.0	1.9214629715700118e+28	4.867943639572744e+32
-0.0	1.6829258794922908e+28	4.588391821831144e+32
-0.0	3.823512209509774e+26	4.7103496717451016e+32
-0.0	-8.475413792131317e+27	4.6560392832068734e+32
-0.0	2.5134017335162757e+28	4.673200462626422e+32
-0.0	-1.1465095745198524e+28	4.656394472245324e+32
-0.0	4.86261061785523e+27	4.65695059424781e+32
-0.0	-3.044251652975391e+27	4.657230596607044e+32
-0.0	3.652499169000583e+26	4.656783549377167e+32
-0.0	-1.0220046469761954e+27	4.6571154392312306e+32
-0.0	2.0339453331793515e+26	4.656706809157328e+32
-0.0	-9.627070642673886e+25	4.657045017461648e+32
-0.0	9.627070680164071e+25	4.657045017461651e+32
-0.0	-2.0339453332867992e+26	4.656706809157399e+32
-0.0	1.0220046465003952e+27	4.657115439230663e+32
-0.0	-3.652499161487251e+26	4.656783549377391e+32
-0.0	3.0442516521281364e+27	4.657230596607496e+32
-0.0	-4.862610616919624e+27	4.6569505942473044e+32
-0.0	1.1465095744424279e+28	4.656394472245702e+32
-0.0	-2.5134017336074806e+28	4.673200462625991e+32
-0.0	8.475413793087923e+27	4.6560392832068604e+32
-0.0	-3.823512203528157e+26	4.710349671745701e+32
-0.0	-1.6829258794777179e+28	4.5883918218310004e+32
-0.0	-1.9214629716689973e+28	4.867943639572184e+32
-0.0	8.302095817635998e+28	4.258489852159998e+32
-0.0	2.3540365324177596e+28	4.95662298276607e+32
-0.0	-4.3323528250235826e+29	4.165930088025782e+32
-0.0	1.8484441924181132e+30	4.317818193705001e+32
-0.0	-1.3409021579134063e+30	6.065032278179896e+32
-0.0	-2.616717734830907e+30	-2.016828834574388e+32
-0.0	2.5891189946282404e+31	3.541678305892855e+33
-0.0	-1.4380529130237999e+31	-1.3688725152751138e+28
-0.0	1.4493679500580506e+31	5.528068598452653e+27
-0.0	-2.2847131209883165e+31	2.7715217501156326e+33
-0.0	7.05510373222848e+29	-1.4511558102797525e+32
-0.0	1.9058149964871845e+30	4.221804600223721e+32
-0.0	-2.5545201628828216e+30	3.215949597576752e+32
-0.0	5.3347637409746355e+29	2.9944672906487365e+32
-0.0	-5.267871039374893e+28	3.6280740258347e+32
-0.0	-1.3047914352388279e+29	3.0682798053892977e+32
-0.0	2.9259384441794785e+28	3.550909597065061e+32
-0.0	2.1418626911553133e+28	3.322490684900425e+32
-0.0	1.0589158609654622e+28	3.418440575193021e+32
-0.0	-8.304150387924255e+27	3.373919595554212e+32
-0.0	3.1659000315910635e+28	3.3859824942646526e+32
-0.0	-1.3599494999847886e+28	3.3738821377942185e+32
-0.0	5.395212646691097e+27	3.374503683928856e+32
-0.0	-3.647208310800327e+27	3.374753819430227e+32
-0.0	5.724421293800897e+25	3.3743412381347145e+32
-0.0	-1.2925553643631839e+27	3.374644175959312e+32
-0.0	2.470760828403219e+26	3.374306360389032e+32
-0.0	-1.0821892740216104e+26	3.374580988068807e+32
-0.0	1.0821892822805356e+26	3.3745809880688666e+32
-0.0	-2.470760820764885e+26	3.374306360389144e+32
-0.0	1.2925553642219854e+27	3.374644175958903e+32
-0.0	-5.724421190784855e+25	3.374341238134919e+32
-0.0	3.6472083106922914e+27	3.374753819430594e+32
-0.0	-5.395212645095833e+27	3.374503683928527e+32
-0.0	1.3599494999340642e+28	3.373882137794463e+32
-0.0	-3.1659000316357244e+28	3.385982494264271e+32
-0.0	8.304150389196764e+27	3.3739195955542346e+32
-0.0	-1.0589158608356693e+28	3.4184405751934076e+32
-0.0	-2.141862691082084e+28	3.322490684900332e+32
-0.0	-2.9259384442549793e+28	3.5509095970647685e+32
-0.0	1.3047914352691642e+29	3.0682798053899718e+32
-0.0	5.267871039073386e+28	3.628074025834559e+32
-0.0	-5.3347637409641316e+29	2.9944672906472824e+32
-0.0	2.554520162893707e+30	3.2159495975780006e+32
-0.0	-1.9058149964964098e+30	4.221804600223841e+32
-0.0	-7.055103732193326e+29	-1.4511558102798159e+32
-0.0	2.28471312098658e+31	2.7715217501154493e+33
-0.0	-1.4493679500577211e+31	5.528068598483045e+27
-0.0	1.3409940877851208e+31	-2.889009619594288e+27
-0.0	-2.496656699643357e+31	2.377799271383576e+33
-0.0	8.91279184766805e+29	-1.332974315969873e+32
-0.0	1.922111319151648e+30	3.971620749476857e+32
-0.0	-2.736864325252205e+30	2.879108897705592e+32
-0.0	5.795028940273936e+29	2.841107297941015e+32
-0.0	-9.782132146813579e+28	3.3844314726814296e+32
-0.0	-1.0067344137468978e+29	2.9079889231294066e+32
-0.0	3.78215597092436e+27	3.3294520938156426e+32
-0.0	3.457484118953616e+28	3.139444920329803e+32
-0.0	6.152366623673489e+27	3.2216491253155505e+32
-0.0	-1.024722555623914e+28	3.183903690594827e+32
-0.0	3.200548680527491e+28	3.1956373595370452e+32
-0.0	-1.415044835779134e+28	3.1850187977381333e+32
-0.0	6.688135704867436e+27	3.1857729220635633e+32
-0.0	-3.7389670641146537e+27	3.1858932420704566e+32
-0.0	1.2072718678495907e+26	3.1855992647333577e+32
-0.0	-1.300658176533614e+27	3.1858607940446736e+32
-0.0	3.6590286033255126e+26	3.1855721061046966e+32
-0.0	-1.719941682188758e+26	3.185786730608464e+32
-0.0	1.7199416853527592e+26	3.1857867306083876e+32
-0.0	-3.6590286000275e+26	3.185572106104793e+32
-0.0	1.300658175610242e+27	3.1858607940444545e+32
-0.0	-1.2072718638158074e+26	3.1855992647335923e+32
-0.0	3.7389670633078315e+27	3.1858932420707164e+32
-0.0	-6.688135703699096e+27	3.1857729220632924e+32
-0.0	1.4150448356478439e+28	3.1850187977383105e+32
-0.0	-3.200548680642994e+28	3.1956373595367786e+32
-0.0	1.0247225557077342e+28	3.183903690594865e+32
-0.0	-6.152366622764414e+27	3.2216491253159403e+32
-0.0	-3.457484118927063e+28	3.1394449203298283e+32
-0.0	-3.7821559727264863e+27	3.329452093815417e+32
-0.0	1.0067344137774962e+29	2.9079889231299106e+32
-0.0	9.78213214641634e+28	3.3844314726811954e+32
-0.0	-5.795028940268291e+29	2.8411072979397188e+32
-0.0	2.7368643252636014e+30	2.8791088977066217e+32
-0.0	-1.9221113191632338e+30	3.971620749477017e+32
-0.0	-8.912791847649087e+29	-1.332974315969958e+32
-0.0	2.49665669964105e+31	2.3777992713833358e+33
-0.0	-1.3409940877848472e+31	-2.889009619529775e+27
-0.0	1.267711360750148e+31	2.0116543018885108e+27
-0.0	-2.4402761965276126e+31	1.778412032428595e+33
-0.0	1.059007652356532e+30	-9.86079812301928e+31
-0.0	1.6989030227990305e+30	2.9267428126247135e+32
-0.0	-2.5117476408489088e+30	2.1209652774546202e+32
-0.0	5.547580849316363e+29	2.074361247977767e+32
-0.0	-1.0227594663172235e+29	2.484900431352755e+32
-0.0	-7.8735304427459805e+28	2.1243316277392476e+32
-0.0	1.979675525098843e+27	2.4424615455137302e+32
-0.0	3.815347251140281e+28	2.3008446539002844e+32
-0.0	4.1591107349434473e+27	2.361606227098719e+32
-0.0	-7.536767658949898e+27	2.332938293047066e+32
-0.0	2.9105612861150018e+28	2.341561608405283e+32
-0.0	-1.3537457269209067e+28	2.3334579305412855e+32
-0.0	6.182945292614454e+27	2.3338561446341626e+32
-0.0	-3.89300560557034e+27	2.3339585446984787e+32
-0.0	5.465023105145324e+25	2.333756315063563e+32
-0.0	-1.235304177831858e+27	2.3339657132060487e+32
-0.0	3.737232596745593e+26	2.3337375119283553e+32
-0.0	-1.8253238439108925e+26	2.333909461530073e+32
-0.0	1.8253238462250195e+26	2.333909461529987e+32
-0.0	-3.73723259319845e+26	2.333737511928444e+32
-0.0	1.2353041768376098e+27	2.3339657132058844e+32
-0.0	-5.465023080003434e+25	2.3337563150637335e+32
-0.0	3.89300560485688e+27	2.333958544698633e+32
-0.0	-6.182945291518652e+27	2.3338561446339702e+32
-0.0	1.3537457267847175e+28	2.3334579305414422e+32
-0.0	-2.910561286226286e+28	2.341561608405091e+32
-0.0	7.536767659694398e+27	2.3329382930471415e+32
-0.0	-4.1591107340484003e+27	2.361606227099005e+32
-0.0	-3.815347251116422e+28	2.300844653900323e+32
-0.0	-1.9796755268869622e+27	2.4424615455135793e+32
-0.0	7.873530443037423e+28	2.124331627739589e+32
-0.0	1.0227594662799922e+29	2.4849004313525285e+32
-0.0	-5.547580849311715e+29	2.0743612479768147e+32
-0.0	2.5117476408596847e+30	2.1209652774553956e+32
-0.0	-1.6989030228100854e+30	2.9267428126248457e+32
-0.0	-1.0590076523550156e+30	-9.860798123019925e+31
-0.0	2.4402761965254883e+31	1.778412032428397e+33
-0.0	-1.2677113607499325e+31	2.0116543019525513e+27
-0.0	1.172447365704635e+31	-4.2400225448164967e+26
-0.0	-2.3380774430549867e+31	1.2908363275128992e+33
-0.0	1.3320172021360853e+30	-7.403574972516255e+31
-0.0	1.440524943766726e+30	2.214355586997737e+32
-0.0	-2.175534207907756e+30	1.5518376196884747e+32
-0.0	5.141181151853606e+29	1.568222759246514e+32
-0.0	-1.0521184639401016e+29	1.8560662713905865e+32
-0.0	-5.255331742471687e+28	1.5960733763658194e+32
-0.0	-9.797130940843464e+27	1.8260923315566502e+32
-0.0	3.5452571908751057e+28	1.7241824386541568e+32
-0.0	-1.818561127634457e+26	1.7673919247955457e+32
-0.0	-6.886111926578057e+27	1.7469804029943953e+32
-0.0	2.4378963374277316e+28	1.75355287374544e+32
-0.0	-1.2374610630654962e+28	1.747572350650096e+32
-0.0	5.34885364986006e+27	1.748020167983347e+32
-0.0	-3.532371764252582e+27	1.7480107226183e+32
-0.0	1.424842355629318e+26	1.747889030385611e+32
-0.0	-1.1181840942447894e+27	1.748019517728092e+32
-0.0	3.565164878929752e+26	1.747858348984646e+32
-0.0	-1.9877095574081938e+26	1.7479815193689746e+32
-0.0	1.9877095571695905e+26	1.7479815193689407e+32
-0.0	-3.565164878136676e+26	1.747858348984704e+32
-0.0	1.1181840930998159e+27	1.748019517727923e+32
-0.0	-1.4248423564649455e+26	1.7478890303857274e+32
-0.0	3.53237176333408e+27	1.7480107226184764e+32
-0.0	-5.348853648997621e+27	1.74802016798319e+32
-0.0	1.2374610628979289e+28	1.7475723506502215e+32
-0.0	-2.4378963375592165e+28	1.7535528737453315e+32
-0.0	6.88611192697598e+27	1.7469804029944097e+32
-0.0	1.818561132826184e+26	1.767391924795815e+32
-0.0	-3.5452571908775726e+28	1.7241824386541903e+32
-0.0	9.79713093880945e+27	1.826092331556544e+32
-0.0	5.255331742708532e+28	1.5960733763660923e+32
-0.0	1.0521184639030391e+29	1.8560662713904233e+32
-0.0	-5.1411811518536654e+29	1.5682227592458485e+32
-0.0	2.1755342079175039e+30	1.5518376196890636e+32
-0.0	-1.4405249437773804e+30	2.2143555869978927e+32
-0.0	-1.3320172021353836e+30	-7.403574972516808e+31
-0.0	2.338077443052925e+31	1.2908363275127528e+33
-0.0	-1.1724473657044455e+31	-4.240022544300435e+26
-0.0	1.0078328065601913e+31	-2.420832552965168e+26
-0.0	-2.048339763319563e+31	8.411409255627137e+32
-0.0	1.313077773741145e+30	-4.950704359399544e+31
-0.0	1.1226126109152336e+30	1.4812338100170927e+32
-0.0	-1.7660140811986158e+30	1.0085074573656925e+32
-0.0	4.357732847090168e+29	1.0460837608740354e+32
-0.0	-8.876042720383992e+28	1.2291804939970692e+32
-0.0	-3.1709181856466467e+28	1.0600829832074862e+32
-0.0	-1.3671484548413952e+28	1.2094299876074875e+32
-0.0	3.217506482789736e+28	1.1435468805136801e+32
-0.0	-7.182581155143202e+26	1.1714477865667765e+32
-0.0	-4.8621426896546323e+27	1.1582467756112972e+32
-0.0	2.0216547113943376e+28	1.1625489511135872e+32
-0.0	-1.004034562486986e+28	1.1585553248106112e+32
-0.0	4.5587483130326707e+27	1.1588913321870242e+32
-0.0	-2.834744023248705e+27	1.1588376007668076e+32
-0.0	1.6678579943844127e+26	1.1587716823893111e+32
-0.0	-9.423652711786715e+26	1.158849636310156e+32
-0.0	3.180615911925478e+26	1.1587534571890389e+32
-0.0	-1.8377743919100972e+26	1.1588334037295772e+32
-0.0	1.8377743783293955e+26	1.1588334037295776e+32
-0.0	-3.180615925912838e+26	1.1587534571890962e+32
-0.0	9.423652688959537e+26	1.158849636310069e+32
-0.0	-1.6678580069808237e+26	1.1587716823893918e+32
-0.0	2.8347440211487536e+27	1.1588376007669128e+32
-0.0	-4.5587483137397787e+27	1.1588913321869454e+32
-0.0	1.0040345622017355e+28	1.158555324810717e+32
-0.0	-2.021654711640894e+28	1.1625489511134858e+32
-0.0	4.862142688574481e+27	1.1582467756113333e+32
-0.0	7.182581146726209e+26	1.17144778656692e+32
-0.0	-3.217506482924452e+28	1.1435468805137023e+32
-0.0	1.3671484545287031e+28	1.2094299876073845e+32
-0.0	3.1709181857157083e+28	1.0600829832076757e+32
-0.0	8.876042719937358e+28	1.2291804939969755e+32
-0.0	-4.357732847101652e+29	1.0460837608735925e+32
-0.0	1.766014081205573e+30	1.0085074573660852e+32
-0.0	-1.1226126109261875e+30	1.481233810017133e+32
-0.0	-1.313077773741442e+30	-4.950704359399874e+31
-0.0	2.0483397633173427e+31	8.411409255626513e+32
-0.0	-1.007832806560033e+31	-2.4208325524744132e+26
-0.0	7.86808707142891e+30	4.026519948530444e+26
-0.0	-1.6507456126883501e+31	4.87711956138845e+32
-0.0	1.191576688996083e+30	-2.978201372394832e+31
-0.0	7.815275187038074e+29	9.005604318143814e+31
-0.0	-1.292724995058829e+30	5.875439619053173e+31
-0.0	3.352215950753313e+29	6.335944510705554e+31
-0.0	-7.170323418707711e+28	7.347686589909265e+31
-0.0	-1.3699026705519778e+28	6.3742968289655635e+31
-0.0	-1.5227181071668673e+28	7.23555378887691e+31
-0.0	2.607266227561199e+28	6.859658828309428e+31
-0.0	-2.604767317702262e+27	7.018193757832804e+31
-0.0	-4.0185444698422284e+27	6.941948692489319e+31
-0.0	1.4469820129389448e+28	6.967749480198633e+31
-0.0	-7.700410186417873e+27	6.943346963692183e+31
-0.0	3.335816984621708e+27	6.945890330060397e+31
-0.0	-2.2048670431670437e+27	6.945336897062559e+31
-0.0	9.736231566418535e+25	6.945027224504177e+31
-0.0	-7.409296217183926e+26	6.945437093518758e+31
-0.0	2.5540149867908635e+26	6.944943355969043e+31
-0.0	-1.5530620500575903e+26	6.945378987836266e+31
-0.0	1.553062050017829e+26	6.9453789878362925e+31
-0.0	-2.5540149869620873e+26	6.944943355969732e+31
-0.0	7.409296209081094e+26	6.9454370935182115e+31
-0.0	-9.736231593766677e+25	6.945027224504486e+31
-0.0	2.2048670427081906e+27	6.945336897063027e+31
-0.0	-3.335816984200044e+27	6.945890330059812e+31
-0.0	7.700410185219348e+27	6.943346963692578e+31
-0.0	-1.4469820130224978e+28	6.967749480198179e+31
-0.0	4.018544469908619e+27	6.941948692489286e+31
-0.0	2.6047673181671036e+27	7.018193757833723e+31
-0.0	-2.6072662275645807e+28	6.859658828309414e+31
-0.0	1.5227181070184957e+28	7.23555378887634e+31
-0.0	1.3699026706991879e+28	6.374296828966382e+31
-0.0	7.170323418490792e+28	7.347686589908765e+31
-0.0	-3.352215950755224e+29	6.3359445107032385e+31
-0.0	1.2927249950650187e+30	5.87543961905551e+31
-0.0	-7.815275187106246e+29	9.005604318144032e+31
-0.0	-1.1915766889956135e+30	-2.9782013723950468e+31
-0.0	1.65074561268707e+31	4.877119561388042e+32
-0.0	-7.86808707142758e+30	4.02651994880802e+26
-0.0	5.430271279486905e+30	-1.7619565775996615e+26
-0.0	-1.1864854425458899e+31	2.3429221055459395e+32
-0.0	9.777585670662789e+29	-1.5143109950299933e+31
-0.0	4.477897681696683e+29	4.605474215261556e+31
-0.0	-8.051252120031436e+29	2.8241158861221536e+31
-0.0	2.2357671850744698e+29	3.222819939926172e+31
-0.0	-5.206443072228123e+28	3.6731895464354503e+31
-0.0	3.8291510053633745e+26	3.212816856914885e+31
-0.0	-1.5611127885477293e+28	3.622151162269085e+31
-0.0	1.8722510990917596e+28	3.446285661986062e+31
-0.0	-3.334153169201754e+27	3.519875764110764e+31
-0.0	-2.586568317534023e+27	3.4838204069562566e+31
-0.0	8.827470367435293e+27	3.496740173011154e+31
-0.0	-4.9356732710656884e+27	3.484321339427372e+31
-0.0	2.204183484967963e+27	3.4859880252517185e+31
-0.0	-1.427039005308597e+27	3.485513776702659e+31
-0.0	8.462293072382681e+25	3.485438117009584e+31
-0.0	-4.9296234143614844e+26	3.4856038393817484e+31
-0.0	1.819994344069787e+26	3.4854031544839255e+31
-0.0	-1.1278004894623129e+26	3.4855998174591693e+31
-0.0	1.1278004896852457e+26	3.485599817459271e+31
-0.0	-1.8199943457062573e+26	3.4854031544843434e+31
-0.0	4.9296234078326785e+26	3.48560383938135e+31
-0.0	-8.462293079388493e+25	3.4854381170098793e+31
-0.0	1.427039004868372e+27	3.485513776702738e+31
-0.0	-2.2041834847154954e+27	3.4859880252514704e+31
-0.0	4.9356732702353455e+27	3.484321339427528e+31
-0.0	-8.82747036809501e+27	3.4967401730108972e+31
-0.0	2.586568317637796e+27	3.4838204069562895e+31
-0.0	3.334153169378831e+27	3.5198757641113554e+31
-0.0	-1.8722510990983573e+28	3.4462856619860065e+31
-0.0	1.5611127884462149e+28	3.6221511622687285e+31
-0.0	-3.8291509952985894e+26	3.2128168569155124e+31
-0.0	5.20644307206394e+28	3.673189546435099e+31
-0.0	-2.2357671850760207e+29	3.2228199399250042e+31
-0.0	8.051252120072911e+29	2.8241158861233155e+31
-0.0	-4.4778976817449976e+29	4.60547421526157e+31
-0.0	-9.777585670658615e+29	-1.5143109950300696e+31
-0.0	1.186485442545026e+31	2.3429221055457532e+32
-0.0	-5.430271279486121e+30	-1.7619565774284404e+26
-0.0	3.169520509078586e+30	4.534842541347361e+25
-0.0	-7.292289571563487e+30	8.431367310206766e+31
-0.0	6.973070550662497e+29	-5.909893104050194e+30
-0.0	1.85311236992659e+29	1.824464209260182e+31
-0.0	-3.954789071603528e+29	1.0210428348272704e+31
-0.0	1.2235561603060474e+29	1.2684899721558886e+31
-0.0	-3.2108409922640417e+28	1.4108262683462003e+31
-0.0	7.827774218759268e+27	1.2489155695934527e+31
-0.0	-1.3077209130900805e+28	1.393622591214166e+31
-0.0	1.1384824113281188e+28	1.3330711053683484e+31
-0.0	-3.245003343282029e+27	1.3580146286190064e+31
-0.0	-1.357804516924231e+27	1.345317944194099e+31
-0.0	4.2098328023730496e+27	1.3503522776621783e+31
-0.0	-2.5938011156093133e+27	1.3454641907393179e+31
-0.0	1.1529398871647327e+27	1.3463038105507508e+31
-0.0	-7.745179963154251e+26	1.3460106490289778e+31
-0.0	5.118345481651183e+25	1.3460346179954728e+31
-0.0	-2.737267008876449e+26	1.3460718871364672e+31
-0.0	1.103942950678232e+26	1.3460220781807115e+31
-0.0	-7.019298326159169e+25	1.3460839590389078e+31
-0.0	7.019298337926586e+25	1.3460839590389057e+31
-0.0	-1.1039429498588506e+26	1.3460220781808386e+31
-0.0	2.7372670065903537e+26	1.3460718871363805e+31
-0.0	-5.11834548376898e+25	1.3460346179955257e+31
-0.0	7.745179962341188e+26	1.3460106490290222e+31
-0.0	-1.152939886892359e+27	1.3463038105506674e+31
-0.0	2.593801115252111e+27	1.34546419073939e+31
-0.0	-4.2098328026053957e+27	1.3503522776620868e+31
-0.0	1.3578045170418753e+27	1.3453179441940563e+31
-0.0	3.245003343541086e+27	1.3580146286191566e+31
-0.0	-1.1384824113169972e+28	1.333071105368366e+31
-0.0	1.3077209130404473e+28	1.39362259121404e+31
-0.0	-7.827774218085644e+27	1.248915569593596e+31
-0.0	3.210840992191256e+28	1.410826268346132e+31
-0.0	-1.2235561603060558e+29	1.2684899721554984e+31
-0.0	3.954789071626959e+29	1.0210428348276793e+31
-0.0	-1.853112369951903e+29	1.8244642092601601e+31
-0.0	-6.97307055066075e+29	-5.909893104050526e+30
-0.0	7.292289571558998e+30	8.431367310206171e+31
-0.0	-3.1695205090781475e+30	4.534842542922581e+25
-0.0	1.443429649332526e+30	-1.237266070853404e+25
-0.0	-3.558190988157383e+30	1.7832037655022947e+31
-0.0	4.0414951904548335e+29	-1.4370793203086035e+30
-0.0	3.099642599077754e+28	4.541835687821282e+30
-0.0	-1.2436634738924998e+29	2.1756733574759143e+30
-0.0	4.8250331340746e+28	3.1247953361189386e+30
-0.0	-1.5210551557032398e+28	3.3444060782723414e+30
-0.0	8.508958345108495e+27	3.016939569426969e+30
-0.0	-8.357089411762046e+27	3.3123969402246226e+30
-0.0	5.309950900043167e+27	3.1957412742818714e+30
-0.0	-2.2821680429934733e+27	3.242093951880294e+30
-0.0	-4.866394284840411e+26	3.2164352752500086e+30
-0.0	1.2379309446908432e+27	3.2286605003038774e+30
-0.0	-9.583343362113193e+26	3.2165578174542723e+30
-0.0	4.267891238770709e+26	3.2193311353162236e+30
-0.0	-2.9776340477470527e+26	3.2182251973760684e+30
-0.0	2.482784804301866e+25	3.218485088251066e+30
-0.0	-1.0871246702919692e+26	3.218485441315881e+30
-0.0	5.2802492384699586e+25	3.218472175971036e+30
-0.0	-3.389133236110853e+25	3.2185643278513665e+30
-0.0	3.389133240679422e+25	3.218564327851292e+30
-0.0	-5.280249231477405e+25	3.218472175971342e+30
-0.0	1.0871246693498073e+26	3.2184854413157196e+30
-0.0	-2.482784806504849e+25	3.218485088251122e+30
-0.0	2.9776340472382725e+26	3.218225197376273e+30
-0.0	-4.267891237459602e+26	3.219331135315973e+30
-0.0	9.583343360580856e+26	3.21655781745452e+30
-0.0	-1.2379309447802408e+27	3.228660500303475e+30
-0.0	4.8663942854870976e+26	3.2164352752500385e+30
-0.0	2.2821680430805593e+27	3.2420939518808937e+30
-0.0	-5.309950900004018e+27	3.195741274281857e+30
-0.0	8.357089411554872e+27	3.3123969402244155e+30
-0.0	-8.508958344798662e+27	3.016939569427349e+30
-0.0	1.5210551556694338e+28	3.344406078272388e+30
-0.0	-4.825033134074282e+28	3.1247953361182793e+30
-0.0	1.2436634739017003e+29	2.1756733574770037e+30
-0.0	-3.099642599189851e+28	4.541835687821096e+30
-0.0	-4.041495190454809e+29	-1.437079320308701e+30
-0.0	3.558190988155421e+30	1.7832037655022458e+31
-0.0	-1.4434296493323378e+30	-1.2372660702765417e+25
-0.0	4.197454094560252e+29	6.407730902544117e+23
-0.0	-1.1665045569117359e+30	9.348777080733458e+29
-0.0	1.687602691249996e+29	-1.0375770757928963e+29
-0.0	-2.3328977988013094e+28	3.539932084122692e+29
-0.0	3.386875919246374e+26	1.1790764879924184e+29
-0.0	8.054423865292575e+27	2.3873601114942184e+29
-0.0	-4.284278985505645e+27	2.3680810999149982e+29
-0.0	5.041107882371955e+27	2.2196456287833865e+29
-0.0	-3.5721424936752905e+27	2.358363648359168e+29
-0.0	1.473786200681136e+27	2.3157581328250395e+29
-0.0	-1.0522605267583597e+27	2.3296383108919933e+29
-0.0	-5.205990439014562e+25	2.3180885597594643e+29
-0.0	-6.1429974425120165e+25	2.3271660914056037e+29
-0.0	-1.221706986962164e+26	2.3178219554003023e+29
-0.0	5.752251550510141e+25	2.320967091161187e+29
-0.0	-4.61706791378514e+25	2.319564851324744e+29
-0.0	8.057613882890818e+24	2.3200444216347625e+29
-0.0	-1.9708032299131636e+25	2.319907962138028e+29
-0.0	1.5099666254290847e+25	2.3200522508113623e+29
-0.0	-9.803278413407472e+24	2.3200368130064997e+29
-0.0	9.803278425344277e+24	2.320036813006452e+29
-0.0	-1.5099666237568795e+25	2.32005225081155e+29
-0.0	1.9708032274461765e+25	2.3199079621376964e+29
-0.0	-8.057613894645852e+24	2.3200444216347224e+29
-0.0	4.617067912488977e+25	2.31956485132484e+29
-0.0	-5.7522515479104905e+25	2.3209670911609324e+29
-0.0	1.2217069866009102e+26	2.3178219554003685e+29
-0.0	6.142997440685868e+25	2.3271660914051185e+29
-0.0	5.20599044042468e+25	2.3180885597591325e+29
-0.0	1.0522605267783348e+27	2.3296383108925338e+29
-0.0	-1.4737862006681486e+27	2.3157581328251718e+29
-0.0	3.572142493620684e+27	2.3583636483590014e+29
-0.0	-5.041107882303298e+27	2.2196456287835808e+29
-0.0	4.284278985436794e+27	2.3680810999151295e+29
-0.0	-8.054423865293108e+27	2.3873601114944527e+29
-0.0	-3.386875917993396e+26	1.179076487993038e+29
-0.0	2.3328977987765057e+28	3.539932084122292e+29
-0.0	-1.687602691250353e+29	-1.0375770757929672e+29
-0.0	1.16650455691116e+30	9.348777080733118e+29
-0.0	-4.197454094559614e+29	6.407730921139429e+23
-0.0	2.9314179452159747e+27	1.4819524502153093e+23
-0.0	-8.922228545523243e+28	8.008009595479671e+28
-0.0	3.4009500558657294e+28	-9.919828749540078e+26
-0.0	-2.113927942342097e+28	-5.280521029604743e+26
-0.0	2.5545790332725157e+28	1.013980616207084e+28
-0.0	-4.8244396330148315e+27	7.852275719276235e+26
-0.0	3.913729100838043e+26	4.4003590829265224e+27
-0.0	1.4239970009369513e+27	2.4234315677784032e+27
-0.0	-5.481252838141067e+26	4.110690870565161e+27
-0.0	-1.4496017638344903e+26	3.211221668233425e+27
-0.0	-1.9018828003556637e+26	3.6276795514579156e+27
-0.0	6.421905236914234e+25	3.471863651333182e+27
-0.0	-2.783504736417852e+26	3.4772792793222065e+27
-0.0	1.133751354462366e+26	3.4789994431007906e+27
-0.0	-4.891885839469335e+25	3.459318435632013e+27
-0.0	2.9989390988204903e+25	3.4700955044319194e+27
-0.0	-1.2857221847749892e+23	3.4646275534103057e+27
-0.0	9.407698560443532e+24	3.4672992876123194e+27
-0.0	-1.1525546315332038e+24	3.464297941494312e+27
-0.0	7.558544615347863e+23	3.4659448689237826e+27
-0.0	-7.558544612118943e+23	3.465944868919445e+27
-0.0	1.1525546276715012e+24	3.464297941492814e+27
-0.0	-9.407698554626399e+24	3.4672992876174877e+27
-0.0	1.2857222123964633e+23	3.4646275534031166e+27
-0.0	-2.998939098708079e+25	3.470095504430883e+27
-0.0	4.891885838540812e+25	3.459318435631135e+27
-0.0	-1.1337513543637456e+26	3.4789994431005443e+27
-0.0	2.7835047364861873e+26	3.477279279331948e+27
-0.0	-6.421905236773974e+25	3.4718636513249273e+27
-0.0	1.9018828002536142e+26	3.627679551439352e+27
-0.0	1.4496017638184226e+26	3.2112216682315185e+27
-0.0	5.481252838229936e+26	4.11069087056683e+27
-0.0	-1.42399700094939e+27	2.4234315677703292e+27
-0.0	-3.913729100693586e+26	4.400359082921328e+27
-0.0	4.824439633019386e+27	7.85227571904309e+26
-0.0	-2.554579033284228e+28	1.0139806162004752e+28
-0.0	2.113927942348261e+28	-5.280521029499898e+26
-0.0	-3.4009500558683845e+28	-9.919828749561511e+26
-0.0	8.922228545522761e+28	8.008009595478253e+28
-0.0	-2.9314179452074095e+27	1.4819524500222032e+23
-0.0	-6.715077250662435e+28	-1.2804727876161051e+23
-0.0	1.4727144273189085e+29	-2.0129524795046433e+28
-0.0	-1.1494678314109978e+28	-2.1405400680070404e+27
-0.0	-6.021816120888841e+27	7.134885677332543e+27
-0.0	1.2838204151390166e+28	-2.765105975614423e+27
-0.0	-4.080972023351562e+27	4.279486699742496e+27
-0.0	1.0367171658167422e+27	2.4464420967809906e+27
-0.0	-2.9099063921109815e+26	3.1418812676760557e+27
-0.0	4.381359481307648e+26	2.571764713572373e+27
-0.0	-3.6465958987253056e+26	2.9352145953395233e+27
-0.0	1.2241021646811641e+26	2.755558263028371e+27
-0.0	4.110312813816059e+25	2.810395924617503e+27
-0.0	-1.1919914203835871e+26	2.825470060742807e+27
-0.0	7.856931173650881e+25	2.8066068462726105e+27
-0.0	-3.48613928891405e+25	2.8225330349213024e+27
-0.0	2.3552138661710267e+25	2.8144966990964376e+27
-0.0	-1.6802277669847385e+24	2.818121497693286e+27
-0.0	8.464233892097631e+24	2.816571054287383e+27
-0.0	-3.628008168021112e+24	2.818323135726705e+27
-0.0	2.3481240243715413e+24	2.817475544692405e+27
-0.0	-2.3481240262415782e+24	2.817475544689824e+27
-0.0	3.628008165365944e+24	2.81832313572401e+27
-0.0	-8.464233884001216e+24	2.81657105429436e+27
-0.0	1.6802277686885547e+24	2.818121497693054e+27
-0.0	-2.3552138660409583e+25	2.8144966990946476e+27
-0.0	3.4861392880658612e+25	2.8225330349220677e+27
-0.0	-7.856931172529714e+25	2.806606846274751e+27
-0.0	1.1919914204650997e+26	2.825470060753326e+27
-0.0	-4.110312813847046e+25	2.810395924617011e+27
-0.0	-1.2241021648026583e+26	2.755558263007804e+27
-0.0	3.646595898692571e+26	2.93521459533757e+27
-0.0	-4.381359481169901e+26	2.571764713572975e+27
-0.0	2.9099063919333052e+26	3.14188126766828e+27
-0.0	-1.0367171658001723e+27	2.4464420967748732e+27
-0.0	4.080972023356345e+27	4.2794866997225346e+27
-0.0	-1.2838204151483224e+28	-2.7651059756689484e+27
-0.0	6.021816120969551e+27	7.134885677344026e+27
-0.0	1.1494678314100067e+28	-2.1405400680090935e+27
-0.0	-1.4727144273181859e+29	-2.0129524795031233e+28
-0.0	6.715077250662008e+28	-1.280472790055207e+23
-0.0	-2.978580353274448e+28	3.789946479183478e+22
-0.0	7.8220165903603805e+28	-1.2736715482529068e+26
-0.0	-1.1686961570810737e+28	2.307002586742908e+27
-0.0	1.8786561369814706e+27	-6.469070750742884e+27
-0.0	4.010097780665857e+26	1.347230172444986e+26
-0.0	-8.536393484642319e+26	-4.1631618082725714e+27
-0.0	3.781642285674323e+26	-3.318898332919763e+27
-0.0	-4.397904709576608e+26	-3.499290064578728e+27
-0.0	3.2589810197093856e+26	-3.36694603457004e+27
-0.0	-1.3834075779865576e+26	-3.492208855575831e+27
-0.0	1.0428906939090907e+26	-3.4237952450906456e+27
-0.0	4.162964679556153e+24	-3.438067049453786e+27
-0.0	1.0434558317212953e+25	-3.4529577087768145e+27
-0.0	1.019550960341757e+25	-3.4360885027367165e+27
-0.0	-4.860998469356809e+24	-3.446024859819418e+27
-0.0	4.0375838970532243e+24	-3.4411705655542534e+27
-0.0	-7.836166710626008e+23	-3.443211500377616e+27
-0.0	1.7826953874040812e+24	-3.4423919336767907e+27
-0.0	-1.463645906722182e+24	-3.4433068261820774e+27
-0.0	9.492123518305719e+23	-3.4429140012930675e+27
-0.0	-9.492123524113919e+23	-3.44291400129356e+27
-0.0	1.4636459060120255e+24	-3.443306826184925e+27
-0.0	-1.7826953850317262e+24	-3.442391933679198e+27
-0.0	7.836166718005445e+23	-3.4432115003792437e+27
-0.0	-4.0375838972807695e+24	-3.441170565554453e+27
-0.0	4.860998466679447e+24	-3.4460248598184296e+27
-0.0	-1.0195509600031543e+25	-3.4360885027362195e+27
-0.0	-1.0434558315035997e+25	-3.452957708775072e+27
-0.0	-4.162964679192101e+24	-3.4380670494555986e+27
-0.0	-1.0428906939518278e+26	-3.42379524509779e+27
-0.0	1.38340757797278e+26	-3.4922088555758734e+27
-0.0	-3.258981019664275e+26	-3.366946034570149e+27
-0.0	4.3979047095332365e+26	-3.4992900645795796e+27
-0.0	-3.781642285640377e+26	-3.3188983329210164e+27
-0.0	8.536393484660056e+26	-4.1631618082787375e+27
-0.0	-4.01009778088573e+26	1.3472301723199688e+26
-0.0	-1.8786561369548687e+27	-6.469070750738962e+27
-0.0	1.1686961570810286e+28	2.3070025867427847e+27
-0.0	-7.8220165903581295e+28	-1.2736715482609848e+26
-0.0	2.9785803532741712e+28	3.7899464712433915e+22
-0.0	1.7611660463346147e+26	-5.257588582156605e+20
-0.0	3.2031602000022445e+27	6.06661415234045e+27
-0.0	-3.2325614210238015e+27	-1.802401774045663e+27
-0.0	2.5550126839129034e+27	4.7454219673713947e+27
-0.0	-3.0848343348042513e+27	7.234992103165213e+26
-0.0	6.1798049470385004e+26	3.1605265452517384e+27
-0.0	-8.759408381363507e+25	2.816201697892789e+27
-0.0	-1.4134903671955574e+26	2.798553069709013e+27
-0.0	5.440918466741362e+25	2.829344583188856e+27
-0.0	2.270455280287841e+25	2.8529830594941584e+27
-0.0	2.4675819364163407e+25	2.8344724564335853e+27
-0.0	-8.867285754354809e+24	2.833164589070829e+27
-0.0	3.835614707222598e+25	2.844443815501056e+27
-0.0	-1.5719286158990828e+25	2.8322568512688604e+27
-0.0	6.789524544582999e+24	2.838020731637546e+27
-0.0	-4.1621576392715967e+24	2.8352955445764686e+27
-0.0	2.097951660330982e+22	2.836379667208001e+27
-0.0	-1.3081097417118436e+24	2.8359782567688356e+27
-0.0	1.6915870633851555e+23	2.83641949295432e+27
-0.0	-1.0852908035073047e+23	2.8362577214011765e+27
-0.0	1.0852908087044683e+23	2.8362577214005646e+27
-0.0	-1.691587061184291e+23	2.836419492954762e+27
-0.0	1.3081097406660349e+24	2.8359782567679807e+27
-0.0	-2.0979516095943965e+22	2.836379667207247e+27
-0.0	4.162157638559292e+24	2.835295544576226e+27
-0.0	-6.789524543535538e+24	2.838020731637499e+27
-0.0	1.571928615773439e+25	2.8322568512685125e+27
-0.0	-3.8356147073449367e+25	2.844443815500189e+27
-0.0	8.867285755073261e+24	2.8331645890704817e+27
-0.0	-2.4675819363138254e+25	2.8344724564356733e+27
-0.0	-2.2704552802860736e+25	2.8529830594937824e+27
-0.0	-5.4409184668883385e+25	2.8293445831886685e+27
-0.0	1.4134903672216038e+26	2.798553069709643e+27
-0.0	8.759408381042437e+25	2.8162016978934775e+27
-0.0	-6.179804947039901e+26	3.1605265452539176e+27
-0.0	3.0848343348149193e+27	7.234992103227801e+26
-0.0	-2.555012683917854e+27	4.7454219673702413e+27
-0.0	3.2325614210254607e+27	-1.8024017740453273e+27
-0.0	-3.2031602000107767e+27	6.066614152340949e+27
-0.0	-1.7611660463387994e+26	-5.257588570868951e+20
-0.0	6.659778410755688e+27	-1.2816264867313204e+22
-0.0	-1.6540073324933334e+28	-6.316409602531236e+27
-0.0	7.051363686352894e+26	1.2058088209524745e+27
-0.0	1.2007803463366386e+27	-3.1022761327802873e+27
-0.0	-2.1177087697655314e+27	-8.255690463738772e+26
-0.0	6.282340552098638e+26	-2.1156160736354486e+27
-0.0	-1.6010980676482253e+26	-2.0041662135380496e+27
-0.0	2.4084868258438174e+25	-1.9313783128201628e+27
-0.0	-4.830859785222957e+25	-2.003657883992758e+27
-0.0	5.041141257039263e+25	-1.991178166556008e+27
-0.0	-9.850805160263394e+24	-1.9920387434611994e+27
-0.0	-7.00058592296967e+24	-1.9863789065630382e+27
-0.0	2.3147187792957106e+25	-1.9938319523334488e+27
-0.0	-1.314127733875364e+25	-1.9859880293088962e+27
-0.0	5.790736179168997e+24	-1.9890997707055389e+27
-0.0	-3.8185232117223253e+24	-1.9876658752100692e+27
-0.0	2.111455279008239e+23	-1.9881958459181438e+27
-0.0	-1.3309901767207925e+24	-1.9880149091993727e+27
-0.0	4.834537441782027e+23	-1.9882101547708654e+27
-0.0	-3.12726348669688e+23	-1.988156581021957e+27
-0.0	3.1272634890849735e+23	-1.9881565810221385e+27
-0.0	-4.834537430300017e+23	-1.9882101547710804e+27
-0.0	1.330990175340362e+24	-1.9880149091999574e+27
-0.0	-2.1114552790290044e+23	-1.9881958459178956e+27
-0.0	3.818523211174859e+24	-1.987665875209197e+27
-0.0	-5.790736178037785e+24	-1.989099770705764e+27
-0.0	1.3141277336994888e+25	-1.9859880293092937e+27
-0.0	-2.3147187793951713e+25	-1.9938319523347297e+27
-0.0	7.000585923552287e+24	-1.9863789065623686e+27
-0.0	9.850805161303436e+24	-1.9920387434577082e+27
-0.0	-5.041141256993461e+25	-1.9911781665558922e+27
-0.0	4.830859785000947e+25	-2.0036578839925663e+27
-0.0	-2.4084868255284345e+25	-1.9313783128195e+27
-0.0	1.601098067617394e+26	-2.0041662135370774e+27
-0.0	-6.282340552105397e+26	-2.1156160736318137e+27
-0.0	2.1177087697776434e+27	-8.255690463670963e+26
-0.0	-1.2007803463461494e+27	-3.102276132781815e+27
-0.0	-7.051363686340953e+26	1.2058088209529374e+27
-0.0	1.6540073324922411e+28	-6.316409602531447e+27
-0.0	-6.659778410755361e+27	-1.2816264855738336e+22
-0.0	4.031817792381895e+27	1.640723069852646e+22
-0.0	-1.085527973894347e+28	4.8269506779035797e+27
-0.0	9.950138886332282e+26	-7.24441758673203e+26
-0.0	3.248757892101178e+26	1.8696721212139323e+27
-0.0	-8.223942344835504e+26	6.659830256737943e+26
-0.0	2.97373638717257e+26	1.3000817212541345e+27
-0.0	-8.86393300912159e+25	1.2852607400786464e+27
-0.0	4.071167911268687e+25	1.2135267554721034e+27
-0.0	-4.0574648960178e+25	1.2807351731830322e+27
-0.0	2.847351339042137e+25	1.2604640443275367e+27
-0.0	-1.0501549113405002e+25	1.2669242895540116e+27
-0.0	-2.979590913884848e+24	1.2613248457857655e+27
-0.0	8.326497419883775e+24	1.2658555498049235e+27
-0.0	-5.753298098650772e+24	1.2612152906837226e+27
-0.0	2.5581771686790397e+24	1.2627986335298814e+27
-0.0	-1.7414978484750038e+24	1.2620952256090112e+27
-0.0	1.3283347818588076e+23	1.2623355904464584e+27
-0.0	-6.310936559216272e+23	1.262268055912538e+27
-0.0	2.806675212503943e+23	1.262340727882479e+27
-0.0	-1.821460847800187e+23	1.2623316879631426e+27
-0.0	1.821460848260619e+23	1.2623316879636234e+27
-0.0	-2.8066752033633574e+23	1.262340727882486e+27
-0.0	6.310936550106841e+23	1.262268055911442e+27
-0.0	-1.3283347835832363e+23	1.262335590446343e+27
-0.0	1.7414978481840718e+24	1.262095225609072e+27
-0.0	-2.558177168242822e+24	1.262798633529695e+27
-0.0	5.753298097718751e+24	1.261215290683698e+27
-0.0	-8.326497420169046e+24	1.265855549803555e+27
-0.0	2.9795909141434865e+24	1.2613248457852092e+27
-0.0	1.0501549113734016e+25	1.266924289555491e+27
-0.0	-2.8473513390073365e+25	1.2604640443277137e+27
-0.0	4.057464895899724e+25	1.2807351731830922e+27
-0.0	-4.071167911108327e+25	1.2135267554728718e+27
-0.0	8.8639330089546e+25	1.2852607400790042e+27
-0.0	-2.9737363871749758e+26	1.3000817212557406e+27
-0.0	8.22394234489485e+26	6.659830256773289e+26
-0.0	-3.248757892152861e+26	1.8696721212124263e+27
-0.0	-9.950138886326922e+26	-7.244417586731068e+26
-0.0	1.085527973893801e+28	4.8269506779039904e+27
-0.0	-4.0318177923816003e+27	1.6407230718197059e+22
-0.0	1.4389965245575045e+27	-2.705536691884613e+21
-0.0	-4.0182878977590363e+27	-3.1937178098286763e+27
-0.0	4.6103155064964166e+26	3.958794925646996e+26
-0.0	4.768585358061953e+25	-1.052273647519642e+27
-0.0	-2.1898987985421606e+26	-4.6118928078422124e+26
-0.0	9.336535499896117e+25	-7.448790153414042e+26
-0.0	-3.0610591498782795e+25	-7.624798694825007e+26
-0.0	1.9083208315566243e+25	-7.082754120233528e+26
-0.0	-1.6502127759854249e+25	-7.577552406090739e+26
-0.0	9.899186340830273e+24	-7.400551379511574e+26
-0.0	-4.52174901618323e+24	-7.466293146602774e+26
-0.0	-8.651077572602117e+23	-7.424223584447638e+26
-0.0	2.0631678386713662e+24	-7.44955306869318e+26
-0.0	-1.7072117764508034e+24	-7.424002982131206e+26
-0.0	7.660735685975269e+23	-7.431312063510629e+26
-0.0	-5.334683020030441e+23	-7.428176201563253e+26
-0.0	4.857857343676916e+22	-7.429132996274528e+26
-0.0	-1.9767956867822933e+23	-7.428934214391181e+26
-0.0	9.918433965601522e+22	-7.429123505000486e+26
-0.0	-6.431502891684464e+22	-7.429193772420782e+26
-0.0	6.431502900777445e+22	-7.429193772418644e+26
-0.0	-9.918433943909114e+22	-7.429123505001333e+26
-0.0	1.9767956827053707e+23	-7.428934214393322e+26
-0.0	-4.85785732310125e+22	-7.429132996275377e+26
-0.0	5.334683018695163e+23	-7.428176201562114e+26
-0.0	-7.660735685116741e+23	-7.431312063510324e+26
-0.0	1.7072117761409022e+24	-7.424002982131658e+26
-0.0	-2.0631678388408794e+24	-7.449553068696053e+26
-0.0	8.651077574379114e+23	-7.424223584449323e+26
-0.0	4.521749016327637e+24	-7.46629314659979e+26
-0.0	-9.899186340733046e+24	-7.400551379510154e+26
-0.0	1.6502127759458846e+25	-7.577552406089661e+26
-0.0	-1.9083208314942049e+25	-7.082754120232642e+26
-0.0	3.0610591498135964e+25	-7.624798694822823e+26
-0.0	-9.336535499902144e+25	-7.448790153405584e+26
-0.0	2.1898987985611454e+26	-4.611892807832427e+26
-0.0	-4.76858535825258e+25	-1.052273647519937e+27
-0.0	-4.6103155064966035e+26	3.9587949256475396e+26
-0.0	4.0182878977566427e+27	-3.193717809828411e+27
-0.0	-1.4389965245573558e+27	-2.705536683300543e+21
-0.0	3.658723476917252e+26	3.566707283799506e+21
-0.0	-1.0281178186182426e+27	1.92210895276116e+27
-0.0	1.3585304417029455e+26	-1.9554820125803596e+26
-0.0	3.1733019983256905e+23	5.545188659882833e+26
-0.0	-4.308039092855989e+25	2.8981447813063202e+26
-0.0	2.128264536320887e+25	3.996712446107741e+26
-0.0	-7.4856374530999e+24	4.227973713442592e+26
-0.0	5.519348642543776e+24	3.87002855425693e+26
-0.0	-4.4406241283763806e+24	4.192158474521924e+26
-0.0	2.4241779508341946e+24	4.065792734429953e+26
-0.0	-1.248657072968648e+24	4.115894813135913e+26
-0.0	-1.8244200055619088e+23	4.088014160814354e+26
-0.0	3.68177043933282e+23	4.1014473266885916e+26
-0.0	-3.6979369792104054e+23	4.088244768862011e+26
-0.0	1.6601236026967194e+23	4.091304834011762e+26
-0.0	-1.1904516023285927e+23	4.090093706635948e+26
-0.0	1.1986461051393313e+22	4.090373216359359e+26
-0.0	-4.481759547326745e+22	4.0903683060602785e+26
-0.0	2.4591582435051257e+22	4.090355706179653e+26
-0.0	-1.5800063109893825e+22	4.090453182866203e+26
-0.0	1.580006320619202e+22	4.090453182865529e+26
-0.0	-2.459158246555424e+22	4.0903557061802646e+26
-0.0	4.481759530044089e+22	4.090368306061016e+26
-0.0	-1.1986460832669863e+22	4.090373216359423e+26
-0.0	1.1904516018167141e+23	4.0900937066360844e+26
-0.0	-1.6601236031056356e+23	4.091304834011016e+26
-0.0	3.69793697860158e+23	4.088244768861441e+26
-0.0	-3.6817704399299544e+23	4.101447326687847e+26
-0.0	1.8244200063120214e+23	4.088014160814493e+26
-0.0	1.248657072970085e+24	4.115894813136895e+26
-0.0	-2.4241779508088677e+24	4.065792734430714e+26
-0.0	4.440624128263871e+24	4.1921584745221015e+26
-0.0	-5.519348642329599e+24	3.870028554256296e+26
-0.0	7.48563745286573e+24	4.227973713442754e+26
-0.0	-2.1282645363208066e+25	3.996712446109609e+26
-0.0	4.308039092901715e+25	2.8981447813092435e+26
-0.0	-3.173302004165734e+23	5.545188659881562e+26
-0.0	-1.3585304417039484e+26	-1.955482012580448e+26
-0.0	1.0281178186172815e+27	1.922108952760839e+27
-0.0	-3.658723476916625e+26	3.566707285545594e+21
-0.0	7.118663056648141e+25	-9.517931887471163e+20
-0.0	-1.928075517898375e+26	-1.0720171331469089e+27
-0.0	2.7836581901529132e+25	8.43337677613638e+25
-0.0	-1.3044465297001935e+24	-2.7159708137192497e+26
-0.0	-6.977779959236761e+24	-1.687538287770279e+26
-0.0	3.726512936493996e+24	-1.99736793111175e+26
-0.0	-1.371628662996377e+24	-2.1892577381347254e+26
-0.0	1.1333220983526133e+24	-1.9726096133084548e+26
-0.0	-8.638840546317135e+23	-2.1653463924856393e+26
-0.0	4.395219128883862e+23	-2.0846071668709197e+26
-0.0	-2.4416345867360455e+23	-2.1179085374910897e+26
-0.0	-2.9110322368864458e+22	-2.101110905248115e+26
-0.0	4.805978726853934e+22	-2.1076481081233382e+26
-0.0	-6.011370876735976e+22	-2.1013595403418208e+26
-0.0	2.7237993854657137e+22	-2.102388110649492e+26
-0.0	-1.988448138873785e+22	-2.102041091454275e+26
-0.0	2.238005279392257e+21	-2.1020584148667153e+26
-0.0	-7.664230004355292e+21	-2.102112544701558e+26
-0.0	4.449827688203699e+21	-2.102041293437222e+26
-0.0	-2.8602186332957825e+21	-2.102123803202393e+26
-0.0	2.86021868937572e+21	-2.1021238032025513e+26
-0.0	-4.4498277339020987e+21	-2.1020412934377453e+26
-0.0	7.664229943073657e+21	-2.102112544701148e+26
-0.0	-2.2380051676692184e+21	-2.102058414866674e+26
-0.0	1.9884481362304313e+22	-2.1020410914543927e+26
-0.0	-2.7237993890874365e+22	-2.1023881106494706e+26
-0.0	6.011370875456988e+22	-2.1013595403419775e+26
-0.0	-4.805978727596369e+22	-2.107648108122927e+26
-0.0	2.9110322384585267e+22	-2.1011109052471927e+26
-0.0	2.4416345866489143e+23	-2.1179085374907656e+26
-0.0	-4.3952191287844164e+23	-2.0846071668710307e+26
-0.0	8.638840546113189e+23	-2.1653463924850768e+26
-0.0	-1.1333220983057955e+24	-1.9726096133087465e+26
-0.0	1.3716286629483978e+24	-2.1892577381343316e+26
-0.0	-3.7265129364977363e+24	-1.9973679311107063e+26
-0.0	6.977779959311626e+24	-1.6875382877707418e+26
-0.0	1.3044465295964392e+24	-2.7159708137194638e+26
-0.0	-2.7836581901562053e+25	8.433376776136283e+25
-0.0	1.9280755178958865e+26	-1.0720171331468127e+27
-0.0	-7.118663056646017e+25	-9.51793188565704e+20
-0.0	1.0619312355265023e+25	2.4858016380435448e+20
-0.0	-2.610216391622234e+25	5.559892772101878e+26
-0.0	3.534113854045564e+24	-2.862644203135745e+25
-0.0	-1.1605394015896184e+23	1.2105240269860074e+26
-0.0	-1.2025602390952133e+24	9.147921304630797e+25
-0.0	5.4245951374479194e+23	9.129187330562478e+25
-0.0	-2.0027455948282275e+23	1.0464037875327731e+26
-0.0	1.8111288854878905e+23	9.244143638286868e+25
-0.0	-1.2690888215710332e+23	1.0317290983568928e+26
-0.0	5.988581135832279e+22	9.842856032685238e+25
-0.0	-3.519400089233562e+22	1.0044894633419982e+26
-0.0	-3.494284517640324e+21	9.950605689763423e+25
-0.0	4.5673668423632353e+21	9.979846414566826e+25
-0.0	-7.460023495836212e+21	9.952622489223747e+25
-0.0	3.4589700931107553e+21	9.954471354193958e+25
-0.0	-2.4971151756597846e+21	9.954443093775281e+25
-0.0	3.2766472356737706e+20	9.953774805499413e+25
-0.0	-9.804455889602367e+20	9.954380300025226e+25
-0.0	6.158668959757854e+20	9.953671611152462e+25
-0.0	-3.8991788497991e+20	9.954245482550351e+25
-0.0	3.89917920777473e+20	9.95424548254713e+25
-0.0	-6.158669218724605e+20	9.9536716111506e+25
-0.0	9.80445552394931e+20	9.954380300030883e+25
-0.0	-3.2766466175478347e+20	9.953774805498572e+25
-0.0	2.4971151700381553e+21	9.954443093771957e+25
-0.0	-3.4589701253939813e+21	9.954471354192425e+25
-0.0	7.460023499858682e+21	9.952622489225089e+25
-0.0	-4.5673668453364007e+21	9.979846414565448e+25
-0.0	3.494284518373338e+21	9.950605689768007e+25
-0.0	3.519400088730697e+22	1.0044894633421155e+26
-0.0	-5.988581135733416e+22	9.842856032687157e+25
-0.0	1.2690888215064315e+23	1.03172909835705e+26
-0.0	-1.811128885338024e+23	9.244143638287302e+25
-0.0	2.0027455948780266e+23	1.046403787532617e+26
-0.0	-5.424595137534041e+23	9.129187330558738e+25
-0.0	1.2025602390988768e+24	9.14792130463401e+25
-0.0	1.1605394014791208e+23	1.2105240269865318e+26
-0.0	-3.5341138540565595e+24	-2.8626442031357303e+25
-0.0	2.610216391618014e+25	5.559892772101376e+26
-0.0	-1.061931235525854e+25	2.4858016386351137e+20
-0.0	9.37924152736724e+23	4.233363195048608e+19
-0.0	-1.9824029377214992e+24	-2.66767108976835e+26
-0.0	-9.154634305703199e+21	3.814047020487427e+24
-0.0	8.860032746346742e+22	-4.656281895686728e+25
-0.0	-2.631539548930859e+23	-4.611657892161038e+25
-0.0	7.511462598362609e+22	-3.654302140260675e+25
-0.0	-2.610621891108453e+22	-4.49607297746322e+25
-0.0	2.482717939241572e+22	-3.8521839632240237e+25
-0.0	-1.4418341717683527e+22	-4.411357235022267e+25
-0.0	6.078375282135851e+21	-4.1506639934083645e+25
-0.0	-3.774621054140823e+21	-4.26480768278298e+25
-0.0	-3.2277850195892175e+20	-4.215065662821117e+25
-0.0	3.184468060070085e+20	-4.226580262974306e+25
-0.0	-7.307762517171622e+20	-4.216624688388088e+25
-0.0	3.296842876301675e+20	-4.215440379704012e+25
-0.0	-2.4836038831006194e+20	-4.2164266793522365e+25
-0.0	3.182382349950473e+19	-4.215689306721494e+25
-0.0	-9.860754558750967e+19	-4.216148761214357e+25
-0.0	6.438981017103403e+19	-4.215613899427804e+25
-0.0	-4.1160455805621305e+19	-4.215971131597255e+25
-0.0	4.116047077966367e+19	-4.215971131598764e+25
-0.0	-6.438981812455913e+19	-4.21561389942976e+25
-0.0	9.860752125631894e+19	-4.216148761214082e+25
-0.0	-3.182378810686609e+19	-4.215689306721741e+25
-0.0	2.483603861912318e+20	-4.216426679355093e+25
-0.0	-3.2968430339398094e+20	-4.215440379704554e+25
-0.0	7.30776254252952e+20	-4.216624688388962e+25
-0.0	-3.184468086339777e+20	-4.226580262973203e+25
-0.0	3.227785033176571e+20	-4.215065662820376e+25
-0.0	3.774621052837874e+21	-4.264807682783649e+25
-0.0	-6.078375281033716e+21	-4.150663993407536e+25
-0.0	1.441834171548926e+22	-4.4113572350202825e+25
-0.0	-2.4827179386337965e+22	-3.8521839632251254e+25
-0.0	2.6106218909595855e+22	-4.49607297746308e+25
-0.0	-7.511462598532969e+22	-3.6543021402578514e+25
-0.0	2.631539548913904e+23	-4.611657892163842e+25
-0.0	-8.860032747304788e+22	-4.65628189568558e+25
-0.0	9.154634294204916e+21	3.814047020492094e+24
-0.0	1.9824029376983244e+24	-2.6676710897681983e+26
-0.0	-9.379241527351256e+23	4.233363195615411e+19
-0.0	-8.756289714579272e+22	-1.1260588601292538e+19
-0.0	1.3007617345121604e+23	1.1513887855102628e+26
-0.0	-1.2394605449508208e+23	4.892259190164485e+24
-0.0	3.7905064809284116e+22	1.2645192136622706e+25
-0.0	-5.144746360792036e+22	2.100168229949143e+25
-0.0	9.76296794323632e+21	1.096144184409479e+25
-0.0	-3.1914613352678996e+21	1.5850486487770434e+25
-0.0	3.0536473904784327e+21	1.271067858831714e+25
-0.0	-1.0343519508579874e+21	1.5402656035900163e+25
-0.0	3.650737150761437e+20	1.4067288478917377e+25
-0.0	-2.5060626478566326e+20	1.4665931257394485e+25
-0.0	-2.026003659171458e+19	1.442422857033516e+25
-0.0	2.2028624784446235e+19	1.445859178660616e+25
-0.0	-5.369982257462262e+19	1.443546607719256e+25
-0.0	2.5569876176079184e+19	1.4417948029465976e+25
-0.0	-1.8140953927963419e+19	1.44283149874376e+25
-0.0	2.874096037984635e+18	1.442266986054933e+25
-0.0	-7.461870794704839e+18	1.4425754276585423e+25
-0.0	5.278688145388095e+18	1.442222439532848e+25
-0.0	-3.246459971978912e+18	1.4424323640529625e+25
-0.0	3.246464816905565e+18	1.442432364053303e+25
-0.0	-5.278688787448166e+18	1.4422224395322735e+25
-0.0	7.461857864095696e+18	1.442575427656821e+25
-0.0	-2.874078308946369e+18	1.4422669860553914e+25
-0.0	1.81409510761892e+19	1.4428314987429138e+25
-0.0	-2.5569881006082572e+19	1.4417948029466616e+25
-0.0	5.369982261612388e+19	1.4435466077194717e+25
-0.0	-2.2028628338315956e+19	1.4458591786602183e+25
-0.0	2.0260040088969544e+19	1.442422857033961e+25
-0.0	2.506062647663354e+20	1.4665931257400951e+25
-0.0	-3.650737165404574e+20	1.406728847892145e+25
-0.0	1.0343519504089543e+21	1.540265603590075e+25
-0.0	-3.0536473878109744e+21	1.27106785883195e+25
-0.0	3.1914613333304216e+21	1.585048648776567e+25
-0.0	-9.76296794264344e+21	1.0961441844088648e+25
-0.0	5.144746360696532e+22	2.1001682299498283e+25
-0.0	-3.7905064814303095e+22	1.2645192136631384e+25
-0.0	1.239460544883495e+23	4.892259190163675e+24
-0.0	-1.3007617345222561e+23	1.151388785510291e+26
-0.0	8.756289714603284e+22	-1.126058860190013e+19
-0.0	-5.089673475978566e+22	2.0449759197161075e+17
-0.0	4.70496423448783e+22	-4.239834977112088e+25
-0.0	-1.8035365572731948e+22	-6.589888541969877e+24
-0.0	5.117400196188086e+21	5.7459482410486203e+23
-0.0	-2.126416458942206e+21	-8.40694942349388e+24
-0.0	2.3925136499637472e+20	-6.186381359832229e+23
-0.0	-1.6096581474812363e+20	-3.2823409846339756e+24
-0.0	1.6651715936756148e+20	-1.8711738652646134e+24
-0.0	1.2743040390133901e+20	-3.05484004386056e+24
-0.0	-3.5365593004024803e+19	-2.420208216920677e+24
-0.0	1.028546959107671e+19	-2.71464366765793e+24
-0.0	-2.366166389962999e+18	-2.605218642690547e+24
-0.0	3.253672410101445e+18	-2.6074453258989446e+24
-0.0	-3.6259558532409533e+18	-2.611398570679439e+24
-0.0	1.6253100981625487e+18	-2.5964724406422076e+24
-0.0	-1.2060461773047073e+18	-2.6046634610478905e+24
-0.0	1.641109873705522e+17	-2.600711281394863e+24
-0.0	-4.8764124017156774e+17	-2.602575021105402e+24
-0.0	3.306919126650728e+17	-2.6004330398612085e+24
-0.0	-2.0236976245883782e+17	-2.6015627540311033e+24
-0.0	2.0237198178864304e+17	-2.601562754031147e+24
-0.0	-3.3069428278479475e+17	-2.6004330398673697e+24
-0.0	4.876382149445628e+17	-2.6025750211050634e+24
-0.0	-1.6410454581041376e+17	-2.6007112813967957e+24
-0.0	1.2060424682765358e+18	-2.604663461054854e+24
-0.0	-1.625309605569655e+18	-2.596472440643962e+24
-0.0	3.625956407174626e+18	-2.6113985706807224e+24
-0.0	-3.2536756540758446e+18	-2.607445325899234e+24
-0.0	2.3661696117879726e+18	-2.605218642689741e+24
-0.0	-1.028546986558929e+19	-2.714643667654821e+24
-0.0	3.5365593260134105e+19	-2.420208216920921e+24
-0.0	-1.2743040393771672e+20	-3.054840043859181e+24
-0.0	-1.665171564316479e+20	-1.8711738652669764e+24
-0.0	1.609658125166633e+20	-3.282340984635128e+24
-0.0	-2.3925136485501426e+20	-6.186381359792265e+23
-0.0	2.1264164579322836e+21	-8.406949423498219e+24
-0.0	-5.117400201818076e+21	5.7459482410479586e+23
-0.0	1.8035365566212639e+22	-6.589888541970781e+24
-0.0	-4.704964234751418e+22	-4.23983497711159e+25
-0.0	5.089673475988091e+22	2.0449759151641283e+17
-0.0	-4.546955086173246e+21	1.235244242729464e+18
-0.0	-1.2054195746610465e+22	9.929438962028058e+24
-0.0	7.63631234804333e+21	5.430194899516915e+24
-0.0	-1.527042975502115e+21	-4.66966891863516e+24
-0.0	3.6913906917823663e+21	2.297386214054153e+24
-0.0	-6.421535232682695e+20	-2.920712585986499e+24
-0.0	1.568640394746357e+20	-1.5974121083803413e+24
-0.0	-1.511922780287174e+20	-2.1306081138017975e+24
-0.0	1.2431837639667132e+20	-1.6985595722582612e+24
-0.0	-3.144142676937599e+19	-1.965476532069989e+24
-0.0	1.776282072876842e+19	-1.8336367005497678e+24
-0.0	-6.797153516467551e+17	-1.8756820600046915e+24
-0.0	2.6894616096851743e+18	-1.8849148317534462e+24
-0.0	-1.3240517150407291e+17	-1.873224604326e+24
-0.0	-2.1444186808364724e+16	-1.8838782625164263e+24
-0.0	4.01381182940035e+16	-1.8782428666889936e+24
-0.0	-3.2557413860309636e+16	-1.8806341150734368e+24
-0.0	3.4198615304069604e+16	-1.8795940343073146e+24
-0.0	-4.7507770188798824e+16	-1.8807733094385812e+24
-0.0	2.8902972698986244e+16	-1.8802174651205322e+24
-0.0	-2.8902661802321892e+16	-1.8802174651213663e+24
-0.0	4.75072133979496e+16	-1.8807733094417176e+24
-0.0	-3.4198970576483804e+16	-1.879594034305497e+24
-0.0	3.2558332451138256e+16	-1.880634115074618e+24
-0.0	-4.014132406117732e+16	-1.8782428666918412e+24
-0.0	2.144699559111084e+16	-1.8838782625184407e+24
-0.0	1.324057075742646e+17	-1.8732246043257682e+24
-0.0	-2.6894645264717834e+18	-1.8849148317523059e+24
-0.0	6.797176999244266e+17	-1.87568206000503e+24
-0.0	-1.7762820826160294e+19	-1.8336367005492465e+24
-0.0	3.144142724274511e+19	-1.9654765320705484e+24
-0.0	-1.2431837628260286e+20	-1.6985595722601518e+24
-0.0	1.5119228070388348e+20	-2.1306081138017325e+24
-0.0	-1.5686404112560043e+20	-1.5974121083814021e+24
-0.0	6.421535227501418e+20	-2.92071258598679e+24
-0.0	-3.6913906933878914e+21	2.2973862140547502e+24
-0.0	1.5270429721265187e+21	-4.6696689186331095e+24
-0.0	-7.636312352925886e+21	5.430194899516792e+24
-0.0	1.2054195749953892e+22	9.92943896202551e+24
-0.0	4.546955086348519e+21	1.2352442428037645e+18
-0.0	2.819184805445104e+21	-3.648019530005795e+18
-0.0	-9.527754930219045e+21	1.553481934102742e+24
-0.0	5.417267956211952e+21	-3.893485110089346e+24
-0.0	-1.023175337832791e+21	4.6912197938619176e+24
-0.0	1.9709057290384342e+21	-4.059777386455762e+22
-0.0	-3.732040611291707e+20	3.1712386305579e+24
-0.0	1.1360618035767162e+20	2.545104350671985e+24
-0.0	-1.1789774563538493e+20	2.7027126995395356e+24
-0.0	7.10361515918589e+19	2.580051960557444e+24
-0.0	-2.069261861263631e+19	2.683481408898164e+24
-0.0	1.3238966756518398e+19	2.6298689020217486e+24
-0.0	-2.9593590198848454e+17	2.6421301733554057e+24
-0.0	2.0547659275351785e+18	2.652608257811358e+24
-0.0	2.9686774264132243e+17	2.6416357771335455e+24
-0.0	-2.4989464402722854e+17	2.6482349240732914e+24
-0.0	1.88332006511631e+17	2.64488596783869e+24
-0.0	-6.068683072052425e+16	2.646200345195731e+24
-0.0	9.552804842179874e+16	2.6456378176708887e+24
-0.0	-8.664057928047875e+16	2.6462547583774164e+24
-0.0	5.5457110380062824e+16	2.6459982231766863e+24
-0.0	-5.5458123489063096e+16	2.6459982231760453e+24
-0.0	8.664137608946104e+16	2.6462547583783243e+24
-0.0	-9.552710036535734e+16	2.6456378176715056e+24
-0.0	6.068533131565621e+16	2.6462003451952186e+24
-0.0	-1.883339236642797e+17	2.6448859678377526e+24
-0.0	2.4989739432268115e+17	2.6482349240731046e+24
-0.0	-2.968678594476317e+17	2.6416357771349757e+24
-0.0	-2.0547677145638339e+18	2.652608257812364e+24
-0.0	2.9593800589284986e+17	2.642130173356389e+24
-0.0	-1.323896687491944e+19	2.629868902022259e+24
-0.0	2.0692618359569723e+19	2.6834814088982405e+24
-0.0	-7.103615114815604e+19	2.580051960556595e+24
-0.0	1.1789774700382074e+20	2.70271269953871e+24
-0.0	-1.1360618240686365e+20	2.545104350672527e+24
-0.0	3.7320406141258636e+20	3.171238630558251e+24
-0.0	-1.9709057291282345e+21	-4.059777386520043e+22
-0.0	1.023175335435603e+21	4.691219793860621e+24
-0.0	-5.417267957244782e+21	-3.8934851100898007e+24
-0.0	9.527754926431075e+21	1.5534819341031792e+24
-0.0	-2.8191848052578976e+21	-3.6480195301548436e+18
-0.0	1.830117206484672e+21	1.1155993441333691e+18
-0.0	-7.029576750224095e+21	-4.96157513262595e+24
-0.0	2.440405707330524e+21	2.2566603648412057e+24
-0.0	-6.333461694155635e+20	-3.620197218175965e+24
-0.0	8.766218336520153e+20	-8.316682565298748e+23
-0.0	-1.241374882003436e+20	-2.571092687399761e+24
-0.0	1.6938336220308167e+19	-2.329183991426123e+24
-0.0	1.9575382979811635e+18	-2.3170578137048673e+24
-0.0	-6.771237212547195e+17	-2.333293413879077e+24
-0.0	-1.3498760665846533e+17	-2.3524611620888706e+24
-0.0	-2.6071286066273587e+18	-2.339116790050553e+24
-0.0	4.858625014032607e+17	-2.3396458511724502e+24
-0.0	-2.445226659491603e+18	-2.3473952074828264e+24
-0.0	7.017380182099319e+17	-2.3394064772229953e+24
-0.0	-2.573657018727781e+17	-2.3430652283034996e+24
-0.0	1.3080218728124995e+17	-2.3413635784753001e+24
-0.0	1.1648546954661594e+16	-2.342068840590563e+24
-0.0	3.0661641182608492e+16	-2.3417927225980723e+24
-0.0	2.4586820126820976e+16	-2.3420902093960522e+24
-0.0	-2.0264804164442856e+16	-2.341990561948116e+24
-0.0	2.0263914243383188e+16	-2.341990561947443e+24
-0.0	-2.4585921899728536e+16	-2.3420902093963405e+24
-0.0	-3.0660856348842428e+16	-2.3417927225980521e+24
-0.0	-1.1650202584477152e+16	-2.342068840590677e+24
-0.0	-1.3080349393716091e+17	-2.3413635784732794e+24
-0.0	2.5736780817497574e+17	-2.343065228302636e+24
-0.0	-7.017380349415116e+17	-2.3394064772223924e+24
-0.0	2.445225333727166e+18	-2.347395207482218e+24
-0.0	-4.8586107294178963e+17	-2.3396458511719845e+24
-0.0	2.607128541928382e+18	-2.3391167900507315e+24
-0.0	1.3498757758082893e+17	-2.3524611620888588e+24
-0.0	6.771238964806006e+17	-2.333293413879589e+24
-0.0	-1.9575371654629156e+18	-2.3170578137053308e+24
-0.0	-1.6938337601363474e+19	-2.329183991426808e+24
-0.0	1.2413748846368827e+20	-2.5710926873982346e+24
-0.0	-8.766218337759566e+20	-8.316682565301913e+23
-0.0	6.333461675925251e+20	-3.6201972181750857e+24
-0.0	-2.4404057079592376e+21	2.256660364841379e+24
-0.0	7.029576747242458e+21	-4.96157513262702e+24
-0.0	-1.8301172063519126e+21	1.1155993443099487e+18
-0.0	2.376333848300211e+21	1.6192857016988042e+18
-0.0	-6.352425713374995e+20	4.447074777231532e+24
-0.0	7.366482244069375e+20	-1.3918841526157034e+24
-0.0	-1.994239944100466e+20	2.514767305475383e+24
-0.0	1.2474463394597873e+20	8.428909225949828e+23
-0.0	3.3916936917854223e+18	1.81451115831447e+24
-0.0	-1.1446587167800175e+19	1.728136701390338e+24
-0.0	1.4737715307293202e+19	1.6803408919185017e+24
-0.0	-9.093525498498386e+18	1.719156239544904e+24
-0.0	4.295333790708921e+18	1.7135530119660728e+24
-0.0	-2.9967047327315476e+18	1.7119529262676406e+24
-0.0	-6.606006444568003e+16	1.7099533556539533e+24
-0.0	-2.735477647419798e+17	1.7153497952362685e+24
-0.0	-2.538052651465224e+17	1.7100815053129925e+24
-0.0	1.2702709337712101e+17	1.7122365238736455e+24
-0.0	-8.54063092655414e+16	1.7112688954276132e+24
-0.0	2.0469404777379876e+16	1.7116619564210994e+24
-0.0	-3.05648951755132e+16	1.7115063816668362e+24
-0.0	1.5094473881019402e+16	1.7116359643964666e+24
-0.0	-7643340335481561.0	1.7116030499908242e+24
-0.0	7642810492759138.0	1.7116030499914865e+24
-0.0	-1.5093943925533522e+16	1.7116359643966773e+24
-0.0	3.056540337935153e+16	1.7115063816668462e+24
-0.0	-2.047031916038196e+16	1.7116619564209955e+24
-0.0	8.540559320851784e+16	1.711268895429353e+24
-0.0	-1.2702595537324858e+17	1.712236523874465e+24
-0.0	2.538052174120215e+17	1.71008150531309e+24
-0.0	2.7354707810788704e+17	1.7153497952367866e+24
-0.0	6.6060822469840024e+16	1.7099533556546128e+24
-0.0	2.996704666730839e+18	1.7119529262679694e+24
-0.0	-4.295333867591465e+18	1.7135530119662695e+24
-0.0	9.093525600117798e+18	1.719156239544708e+24
-0.0	-1.4737714680498086e+19	1.680340891917937e+24
-0.0	1.1446586481498431e+19	1.7281367013896906e+24
-0.0	-3.391693615332088e+18	1.8145111583139346e+24
-0.0	-1.2474463402244843e+20	8.428909225953405e+23
-0.0	1.994239934418317e+20	2.514767305476201e+24
-0.0	-7.366482249030698e+20	-1.391884152615724e+24
-0.0	6.352425698732861e+20	4.4470747772297765e+24
-0.0	-2.3763338482258957e+21	1.6192857016388408e+18
-0.0	2.753934703596668e+21	-7.227844847263338e+18
-0.0	-7.68767866319653e+20	-3.517598065851149e+24
-0.0	-2.4034138134526332e+20	6.075296699421676e+23
-0.0	-3.0428796792839356e+19	-1.5608521876079015e+24
-0.0	-2.9428183100480373e+20	-7.215079667275377e+23
-0.0	9.005877274090247e+19	-1.1584179879358599e+24
-0.0	-4.28204093898754e+19	-1.152610553287665e+24
-0.0	2.3750124444274807e+19	-1.1031723694931828e+24
-0.0	-2.346872819423136e+19	-1.1453673809480939e+24
-0.0	8.816922723768305e+18	-1.1314922663698885e+24
-0.0	-5.86747991857101e+18	-1.137114911673424e+24
-0.0	-9.241194478028975e+17	-1.1335331428830291e+24
-0.0	1.4785715166364326e+18	-1.136977741560912e+24
-0.0	-1.3804629342455327e+18	-1.1339253634082519e+24
-0.0	6.66424162095972e+17	-1.134943339691335e+24
-0.0	-3.796966042075517e+17	-1.1344905461047826e+24
-0.0	1.1557490487519885e+17	-1.1346690513752488e+24
-0.0	-1.1551021633059024e+17	-1.1346017628782103e+24
-0.0	4.992831132918484e+16	-1.1346451833469124e+24
-0.0	-2.6753679374101656e+16	-1.1346428396412527e+24
-0.0	2.675348718837048e+16	-1.134642839641102e+24
-0.0	-4.992815914396306e+16	-1.1346451833468202e+24
-0.0	1.1551038649545267e+17	-1.1346017628783221e+24
-0.0	-1.155750872752754e+17	-1.1346690513754805e+24
-0.0	3.79696303999009e+17	-1.134490546103809e+24
-0.0	-6.66423727935432e+17	-1.1349433396909803e+24
-0.0	1.3804628865060495e+18	-1.133925363408233e+24
-0.0	-1.478571913202733e+18	-1.1369777415602314e+24
-0.0	9.241198901646683e+17	-1.1335331428826693e+24
-0.0	5.86747988978064e+18	-1.1371149116732626e+24
-0.0	-8.816922901752645e+18	-1.1314922663699496e+24
-0.0	2.3468728301345767e+19	-1.1453673809481864e+24
-0.0	-2.375012416171806e+19	-1.1031723694933697e+24
-0.0	4.282040892936752e+19	-1.1526105532881336e+24
-0.0	-9.005877261751093e+19	-1.1584179879354411e+24
-0.0	2.942818310942699e+20	-7.215079667280093e+23
-0.0	3.0428796337756537e+19	-1.5608521876076256e+24
-0.0	2.4034138160403415e+20	6.075296699423458e+23
-0.0	7.687678647111645e+20	-3.5175980658524427e+24
-0.0	-2.753934703557004e+21	-7.227844847158535e+18
-0.0	1.3319469855856116e+21	2.3517465826685833e+19
-0.0	-5.402055371708864e+21	1.655591336051036e+24
-0.0	-1.1074817937123757e+20	-3.561004143661601e+23
-0.0	4.987177994306036e+19	6.341447181377898e+23
-0.0	-4.11011706215279e+20	2.669993984373627e+23
-0.0	1.6303008965015867e+20	4.773983387607147e+23
-0.0	-4.6588584125773726e+19	4.6472533493401615e+23
-0.0	3.883705025941529e+19	4.421139434400447e+23
-0.0	-2.6474320846503068e+19	4.587618035061882e+23
-0.0	9.500923327750754e+18	4.526688861011246e+23
-0.0	-7.661890628307091e+18	4.552749023493649e+23
-0.0	-2.5437773894130683e+18	4.534161872529182e+23
-0.0	2.457043531433185e+18	4.552647884281021e+23
-0.0	-2.112858432238943e+18	4.539151192049007e+23
-0.0	1.0483882977303448e+18	4.543747273657977e+23
-0.0	-6.057645354048188e+17	4.541688281862372e+23
-0.0	1.894754129026933e+17	4.5424751844921145e+23
-0.0	-1.8263841599511203e+17	4.542206349633043e+23
-0.0	8.554832890448454e+16	4.5423703890551955e+23
-0.0	-4.9546714494207416e+16	4.5423471570658065e+23
-0.0	4.954674974915405e+16	4.542347157067275e+23
-0.0	-8.554838719275952e+16	4.542370389055727e+23
-0.0	1.8263839855266163e+17	4.542206349631363e+23
-0.0	-1.8947526402684544e+17	4.542475184490655e+23
-0.0	6.057644691272105e+17	4.5416882818632354e+23
-0.0	-1.0483882952740129e+18	4.543747273658409e+23
-0.0	2.1128584109283246e+18	4.539151192049015e+23
-0.0	-2.45704357365243e+18	4.552647884281437e+23
-0.0	2.5437774908605645e+18	4.5341618725286767e+23
-0.0	7.661890594923048e+18	4.552749023492922e+23
-0.0	-9.500923354071935e+18	4.5266888610108805e+23
-0.0	2.6474320877122515e+19	4.5876180350601726e+23
-0.0	-3.8837050193582465e+19	4.421139434400774e+23
-0.0	4.658858399813951e+19	4.6472533493380214e+23
-0.0	-1.6303008959640784e+20	4.773983387608135e+23
-0.0	4.1101170626579635e+20	2.669993984373173e+23
-0.0	-4.987178009273107e+19	6.341447181376704e+23
-0.0	1.1074817923818507e+20	-3.5610041436610525e+23
-0.0	5.402055371291908e+21	1.6555913360507364e+24
-0.0	-1.3319469855618776e+21	2.351746582642373e+19
-0.0	-1.1568111800093459e+21	-1.968786479368862e+19
-0.0	4.777085912133814e+21	-1.5312413747873047e+24
-0.0	-2.0695342657332584e+21	3.699169746925308e+22
-0.0	1.5594022930727767e+20	-5.321946893429842e+23
-0.0	-2.5477195530740223e+20	-3.776877538744815e+23
-0.0	-9.284952925564279e+18	-4.692399798371223e+23
-0.0	5.130529636868218e+19	-4.935454644211784e+23
-0.0	-4.2179700232033395e+19	-4.559535070890859e+23
-0.0	2.651528588033535e+19	-4.801740826691317e+23
-0.0	-1.0685415071378602e+19	-4.693387599112152e+23
-0.0	8.550880080680598e+18	-4.743660220078385e+23
-0.0	-1.2873528583939796e+18	-4.716789419915565e+23
-0.0	2.4903801931798205e+18	-4.730026323283509e+23
-0.0	2.982680496579257e+17	-4.7209363340696135e+23
-0.0	-2.29524678766387e+17	-4.722492906195115e+23
-0.0	2.188206947466842e+17	-4.721983502578978e+23
-0.0	-1.1034147712059838e+17	-4.722035501782606e+23
-0.0	1.0775336120223747e+17	-4.722105850069861e+23
-0.0	-9.001768130097989e+16	-4.7220392900978636e+23
-0.0	6.167417216000872e+16	-4.722106463987022e+23
-0.0	-6.167410732596353e+16	-4.7221064639871e+23
-0.0	9.001758837448818e+16	-4.722039290097365e+23
-0.0	-1.0775341105195541e+17	-4.722105850070379e+23
-0.0	1.1034163035411723e+17	-4.722035501782851e+23
-0.0	-2.188207351775704e+17	-4.721983502577832e+23
-0.0	2.295246622916086e+17	-4.722492906193398e+23
-0.0	-2.9826807237868064e+17	-4.7209363340690015e+23
-0.0	-2.4903802554139715e+18	-4.7300263232826766e+23
-0.0	1.2873529201550495e+18	-4.716789419915061e+23
-0.0	-8.550880090910788e+18	-4.743660220078668e+23
-0.0	1.068541505247503e+19	-4.693387599112488e+23
-0.0	-2.6515285872594997e+19	-4.8017408266913554e+23
-0.0	4.217970029820258e+19	-4.5595350708919636e+23
-0.0	-5.130529643513462e+19	-4.9354546442133264e+23
-0.0	9.284952933446728e+18	-4.692399798369927e+23
-0.0	2.5477195531677162e+20	-3.7768775387463306e+23
-0.0	-1.5594022939111683e+20	-5.321946893429228e+23
-0.0	2.0695342656917466e+21	3.6991697469283624e+22
-0.0	-4.777085912394548e+21	-1.5312413747871386e+24
-0.0	1.1568111800227298e+21	-1.9687864793577366e+19
-0.0	-2.5278050426896824e+21	-6.738602826262643e+19
-0.0	3.096489242289197e+21	1.593235574116926e+23
-0.0	2.4604896764464746e+19	-1.3912479156077298e+23
-0.0	-2.7914733981919343e+19	2.560213283294019e+22
-0.0	6.260479650976348e+19	-7.194560001577243e+22
-0.0	-2.1451227612231836e+19	-1.6239568400300265e+22
-0.0	8.575232738755452e+18	-2.9184193076884496e+22
-0.0	-3.861485839684478e+18	-2.4128953996506833e+22
-0.0	2.4626131938922363e+18	-2.6567772738456836e+22
-0.0	-1.0824585569422108e+18	-2.5355150321039945e+22
-0.0	1.8635125528508144e+17	-2.576807144313266e+22
-0.0	4.400206858556147e+17	-2.5839985458778007e+22
-0.0	-5.2575055940073606e+17	-2.5585104322857175e+22
-0.0	3.608863790079857e+17	-2.582415732919412e+22
-0.0	-1.8103771374116854e+17	-2.568846789275755e+22
-0.0	1.1111921677320938e+17	-2.5758634171645313e+22
-0.0	-3.1704844734209892e+16	-2.572702543098276e+22
-0.0	3.3509649379909496e+16	-2.574051137248512e+22
-0.0	-1.4602409167304518e+16	-2.573161720281312e+22
-0.0	8555366275978275.0	-2.573445134825195e+22
-0.0	-8555376108903948.0	-2.5734451348256873e+22
-0.0	1.4602418737243004e+16	-2.5731617202815015e+22
-0.0	-3.3509639662572828e+16	-2.5740511372478473e+22
-0.0	3.170482287295794e+16	-2.5727025431009e+22
-0.0	-1.1111921097551254e+17	-2.5758634171694785e+22
-0.0	1.8103771671126963e+17	-2.5688467892782265e+22
-0.0	-3.608863799298485e+17	-2.5824157329190428e+22
-0.0	5.2575056887823565e+17	-2.558510432288439e+22
-0.0	-4.400206927049986e+17	-2.5839985458794004e+22
-0.0	-1.8635125757530477e+17	-2.5768071443151787e+22
-0.0	1.0824585572597934e+18	-2.5355150321038494e+22
-0.0	-2.4626131935060844e+18	-2.656777273843991e+22
-0.0	3.861485831651606e+18	-2.412895399650907e+22
-0.0	-8.575232733549498e+18	-2.918419307686527e+22
-0.0	2.145122761221025e+19	-1.6239568400317883e+22
-0.0	-6.260479650688497e+19	-7.194560001577764e+22
-0.0	2.7914733991093567e+19	2.560213283294894e+22
-0.0	-2.460489676257652e+19	-1.3912479156078508e+23
-0.0	-3.096489242257857e+21	1.59323557411678e+23
-0.0	2.5278050426956515e+21	-6.738602826269442e+19
-0.0	-1.9354511033573722e+21	1.731355973165588e+20
-0.0	9.011950210219887e+21	-2.989420462253782e+23
-0.0	4.3409857990928955e+21	-1.6015475707047583e+23
-0.0	2.5557767149064903e+20	-3.62423748177277e+23
-0.0	-1.247089800876476e+19	-3.4404372740307086e+23
-0.0	1.3443499240398673e+20	-3.373512540378841e+23
-0.0	-9.142685889635883e+19	-3.618170170598921e+23
-0.0	7.431265335023627e+19	-3.420330855993491e+23
-0.0	-4.37694131254045e+19	-3.5635443287782666e+23
-0.0	1.8614375831527944e+19	-3.497737635631125e+23
-0.0	-1.0825219746920962e+19	-3.527138966487535e+23
-0.0	1.0394150794960069e+18	-3.513431037700174e+23
-0.0	-9.054836654524463e+17	-3.51863089218007e+23
-0.0	-8.39152393158933e+17	-3.5153460723462644e+23
-0.0	5.391897883351523e+17	-3.515898501137115e+23
-0.0	-4.3468618922124006e+17	-3.515786203621007e+23
-0.0	1.5149543900256896e+17	-3.515742672293419e+23
-0.0	-1.8119830244871107e+17	-3.5158056055348716e+23
-0.0	1.1776388577539768e+17	-3.515739006026806e+23
-0.0	-7.51579709745168e+16	-3.515785941992859e+23
-0.0	7.515798890765907e+16	-3.515785941992604e+23
-0.0	-1.1776392079562518e+17	-3.515739006027218e+23
-0.0	1.8119828006896218e+17	-3.515805605534398e+23
-0.0	-1.514953869909071e+17	-3.515742672293764e+23
-0.0	4.346862025644507e+17	-3.5157862036210947e+23
-0.0	-5.391898214967314e+17	-3.5158985011371024e+23
-0.0	8.391523948962714e+17	-3.5153460723466254e+23
-0.0	9.054836712638295e+17	-3.518630892179634e+23
-0.0	-1.0394150900016667e+18	-3.513431037700011e+23
-0.0	1.0825219752067189e+19	-3.527138966487616e+23
-0.0	-1.8614375835692847e+19	-3.497737635631261e+23
-0.0	4.376941312365415e+19	-3.563544328777825e+23
-0.0	-7.431265335915902e+19	-3.420330855993346e+23
-0.0	9.142685890443554e+19	-3.618170170598935e+23
-0.0	-1.344349924082987e+20	-3.373512540377944e+23
-0.0	1.2470898014568667e+19	-3.4404372740315146e+23
-0.0	-2.5557767147095517e+20	-3.6242374817729604e+23
-0.0	-4.3409857990952946e+21	-1.6015475707046046e+23
-0.0	-9.011950210197881e+21	-2.9894204622516175e+23
-0.0	1.9354511033589878e+21	1.7313559731624342e+20
-0.0	-1.6237048602694215e+20	1.6236942422524458e+20
-0.0	-3.148860063326184e+20	2.3600844915504309e+21
-0.0	3.5170099790132635e+20	5.100875410286306e+21
-0.0	-7.095929809165024e+19	5.666836464052589e+21
-0.0	9.114268115377739e+19	6.418524713347401e+21
-0.0	-2.1710645732319916e+19	6.271256361788872e+21
-0.0	5.552706005531884e+18	6.2227791972826e+21
-0.0	1.4120537671226588e+18	6.112326951047704e+21
-0.0	-7.402739398658442e+17	6.11206621404043e+21
-0.0	-3.0953811576514566e+17	6.105601313427758e+21
-0.0	-6.272700145404696e+17	6.116979069581294e+21
-0.0	3.137677018102901e+17	6.115780079966191e+21
-0.0	-7.799099540670588e+17	6.114430901343205e+21
-0.0	3.268089567019312e+17	6.113370903348043e+21
-0.0	-1.4194932084425088e+17	6.112323856511621e+21
-0.0	8.377301541892566e+16	6.11223923299068e+21
-0.0	-4942452154707066.0	6.112159592898485e+21
-0.0	2.166450887378305e+16	6.112223798086193e+21
-0.0	1132790960372760.0	6.112195624056028e+21
-0.0	-1273565920971390.0	6.112205293406476e+21
-0.0	1273565898293521.2	6.112205293406499e+21
-0.0	-1132791001660656.8	6.112195624056661e+21
-0.0	-2.1664508855932812e+16	6.112223798087766e+21
-0.0	4942452165562733.0	6.112159592899938e+21
-0.0	-8.377301543629275e+16	6.112239232991295e+21
-0.0	1.419493207905507e+17	6.112323856512014e+21
-0.0	-3.268089566430696e+17	6.113370903348883e+21
-0.0	7.79909954078262e+17	6.114430901344203e+21
-0.0	-3.137677018157048e+17	6.115780079966721e+21
-0.0	6.272700144460234e+17	6.116979069581347e+21
-0.0	3.0953811575343866e+17	6.105601313427874e+21
-0.0	7.402739399250963e+17	6.11206621404054e+21
-0.0	-1.412053767211135e+18	6.112326951047708e+21
-0.0	-5.552706005559896e+18	6.222779197282659e+21
-0.0	2.1710645732436988e+19	6.271256361788842e+21
-0.0	-9.11426811541999e+19	6.418524713347165e+21
-0.0	7.095929809180895e+19	5.666836464052333e+21
-0.0	-3.517009979013357e+20	5.100875410285599e+21
-0.0	3.148860063324269e+20	2.3600844915498921e+21
-0.0	1.623704860266748e+20	1.6236942422494003e+20
