1600
-0.0	-7.499988633066506e+19	-7.500362433408906e+19
-0.0	2.400930485229002e+19	-2.828771189247446e+20
-0.0	-3.79339804728504e+18	-3.03325816071512e+20
-0.0	1.601418335292622e+18	-3.4704867070237947e+20
-0.0	2.5295211891033875e+17	-3.39081763761483e+20
-0.0	-5.053357764957719e+17	-3.471245719583657e+20
-0.0	3.623864821924465e+17	-3.498861452846205e+20
-0.0	-4.231976606084206e+17	-3.513195767920712e+20
-0.0	2.5623098789343075e+17	-3.5171577461137146e+20
-0.0	-9.504095423063813e+16	-3.516633963659738e+20
-0.0	6.8122718658092264e+16	-3.515843193217246e+20
-0.0	-2184532826379125.0	-3.516400042101204e+20
-0.0	1.1126980531753622e+16	-3.516144733961833e+20
-0.0	2958388266342969.5	-3.516696067220979e+20
-0.0	-2718855588984393.0	-3.5163306802149523e+20
-0.0	2503082848250860.0	-3.516450658502522e+20
-0.0	-646255382441582.9	-3.516412091114174e+20
-0.0	682514536156159.2	-3.516434174958163e+20
-0.0	-268307184764389.88	-3.516371821825405e+20
-0.0	127432279569376.84	-3.516389316813352e+20
-0.0	-127432300849731.89	-3.516389316813385e+20
-0.0	268307168450337.7	-3.516371821825446e+20
-0.0	-682514549658948.2	-3.516434174958136e+20
-0.0	646255359767011.2	-3.516412091114187e+20
-0.0	-2503082863806539.5	-3.516450658502565e+20
-0.0	2718855568845967.0	-3.516330680214917e+20
-0.0	-2958388280175639.0	-3.516696067220945e+20
-0.0	-1.1126980545684156e+16	-3.516144733961732e+20
-0.0	2184532804932196.2	-3.5164000421011594e+20
-0.0	-6.8122718679411576e+16	-3.515843193217322e+20
-0.0	9.504095421199744e+16	-3.516633963659771e+20
-0.0	-2.5623098790770195e+17	-3.5171577461137585e+20
-0.0	4.231976605840972e+17	-3.513195767920758e+20
-0.0	-3.623864822006498e+17	-3.498861452846196e+20
-0.0	5.0533577647693075e+17	-3.47124571958364e+20
-0.0	-2.5295211895297686e+17	-3.390817637615062e+20
-0.0	-1.6014183352903124e+18	-3.4704867070238156e+20
-0.0	3.7933980472605353e+18	-3.033258160715133e+20
-0.0	-2.4009304852295205e+19	-2.8287711892473892e+20
-0.0	7.499988633065829e+19	-7.500362433408578e+19
-0.0	-1.3163891847134855e+20	1.4261766749753797e+19
-0.0	5.185116707834976e+19	1.6747604783651107e+22
-0.0	-8.52279114740914e+18	4.2897892498099447e+21
-0.0	6.896530349333005e+18	1.150324279444307e+22
-0.0	-2.0868246897516956e+18	8.97138103738574e+21
-0.0	-2.2341243119090464e+17	1.0148437175638713e+22
-0.0	5.603353472238279e+17	1.0025708404452964e+22
-0.0	-7.199697471434465e+17	9.96387095237693e+21
-0.0	4.0638394452563354e+17	1.0038748919696808e+22
-0.0	-1.50325715712837e+17	1.0006559939395685e+22
-0.0	9.090517524854933e+16	1.002203609763675e+22
-0.0	-1.7245167685982726e+16	1.0012166629198192e+22
-0.0	2.153565551191483e+16	1.0018348665876695e+22
-0.0	-2144860446601204.5	1.0014027875156224e+22
-0.0	-1489177878177605.0	1.0015538874201e+22
-0.0	1924211539898259.0	1.001494895895634e+22
-0.0	-659521520795232.9	1.0015132549609679e+22
-0.0	328118935242041.56	1.0015084453168387e+22
-0.0	-92790676513153.45	1.0015107162508936e+22
-0.0	45761152563693.77	1.0015106406163698e+22
-0.0	-45761147416351.305	1.001510640616378e+22
-0.0	92790678634936.89	1.0015107162509131e+22
-0.0	-328118929243008.1	1.0015084453168192e+22
-0.0	659521526626956.6	1.0015132549609792e+22
-0.0	-1924211534368611.2	1.0014948958956553e+22
-0.0	1489177880483842.0	1.001553887420078e+22
-0.0	2144860454336755.5	1.0014027875156417e+22
-0.0	-2.153565550606898e+16	1.001834866587635e+22
-0.0	1.7245167689752006e+16	1.0012166629198167e+22
-0.0	-9.090517524623034e+16	1.0022036097636931e+22
-0.0	1.5032571571630803e+17	1.0006559939395804e+22
-0.0	-4.063839445158998e+17	1.0038748919696596e+22
-0.0	7.199697471433379e+17	9.96387095237738e+21
-0.0	-5.60335347219263e+17	1.0025708404453054e+22
-0.0	2.234124312013409e+17	1.014843717563764e+22
-0.0	2.0868246897391657e+18	8.971381037386633e+21
-0.0	-6.896530349326363e+18	1.1503242794442926e+22
-0.0	8.522791147404595e+18	4.2897892498101114e+21
-0.0	-5.185116707837426e+19	1.6747604783650348e+22
-0.0	1.3163891847134655e+20	1.426176674975174e+19
-0.0	-2.6227358035115573e+19	-2.7593216520826854e+17
-0.0	2.7717619803543933e+19	4.0366818512774743e+21
-0.0	-1.2808249381459417e+19	-3.181891814262048e+21
-0.0	2.39977089084245e+18	1.8698404375572335e+21
-0.0	-1.5871373007784026e+18	5.359814845589327e+19
-0.0	-2.142369076293898e+17	1.1252718919753932e+21
-0.0	3.669372472802706e+17	9.779366294232652e+20
-0.0	-4.876249526900635e+17	9.988796052894853e+20
-0.0	2.7356945570524774e+17	1.0087767902100744e+21
-0.0	-8.340891607848392e+16	1.0039348525761664e+21
-0.0	4.7473424766510024e+16	1.0067386620012442e+21
-0.0	-7754565530789790.0	1.0029522705065454e+21
-0.0	1.413455759387291e+16	1.0069442174077844e+21
-0.0	-1993046450285135.0	1.0036078017879958e+21
-0.0	-1275024274514876.2	1.00513639413461e+21
-0.0	1668843360431566.0	1.0045204856146053e+21
-0.0	-550323626013568.06	1.0047104994758526e+21
-0.0	258853681166651.78	1.0046551314426511e+21
-0.0	-6074631575522.401	1.0046867827138177e+21
-0.0	-4260700373568.6147	1.0046813579854177e+21
-0.0	4260703725850.285	1.0046813579854262e+21
-0.0	6074634990334.847	1.004686782713866e+21
-0.0	-258853676083646.66	1.0046551314426976e+21
-0.0	550323629584583.9	1.0047104994758528e+21
-0.0	-1668843355708670.0	1.0045204856146172e+21
-0.0	1275024276438235.8	1.0051363941345826e+21
-0.0	1993046455573879.8	1.0036078017880241e+21
-0.0	-1.413455758862169e+16	1.0069442174077926e+21
-0.0	7754565533631277.0	1.0029522705065591e+21
-0.0	-4.7473424764372984e+16	1.0067386620011778e+21
-0.0	8.340891608154376e+16	1.0039348525761853e+21
-0.0	-2.7356945569847856e+17	1.0087767902100719e+21
-0.0	4.876249526904129e+17	9.988796052893393e+20
-0.0	-3.669372472741708e+17	9.779366294235366e+20
-0.0	2.1423690763462992e+17	1.125271891975572e+21
-0.0	1.5871373007723901e+18	5.3598148455576674e+19
-0.0	-2.3997708908323277e+18	1.8698404375569414e+21
-0.0	1.2808249381458962e+19	-3.1818918142620777e+21
-0.0	-2.771761980353912e+19	4.03668185127764e+21
-0.0	2.622735803511643e+19	-2.7593216520847187e+17
-0.0	2.822356759453255e+19	-6.64174744431251e+17
-0.0	-1.3312108407599802e+19	1.0368373244685357e+22
-0.0	4.3736189030609567e+18	1.7415593373532252e+21
-0.0	-2.2608145796471647e+18	6.727147802824409e+21
-0.0	1.2818597864913388e+18	5.143613851146704e+21
-0.0	2.3442077130659405e+17	6.219507345311732e+21
-0.0	-5.134739315080911e+17	6.183684839118606e+21
-0.0	3.5972778967379066e+17	6.078178251517704e+21
-0.0	-1.9242241099980352e+17	6.149886897970449e+21
-0.0	8.701234206087526e+16	6.120941731166806e+21
-0.0	-5.222187344703395e+16	6.133515995602146e+21
-0.0	8600860862326464.0	6.12585332320348e+21
-0.0	-7850267334238098.0	6.13095116157724e+21
-0.0	-3774815043847057.0	6.127203493181281e+21
-0.0	2344506779367310.5	6.128478369230606e+21
-0.0	-1332692622606635.5	6.128006590556111e+21
-0.0	555614667442592.1	6.128129231619973e+21
-0.0	-300488596890530.6	6.128102520729686e+21
-0.0	236006547505949.12	6.128122696718704e+21
-0.0	-131582766093771.73	6.128119948327512e+21
-0.0	131582767534467.72	6.128119948327558e+21
-0.0	-236006546617449.88	6.128122696718863e+21
-0.0	300488595393668.9	6.128102520729576e+21
-0.0	-555614666746872.9	6.128129231620059e+21
-0.0	1332692621393621.2	6.128006590556146e+21
-0.0	-2344506776941756.5	6.128478369230405e+21
-0.0	3774815041811672.0	6.127203493181352e+21
-0.0	7850267332616010.0	6.130951161577014e+21
-0.0	-8600860860845597.0	6.12585332320347e+21
-0.0	5.222187344944559e+16	6.133515995602274e+21
-0.0	-8.701234205989184e+16	6.120941731166848e+21
-0.0	1.9242241099630966e+17	6.149886897970351e+21
-0.0	-3.597277896688053e+17	6.078178251517939e+21
-0.0	5.134739315056404e+17	6.183684839118771e+21
-0.0	-2.3442077130900787e+17	6.219507345311179e+21
-0.0	-1.281859786475604e+18	5.143613851147203e+21
-0.0	2.2608145796355064e+18	6.727147802824208e+21
-0.0	-4.3736189030540954e+18	1.7415593373532779e+21
-0.0	1.3312108407594568e+19	1.036837324468522e+22
-0.0	-2.8223567594531037e+19	-6.641747444315594e+17
-0.0	3.758161258373624e+19	-5.3001547844345384e+16
-0.0	-4.488953089420471e+19	7.378499547473207e+21
-0.0	1.534280358396775e+19	-3.7088916263097887e+18
-0.0	-4.838747130807025e+18	4.727595180116186e+21
-0.0	1.7787738675501169e+18	3.297693805804458e+21
-0.0	3.526467015679055e+17	4.177397030942638e+21
-0.0	-6.445125740263459e+17	4.093675081063298e+21
-0.0	8.443069885107146e+17	4.029500725754214e+21
-0.0	-4.5919513607397395e+17	4.0787218162239894e+21
-0.0	1.6240189821816992e+17	4.0613082052484294e+21
-0.0	-1.1815341434533582e+17	4.067686594750613e+21
-0.0	1.0347262472567882e+16	4.063338266508358e+21
-0.0	-1.9550088615121836e+16	4.068278343131339e+21
-0.0	-5469325323481539.0	4.064790383414045e+21
-0.0	4984247520724502.0	4.066054121789226e+21
-0.0	-3407158444387498.0	4.065566756446662e+21
-0.0	1375428941052824.0	4.065710900917365e+21
-0.0	-624635958234453.0	4.0656711227993793e+21
-0.0	419192568448504.1	4.0656954492467576e+21
-0.0	-226169528641181.06	4.065691324695117e+21
-0.0	226169529985285.3	4.0656913246951456e+21
-0.0	-419192567220031.56	4.0656954492468315e+21
-0.0	624635955003101.8	4.065671122799351e+21
-0.0	-1375428939919615.2	4.065710900917424e+21
-0.0	3407158441498054.5	4.0655667564467045e+21
-0.0	-4984247517201829.0	4.0660541217891056e+21
-0.0	5469325319604987.0	4.0647903834141475e+21
-0.0	1.9550088611347948e+16	4.068278343131208e+21
-0.0	-1.0347262469851332e+16	4.063338266508409e+21
-0.0	1.181534143484829e+17	4.067686594750699e+21
-0.0	-1.6240189821718106e+17	4.061308205248492e+21
-0.0	4.5919513606725926e+17	4.078721816223933e+21
-0.0	-8.44306988501966e+17	4.029500725754352e+21
-0.0	6.445125740197737e+17	4.093675081063396e+21
-0.0	-3.526467015709216e+17	4.1773970309422226e+21
-0.0	-1.7787738675232648e+18	3.297693805804753e+21
-0.0	4.838747130783482e+18	4.727595180116032e+21
-0.0	-1.5342803583959255e+19	-3.708891626275325e+18
-0.0	4.488953089419049e+19	7.378499547473125e+21
-0.0	-3.758161258373469e+19	-5.300154784448827e+16
-0.0	3.6189377134670393e+19	-6.369752741354181e+17
-0.0	-4.902138971702007e+19	7.502532718700464e+21
-0.0	1.2770851992941687e+19	7.984515479299511e+20
-0.0	-4.092712906006657e+18	5.126455645633318e+21
-0.0	4.214514194838182e+16	3.732443351756968e+21
-0.0	5.2776012247456954e+17	4.526240731683934e+21
-0.0	-6.463636625926683e+17	4.47980789512603e+21
-0.0	7.270319895846662e+17	4.4179350191724115e+21
-0.0	-4.949071525844856e+17	4.4729385777397147e+21
-0.0	1.5828312229768474e+17	4.456134201358087e+21
-0.0	-1.1628338777385827e+17	4.46202092779675e+21
-0.0	1580311519556610.8	4.458489115352113e+21
-0.0	-1.857348866132956e+16	4.462422810828855e+21
-0.0	-5669225168807700.0	4.459033003133554e+21
-0.0	5449273639373081.0	4.4602287768525446e+21
-0.0	-3568613827166364.0	4.45977546465027e+21
-0.0	1398498415037325.5	4.459913010515836e+21
-0.0	-506894853381218.56	4.459869263804939e+21
-0.0	475408198190165.2	4.4598977148390416e+21
-0.0	-246839837114040.28	4.459896484832917e+21
-0.0	246839850512557.34	4.4598964848329847e+21
-0.0	-475408186082048.56	4.459897714839143e+21
-0.0	506894860390038.4	4.4598692638048786e+21
-0.0	-1398498402634119.8	4.459913010515903e+21
-0.0	3568613834557178.5	4.4597754646503605e+21
-0.0	-5449273623652780.0	4.460228776852429e+21
-0.0	5669225174975972.0	4.4590330031337185e+21
-0.0	1.8573488668095164e+16	4.4624228108287124e+21
-0.0	-1580311504885708.5	4.458489115352109e+21
-0.0	1.1628338778872704e+17	4.4620209277968717e+21
-0.0	-1.5828312228523885e+17	4.4561342013581594e+21
-0.0	4.9490715258818995e+17	4.4729385777397215e+21
-0.0	-7.270319895632806e+17	4.41793501917254e+21
-0.0	6.463636625933423e+17	4.4798078951261334e+21
-0.0	-5.277601224650252e+17	4.5262407316835103e+21
-0.0	-4.21451419032945e+16	3.7324433517573707e+21
-0.0	4.092712905988217e+18	5.126455645633223e+21
-0.0	-1.277085199292384e+19	7.984515479300001e+20
-0.0	4.902138971701437e+19	7.502532718700368e+21
-0.0	-3.61893771346683e+19	-6.369752741355592e+17
-0.0	3.8763987063264535e+19	-2.689822369572742e+17
-0.0	-4.9297735668277895e+19	6.410564338412448e+21
-0.0	1.0052726884538757e+19	5.548674472551339e+20
-0.0	-3.3603503089334385e+18	4.420249533296548e+21
-0.0	-7.128678860695867e+17	3.1638636008243174e+21
-0.0	8.030984740425879e+17	3.8865331539718486e+21
-0.0	-5.579968609276861e+17	3.8391594624217897e+21
-0.0	7.475415011151845e+17	3.7829848892017355e+21
-0.0	-4.525617965143263e+17	3.831493439078066e+21
-0.0	1.5493936474593264e+17	3.8166424993115066e+21
-0.0	-1.1694583990576072e+17	3.820065357969032e+21
-0.0	-5725314973610006.0	3.8174442868648276e+21
-0.0	-1.818193171494899e+16	3.8207330517052225e+21
-0.0	-5501320883649564.0	3.8176959306610193e+21
-0.0	4974829072044333.0	3.818762013626823e+21
-0.0	-3446104178741709.5	3.8183652590080156e+21
-0.0	1141948771260572.8	3.818481278607044e+21
-0.0	-561176163394509.6	3.8184464248285037e+21
-0.0	528469827864142.56	3.8184732780617086e+21
-0.0	-281520926442195.1	3.818471574564903e+21
-0.0	281520928498742.6	3.8184715745649403e+21
-0.0	-528469827661044.25	3.818473278061766e+21
-0.0	561176159120227.8	3.818446424828443e+21
-0.0	-1141948769330355.8	3.81848127860707e+21
-0.0	3446104174234935.5	3.818365259008079e+21
-0.0	-4974829067010991.0	3.8187620136267117e+21
-0.0	5501320877736240.0	3.8176959306611174e+21
-0.0	1.818193170917808e+16	3.820733051705109e+21
-0.0	5725314978503817.0	3.8174442868648145e+21
-0.0	1.1694583990983051e+17	3.8200653579691255e+21
-0.0	-1.54939364745413e+17	3.816642499311522e+21
-0.0	4.525617965059936e+17	3.8314934390780173e+21
-0.0	-7.475415011040847e+17	3.7829848892018776e+21
-0.0	5.579968609148481e+17	3.8391594624218353e+21
-0.0	-8.030984740438067e+17	3.886533153971486e+21
-0.0	7.128678861079875e+17	3.163863600824633e+21
-0.0	3.360350308899257e+18	4.420249533296436e+21
-0.0	-1.0052726884526318e+19	5.548674472551678e+20
-0.0	4.929773566825712e+19	6.410564338412327e+21
-0.0	-3.876398706326299e+19	-2.689822369572958e+17
-0.0	4.223016865396277e+19	-4.3285567687271725e+17
-0.0	-5.0576979944655675e+19	5.327696268247629e+21
-0.0	9.569023086342838e+18	4.492166935162856e+20
-0.0	-3.215085437822354e+18	3.641646485662263e+21
-0.0	-9.275034163189102e+17	2.601533623332732e+21
-0.0	8.301214082846642e+17	3.2097867424155833e+21
-0.0	-6.422185460229435e+17	3.1654966490960814e+21
-0.0	7.41472307852736e+17	3.1193797255978827e+21
-0.0	-4.907918640544954e+17	3.161660303816569e+21
-0.0	1.5453759458984368e+17	3.149523110205013e+21
-0.0	-1.2144864587787066e+17	3.1525084573159255e+21
-0.0	-4937813906639529.0	3.1499798871374226e+21
-0.0	-1.6060759148981308e+16	3.152618752484986e+21
-0.0	-4870699564659084.0	3.1500760956983496e+21
-0.0	4758153117669417.0	3.1509649422832024e+21
-0.0	-3503557239808775.5	3.1506393478072537e+21
-0.0	978985006202080.1	3.150730136600821e+21
-0.0	-637082188889381.1	3.150705091042849e+21
-0.0	567628466072480.2	3.150730358321092e+21
-0.0	-291267970379322.8	3.1507282016991246e+21
-0.0	291267977040979.25	3.1507282016991644e+21
-0.0	-567628460118078.9	3.150730358321165e+21
-0.0	637082188700400.8	3.1507050910428063e+21
-0.0	-978985000254279.1	3.150730136600845e+21
-0.0	3503557240394119.5	3.150639347807279e+21
-0.0	-4758153107186911.0	3.1509649422830954e+21
-0.0	4870699563839979.0	3.1500760956984115e+21
-0.0	1.6060759148042066e+16	3.1526187524848657e+21
-0.0	4937813915694915.0	3.149979887137421e+21
-0.0	1.2144864588689598e+17	3.1525084573159805e+21
-0.0	-1.5453759458360077e+17	3.149523110205011e+21
-0.0	4.907918640505224e+17	3.1616603038165206e+21
-0.0	-7.414723078353321e+17	3.1193797255979907e+21
-0.0	6.422185460133812e+17	3.165496649096171e+21
-0.0	-8.301214082811213e+17	3.2097867424152976e+21
-0.0	9.275034163642963e+17	2.60153362333301e+21
-0.0	3.2150854377906406e+18	3.6416464856621714e+21
-0.0	-9.569023086324228e+18	4.492166935163057e+20
-0.0	5.05769799446393e+19	5.327696268247594e+21
-0.0	-4.223016865396045e+19	-4.3285567687271206e+17
-0.0	4.315195323238847e+19	-6.6327811143987624e+16
-0.0	-5.205660944205375e+19	4.2830606533250195e+21
-0.0	1.058520242524209e+19	3.284075633864556e+20
-0.0	-3.354527087677738e+18	2.947638233266569e+21
-0.0	-7.050372420492593e+17	2.0973167293162586e+21
-0.0	9.123082576015016e+17	2.598822306628532e+21
-0.0	-6.198448500110506e+17	2.5623190099986995e+21
-0.0	8.112971578375419e+17	2.528191704113734e+21
-0.0	-4.888652770078814e+17	2.5610718702286914e+21
-0.0	1.7195783768204845e+17	2.552299440408168e+21
-0.0	-1.1914748540446122e+17	2.5544510734608247e+21
-0.0	-1947019725455417.2	2.552367664262709e+21
-0.0	-1.6130966995925528e+16	2.554546328190937e+21
-0.0	-4805681792029493.0	2.5525248262306105e+21
-0.0	5322078313609993.0	2.553253110001993e+21
-0.0	-3402565593401721.5	2.5529774036645325e+21
-0.0	1049081016582722.1	2.553047868724264e+21
-0.0	-631112231487992.9	2.5530296593414624e+21
-0.0	585469613030814.8	2.5530488724054784e+21
-0.0	-298468216689738.25	2.5530464453431263e+21
-0.0	298468218990887.56	2.553046445343152e+21
-0.0	-585469611669016.5	2.5530488724055356e+21
-0.0	631112226597404.8	2.553029659341431e+21
-0.0	-1049081015064159.5	2.5530478687243034e+21
-0.0	3402565589002804.5	2.5529774036645435e+21
-0.0	-5322078308087626.0	2.553253110001909e+21
-0.0	4805681786899137.0	2.552524826230652e+21
-0.0	1.6130966990227734e+16	2.554546328190837e+21
-0.0	1947019730297895.8	2.5523676642626796e+21
-0.0	1.1914748540838067e+17	2.5544510734608724e+21
-0.0	-1.7195783768069763e+17	2.552299440408183e+21
-0.0	4.888652769992093e+17	2.5610718702286537e+21
-0.0	-8.112971578242148e+17	2.5281917041138367e+21
-0.0	6.198448499971411e+17	2.562319009998788e+21
-0.0	-9.123082576022979e+17	2.598822306628328e+21
-0.0	7.05037242090487e+17	2.0973167293164272e+21
-0.0	3.3545270876407977e+18	2.9476382332664556e+21
-0.0	-1.0585202425227194e+19	3.284075633864783e+20
-0.0	5.205660944203163e+19	4.2830606533250106e+21
-0.0	-4.315195323238656e+19	-6.632781114398018e+16
-0.0	4.097686402665959e+19	-1.2557825764710021e+17
-0.0	-5.036954018006476e+19	3.2234493021663406e+21
-0.0	1.079708965643145e+19	2.1712111217134748e+20
-0.0	-3.3983782008867256e+18	2.2235114994358495e+21
-0.0	-5.155279008273722e+17	1.5745674424181473e+21
-0.0	8.552042778831962e+17	1.9610785871634807e+21
-0.0	-6.021721200651832e+17	1.9312000754058786e+21
-0.0	7.979709587126985e+17	1.9062294819124816e+21
-0.0	-4.7041823549131e+17	1.9308782914129347e+21
-0.0	1.6319047443785178e+17	1.924399487384553e+21
-0.0	-1.171682614235542e+17	1.9257965755758034e+21
-0.0	-1136059683852400.8	1.9242947196987163e+21
-0.0	-1.7278142489325456e+16	1.925884483251522e+21
-0.0	-4816455599176386.0	1.9243406749398238e+21
-0.0	5077720055507978.0	1.9249010260809818e+21
-0.0	-3325749897982336.0	1.9246840357540303e+21
-0.0	1009115859076184.0	1.924742714703534e+21
-0.0	-588050841601784.2	1.9247290099746954e+21
-0.0	596217389900129.6	1.924743976155736e+21
-0.0	-284569461546918.25	1.9247421027668903e+21
-0.0	284569463617432.1	1.9247421027669002e+21
-0.0	-596217388190164.2	1.9247439761557836e+21
-0.0	588050836689963.2	1.924729009974668e+21
-0.0	-1009115857928978.5	1.9247427147035624e+21
-0.0	3325749894149519.5	1.9246840357540242e+21
-0.0	-5077720050270287.0	1.9249010260809236e+21
-0.0	4816455594117770.0	1.9243406749398598e+21
-0.0	1.7278142484131256e+16	1.9258844832514467e+21
-0.0	1136059688469248.2	1.9242947196987137e+21
-0.0	1.171682614275116e+17	1.925796575575841e+21
-0.0	-1.6319047443630352e+17	1.9243994873845616e+21
-0.0	4.70418235483234e+17	1.930878291412896e+21
-0.0	-7.979709586997796e+17	1.9062294819125618e+21
-0.0	6.02172120052218e+17	1.931200075405931e+21
-0.0	-8.552042778840343e+17	1.9610785871633208e+21
-0.0	5.155279008663752e+17	1.5745674424182825e+21
-0.0	3.3983782008518446e+18	2.2235114994357743e+21
-0.0	-1.0797089656417729e+19	2.1712111217136003e+20
-0.0	5.0369540180043825e+19	3.2234493021663123e+21
-0.0	-4.09768640266577e+19	-1.255782576471043e+17
-0.0	3.6623639331186115e+19	-4.3388392593671784e+16
-0.0	-4.570670441310401e+19	2.263334165768883e+21
-0.0	1.033754652615367e+19	1.2312346006665426e+20
-0.0	-3.1643548336682276e+18	1.5694954939294884e+21
-0.0	-2.987244847243751e+17	1.1026660824267913e+21
-0.0	7.569063337768668e+17	1.382049913743355e+21
-0.0	-5.42504663996663e+17	1.3586054843200816e+21
-0.0	7.296109730573343e+17	1.3420068774353867e+21
-0.0	-4.277051031123097e+17	1.3586741345520071e+21
-0.0	1.4748807086144304e+17	1.35440516533801e+21
-0.0	-1.0520607544336142e+17	1.3552765153833462e+21
-0.0	223528050911098.22	1.354290133870368e+21
-0.0	-1.6327820548932466e+16	1.3554045157880816e+21
-0.0	-4051933149163990.0	1.3543231805938289e+21
-0.0	4330423902819839.0	1.354728311589978e+21
-0.0	-2914176512712344.5	1.3545731156142134e+21
-0.0	935858859444470.8	1.3546171557089703e+21
-0.0	-506662056815787.06	1.3546059552568967e+21
-0.0	548606369570637.1	1.3546169358417752e+21
-0.0	-257162592706586.25	1.3546153429008604e+21
-0.0	257162592786812.06	1.3546153429008764e+21
-0.0	-548606370040219.94	1.3546169358418043e+21
-0.0	506662051002926.56	1.3546059552568642e+21
-0.0	-935858860049363.5	1.3546171557089934e+21
-0.0	2914176507479665.5	1.3545731156142284e+21
-0.0	-4330423899587305.5	1.354728311589933e+21
-0.0	4051933142413909.5	1.3543231805938556e+21
-0.0	1.6327820542567876e+16	1.3554045157880373e+21
-0.0	-223528048634574.25	1.354290133870357e+21
-0.0	1.052060754448619e+17	1.3552765153833913e+21
-0.0	-1.4748807086203648e+17	1.3544051653380255e+21
-0.0	4.2770510310302746e+17	1.3586741345519883e+21
-0.0	-7.296109730481989e+17	1.3420068774354449e+21
-0.0	5.4250466398323776e+17	1.3586054843201264e+21
-0.0	-7.569063337799905e+17	1.3820499137432527e+21
-0.0	2.987244847579727e+17	1.1026660824268919e+21
-0.0	3.1643548336353633e+18	1.5694954939294383e+21
-0.0	-1.0337546526143201e+19	1.2312346006666561e+20
-0.0	4.570670441308351e+19	2.2633341657688748e+21
-0.0	-3.662363933118455e+19	-4.3388392593596264e+16
-0.0	3.0299701248293073e+19	-2.7760603856329364e+16
-0.0	-3.8436132334114054e+19	1.4361719641239504e+21
-0.0	9.169612103104409e+18	5.144615948371049e+19
-0.0	-2.7422566529230653e+18	1.0027115628011051e+21
-0.0	-1.0286592754391394e+17	6.974034036283228e+20
-0.0	6.127307955350886e+17	8.823666041186908e+20
-0.0	-4.5140456888844915e+17	8.658249990429497e+20
-0.0	6.1556705077951e+17	8.558786924487782e+20
-0.0	-3.593381160746131e+17	8.659004072172923e+20
-0.0	1.2343410700721224e+17	8.634903688240219e+20
-0.0	-8.82948838551663e+16	8.639180333065352e+20
-0.0	449722040066867.3	8.633279558992155e+20
-0.0	-1.4300418955315306e+16	8.640357689420848e+20
-0.0	-3148229948052252.0	8.633356033945224e+20
-0.0	3484361216596570.0	8.636005828778416e+20
-0.0	-2271151899243074.5	8.634972152580631e+20
-0.0	814693180470368.0	8.635264136044962e+20
-0.0	-388004165644650.25	8.635184164885044e+20
-0.0	468555274298176.44	8.635260882116047e+20
-0.0	-214960698989200.12	8.635248866764115e+20
-0.0	214960695086338.4	8.635248866764175e+20
-0.0	-468555279024846.9	8.635260882116287e+20
-0.0	388004156856594.4	8.635184164884954e+20
-0.0	-814693184839256.1	8.635264136045122e+20
-0.0	2271151891187620.5	8.634972152580714e+20
-0.0	-3484361218501285.5	8.636005828778278e+20
-0.0	3148229937944672.0	8.633356033945447e+20
-0.0	1.430041894605893e+16	8.640357689420558e+20
-0.0	-449722043056956.6	8.633279558992184e+20
-0.0	8.829488385246357e+16	8.639180333065507e+20
-0.0	-1.2343410701158349e+17	8.634903688240295e+20
-0.0	3.593381160625499e+17	8.659004072172706e+20
-0.0	-6.155670507761723e+17	8.558786924488069e+20
-0.0	4.514045688737347e+17	8.658249990429686e+20
-0.0	-6.127307955419004e+17	8.823666041186315e+20
-0.0	1.0286592756761146e+17	6.974034036283849e+20
-0.0	2.7422566528913664e+18	1.0027115628010696e+21
-0.0	-9.169612103098565e+18	5.144615948371618e+19
-0.0	3.8436132334092394e+19	1.4361719641239493e+21
-0.0	-3.0299701248292106e+19	-2.7760603856290556e+16
-0.0	2.2572713261678473e+19	187670807542659.12
-0.0	-2.9353613663767065e+19	7.934722372758258e+20
-0.0	7.484096554135397e+18	6.52172343892594e+18
-0.0	-2.1757030623543555e+18	5.599860387747463e+20
-0.0	6.459486692531476e+16	3.8359174208731487e+20
-0.0	4.417778236952975e+17	4.919769885563921e+20
-0.0	-3.387367099638451e+17	4.8135537372293156e+20
-0.0	4.701950325531663e+17	4.7644232993578235e+20
-0.0	-2.723759261919879e+17	4.815468670215922e+20
-0.0	9.2751964332221e+16	4.8044356742374785e+20
-0.0	-6.776346535852732e+16	4.8055991635479606e+20
-0.0	346830053360167.3	4.802680596963052e+20
-0.0	-1.1858550312950002e+16	4.806666553676206e+20
-0.0	-2103039205418551.2	4.8027097881141346e+20
-0.0	2497979344457584.5	4.804255588029126e+20
-0.0	-1633233999339046.2	4.8036506425827806e+20
-0.0	626288230326217.2	4.803825229040693e+20
-0.0	-272010905429858.78	4.8037755144274955e+20
-0.0	363552087741437.9	4.803823395485008e+20
-0.0	-161975030575474.53	4.803814768580061e+20
-0.0	161975031077915.44	4.803814768580077e+20
-0.0	-363552088239128.94	4.803823395485141e+20
-0.0	272010902162228.12	4.8037755144274385e+20
-0.0	-626288230283558.4	4.8038252290407124e+20
-0.0	1633233996093464.5	4.803650642582815e+20
-0.0	-2497979342500741.5	4.804255588028961e+20
-0.0	2103039201415653.0	4.802709788114202e+20
-0.0	1.1858550309087014e+16	4.806666553676023e+20
-0.0	-346830051764344.3	4.802680596962985e+20
-0.0	6.776346536006368e+16	4.805599163548071e+20
-0.0	-9.275196433229856e+16	4.804435674237485e+20
-0.0	2.7237592618631546e+17	4.8154686702158125e+20
-0.0	-4.7019503254708006e+17	4.764423299357962e+20
-0.0	3.387367099558771e+17	4.8135537372294886e+20
-0.0	-4.417778236967725e+17	4.919769885563665e+20
-0.0	-6.4594866904749944e+16	3.835917420873512e+20
-0.0	2.1757030623343521e+18	5.59986038774725e+20
-0.0	-7.484096554129143e+18	6.52172343892922e+18
-0.0	2.9353613663754633e+19	7.934722372758298e+20
-0.0	-2.257271326167752e+19	187670807598424.97
-0.0	1.4517204692403569e+19	4809324692186369.0
-0.0	-1.966121164552426e+19	3.545965215328936e+20
-0.0	5.46548849729826e+18	-1.3928406364699589e+19
-0.0	-1.525849671896933e+18	2.5472503354081627e+20
-0.0	1.7653222446149302e+17	1.69919896702303e+20
-0.0	2.710209432091288e+17	2.2314329864095764e+20
-0.0	-2.19587153767198e+17	2.1726791745879713e+20
-0.0	3.132573639926387e+17	2.1552141626902295e+20
-0.0	-1.7986766869182106e+17	2.1747277952361542e+20
-0.0	6.0805293493370056e+16	2.171635118992878e+20
-0.0	-4.4841490254337416e+16	2.171291466638291e+20
-0.0	552624654769800.75	2.1702602293452852e+20
-0.0	-8529639784953682.0	2.1720811811707136e+20
-0.0	-992794950973184.5	2.1702526643180208e+20
-0.0	1579230354007188.0	2.1710022416120857e+20
-0.0	-946099827407284.8	2.1707035892856993e+20
-0.0	445527824558693.25	2.1707911715292257e+20
-0.0	-150023041373089.3	2.1707639453702606e+20
-0.0	249133984169438.28	2.1707891718057538e+20
-0.0	-105457970935088.92	2.1707837664213493e+20
-0.0	105457971378044.7	2.1707837664213467e+20
-0.0	-249133984808882.84	2.170789171805824e+20
-0.0	150023039048015.47	2.170763945370279e+20
-0.0	-445527824245053.44	2.1707911715292532e+20
-0.0	946099825279635.8	2.1707035892856957e+20
-0.0	-1579230352855223.8	2.1710022416120486e+20
-0.0	992794948363138.9	2.1702526643180716e+20
-0.0	8529639782471795.0	2.1720811811706785e+20
-0.0	-552624653964644.94	2.1702602293453328e+20
-0.0	4.48414902550979e+16	2.1712914666383563e+20
-0.0	-6.080529349348602e+16	2.1716351189929027e+20
-0.0	1.7986766868826086e+17	2.1747277952361162e+20
-0.0	-3.132573639890662e+17	2.155214162690239e+20
-0.0	2.195871537624822e+17	2.1726791745880156e+20
-0.0	-2.7102094321057693e+17	2.2314329864094745e+20
-0.0	-1.7653222444856624e+17	1.6991989670232093e+20
-0.0	1.5258496718843707e+18	2.5472503354080618e+20
-0.0	-5.465488497294876e+18	-1.3928406364698817e+19
-0.0	1.96612116455165e+19	3.545965215328915e+20
-0.0	-1.4517204692403038e+19	4809324692210882.0
-0.0	7.534631714382798e+18	7306450476300383.0
-0.0	-1.0948314507846822e+19	1.1158424976424398e+20
-0.0	3.412575188161208e+18	-1.4904033278444888e+19
-0.0	-9.00039984830977e+17	8.306308218823962e+19
-0.0	2.035600461519656e+17	5.2622314521802826e+19
-0.0	1.2939695982309445e+17	7.240762472876746e+19
-0.0	-1.156222196745482e+17	6.983742708057248e+19
-0.0	1.7118427809967712e+17	6.957486685805573e+19
-0.0	-9.718064982577293e+16	6.997873524798934e+19
-0.0	3.24781627053919e+16	6.999879639532684e+19
-0.0	-2.4277187321381812e+16	6.993161002395736e+19
-0.0	666385952327418.5	6.991736658929689e+19
-0.0	-5135090060501810.0	6.997725973364315e+19
-0.0	-216886428433098.0	6.991566937955588e+19
-0.0	811993745586496.4	6.994300439451616e+19
-0.0	-389924600016862.8	6.993184697078141e+19
-0.0	276620650298587.0	6.993521005346015e+19
-0.0	-51281737987824.21	6.993401220865214e+19
-0.0	144080850240613.6	6.993504568846702e+19
-0.0	-54966433445693.61	6.993477261813019e+19
-0.0	54966434010241.586	6.99347726181297e+19
-0.0	-144080850092218.72	6.993504568846835e+19
-0.0	51281737181017.555	6.993401220865268e+19
-0.0	-276620650088781.88	6.9935210053460435e+19
-0.0	389924599294640.25	6.993184697078066e+19
-0.0	-811993744609463.5	6.994300439451492e+19
-0.0	216886427503301.34	6.991566937955644e+19
-0.0	5135090059609150.0	6.99772597336414e+19
-0.0	-666385951544132.5	6.991736658929636e+19
-0.0	2.4277187321995292e+16	6.993161002395947e+19
-0.0	-3.247816270500514e+16	6.99987963953268e+19
-0.0	9.718064982419902e+16	6.997873524798773e+19
-0.0	-1.7118427809732352e+17	6.95748668580561e+19
-0.0	1.1562221967229869e+17	6.9837427080575386e+19
-0.0	-1.2939695982332203e+17	7.2407624728767185e+19
-0.0	-2.035600461450841e+17	5.262231452180686e+19
-0.0	9.000399848246369e+17	8.306308218823501e+19
-0.0	-3.412575188159254e+18	-1.4904033278444782e+19
-0.0	1.0948314507842875e+19	1.1158424976424598e+20
-0.0	-7.534631714382479e+18	7306450476326508.0
-0.0	2.7232738781774623e+18	3308564133746946.0
-0.0	-4.582660887893669e+18	1.7076962755486583e+19
-0.0	1.6887966646251187e+18	-7.151736314786564e+18
-0.0	-4.060628061186754e+17	1.4105239770496889e+19
-0.0	1.5463753940333802e+17	7.692445524957356e+18
-0.0	3.807611396770467e+16	1.2147447396755767e+19
-0.0	-4.249425533482229e+16	1.1409849640209895e+19
-0.0	6.811537869714226e+16	1.1505973039829826e+19
-0.0	-3.759518946322372e+16	1.1468980239142617e+19
-0.0	1.2438032843179132e+16	1.1526778094175617e+19
-0.0	-9359964909077494.0	1.1489805862304012e+19
-0.0	581937940414046.8	1.1496417367445406e+19
-0.0	-2330730255232822.0	1.1506611031957629e+19
-0.0	171276711648208.25	1.1495276912206359e+19
-0.0	323630976339098.25	1.1501286714698402e+19
-0.0	-40182756110388.164	1.1498727325123594e+19
-0.0	149421743971707.66	1.1499478517793587e+19
-0.0	8318998075532.862	1.1499097635228805e+19
-0.0	65360476598910.71	1.1499355319800357e+19
-0.0	-18932041953073.26	1.1499260245792358e+19
-0.0	18932042136115.484	1.1499260245792358e+19
-0.0	-65360476422461.12	1.1499355319800504e+19
-0.0	-8318998334498.014	1.1499097635228553e+19
-0.0	-149421744018493.8	1.1499478517793636e+19
-0.0	40182755898339.11	1.1498727325124106e+19
-0.0	-323630975976503.2	1.1501286714698543e+19
-0.0	-171276711979210.3	1.1495276912206713e+19
-0.0	2330730255011418.0	1.1506611031957273e+19
-0.0	-581937940124540.1	1.1496417367445377e+19
-0.0	9359964909173338.0	1.1489805862304446e+19
-0.0	-1.243803284306657e+16	1.1526778094175597e+19
-0.0	3.7595189462687736e+16	1.1468980239142509e+19
-0.0	-6.8115378696273864e+16	1.1505973039829518e+19
-0.0	4.2494255333951816e+16	1.1409849640210831e+19
-0.0	-3.807611396775109e+16	1.2147447396756873e+19
-0.0	-1.5463753940092522e+17	7.692445524958089e+18
-0.0	4.06062806116307e+17	1.4105239770495642e+19
-0.0	-1.688796664624536e+18	-7.1517363147867e+18
-0.0	4.582660887892036e+18	1.7076962755487461e+19
-0.0	-2.723273878177323e+18	3308564133755707.0
-0.0	3.296609763527211e+17	892686740906330.1
-0.0	-1.0591595045856101e+18	-2.0491969583988867e+17
-0.0	5.579617809790393e+17	-1.0055340479163329e+18
-0.0	-1.0637468615440154e+17	1.8084243624469626e+17
-0.0	7.57555256535546e+16	-1.460767226155125e+17
-0.0	-1930376472280819.5	1.3440594730112738e+17
-0.0	-5010420939616723.0	5.955871265210873e+16
-0.0	1.2399143035849888e+16	9.134295898569032e+16
-0.0	-5867409585387755.0	6.836566674375886e+16
-0.0	2068801957255049.5	8.046236041848888e+16
-0.0	-1347616697532179.0	7.446510376106101e+16
-0.0	393415079532981.8	7.650804464418837e+16
-0.0	-554918808028285.8	7.647154227856286e+16
-0.0	236996527218720.03	7.614205607905706e+16
-0.0	101817350424080.92	7.65371644429322e+16
-0.0	99007395978598.92	7.632973299760011e+16
-0.0	72107251025237.61	7.631857453874733e+16
-0.0	28336627906365.938	7.622377038782235e+16
-0.0	19939005494959.47	7.622383992835765e+16
-0.0	-396586159186.5157	7.620726251326464e+16
-0.0	396586187996.3523	7.620726251327835e+16
-0.0	-19939005468135.41	7.62238399283161e+16
-0.0	-28336627898863.934	7.622377038773162e+16
-0.0	-72107251106459.27	7.631857453867451e+16
-0.0	-99007395985159.62	7.632973299765829e+16
-0.0	-101817350402947.27	7.653716444299789e+16
-0.0	-236996527253765.44	7.614205607908211e+16
-0.0	554918808079737.06	7.647154227850059e+16
-0.0	-393415079496264.44	7.650804464401451e+16
-0.0	1347616697477003.2	7.446510376098712e+16
-0.0	-2068801957237609.2	8.046236041846933e+16
-0.0	5867409585325831.0	6.836566674376952e+16
-0.0	-1.2399143035771352e+16	9.13429589855411e+16
-0.0	5010420939504012.0	5.955871265218716e+16
-0.0	1930376472303157.0	1.3440594730141382e+17
-0.0	-7.575552565336885e+16	-1.4607672261568272e+17
-0.0	1.063746861540976e+17	1.8084243624455747e+17
-0.0	-5.57961780979106e+17	-1.0055340479163777e+18
-0.0	1.0591595045852708e+18	-2.0491969583975578e+17
-0.0	-3.296609763526657e+17	892686740907907.1
-0.0	-3.0735407697697754e+17	1163576135683320.0
-0.0	1.8954018403476182e+17	2.9185876959291174e+17
-0.0	3.881063903692103e+16	1.0327694635352546e+17
-0.0	1.4408856347780562e+16	1.775776131817452e+17
-0.0	1.563199959663959e+16	1.4994580813200435e+17
-0.0	-8515101302650293.0	1.594124292437422e+17
-0.0	5637481355943853.0	1.6282285370748474e+17
-0.0	-5599586963472170.0	1.583122175116539e+17
-0.0	4038282806605614.0	1.6215579114562554e+17
-0.0	-994613164992966.5	1.6049779206062035e+17
-0.0	1177357338439952.8	1.610695484231131e+17
-0.0	226815518416668.88	1.6066529493644957e+17
-0.0	180676386264516.1	1.606722891393401e+17
-0.0	150810587639474.53	1.6050981066800605e+17
-0.0	45321318577364.75	1.6055743276387917e+17
-0.0	101180941847375.86	1.6050881846738627e+17
-0.0	34271262901791.99	1.6045483763639517e+17
-0.0	23210052852149.816	1.604068287145941e+17
-0.0	1990039242251.221	1.6038645057750576e+17
-0.0	4403625698980.109	1.6038260609496698e+17
-0.0	-4403625701350.943	1.6038260609492947e+17
-0.0	-1990039252874.2605	1.6038645057747875e+17
-0.0	-23210052801239.406	1.604068287145784e+17
-0.0	-34271262938430.363	1.604548376363435e+17
-0.0	-101180941796201.31	1.6050881846739862e+17
-0.0	-45321318644065.33	1.6055743276386355e+17
-0.0	-150810587581872.0	1.6050981066801494e+17
-0.0	-180676386179860.2	1.6067228913935347e+17
-0.0	-226815518455459.6	1.6066529493638938e+17
-0.0	-1177357338507788.0	1.6106954842301155e+17
-0.0	994613164977097.5	1.6049779206062912e+17
-0.0	-4038282806537949.5	1.621557911456363e+17
-0.0	5599586963358452.0	1.583122175116415e+17
-0.0	-5637481355833006.0	1.6282285370747773e+17
-0.0	8515101302670806.0	1.594124292435956e+17
-0.0	-1.5631999597009282e+16	1.499458081318124e+17
-0.0	-1.4408856347490434e+16	1.7757761318175254e+17
-0.0	-3.881063903708488e+16	1.0327694635352014e+17
-0.0	-1.8954018403467354e+17	2.918587695929194e+17
-0.0	3.073540769769922e+17	1163576135681926.0
-0.0	-1.848899951559662e+17	1940920497872945.2
-0.0	2.7005466691168042e+17	-1.4338140603859518e+17
-0.0	-7.532869788301762e+16	-7.534724635862371e+16
-0.0	2.9442458109209604e+16	-8.446254180245563e+16
-0.0	-7726483707444470.0	-7.820934089965069e+16
-0.0	-3462201346443861.0	-7.74090245002708e+16
-0.0	4043637412817970.0	-8.03186673460704e+16
-0.0	-4920529422914842.0	-7.758229182843843e+16
-0.0	3370254851635079.0	-7.97794943755413e+16
-0.0	-685521436123449.4	-7.896885022072805e+16
-0.0	1004115814700231.4	-7.939714528559517e+16
-0.0	133604651455169.67	-7.93479559226721e+16
-0.0	255981161612580.0	-7.95086247905684e+16
-0.0	60216091320083.81	-7.952359592045248e+16
-0.0	42758171625993.055	-7.950110374994334e+16
-0.0	56802863126083.27	-7.953921544123022e+16
-0.0	17787186777897.062	-7.957494866846851e+16
-0.0	11072814414198.465	-7.960561685105078e+16
-0.0	-1194094382887.1824	-7.961478162175922e+16
-0.0	2761950535613.8667	-7.961878660989434e+16
-0.0	-2761950542268.0645	-7.961878660991813e+16
-0.0	1194094378558.772	-7.961478162178251e+16
-0.0	-11072814388273.697	-7.960561685104645e+16
-0.0	-17787186785681.16	-7.95749486684722e+16
-0.0	-56802863097234.27	-7.953921544125658e+16
-0.0	-42758171667684.43	-7.950110374995386e+16
-0.0	-60216091287760.43	-7.952359592045035e+16
-0.0	-255981161566563.25	-7.950862479055378e+16
-0.0	-133604651475758.92	-7.934795592271371e+16
-0.0	-1004115814738709.4	-7.939714528566168e+16
-0.0	685521436113047.4	-7.896885022072867e+16
-0.0	-3370254851596740.5	-7.977949437553435e+16
-0.0	4920529422851370.0	-7.75822918284623e+16
-0.0	-4043637412762229.0	-8.031866734608362e+16
-0.0	3462201346462369.0	-7.740902450032656e+16
-0.0	7726483707224878.0	-7.820934089978211e+16
-0.0	-2.9442458109026404e+16	-8.446254180245197e+16
-0.0	7.532869788295635e+16	-7.534724635863032e+16
-0.0	-2.7005466691160547e+17	-1.4338140603856142e+17
-0.0	1.8488999515597107e+17	1940920497872518.8
-0.0	9996645240665428.0	2660623206596927.5
-0.0	7.725620846637824e+16	6.715723887783118e+16
-0.0	-3.877304589565257e+16	4.9676809037371416e+16
-0.0	1.2667183828144218e+16	4.060494184395548e+16
-0.0	-7210667122456179.0	4.105855415834012e+16
-0.0	622091020233874.6	3.789181502569651e+16
-0.0	863073714765363.0	3.9636634529010856e+16
-0.0	-768867849469772.5	3.834624605144119e+16
-0.0	875848868834894.0	3.941126624940168e+16
-0.0	94909607428062.23	3.881796321336343e+16
-0.0	344700434483173.6	3.897277745400646e+16
-0.0	95493627338197.31	3.876658961712754e+16
-0.0	121798274187719.19	3.867584801167391e+16
-0.0	17098840648631.496	3.862348165997346e+16
-0.0	37013443150664.13	3.863106612920936e+16
-0.0	20502978893767.03	3.860748859862348e+16
-0.0	9342232964979.627	3.858337795286953e+16
-0.0	2642674553466.236	3.8569298206439016e+16
-0.0	-209771414766.2513	3.8564097237693656e+16
-0.0	470181945314.8864	3.856317214407144e+16
-0.0	-470181945753.3428	3.85631721440671e+16
-0.0	209771415564.78323	3.856409723768482e+16
-0.0	-2642674551404.9536	3.8569298206432424e+16
-0.0	-9342232961782.703	3.858337795286995e+16
-0.0	-20502978892002.88	3.860748859862495e+16
-0.0	-37013443161089.86	3.863106612920628e+16
-0.0	-17098840644053.275	3.8623481659970664e+16
-0.0	-121798274178367.38	3.867584801166245e+16
-0.0	-95493627340902.2	3.8766589617113656e+16
-0.0	-344700434491910.9	3.89727774540007e+16
-0.0	-94909607428616.62	3.881796321336421e+16
-0.0	-875848868830755.4	3.941126624940164e+16
-0.0	768867849465239.5	3.83462460514425e+16
-0.0	-863073714760173.1	3.963663452901101e+16
-0.0	-622091020231042.5	3.7891815025676344e+16
-0.0	7210667122429927.0	4.105855415833701e+16
-0.0	-1.2667183828114718e+16	4.060494184396617e+16
-0.0	3.87730458956509e+16	4.967680903737459e+16
-0.0	-7.725620846636384e+16	6.71572388778346e+16
-0.0	-9996645240662670.0	2660623206596939.0
-0.0	7.399220642297629e+16	3378818634749214.5
-0.0	-2.683013467282532e+16	-2.250522128652459e+16
-0.0	266636465654889.34	-2.33369057040741e+16
-0.0	880876005979394.0	-1.1742656559522946e+16
-0.0	-1586092504020264.0	-1.4205398885706124e+16
-0.0	1485374869316267.0	-1.168334168876479e+16
-0.0	-411510971901492.9	-1.2728462674354214e+16
-0.0	1100210815632192.8	-1.2043645382700174e+16
-0.0	-249602428055892.28	-1.2541030909191628e+16
-0.0	376728181497479.8	-1.241757977377521e+16
-0.0	26672124235539.09	-1.2567929803921542e+16
-0.0	75329886603078.4	-1.2657823543406892e+16
-0.0	23996237640331.582	-1.2756473493455124e+16
-0.0	6380801847208.621	-1.2790388884849312e+16
-0.0	22601256365447.406	-1.2784556265221182e+16
-0.0	3913440065854.3457	-1.2802995598533132e+16
-0.0	3976926080070.973	-1.2813906472612874e+16
-0.0	-501573549521.28613	-1.2819749989924582e+16
-0.0	455580924157.8462	-1.2820751446470664e+16
-0.0	-438346189290.2544	-1.282077991258482e+16
-0.0	438346192091.2874	-1.2820779912586176e+16
-0.0	-455580922500.87646	-1.2820751446471074e+16
-0.0	501573542658.4563	-1.2819749989928286e+16
-0.0	-3976926074524.3315	-1.2813906472612652e+16
-0.0	-3913440071588.951	-1.2802995598538232e+16
-0.0	-22601256362719.273	-1.2784556265221102e+16
-0.0	-6380801853503.0625	-1.27903888848518e+16
-0.0	-23996237643583.51	-1.2756473493464242e+16
-0.0	-75329886599636.14	-1.2657823543414692e+16
-0.0	-26672124232287.996	-1.2567929803912222e+16
-0.0	-376728181495584.5	-1.2417579773773362e+16
-0.0	249602428045822.0	-1.2541030909190064e+16
-0.0	-1100210815618162.6	-1.2043645382696176e+16
-0.0	411510971891257.6	-1.2728462674350532e+16
-0.0	-1485374869320224.2	-1.1683341688750616e+16
-0.0	1586092504058521.0	-1.4205398885685304e+16
-0.0	-880876006005807.4	-1.1742656559525342e+16
-0.0	-266636465641952.28	-2.3336905704071644e+16
-0.0	2.683013467281409e+16	-2.2505221286525076e+16
-0.0	-7.399220642297382e+16	3378818634749648.5
-0.0	5.794288441577034e+16	3958042345640518.5
-0.0	-3.4724793112933176e+16	1.0699174778988316e+16
-0.0	1.053683383707728e+16	1.6851264394261582e+16
-0.0	-1573547582758736.0	7372345680208190.0
-0.0	1063193756124747.9	9393541506143956.0
-0.0	977766932482508.8	7203043355963990.0
-0.0	-374832567817002.0	7661628827248812.0
-0.0	1051462081171408.8	7458633265479765.0
-0.0	-283422482375333.2	7636183751888156.0
-0.0	308480048634201.75	7448184749704755.0
-0.0	-9833141095379.348	7434341570373656.0
-0.0	55511625540318.13	7306047202766044.0
-0.0	-3535780607232.265	7228537493552270.0
-0.0	4643259914953.551	7204562149820076.0
-0.0	9695237326821.549	7199632909136253.0
-0.0	-699626440716.7238	7192067804190804.0
-0.0	1005824667688.5177	7186856300208229.0
-0.0	-804036677868.9386	7185846221985226.0
-0.0	420302395331.5061	7185817044539337.0
-0.0	-385801244403.3843	7185817044537696.0
-0.0	385801246413.4532	7185817044537731.0
-0.0	-420302393516.45483	7185817044537922.0
-0.0	804036672854.7931	7185846221983789.0
-0.0	-1005824663641.6965	7186856300205467.0
-0.0	699626436590.0052	7192067804191104.0
-0.0	-9695237324163.326	7199632909134421.0
-0.0	-4643259919907.618	7204562149820781.0
-0.0	3535780603839.4385	7228537493547094.0
-0.0	-55511625536717.38	7306047202763448.0
-0.0	9833141098082.326	7434341570381610.0
-0.0	-308480048632445.9	7448184749705495.0
-0.0	283422482367391.1	7636183751889615.0
-0.0	-1051462081160387.6	7458633265483389.0
-0.0	374832567809400.1	7661628827250588.0
-0.0	-977766932487272.2	7203043355969888.0
-0.0	-1063193756095004.4	9393541506164868.0
-0.0	1573547582735598.2	7372345680204886.0
-0.0	-1.0536833837067824e+16	1.68512643942637e+16
-0.0	3.472479311292421e+16	1.069917477898864e+16
-0.0	-5.794288441576838e+16	3958042345640810.0
-0.0	3.1509339233640372e+16	4510949650902396.0
-0.0	-1.6414979358744954e+16	3537282667585649.5
-0.0	7360340787933276.0	-1949848332882687.8
-0.0	-556238578476642.6	4133509872803360.5
-0.0	1207378356615391.8	2352892801366632.0
-0.0	475671400920394.8	3315545069091180.0
-0.0	-98895306264976.06	3000743795123811.0
-0.0	560211586896546.8	3143383281878988.5
-0.0	-76755274591175.98	3062992368620151.0
-0.0	179069125586371.38	3022253832661434.0
-0.0	20302267859478.04	2950320908010324.5
-0.0	35942103596898.22	2858907545874086.0
-0.0	-1988580432109.002	2806237435422906.0
-0.0	3097445640981.011	2784677168858172.5
-0.0	2784906026901.886	2782274816912141.0
-0.0	-1083794505328.9188	2777876398065672.0
-0.0	-19191357738.244556	2776892181501932.5
-0.0	-385286584587.41034	2776862553041564.0
-0.0	230684531784.20392	2776862553040514.5
-0.0	-150821488618.18262	2776862553040318.0
-0.0	150821489766.28928	2776862553040877.0
-0.0	-230684530983.16183	2776862553040041.5
-0.0	385286581871.00037	2776862553041024.0
-0.0	19191359501.647614	2776892181501543.5
-0.0	1083794503220.4467	2777876398064284.5
-0.0	-2784906026181.814	2782274816911261.5
-0.0	-3097445643007.0293	2784677168857957.0
-0.0	1988580430697.085	2806237435420463.5
-0.0	-35942103595234.87	2858907545874287.5
-0.0	-20302267858792.39	2950320908013605.0
-0.0	-179069125585540.34	3022253832661268.5
-0.0	76755274587725.12	3062992368620755.0
-0.0	-560211586891445.5	3143383281881011.5
-0.0	98895306261487.14	3000743795124056.5
-0.0	-475671400922439.5	3315545069093619.0
-0.0	-1207378356603418.2	2352892801375150.0
-0.0	556238578466373.2	4133509872801573.0
-0.0	-7360340787928543.0	-1949848332881791.5
-0.0	1.6414979358740826e+16	3537282667583966.5
-0.0	-3.150933923363883e+16	4510949650902671.0
-0.0	1.6563404790630614e+16	4900287437708141.0
-0.0	-4262769141754644.0	2243463415118056.8
-0.0	3487551230101439.5	6479920554920638.0
-0.0	352512356940882.0	2732487924343119.5
-0.0	761513813840964.5	3499350199419460.5
-0.0	237868271301838.25	2566636690349768.0
-0.0	38381336777761.29	2597852369846097.0
-0.0	242775158996667.78	2621008534264989.5
-0.0	31661562359806.113	2607370747419009.0
-0.0	93383812631057.33	2537894849253989.5
-0.0	30290312185274.645	2491995016235172.0
-0.0	20049202408637.65	2422253043374379.5
-0.0	1302056746222.3755	2387180913697642.5
-0.0	1485710571653.0989	2377335696983901.5
-0.0	360484660847.91125	2374029106787849.5
-0.0	-588808611938.5535	2373085844064216.0
-0.0	-75617364669.10912	2373055852398630.5
-0.0	-71359932701.03586	2373055852398269.0
-0.0	109325857644.39853	2373055852398435.0
-0.0	-28712351586.53337	2373055852398283.0
-0.0	28712352313.319885	2373055852398434.5
-0.0	-109325857724.06435	2373055852398283.0
-0.0	71359931699.3633	2373055852398479.5
-0.0	75617365971.10115	2373055852398268.5
-0.0	588808610940.5131	2373085844063479.5
-0.0	-360484660728.5993	2374029106787640.0
-0.0	-1485710572207.6475	2377335696983668.5
-0.0	-1302056746724.7195	2387180913697030.0
-0.0	-20049202407533.555	2422253043373812.5
-0.0	-30290312185420.617	2491995016235344.0
-0.0	-93383812630768.05	2537894849254735.0
-0.0	-31661562360829.38	2607370747419247.5
-0.0	-242775158994582.2	2621008534264025.5
-0.0	-38381336779500.28	2597852369845843.0
-0.0	-237868271302201.72	2566636690350951.0
-0.0	-761513813837529.5	3499350199422958.0
-0.0	-352512356944679.75	2732487924343390.5
-0.0	-3487551230099862.0	6479920554920498.0
-0.0	4262769141752246.0	2243463415117173.0
-0.0	-1.6563404790629274e+16	4900287437708244.0
-0.0	1.0232230997428196e+16	5197601089597293.0
-0.0	-2733955802238.943	6463932898333566.0
-0.0	1635729612638121.8	4119338348251090.5
-0.0	614168839474488.2	5963844941825625.0
-0.0	456073994306002.8	5187976496349890.0
-0.0	142905119072072.12	5284834342189398.0
-0.0	62048982664775.37	5169548899618650.0
-0.0	107016583747479.12	5195389517456172.0
-0.0	47538295720267.83	5177658193544208.0
-0.0	47460440227825.125	5131734889719959.0
-0.0	21706128076116.156	5091591782562285.0
-0.0	9198859980213.5	5047213640951872.0
-0.0	1422902812017.2327	5031553709783609.0
-0.0	483596748143.47235	5024968247758435.0
-0.0	-95776792709.93315	5024086748576564.0
-0.0	-155044789023.22592	5024056460255964.0
-0.0	49898401037.20636	5024056460260202.0
-0.0	36971694277.433044	5024056460260174.0
-0.0	48354292290.54506	5024056460260287.0
-0.0	1497524979.1748338	5024056460260225.0
-0.0	-1497524660.8656552	5024056460260356.0
-0.0	-48354292445.96075	5024056460260301.0
-0.0	-36971694621.976875	5024056460260460.0
-0.0	-49898400397.22002	5024056460259308.0
-0.0	155044788579.00473	5024056460255573.0
-0.0	95776792548.81223	5024086748576159.0
-0.0	-483596748159.17957	5024968247758548.0
-0.0	-1422902811977.3657	5031553709783619.0
-0.0	-9198859979853.812	5047213640951196.0
-0.0	-21706128076495.75	5091591782561876.0
-0.0	-47460440227713.33	5131734889719889.0
-0.0	-47538295720535.125	5177658193544465.0
-0.0	-107016583746811.84	5195389517455721.0
-0.0	-62048982665502.09	5169548899618322.0
-0.0	-142905119071917.22	5284834342189359.0
-0.0	-456073994305164.3	5187976496350586.0
-0.0	-614168839475863.6	5963844941825715.0
-0.0	-1635729612637699.8	4119338348251291.5
-0.0	2733955800917.5396	6463932898332728.0
-0.0	-1.0232230997427222e+16	5197601089597458.0
-0.0	7352718394367710.0	5305108511966732.0
-0.0	867002960082532.1	2903267515466753.0
-0.0	950132673816352.9	4403911642961944.5
-0.0	564462446843676.5	3373253921603685.0
-0.0	303186581642780.2	3441551419335833.5
-0.0	95394339279125.97	3029171019793160.0
-0.0	47751857425134.14	2966860385531983.0
-0.0	52458513538029.336	2991644400827376.0
-0.0	32394769250061.176	2958083226645552.0
-0.0	22511618030450.246	2928777659503446.0
-0.0	10340182520877.895	2899749664819897.0
-0.0	3028147112338.6753	2878504531409165.0
-0.0	491920657122.85706	2871337148427961.0
-0.0	69441928872.2861	2870045884961886.5
-0.0	-28021461519.219906	2870015710216759.5
-0.0	47588899521.07185	2870015668392644.0
-0.0	85670346684.42618	2870015653571539.0
-0.0	39091630242.726555	2870015653572616.0
-0.0	18394723840.18103	2870015653572779.0
-0.0	2761701431.5141435	2870015653572756.0
-0.0	-2761701267.8313727	2870015653572812.5
-0.0	-18394723990.335	2870015653572662.5
-0.0	-39091630360.974335	2870015653572639.0
-0.0	-85670346378.00183	2870015653571407.5
-0.0	-47588899656.060425	2870015668392515.0
-0.0	28021461398.398697	2870015710216803.5
-0.0	-69441928875.53242	2870045884961857.5
-0.0	-491920657064.2874	2871337148427803.0
-0.0	-3028147112224.1333	2878504531408965.5
-0.0	-10340182521029.104	2899749664819819.5
-0.0	-22511618030424.23	2928777659503231.5
-0.0	-32394769250105.316	2958083226645539.5
-0.0	-52458513537954.24	2991644400827341.0
-0.0	-47751857425515.12	2966860385531940.0
-0.0	-95394339278862.31	3029171019793310.0
-0.0	-303186581642531.1	3441551419335677.5
-0.0	-564462446844092.8	3373253921603881.0
-0.0	-950132673816217.4	4403911642961899.0
-0.0	-867002960083095.4	2903267515466532.5
-0.0	-7352718394367032.0	5305108511966870.0
-0.0	5589021646659137.0	5286089157288614.0
-0.0	833980105646650.1	5566340378830096.0
-0.0	652053437607910.6	4961194965267080.0
-0.0	439489912716869.7	5287612907360081.0
-0.0	213576123408702.3	4944950253491752.0
-0.0	63606574964000.21	4783779412962620.0
-0.0	30048701086699.48	4720209848287952.0
-0.0	26508877010327.13	4714557420835226.0
-0.0	16388168965223.12	4701335889585593.0
-0.0	8936594485565.846	4677709403993298.0
-0.0	3075081770013.2925	4662957211228912.0
-0.0	356934979365.9223	4653823248474582.0
-0.0	-58747571031.40101	4652527254955979.0
-0.0	-18308793324.162003	4652491185088751.0
-0.0	53473393115.806725	4652491063552660.0
-0.0	80610409568.06474	4652491044536856.0
-0.0	56038882708.970085	4652491047528167.0
-0.0	18859661371.45776	4652491047531469.0
-0.0	5552672437.46527	4652491047531996.0
-0.0	940088853.8695793	4652491047531985.0
-0.0	-940088758.1856502	4652491047531931.0
-0.0	-5552672532.654451	4652491047531945.0
-0.0	-18859661497.64552	4652491047531667.0
-0.0	-56038882512.642555	4652491047528181.0
-0.0	-80610409615.76764	4652491044536801.0
-0.0	-53473393235.68894	4652491063552535.0
-0.0	18308793331.0596	4652491185088797.0
-0.0	58747571038.02678	4652527254955877.0
-0.0	-356934979296.7256	4653823248474751.0
-0.0	-3075081770076.806	4662957211228832.0
-0.0	-8936594485593.203	4677709403993445.0
-0.0	-16388168965247.164	4701335889585568.0
-0.0	-26508877010296.438	4714557420835348.0
-0.0	-30048701086940.58	4720209848287909.0
-0.0	-63606574963749.65	4783779412962607.0
-0.0	-213576123408584.66	4944950253491691.0
-0.0	-439489912717148.25	5287612907360163.0
-0.0	-652053437607828.0	4961194965267140.0
-0.0	-833980105647040.0	5566340378829999.0
-0.0	-5589021646658695.0	5286089157288675.0
-0.0	4257143760202591.0	5100676201517231.0
-0.0	651376436977361.9	3702383409940236.5
-0.0	462790713838880.4	4069007355533709.5
-0.0	316762678288621.56	3847347971949206.0
-0.0	147380628220210.72	3715414865208957.0
-0.0	40353255531274.29	3490766232603954.5
-0.0	17093399321638.877	3436025421018641.0
-0.0	12440933925178.254	3436014320180676.0
-0.0	6479537555589.153	3416406168641235.0
-0.0	2436357206842.0576	3406405005723545.0
-0.0	112767061240.77005	3398327725976552.0
-0.0	-289851189740.2977	3396873758158195.0
-0.0	-128294771160.1893	3396835587502676.5
-0.0	3293672904.1157527	3396835072278990.5
-0.0	63491428892.440544	3396834946171176.5
-0.0	50386111895.82795	3396834933272033.0
-0.0	23391971998.858032	3396834938731883.5
-0.0	6077261886.784493	3396834937191540.0
-0.0	1287255800.970964	3396834937194486.0
-0.0	195885718.29240948	3396834937194825.0
-0.0	-195885672.6991215	3396834937194808.0
-0.0	-1287255840.340601	3396834937194403.5
-0.0	-6077261969.999667	3396834937191527.5
-0.0	-23391971854.585823	3396834938731903.0
-0.0	-50386111948.65352	3396834933271901.5
-0.0	-63491428944.87048	3396834946171201.0
-0.0	-3293672889.2007856	3396835072279027.0
-0.0	128294771144.9937	3396835587502812.0
-0.0	289851189806.8022	3396873758158169.0
-0.0	-112767061268.39662	3398327725976484.0
-0.0	-2436357206844.0186	3406405005723527.0
-0.0	-6479537555593.211	3416406168641297.5
-0.0	-12440933925168.732	3436014320180580.0
-0.0	-17093399321844.871	3436025421018578.5
-0.0	-40353255531080.78	3490766232604030.5
-0.0	-147380628220126.6	3715414865208813.0
-0.0	-316762678288814.56	3847347971949251.5
-0.0	-462790713838806.6	4069007355533690.0
-0.0	-651376436977626.5	3702383409940190.5
-0.0	-4257143760202275.5	5100676201517333.0
-0.0	3183643709147319.5	4809555899858495.0
-0.0	475449820321098.2	4458852059871376.0
-0.0	317307234281433.56	4359609370207813.0
-0.0	213222630860782.1	4334188454140325.5
-0.0	95020519904609.34	4151627883751508.0
-0.0	23637713461863.316	3998031070575464.0
-0.0	8864862770684.855	3963399433859551.5
-0.0	5007707284908.873	3952096655543488.0
-0.0	1812990125989.8594	3945007712809789.5
-0.0	114620787834.16759	3938285501356269.5
-0.0	-415177683756.17926	3936846945628840.0
-0.0	-169050805345.26932	3936808566638263.0
-0.0	-32070509838.987522	3936808856113850.0
-0.0	23082667594.587303	3936808465342989.0
-0.0	39085281657.72989	3936808389487172.5
-0.0	20647120162.163376	3936808386486364.5
-0.0	6969807513.540727	3936808383268120.0
-0.0	1421069663.9142406	3936808382852944.0
-0.0	227811924.70954412	3936808382913518.0
-0.0	28815413.810513824	3936808382914861.5
-0.0	-28815382.021340024	3936808382914881.5
-0.0	-227811940.776878	3936808382913473.5
-0.0	-1421069716.778559	3936808382852929.0
-0.0	-6969807393.353729	3936808383268134.5
-0.0	-20647120215.862392	3936808386486345.5
-0.0	-39085281679.8475	3936808389487185.0
-0.0	-23082667585.475166	3936808465343030.5
-0.0	32070509810.662235	3936808856113877.0
-0.0	169050805411.96182	3936808566638276.5
-0.0	415177683745.3845	3936846945628845.0
-0.0	-114620787829.08972	3938285501356316.5
-0.0	-1812990125979.163	3945007712809787.0
-0.0	-5007707284890.488	3952096655543489.5
-0.0	-8864862770838.402	3963399433859522.5
-0.0	-23637713461717.965	3998031070575423.5
-0.0	-95020519904551.7	4151627883751462.5
-0.0	-213222630860915.53	4334188454140326.5
-0.0	-317307234281367.5	4359609370207811.0
-0.0	-475449820321270.1	4458852059871355.5
-0.0	-3183643709147109.0	4809555899858574.0
-0.0	2311331044521068.0	4381741042153145.5
-0.0	329360755953129.5	3540110163628125.0
-0.0	204026433325455.84	3576659522689222.0
-0.0	131874736434104.84	3527963655602998.0
-0.0	55215930095093.01	3403633130189091.0
-0.0	12271505082203.98	3292757108490768.5
-0.0	4013633855350.3486	3266774064738251.5
-0.0	1541475522428.2756	3261553864358468.5
-0.0	181187900092.31754	3256302279116913.5
-0.0	-273649076863.58997	3254907041538932.5
-0.0	-169062601640.73898	3254867559893807.0
-0.0	13133954104.342424	3254867969155893.5
-0.0	28679629121.30164	3254868372523021.5
-0.0	20349254745.332554	3254868142596321.0
-0.0	16360837996.286072	3254868111326711.5
-0.0	6133468620.152466	3254868115104329.0
-0.0	1547721565.7617078	3254868113828213.0
-0.0	248986660.27792543	3254868113918177.0
-0.0	30869181.244462352	3254868113922653.0
-0.0	3142389.9936535414	3254868113926224.5
-0.0	-3142381.653488088	3254868113926222.5
-0.0	-30869219.097326927	3254868113922644.5
-0.0	-248986701.45731962	3254868113918191.5
-0.0	-1547721504.3608258	3254868113828198.5
-0.0	-6133468668.898287	3254868115104309.0
-0.0	-16360838024.240541	3254868111326719.5
-0.0	-20349254747.509163	3254868142596324.5
-0.0	-28679629148.799168	3254868372523029.5
-0.0	-13133954066.04497	3254867969155898.0
-0.0	169062601610.91388	3254867559893813.0
-0.0	273649076849.6694	3254907041538929.5
-0.0	-181187900101.58597	3256302279116909.5
-0.0	-1541475522430.048	3261553864358430.0
-0.0	-4013633855487.79	3266774064738262.0
-0.0	-12271505082105.113	3292757108490766.0
-0.0	-55215930095066.01	3403633130189031.0
-0.0	-131874736434224.11	3527963655602980.0
-0.0	-204026433325434.7	3576659522689207.0
-0.0	-329360755953281.2	3540110163628130.5
-0.0	-2311331044520940.0	4381741042153197.0
-0.0	1610332509825947.5	3855896887749973.5
-0.0	214696288893675.4	3360251778979089.0
-0.0	120300058278362.05	3338963476300571.5
-0.0	72820754457355.22	3286869314017557.0
-0.0	27650314958090.47	3195077088569094.0
-0.0	5269323732653.493	3123901409650437.5
-0.0	1421420155089.2593	3111886698717265.0
-0.0	237612657737.6086	3107551421503477.0
-0.0	-120150916915.7922	3106250211207774.5
-0.0	-97078255453.06557	3106206437303231.0
-0.0	52588715225.42077	3106205987658985.5
-0.0	69106247501.62422	3106206097374178.5
-0.0	31542773047.0284	3106206388505828.0
-0.0	10218828633.144392	3106206282872265.0
-0.0	4983864156.362401	3106206278063450.0
-0.0	1368206894.3486953	3106206275777840.5
-0.0	261421751.8392742	3106206275880485.0
-0.0	33246154.279941823	3106206275953183.5
-0.0	3217960.2271762635	3106206275989086.0
-0.0	259856.71945028016	3106206275996608.0
-0.0	-259843.36487587573	3106206275996613.5
-0.0	-3217979.3600933654	3106206275989079.5
-0.0	-33246165.781637937	3106206275953199.5
-0.0	-261421705.05743662	3106206275880476.0
-0.0	-1368206920.433416	3106206275777837.5
-0.0	-4983864163.598505	3106206278063447.0
-0.0	-10218828622.37155	3106206282872276.0
-0.0	-31542773057.188545	3106206388505849.0
-0.0	-69106247463.94014	3106206097374178.5
-0.0	-52588715245.25376	3106205987658966.5
-0.0	97078255453.25821	3106206437303225.5
-0.0	120150916919.92697	3106250211207770.0
-0.0	-237612657728.0243	3107551421503469.5
-0.0	-1421420155181.9858	3111886698717277.5
-0.0	-5269323732568.386	3123901409650438.5
-0.0	-27650314958063.91	3195077088569050.5
-0.0	-72820754457431.88	3286869314017549.0
-0.0	-120300058278329.77	3338963476300554.5
-0.0	-214696288893777.03	3360251778979096.5
-0.0	-1610332509825844.8	3855896887750037.0
-0.0	1060988901419765.8	3224354291335588.0
-0.0	129779173413006.89	2688343312254948.5
-0.0	63348094005215.695	2657560138285765.5
-0.0	34306146673235.168	2640585167094548.5
-0.0	11013696936434.174	2580316232882045.5
-0.0	1598592778834.113	2548096277875294.0
-0.0	274108729828.14087	2542110320442732.0
-0.0	-64727092958.36575	2540917639906700.5
-0.0	-34823272398.354	2540870057714028.5
-0.0	56847686737.245834	2540866863903381.5
-0.0	98836609626.54913	2540866006979334.0
-0.0	48936815798.54513	2540866075000128.5
-0.0	16115948228.771446	2540865959245734.5
-0.0	3491308831.2953167	2540865928522214.5
-0.0	1139050812.8706481	2540865935337710.5
-0.0	232747377.45434797	2540865935227777.5
-0.0	33998354.66797185	2540865935397368.0
-0.0	3412601.4902152126	2540865935523657.0
-0.0	259147.60344449338	2540865935564742.5
-0.0	16496.30019419495	2540865935575152.5
-0.0	-16488.932976895387	2540865935575146.5
-0.0	-259158.2098172815	2540865935564743.0
-0.0	-3412608.015421482	2540865935523660.0
-0.0	-33998329.775115155	2540865935397364.0
-0.0	-232747393.1556916	2540865935227776.5
-0.0	-1139050817.559435	2540865935337713.5
-0.0	-3491308825.123462	2540865928522216.0
-0.0	-16115948233.476486	2540865959245744.0
-0.0	-48936815776.31402	2540866075000128.0
-0.0	-98836609638.07436	2540866006979323.0
-0.0	-56847686737.24491	2540866863903381.5
-0.0	34823272403.17331	2540870057714019.5
-0.0	64727092960.97045	2540917639906687.0
-0.0	-274108729886.12888	2542110320442744.0
-0.0	-1598592778777.1814	2548096277875299.5
-0.0	-11013696936424.041	2580316232881998.5
-0.0	-34306146673276.133	2640585167094535.5
-0.0	-63348094005203.17	2657560138285758.0
-0.0	-129779173413067.69	2688343312254950.0
-0.0	-1060988901419704.9	3224354291335631.0
-0.0	648405509547803.1	2535218139100770.0
-0.0	71355683453741.84	2154927402775998.8
-0.0	28670270831409.926	2135397311721272.8
-0.0	12626483443734.334	2108982593420822.8
-0.0	2807062384248.5156	2080129126685078.8
-0.0	145985765365.685	2065720669520655.8
-0.0	-43249819945.62803	2064471633383691.2
-0.0	-22916158771.196476	2064428907190046.2
-0.0	52522556761.10046	2064430477866533.5
-0.0	84641687737.50499	2064427389083671.2
-0.0	62943760626.143684	2064426810772896.2
-0.0	21004213743.163128	2064426977589543.5
-0.0	5402336601.4967575	2064426905137367.8
-0.0	854172209.5278801	2064426909231788.8
-0.0	197633841.0848627	2064426909508770.2
-0.0	30532352.18667723	2064426909673135.8
-0.0	3421090.347791939	2064426909928381.5
-0.0	270886.081226523	2064426910035020.2
-0.0	16202.906812470253	2064426910071526.5
-0.0	813.9487128643751	2064426910081388.2
-0.0	-809.8556608445941	2064426910081390.0
-0.0	-16211.379466743208	2064426910071523.2
-0.0	-270890.9029105096	2064426910035026.0
-0.0	-3421074.522478704	2064426909928381.0
-0.0	-30532362.796949245	2064426909673136.2
-0.0	-197633844.5592221	2064426909508768.5
-0.0	-854172205.4670396	2064426909231790.8
-0.0	-5402336605.511012	2064426905137376.5
-0.0	-21004213730.245922	2064426977589544.5
-0.0	-62943760634.02036	2064426810772888.2
-0.0	-84641687738.16803	2064427389083669.0
-0.0	-52522556758.05355	2064430477866532.2
-0.0	22916158771.962166	2064428907190045.2
-0.0	43249819908.91021	2064471633383700.8
-0.0	-145985765330.01947	2065720669520655.0
-0.0	-2807062384246.553	2080129126685051.0
-0.0	-12626483443759.857	2108982593420816.0
-0.0	-28670270831403.664	2135397311721273.2
-0.0	-71355683453780.67	2154927402776002.8
-0.0	-648405509547768.4	2535218139100801.0
-0.0	358339157145745.3	1833330966468331.5
-0.0	34709756970700.67	1544749467803357.0
-0.0	10408848446188.926	1518468336087796.2
-0.0	2764971693052.7056	1510967700070515.8
-0.0	-93815350815.75247	1497259928622190.5
-0.0	-153458160856.2944	1494938752669511.5
-0.0	-38257201190.02064	1494888318660375.5
-0.0	40754224399.39412	1494890878732896.5
-0.0	64846277445.820015	1494894533020576.2
-0.0	52677909317.815926	1494892525289940.5
-0.0	25347957816.331245	1494892429478288.5
-0.0	6361676882.77494	1494892339914480.5
-0.0	1286900865.9916563	1494892335334096.8
-0.0	157707966.6699923	1494892333764203.2
-0.0	26410911.449234013	1494892335164820.5
-0.0	3092373.0264718877	1494892335563173.8
-0.0	267335.2419841266	1494892335769711.2
-0.0	16783.64399438058	1494892335857498.0
-0.0	784.9294981164057	1494892335888124.5
-0.0	34.66776173882112	1494892335896544.0
-0.0	-30.68566497426746	1494892335896542.8
-0.0	-788.0857943791096	1494892335888122.2
-0.0	-16784.43320555121	1494892335857501.8
-0.0	-267324.6172067261	1494892335769710.0
-0.0	-3092376.9528307817	1494892335563173.2
-0.0	-26410912.20834847	1494892335164820.5
-0.0	-157707962.43072513	1494892333764203.5
-0.0	-1286900866.756422	1494892335334101.2
-0.0	-6361676874.256421	1494892339914479.8
-0.0	-25347957819.784992	1494892429478281.2
-0.0	-52677909316.81989	1494892525289939.8
-0.0	-64846277442.06889	1494894533020574.8
-0.0	-40754224397.851814	1494890878732892.0
-0.0	38257201170.93205	1494888318660384.5
-0.0	153458160877.68777	1494938752669513.2
-0.0	93815350815.43161	1497259928622168.8
-0.0	-2764971693063.4834	1510967700070506.5
-0.0	-10408848446183.75	1518468336087793.2
-0.0	-34709756970720.473	1544749467803360.8
-0.0	-358339157145723.4	1833330966468351.0
-0.0	172629648379883.34	1188345457890155.2
-0.0	14232658039114.547	1007228990735208.5
-0.0	2538264739415.777	995062313557006.0
-0.0	-344228398230.14667	987122446224260.1
-0.0	-478899189781.9571	984745640988834.4
-0.0	-73153350989.00003	984679905990685.0
-0.0	12168989695.42896	984671251979399.4
-0.0	47048321922.84601	984672606622645.4
-0.0	40803138281.65822	984671413010247.6
-0.0	21996711674.47471	984670721255458.8
-0.0	7380566598.31126	984671011553992.1
-0.0	1412059537.1764	984671006157360.2
-0.0	231708738.6378194	984671004135789.1
-0.0	21774855.926631656	984671007738217.0
-0.0	2705873.1121848673	984671008996719.0
-0.0	242223.95815956712	984671009575064.4
-0.0	16223.174347471046	984671009849040.4
-0.0	811.8685035853902	984671009960750.4
-0.0	27.29028789600451	984671009998840.4
-0.0	2.142917477542001	984671010009228.6
-0.0	-1.5708411737105754	984671010009227.9
-0.0	-31.04289591964174	984671009998838.4
-0.0	-814.1564355903464	984671009960752.0
-0.0	-16219.176298874121	984671009849040.4
-0.0	-242227.374697938	984671009575063.2
-0.0	-2705875.258278561	984671008996718.4
-0.0	-21774855.220844485	984671007738218.9
-0.0	-231708740.46420896	984671004135791.8
-0.0	-1412059535.2687912	984671006157362.5
-0.0	-7380566601.382935	984671011553990.1
-0.0	-21996711675.387066	984670721255457.8
-0.0	-40803138281.14817	984671413010248.5
-0.0	-47048321924.27031	984672606622644.1
-0.0	-12168989704.899908	984671251979403.2
-0.0	73153350997.57211	984679905990684.4
-0.0	478899189777.607	984745640988824.6
-0.0	344228398225.45105	987122446224257.6
-0.0	-2538264739416.431	995062313557004.6
-0.0	-14232658039124.654	1007228990735211.9
-0.0	-172629648379874.6	1188345457890164.0
-0.0	67265478360594.234	661580752077591.9
-0.0	4382866192085.616	568203287572465.0
-0.0	66687941367.86317	558811715875511.75
-0.0	-566038816866.2433	556672655452627.4
-0.0	-165190591651.715	556586612369825.75
-0.0	24248631319.33476	556557273368890.56
-0.0	33496855905.293053	556541194325482.06
-0.0	29715647933.784065	556540914193479.7
-0.0	17498205872.420994	556539655002657.94
-0.0	6376992212.382389	556540074148589.6
-0.0	1573181289.05609	556540231807188.0
-0.0	233646836.49717847	556540257988835.44
-0.0	31297298.41956189	556540269923624.25
-0.0	2279527.1670618965	556540276370350.3
-0.0	212997.01062185297	556540279128222.06
-0.0	14649.542471628762	556540280435851.8
-0.0	761.7400790501435	556540281030772.4
-0.0	30.30362598770839	556540281267198.4
-0.0	-0.1818609417026477	556540281346456.1
-0.0	0.7834980243645966	556540281367850.5
-0.0	0.15697935118594122	556540281367849.75
-0.0	-1.3851906137610042	556540281346455.56
-0.0	-30.66188129786172	556540281267199.5
-0.0	-759.1325851902438	556540281030772.25
-0.0	-14650.641331132036	556540280435851.1
-0.0	-212997.6649762453	556540279128222.44
-0.0	-2279526.1919734012	556540276370350.9
-0.0	-31297298.753784716	556540269923625.56
-0.0	-233646835.20412916	556540257988836.75
-0.0	-1573181290.0974994	556540231807186.94
-0.0	-6376992212.288502	556540074148589.6
-0.0	-17498205871.585976	556539655002657.8
-0.0	-29715647933.900455	556540914193478.75
-0.0	-33496855908.46401	556541194325483.44
-0.0	-24248631315.58361	556557273368890.7
-0.0	165190591649.01096	556586612369820.6
-0.0	566038816865.5975	556672655452626.5
-0.0	-66687941367.533966	558811715875511.5
-0.0	-4382866192089.3477	568203287572466.2
-0.0	-67265478360589.79	661580752077595.4
-0.0	17239873593854.049	296084565688326.6
-0.0	626158393515.6948	256306652054366.1
-0.0	-239420368271.64667	254101145869523.25
-0.0	-135782525709.28325	254029224489606.16
-0.0	61820095646.00698	254004330782759.22
-0.0	45948522007.630165	253962763732883.66
-0.0	21411320304.982456	253946314342973.5
-0.0	13474280145.21502	253941695194463.7
-0.0	5121391916.087132	253941671782320.44
-0.0	1345554061.2212973	253942009293564.7
-0.0	252453423.80757123	253942143534395.22
-0.0	32037320.35762502	253942190480496.84
-0.0	3260731.7547443653	253942210597173.56
-0.0	184656.2639627869	253942218644756.84
-0.0	12990.20771361177	253942222080957.06
-0.0	684.8522836569368	253942223645485.94
-0.0	26.882405675640527	253942224332733.72
-0.0	0.31549338791974507	253942224599194.22
-0.0	-0.975598501504557	253942224686933.66
-0.0	-0.5056724372677889	253942224710315.34
-0.0	-0.6969208250626994	253942224710314.9
-0.0	-0.907063621826895	253942224686933.44
-0.0	-1.7997488330111142	253942224599194.97
-0.0	-27.59232510925239	253942224332733.7
-0.0	-686.5344381405632	253942223645485.62
-0.0	-12991.866402947091	253942222080957.03
-0.0	-184657.33635409063	253942218644757.06
-0.0	-3260733.175281807	253942210597174.38
-0.0	-32037321.466862317	253942190480497.25
-0.0	-252453425.63906366	253942143534394.88
-0.0	-1345554062.66165	253942009293564.72
-0.0	-5121391917.194049	253941671782320.44
-0.0	-13474280146.814774	253941695194463.22
-0.0	-21411320307.08474	253946314342973.75
-0.0	-45948522007.98242	253962763732883.88
-0.0	-61820095648.92474	254004330782757.25
-0.0	135782525708.20226	254029224489606.16
-0.0	239420368269.9281	254101145869523.06
-0.0	-626158393518.3423	256306652054366.5
-0.0	-17239873593853.838	296084565688327.9
-0.0	413253552763.0711	89680255310186.94
-0.0	-231935678485.04828	83812162109994.8
-0.0	-56074370625.13079	83752592085502.73
-0.0	100911247188.72282	83739640233630.23
-0.0	100347235753.92851	83709885878257.2
-0.0	26364659833.831406	83677929884028.23
-0.0	11073540287.386076	83662222212815.84
-0.0	4093063464.1322975	83659325404271.14
-0.0	1085078071.7702773	83659314977471.45
-0.0	209912294.81602776	83659579976388.61
-0.0	29815580.760417543	83659704798674.47
-0.0	2925635.192775672	83659750930380.86
-0.0	235791.84216265715	83659768311110.23
-0.0	12828.761457726287	83659774987124.23
-0.0	668.1311134679943	83659777736357.2
-0.0	26.563048426892422	83659778961756.17
-0.0	0.6252235123975832	83659779498158.0
-0.0	-0.045556790910311715	83659779707109.61
-0.0	-0.10785163076901558	83659779776421.48
-0.0	-0.12250504362784663	83659779795033.92
-0.0	-0.11091337370113859	83659779795033.88
-0.0	-0.1355697789263118	83659779776421.42
-0.0	-0.11765712727285232	83659779707109.69
-0.0	-0.8243403026465757	83659779498158.02
-0.0	-26.777115436488476	83659778961756.11
-0.0	-668.385012471612	83659777736357.2
-0.0	-12828.892502326828	83659774987124.25
-0.0	-235792.00980590665	83659768311110.34
-0.0	-2925635.4096953226	83659750930380.9
-0.0	-29815581.065747146	83659704798674.4
-0.0	-209912295.0278363	83659579976388.62
-0.0	-1085078071.9071345	83659314977471.52
-0.0	-4093063464.447867	83659325404271.06
-0.0	-11073540287.526285	83662222212815.9
-0.0	-26364659833.983055	83677929884028.19
-0.0	-100347235754.69322	83709885878256.73
-0.0	-100911247188.56387	83739640233630.31
-0.0	56074370624.71743	83752592085502.72
-0.0	231935678484.71005	83812162109994.83
-0.0	-413253552762.9201	89680255310187.16
-0.0	-1706182193614.0935	12146880711175.66
-0.0	-84689196122.47823	12080051735152.193
-0.0	95247797928.48343	12134652181462.406
-0.0	118542374909.23354	12148231201114.22
-0.0	59208860009.508606	12114803483987.904
-0.0	15516281086.050089	12079122933879.588
-0.0	4121739053.1443596	12064191801919.94
-0.0	998315035.8228444	12060729104580.701
-0.0	186803553.8046535	12060782741367.244
-0.0	26445278.014622472	12061145149622.076
-0.0	2814630.4255225984	12061307319756.592
-0.0	211112.10704088307	12061363541335.47
-0.0	13114.478044884498	12061383689072.066
-0.0	544.6209809235494	12061391438161.703
-0.0	21.985366444075538	12061394719380.852
-0.0	0.6790353983291413	12061396229763.76
-0.0	-0.002512350227481631	12061396905357.182
-0.0	-0.0015191903741569712	12061397171694.436
-0.0	0.019956687850285062	12061397260597.727
-0.0	-0.018967414812721878	12061397284541.326
-0.0	0.001027218777145443	12061397284541.326
-0.0	0.003250420692121826	12061397260597.725
-0.0	0.02063522676344852	12061397171694.436
-0.0	-0.03777129670660513	12061396905357.184
-0.0	-0.6501893646387426	12061396229763.76
-0.0	-21.990465939082718	12061394719380.85
-0.0	-544.6230772922733	12061391438161.701
-0.0	-13114.45424799107	12061383689072.06
-0.0	-211112.14211154307	12061363541335.47
-0.0	-2814630.4107070337	12061307319756.605
-0.0	-26445278.012685638	12061145149622.068
-0.0	-186803553.80651033	12060782741367.242
-0.0	-998315035.8476785	12060729104580.717
-0.0	-4121739053.0273724	12064191801919.941
-0.0	-15516281086.147787	12079122933879.596
-0.0	-59208860009.57478	12114803483987.94
-0.0	-118542374909.0973	12148231201114.236
-0.0	-95247797928.54918	12134652181462.416
-0.0	84689196122.58882	12080051735152.193
-0.0	1706182193614.1128	12146880711175.674
-0.0	-10475775533.38302	334714593421.96967
-0.0	146092969689.01105	816881292528.6272
-0.0	110288122568.19731	1039998675144.0627
-0.0	63740993887.40113	1036988577118.3447
-0.0	20672205976.164806	839488098776.9365
-0.0	3454114102.6564975	639715182670.1733
-0.0	674307444.7437737	541395124270.9647
-0.0	127822243.51540814	517014588024.4525
-0.0	18760230.226898354	516575271505.8277
-0.0	2067408.0872356074	518507647042.6233
-0.0	170826.48431518	519389377843.4586
-0.0	9847.307029393123	519707638481.23834
-0.0	478.9538446862297	519832812463.9882
-0.0	14.875452730784854	519885334580.6737
-0.0	0.4821241740476615	519908218220.6609
-0.0	0.00017303348016320025	519918423692.79016
-0.0	0.010373345453750139	519922751444.6046
-0.0	-0.004795793972119573	519924373728.3114
-0.0	0.0024391005188970057	519924892183.488
-0.0	0.0012095385918261	519925026778.1052
-0.0	0.0019492334673665858	519925026778.1049
-0.0	0.00831341492049004	519924892183.4912
-0.0	0.003230151040356756	519924373728.3079
-0.0	-0.016248233342288174	519922751444.6038
-0.0	-3.170284556050855e-05	519918423692.7854
-0.0	-0.47426367645134077	519908218220.6597
-0.0	-14.887440134056499	519885334580.67804
-0.0	-478.95606176674505	519832812463.98035
-0.0	-9847.304151425995	519707638481.2349
-0.0	-170826.46405417594	519389377843.4843
-0.0	-2067408.0854699516	518507647042.62524
-0.0	-18760230.240146335	516575271505.8283
-0.0	-127822243.50229414	517014588024.4647
-0.0	-674307444.7463456	541395124270.9759
-0.0	-3454114102.6718373	639715182670.2023
-0.0	-20672205976.058838	839488098776.9882
-0.0	-63740993887.43558	1036988577118.3289
-0.0	-110288122568.18561	1039998675144.0693
-0.0	-146092969688.99115	816881292528.6355
-0.0	10475775533.36818	334714593421.9911
