1600
-0.0	2.9771750960476114e+18	2.983521566063293e+18
-0.0	-7.287748278036365e+17	1.111798685468201e+19
-0.0	-4.23307275315884e+16	1.351499845476999e+19
-0.0	-2.876061248406032e+16	1.495363321778652e+19
-0.0	-5.798807758538494e+16	1.4531351968186438e+19
-0.0	3.757261678681193e+16	1.4509530929827076e+19
-0.0	-1.6195449876680138e+16	1.4426916816682574e+19
-0.0	1.1320152052537878e+16	1.454007965734479e+19
-0.0	-6209482009785450.0	1.4480189668839158e+19
-0.0	3632595070774297.5	1.4526127566430777e+19
-0.0	-1630719716979332.0	1.4498721722078177e+19
-0.0	154839978718472.78	1.452016026784151e+19
-0.0	249169520622233.4	1.450712519609496e+19
-0.0	-183079196098103.94	1.4521579831379935e+19
-0.0	83182314167164.67	1.451799035464942e+19
-0.0	1119568888885.4849	1.4519754142564706e+19
-0.0	503261.2519234371	1.4518652327805334e+19
-0.0	320062.4009681381	1.4518665762178916e+19
-0.0	406598.68094848737	1.4518671915591004e+19
-0.0	398018.821963542	1.451867250387197e+19
-0.0	397162.01107606466	1.4518672503871982e+19
-0.0	430236.93959139846	1.451867191559103e+19
-0.0	380488.5694400842	1.451866576217892e+19
-0.0	229555.18825146643	1.4518652327805379e+19
-0.0	-1119568233978.0627	1.4519754142564637e+19
-0.0	-83182313156246.45	1.4517990354649192e+19
-0.0	183079196719996.25	1.4521579831379855e+19
-0.0	-249169520036316.22	1.4507125196094587e+19
-0.0	-154839977798360.38	1.4520160267841411e+19
-0.0	1630719717898768.2	1.4498721722078527e+19
-0.0	-3632595069975126.0	1.4526127566430906e+19
-0.0	6209482010382001.0	1.4480189668839289e+19
-0.0	-1.1320152051445462e+16	1.4540079657344985e+19
-0.0	1.6195449877030168e+16	1.4426916816682498e+19
-0.0	-3.757261678600464e+16	1.4509530929827062e+19
-0.0	5.79880775872869e+16	1.453135196818748e+19
-0.0	2.8760612483942092e+16	1.4953633217786675e+19
-0.0	4.2330727532823144e+16	1.3514998454770108e+19
-0.0	7.28774827803847e+17	1.1117986854681885e+19
-0.0	-2.9771750960473487e+18	2.983521566063179e+18
-0.0	5.758783877327753e+18	-9.774000097816372e+17
-0.0	-1.494003451463181e+18	-5.774570492664469e+20
-0.0	7.993491722264648e+16	-3.3192407383933236e+20
-0.0	-1.441888608906817e+17	-4.664461248254057e+20
-0.0	-2.9381846520179956e+16	-4.190970240867857e+20
-0.0	5.100219877416931e+16	-4.360848218542922e+20
-0.0	-2.5715063770086376e+16	-4.3846620716036456e+20
-0.0	1.4517354188600992e+16	-4.342845008738454e+20
-0.0	-7018356803744954.0	-4.3742377793271103e+20
-0.0	3917770068526283.5	-4.360833972228289e+20
-0.0	-1740059220610972.8	-4.366939448826794e+20
-0.0	275908082399587.47	-4.363861934314839e+20
-0.0	113881976393881.7	-4.36526072785614e+20
-0.0	-93687268171509.22	-4.364530111853823e+20
-0.0	47118523276869.09	-4.36467000273887e+20
-0.0	6409768530565.072	-4.364627922952916e+20
-0.0	34556.96717885264	-4.36464333758497e+20
-0.0	-199823.28191048081	-4.364643336525463e+20
-0.0	-104865.86731116491	-4.364643336727641e+20
-0.0	-103026.18995770233	-4.364643337458961e+20
-0.0	-111474.02289001892	-4.3646433374589544e+20
-0.0	-42988.15793682426	-4.3646433367276585e+20
-0.0	-133525.6883224722	-4.364643336525415e+20
-0.0	-254425.25601073366	-4.3646433375850424e+20
-0.0	-6409768886845.912	-4.364627922952911e+20
-0.0	-47118523332991.75	-4.36467000273876e+20
-0.0	93687267750168.02	-4.3645301118538685e+20
-0.0	-113881976771439.67	-4.365260727856015e+20
-0.0	-275908082512733.94	-4.363861934314833e+20
-0.0	1740059220529871.5	-4.366939448826885e+20
-0.0	-3917770068710612.0	-4.36083397222831e+20
-0.0	7018356803244676.0	-4.374237779327028e+20
-0.0	-1.4517354188475518e+16	-4.3428450087386835e+20
-0.0	2.571506376958358e+16	-4.384662071603617e+20
-0.0	-5.100219877456099e+16	-4.360848218542489e+20
-0.0	2.938184652125805e+16	-4.190970240868264e+20
-0.0	1.4418886088956768e+17	-4.6644612482540654e+20
-0.0	-7.993491722234485e+16	-3.319240738393392e+20
-0.0	1.4940034514632305e+18	-5.7745704926642425e+20
-0.0	-5.758783877327667e+18	-9.774000097814444e+17
-0.0	1.6079227738878019e+18	-1.4073137236724691e+17
-0.0	-6.797665689737894e+17	-3.179029051837276e+20
-0.0	1.2659561478289035e+17	-2.5280244069932855e+19
-0.0	-7.552510877166286e+16	-1.8845252596868737e+20
-0.0	3520081528875046.5	-1.2771016020849068e+20
-0.0	4.367867683222502e+16	-1.5714829538034336e+20
-0.0	-1.6989176428297834e+16	-1.5985028384911294e+20
-0.0	7469291699176579.0	-1.5722044868022963e+20
-0.0	-3612591520782458.5	-1.5900212844399097e+20
-0.0	2607208050664907.0	-1.5820603108961885e+20
-0.0	-1218779882599212.8	-1.586800356863808e+20
-0.0	224169591345993.2	-1.5838913327841844e+20
-0.0	94498985179026.06	-1.5853198256376005e+20
-0.0	-33795083224708.426	-1.5846083988083828e+20
-0.0	41232004555003.65	-1.5847451161373386e+20
-0.0	15487861376706.064	-1.5847017402477684e+20
-0.0	-48040.92727035169	-1.584718183939533e+20
-0.0	-171869.77586079034	-1.5847181844931143e+20
-0.0	-118423.68753523965	-1.5847181846893766e+20
-0.0	-125873.81034236428	-1.5847181847022004e+20
-0.0	-120989.94376355577	-1.5847181847022004e+20
-0.0	-80982.8324586557	-1.584718184689401e+20
-0.0	-127886.63470153206	-1.584718184493117e+20
-0.0	-215072.46044651108	-1.5847181839395678e+20
-0.0	-15487861684777.992	-1.5847017402477517e+20
-0.0	-41232004679598.9	-1.58474511613728e+20
-0.0	33795082881205.363	-1.5846083988084113e+20
-0.0	-94498985523382.38	-1.5853198256375644e+20
-0.0	-224169591534946.28	-1.5838913327842047e+20
-0.0	1218779882445683.0	-1.586800356863829e+20
-0.0	-2607208050884749.5	-1.5820603108961993e+20
-0.0	3612591520388139.0	-1.590021284439887e+20
-0.0	-7469291699206156.0	-1.5722044868023363e+20
-0.0	1.6989176427871006e+16	-1.5985028384911842e+20
-0.0	-4.367867683254103e+16	-1.5714829538033294e+20
-0.0	-3520081528368259.5	-1.2771016020849979e+20
-0.0	7.552510877080344e+16	-1.8845252596867976e+20
-0.0	-1.2659561478277938e+17	-2.5280244069935608e+19
-0.0	6.79766568973409e+17	-3.179029051837238e+20
-0.0	-1.6079227738877919e+18	-1.4073137236720187e+17
-0.0	-1.1653802679389637e+18	-1.587845852992182e+16
-0.0	3.0910171852613715e+17	-4.231773106513457e+20
-0.0	9.619153331344643e+16	-1.7701074817584457e+20
-0.0	1.413175241750834e+16	-2.9404928423949782e+20
-0.0	3.6953438727589016e+16	-2.5330436003727396e+20
-0.0	-1.0427127495960348e+16	-2.7621828525109638e+20
-0.0	1.1408651026014982e+16	-2.794252204085369e+20
-0.0	-6684166214543555.0	-2.744994180389082e+20
-0.0	3557175033473972.0	-2.772005322725346e+20
-0.0	-1331209272200969.5	-2.7610894016232866e+20
-0.0	541782021533124.94	-2.7664946851683336e+20
-0.0	142589339272806.4	-2.763472344007429e+20
-0.0	-134537849269362.3	-2.764959664191312e+20
-0.0	158064654861685.75	-2.7641808152060697e+20
-0.0	-11952107074122.508	-2.764262635369664e+20
-0.0	20324804207951.766	-2.764235072864254e+20
-0.0	-80443.13237162547	-2.7642476790881255e+20
-0.0	48660.01008503398	-2.764247678970123e+20
-0.0	-19970.68119895695	-2.7642476788300884e+20
-0.0	-17969.34343912802	-2.764247678769874e+20
-0.0	-26356.879639933537	-2.7642476787698736e+20
-0.0	-31070.207728556874	-2.7642476788301224e+20
-0.0	-558.0055163060475	-2.7642476789700893e+20
-0.0	80203.58220801856	-2.7642476790881662e+20
-0.0	-20324804143744.496	-2.764235072864234e+20
-0.0	11952106950039.6	-2.7642626353695818e+20
-0.0	-158064654776540.28	-2.7641808152060956e+20
-0.0	134537849348008.83	-2.7649596641912308e+20
-0.0	-142589339357978.56	-2.7634723440074395e+20
-0.0	-541782021618711.75	-2.766494685168397e+20
-0.0	1331209272166888.5	-2.7610894016232987e+20
-0.0	-3557175033331006.0	-2.7720053227253055e+20
-0.0	6684166214299596.0	-2.7449941803892015e+20
-0.0	-1.1408651025799606e+16	-2.7942522040853902e+20
-0.0	1.0427127495990742e+16	-2.7621828525107144e+20
-0.0	-3.6953438728338536e+16	-2.5330436003729995e+20
-0.0	-1.4131752416974104e+16	-2.940492842394939e+20
-0.0	-9.619153331377494e+16	-1.7701074817584742e+20
-0.0	-3.0910171852591424e+17	-4.231773106513365e+20
-0.0	1.1653802679389345e+18	-1.5878458529832358e+16
-0.0	-1.8135884399948518e+18	-1.8988314480337308e+16
-0.0	1.0579097515601724e+18	-3.4914464483446666e+20
-0.0	3.5303179446390456e+16	-1.08884888780434e+20
-0.0	9.555719841036698e+16	-2.3328139778794052e+20
-0.0	5.462424376146467e+16	-1.909409030974152e+20
-0.0	-4.25522047997219e+16	-2.1102324038860577e+20
-0.0	2.1476869124913444e+16	-2.1248092651624133e+20
-0.0	-1.5623573016732554e+16	-2.0871802870769543e+20
-0.0	8432742711936192.0	-2.1106301574507145e+20
-0.0	-3875865230483812.5	-2.1015890387623608e+20
-0.0	2402418641246336.0	-2.1060278588624614e+20
-0.0	137544854634595.08	-2.1035036374498604e+20
-0.0	-230271724143977.16	-2.1049610237937952e+20
-0.0	315831620654498.75	-2.1042060254238173e+20
-0.0	-51290190283986.27	-2.1042947230082082e+20
-0.0	32949496889752.875	-2.10426678370504e+20
-0.0	-150040.25994542937	-2.104278948284265e+20
-0.0	99316.35254747144	-2.1042789482361746e+20
-0.0	-22905.636217508178	-2.1042789482715926e+20
-0.0	-7985.255925600343	-2.1042789482936546e+20
-0.0	-20795.800090361485	-2.1042789482936484e+20
-0.0	-57663.65278942438	-2.104278948271607e+20
-0.0	14739.609402944388	-2.10427894823617e+20
-0.0	154198.29331249456	-2.104278948284306e+20
-0.0	-32949496747329.83	-2.1042667837050215e+20
-0.0	51290190086513.125	-2.1042947230081486e+20
-0.0	-315831620476733.56	-2.1042060254238612e+20
-0.0	230271724324328.78	-2.1049610237937363e+20
-0.0	-137544854767880.27	-2.1035036374498882e+20
-0.0	-2402418641384087.0	-2.106027858862514e+20
-0.0	3875865230449671.0	-2.1015890387623844e+20
-0.0	-8432742711652459.0	-2.110630157450689e+20
-0.0	1.5623573016310206e+16	-2.087180287077041e+20
-0.0	-2.147686912450495e+16	-2.1248092651624143e+20
-0.0	4.255220479977702e+16	-2.1102324038858447e+20
-0.0	-5.462424376286392e+16	-1.9094090309743457e+20
-0.0	-9.555719840924069e+16	-2.3328139778793806e+20
-0.0	-3.53031794470084e+16	-1.088848887804375e+20
-0.0	-1.0579097515596001e+18	-3.491446448344583e+20
-0.0	1.8135884399947976e+18	-1.8988314480284496e+16
-0.0	-1.538412603389987e+18	5.186375567426514e+16
-0.0	1.1056173918727506e+18	-3.269522183042875e+20
-0.0	9.796869896965032e+16	-1.2003038679069211e+20
-0.0	8.876695118934515e+16	-2.288022932466954e+20
-0.0	8.918282081924093e+16	-1.8936812088196173e+20
-0.0	-4.757352696313559e+16	-2.063526542526465e+20
-0.0	2.2406717736231664e+16	-2.0843692020521294e+20
-0.0	-1.2181929597236302e+16	-2.052717626391124e+20
-0.0	9222301617097766.0	-2.074284318213642e+20
-0.0	-4315447039025444.0	-2.0662764258905217e+20
-0.0	2632819051549131.5	-2.0700017390406618e+20
-0.0	-31806659466614.2	-2.0679549224082997e+20
-0.0	-249509942447136.4	-2.0691380275579847e+20
-0.0	359883066250541.44	-2.068427751920805e+20
-0.0	-46459996159197.32	-2.0685191250035573e+20
-0.0	38625905075828.72	-2.06848736087055e+20
-0.0	-365343.93484324147	-2.068501269634091e+20
-0.0	-104290.82766938327	-2.0685012696732192e+20
-0.0	-229825.44063916453	-2.0685012696907645e+20
-0.0	-234104.69877826553	-2.0685012696954657e+20
-0.0	-239824.17503177337	-2.0685012696954726e+20
-0.0	-252793.63605945167	-2.0685012696907805e+20
-0.0	-192615.762057864	-2.0685012696732067e+20
-0.0	-51859.14986902061	-2.068501269634131e+20
-0.0	-38625905334100.31	-2.068487360870543e+20
-0.0	46459995528540.81	-2.0685191250034855e+20
-0.0	-359883066488399.1	-2.068427751920865e+20
-0.0	249509942203668.88	-2.069138027557917e+20
-0.0	31806658897454.316	-2.0679549224083027e+20
-0.0	-2632819052098918.5	-2.0700017390407218e+20
-0.0	4315447038561937.5	-2.0662764258905424e+20
-0.0	-9222301617242352.0	-2.0742843182136312e+20
-0.0	1.218192959638975e+16	-2.0527176263912043e+20
-0.0	-2.2406717736180096e+16	-2.0843692020521406e+20
-0.0	4.7573526962733016e+16	-2.063526542526271e+20
-0.0	-8.918282082113114e+16	-1.8936812088198273e+20
-0.0	-8.876695118856562e+16	-2.2880229324669315e+20
-0.0	-9.79686989707259e+16	-1.2003038679069532e+20
-0.0	-1.105617391872504e+18	-3.2695221830428144e+20
-0.0	1.5384126033898934e+18	5.186375567432311e+16
-0.0	-1.425495889664517e+18	-2.961122727273233e+16
-0.0	1.0764891683243439e+18	-2.8585818363522187e+20
-0.0	1.5084942204042803e+17	-1.0505336062290331e+20
-0.0	6.490000905656443e+16	-2.0147284982919836e+20
-0.0	9.722484911959614e+16	-1.6571875305203306e+20
-0.0	-5.283790422298499e+16	-1.8145641781444588e+20
-0.0	1.7798626621918372e+16	-1.8323686019782204e+20
-0.0	-1.3484055421900348e+16	-1.8039475638776657e+20
-0.0	7858087651161585.0	-1.8237169010403718e+20
-0.0	-4554656507557843.0	-1.8167712199980866e+20
-0.0	2688753735066840.0	-1.8197522311372292e+20
-0.0	81205477532122.86	-1.8180652162370693e+20
-0.0	-217325270862971.9	-1.8190365289123824e+20
-0.0	375548975694599.75	-1.8183804067731027e+20
-0.0	-40917175971875.2	-1.8184671430985476e+20
-0.0	43318029024509.836	-1.8184391761821496e+20
-0.0	-144472.6357401712	-1.8184516126056248e+20
-0.0	84006.07805399007	-1.8184516126219053e+20
-0.0	-17241.808563488346	-1.8184516126271842e+20
-0.0	-14521.411545044568	-1.818451612628238e+20
-0.0	-29095.630270433227	-1.818451612628238e+20
-0.0	-37076.93360953519	-1.8184516126271904e+20
-0.0	16404.0832865241	-1.8184516126218872e+20
-0.0	136780.17086310574	-1.8184516126056523e+20
-0.0	-43318028865531.02	-1.818439176182141e+20
-0.0	40917175753999.516	-1.8184671430984906e+20
-0.0	-375548975508877.6	-1.8183804067731404e+20
-0.0	217325271053012.34	-1.819036528912334e+20
-0.0	-81205477717894.06	-1.8180652162370693e+20
-0.0	-2688753735193079.0	-1.8197522311372754e+20
-0.0	4554656507530967.0	-1.816771219998087e+20
-0.0	-7858087650891997.0	-1.8237169010403462e+20
-0.0	1.3484055421479126e+16	-1.8039475638777476e+20
-0.0	-1.7798626621425556e+16	-1.832368601978216e+20
-0.0	5.283790422297869e+16	-1.8145641781442917e+20
-0.0	-9.722484912105046e+16	-1.6571875305205e+20
-0.0	-6.490000905530846e+16	-2.0147284982919568e+20
-0.0	-1.5084942204113472e+17	-1.0505336062290587e+20
-0.0	-1.0764891683236265e+18	-2.8585818363521483e+20
-0.0	1.425495889664452e+18	-2.9611227272681508e+16
-0.0	-1.5088329203825526e+18	1.7138483841511082e+16
-0.0	1.0995074479152663e+18	-2.3789576399423278e+20
-0.0	1.686320777567025e+17	-8.58086914371286e+19
-0.0	5.978739492457516e+16	-1.6647540455007266e+20
-0.0	1.0357693330493426e+17	-1.3663308758718382e+20
-0.0	-5.2315280043917944e+16	-1.5022080066872502e+20
-0.0	2.017492821961549e+16	-1.515757067210779e+20
-0.0	-1.2963747333601108e+16	-1.4919397343301612e+20
-0.0	8662246392801643.0	-1.5088711256080944e+20
-0.0	-4637838529724569.0	-1.503046788607382e+20
-0.0	2612026627809357.0	-1.505555416683111e+20
-0.0	32137046260541.062	-1.5040740888322268e+20
-0.0	-257273728398593.5	-1.5048755408541024e+20
-0.0	368086523987807.75	-1.5043266761427845e+20
-0.0	-34406271952339.35	-1.5044059126939255e+20
-0.0	46899579106735.85	-1.5043809801713743e+20
-0.0	-205386.89056545857	-1.504391762298996e+20
-0.0	32161.71662515054	-1.504391762305571e+20
-0.0	-95764.87701304081	-1.5043917623068724e+20
-0.0	-75528.29130586148	-1.504391762307048e+20
-0.0	-93764.9176762884	-1.5043917623070533e+20
-0.0	-121088.11642076663	-1.504391762306889e+20
-0.0	-50082.89294300066	-1.5043917623055584e+20
-0.0	86747.44098051846	-1.5043917622990166e+20
-0.0	-46899579102308.086	-1.5043809801713608e+20
-0.0	34406271594678.38	-1.5044059126938783e+20
-0.0	-368086523947926.9	-1.5043266761428104e+20
-0.0	257273728447420.12	-1.5048755408540582e+20
-0.0	-32137046561205.06	-1.504074088832235e+20
-0.0	-2612026628065849.5	-1.505555416683143e+20
-0.0	4637838529540433.0	-1.503046788607381e+20
-0.0	-8662246392661632.0	-1.508871125608072e+20
-0.0	1.296374733300704e+16	-1.4919397343302238e+20
-0.0	-2.017492821920158e+16	-1.5157570672107936e+20
-0.0	5.231528004376796e+16	-1.5022080066871175e+20
-0.0	-1.035769333065749e+17	-1.3663308758719848e+20
-0.0	-5.9787394923396856e+16	-1.664754045500712e+20
-0.0	-1.6863207775761494e+17	-8.58086914371303e+19
-0.0	-1.0995074479146742e+18	-2.378957639942285e+20
-0.0	1.508832920382467e+18	1.7138483841553762e+16
-0.0	-1.5782386837327247e+18	-3.4481881511590464e+16
-0.0	1.1381870607849216e+18	-1.9255157784234574e+20
-0.0	1.5338086558754365e+17	-6.869077935722417e+19
-0.0	6.358165170226377e+16	-1.3524670924185792e+20
-0.0	1.0135167181553006e+17	-1.1087410999897665e+20
-0.0	-5.3816155023204856e+16	-1.2208019128920945e+20
-0.0	2.081077362425302e+16	-1.2319448733513268e+20
-0.0	-1.4163271090153194e+16	-1.2133934681715145e+20
-0.0	8966151503987490.0	-1.2268576434234212e+20
-0.0	-4842906207751352.0	-1.2224258841944369e+20
-0.0	2659078630570550.0	-1.2244088767715348e+20
-0.0	50334927585489.29	-1.223208321652527e+20
-0.0	-232301976475433.47	-1.223873955553542e+20
-0.0	375624361339748.6	-1.2234348052558894e+20
-0.0	-32514550658881.695	-1.2235010463297895e+20
-0.0	48527180635365.15	-1.22348038791652e+20
-0.0	-144072.99342421722	-1.2234894006103532e+20
-0.0	104204.67437678178	-1.2234894006120589e+20
-0.0	-24599.430691721165	-1.2234894006122488e+20
-0.0	-12788.757473948044	-1.2234894006122639e+20
-0.0	-27108.670794864232	-1.2234894006122661e+20
-0.0	-54991.36005709514	-1.2234894006122598e+20
-0.0	17634.084707853504	-1.2234894006120484e+20
-0.0	156753.96094441108	-1.2234894006103758e+20
-0.0	-48527180480493.305	-1.223480387916507e+20
-0.0	32514550443853.344	-1.2235010463297503e+20
-0.0	-375624361169213.2	-1.223434805255906e+20
-0.0	232301976667980.94	-1.2238739555535005e+20
-0.0	-50334927767441.0	-1.2232083216525232e+20
-0.0	-2659078630677825.5	-1.2244088767715626e+20
-0.0	4842906207711657.0	-1.2224258841944434e+20
-0.0	-8966151503705487.0	-1.2268576434234065e+20
-0.0	1.4163271089671762e+16	-1.2133934681715714e+20
-0.0	-2.0810773623696584e+16	-1.2319448733513402e+20
-0.0	5.381615502317346e+16	-1.2208019128919874e+20
-0.0	-1.0135167181706958e+17	-1.108741099989872e+20
-0.0	-6.358165170090755e+16	-1.3524670924185587e+20
-0.0	-1.5338086558832333e+17	-6.869077935722605e+19
-0.0	-1.1381870607841449e+18	-1.9255157784234253e+20
-0.0	1.5782386837326523e+18	-3.4481881511556468e+16
-0.0	-1.5252815798105554e+18	-1.526824738920173e+16
-0.0	1.116591697140555e+18	-1.4613998289042937e+20
-0.0	1.2910605312799376e+17	-5.103159720123261e+19
-0.0	6.705942476651954e+16	-1.0273227910843353e+20
-0.0	9.332652044849811e+16	-8.39246377119851e+19
-0.0	-5.149226574371844e+16	-9.269043313644721e+19
-0.0	2.0622920690541244e+16	-9.348492311618265e+19
-0.0	-1.3985451302623956e+16	-9.208948241353376e+19
-0.0	8782691446069061.0	-9.311226422878237e+19
-0.0	-4603404260461096.0	-9.27808432847507e+19
-0.0	2652739468019291.0	-9.29254488058265e+19
-0.0	45711967334722.81	-9.283454569095053e+19
-0.0	-189163376857265.75	-9.28848758941696e+19
-0.0	360968012042094.75	-9.285088571860684e+19
-0.0	-28802130540523.98	-9.285595574798085e+19
-0.0	47724606864467.34	-9.285432362217347e+19
-0.0	-132242.20861766234	-9.285504426852286e+19
-0.0	100547.72338196951	-9.28550442685396e+19
-0.0	-30357.044513943645	-9.285504426853992e+19
-0.0	-9579.840335651415	-9.28550442685404e+19
-0.0	-24772.377271337304	-9.285504426854012e+19
-0.0	-58763.32992061485	-9.285504426854102e+19
-0.0	26814.47394272443	-9.285504426853869e+19
-0.0	155845.85936474032	-9.285504426852468e+19
-0.0	-47724606725316.71	-9.285432362217197e+19
-0.0	28802130334976.484	-9.2855955747978e+19
-0.0	-360968011869870.5	-9.285088571860831e+19
-0.0	189163377037724.06	-9.288487589416663e+19
-0.0	-45711967511200.1	-9.283454569095094e+19
-0.0	-2652739468128185.5	-9.292544880582872e+19
-0.0	4603404260418269.0	-9.278084328475114e+19
-0.0	-8782691445800834.0	-9.31122642287809e+19
-0.0	1.3985451302153642e+16	-9.208948241353789e+19
-0.0	-2.0622920690010292e+16	-9.348492311618316e+19
-0.0	5.149226574369102e+16	-9.269043313643908e+19
-0.0	-9.332652044998048e+16	-8.392463771199336e+19
-0.0	-6.705942476521747e+16	-1.0273227910843213e+20
-0.0	-1.2910605312873173e+17	-5.1031597201233895e+19
-0.0	-1.1165916971398126e+18	-1.4613998289042624e+20
-0.0	1.525281579810487e+18	-1.5268247389174524e+16
-0.0	-1.3735091342266742e+18	-2.054430972327388e+16
-0.0	1.0292447382067729e+18	-1.0379491982597516e+20
-0.0	9.578840665499509e+16	-3.534973805231418e+19
-0.0	6.445541168393842e+16	-7.315304893529009e+19
-0.0	7.97716640009716e+16	-5.9513184397441884e+19
-0.0	-4.609474660111028e+16	-6.594352868432831e+19
-0.0	1.8918934058040708e+16	-6.6450863799315096e+19
-0.0	-1.2903895645728596e+16	-6.5482672045422215e+19
-0.0	8184631791237188.0	-6.619412212177073e+19
-0.0	-4127924716584540.5	-6.596475674021528e+19
-0.0	2450960267143138.0	-6.6064261268087235e+19
-0.0	37666223602327.3	-6.600105431772708e+19
-0.0	-134512270305159.06	-6.603714719321148e+19
-0.0	324644972308688.5	-6.601285125409893e+19
-0.0	-23012887057085.832	-6.601661294698027e+19
-0.0	44349616961925.0	-6.601539948845887e+19
-0.0	-100845.89722595377	-6.601594460053971e+19
-0.0	118008.11240328815	-6.601594460054626e+19
-0.0	3963.5130151504673	-6.6015944600545526e+19
-0.0	16342.001626688805	-6.601594460054596e+19
-0.0	1487.4847993514704	-6.601594460054607e+19
-0.0	-26245.690995719666	-6.601594460054609e+19
-0.0	37557.55184271704	-6.6015944600545214e+19
-0.0	168776.9860251338	-6.601594460054098e+19
-0.0	-44349616785478.875	-6.601539948845857e+19
-0.0	23012886913012.08	-6.601661294697821e+19
-0.0	-324644972087647.94	-6.601285125409998e+19
-0.0	134512270515525.3	-6.603714719320972e+19
-0.0	-37666223707169.39	-6.600105431772695e+19
-0.0	-2450960267180188.0	-6.606426126808948e+19
-0.0	4127924716601725.0	-6.596475674021594e+19
-0.0	-8184631790935790.0	-6.61941221217701e+19
-0.0	1.2903895645375674e+16	-6.548267204542525e+19
-0.0	-1.891893405750893e+16	-6.645086379931569e+19
-0.0	4.609474660115802e+16	-6.594352868432303e+19
-0.0	-7.977166400227646e+16	-5.951318439744789e+19
-0.0	-6.445541168271466e+16	-7.315304893528945e+19
-0.0	-9.57884066556e+16	-3.5349738052315267e+19
-0.0	-1.0292447382060508e+18	-1.037949198259733e+20
-0.0	1.3735091342266194e+18	-2.054430972325929e+16
-0.0	-1.1413184439436357e+18	-1.3431166969599048e+16
-0.0	8.819546916552746e+17	-6.6946779534798954e+19
-0.0	6.014016847524961e+16	-2.19167996360898e+19
-0.0	5.8355503250019784e+16	-4.730373814899709e+19
-0.0	6.228152356924961e+16	-3.82523230128051e+19
-0.0	-3.802627911041001e+16	-4.2604148844164415e+19
-0.0	1.5876228819548982e+16	-4.289169331479477e+19
-0.0	-1.1088342206673748e+16	-4.2282025245111845e+19
-0.0	7048327075241596.0	-4.272769067240634e+19
-0.0	-3453144933389543.5	-4.258638678647687e+19
-0.0	2108842423819005.8	-4.264784475539189e+19
-0.0	35860427905638.04	-4.260789364211555e+19
-0.0	-81074910101330.78	-4.263138390823869e+19
-0.0	269982230674797.38	-4.2615458546966634e+19
-0.0	-15690043102482.832	-4.261803461835308e+19
-0.0	38489137506236.83	-4.261720226538283e+19
-0.0	-8992.323512535188	-4.261758616030421e+19
-0.0	171745.0589973541	-4.2617586160305095e+19
-0.0	82477.88861314915	-4.261758616030476e+19
-0.0	89884.32694363827	-4.261758616030507e+19
-0.0	79488.32475442864	-4.2617586160305095e+19
-0.0	66667.85007386464	-4.261758616030537e+19
-0.0	111778.74941069332	-4.261758616030488e+19
-0.0	213324.82927251342	-4.26175861603051e+19
-0.0	-38489137210438.86	-4.26172022653824e+19
-0.0	15690043152093.936	-4.261803461835217e+19
-0.0	-269982230320311.8	-4.2615458546967495e+19
-0.0	81074910432530.78	-4.263138390823742e+19
-0.0	-35860427814158.03	-4.260789364211587e+19
-0.0	-2108842423697795.0	-4.264784475539283e+19
-0.0	3453144933553183.5	-4.258638678647725e+19
-0.0	-7048327074823699.0	-4.272769067240557e+19
-0.0	1.1088342206538942e+16	-4.228202524511346e+19
-0.0	-1.587622881896239e+16	-4.289169331479478e+19
-0.0	3.802627911060843e+16	-4.2604148844161065e+19
-0.0	-6.228152357017428e+16	-3.8252323012809015e+19
-0.0	-5.835550324881559e+16	-4.730373814899645e+19
-0.0	-6.014016847560328e+16	-2.19167996360905e+19
-0.0	-8.819546916544954e+17	-6.6946779534797865e+19
-0.0	1.141318443943603e+18	-1.343116696958751e+16
-0.0	-8.542075814301253e+17	-1.0905762318732098e+16
-0.0	6.891491883952844e+17	-3.787820385933728e+19
-0.0	2.5555953205578812e+16	-1.1697660115396624e+19
-0.0	4.864472176713873e+16	-2.688261582133394e+19
-0.0	4.265417641030374e+16	-2.1553070752721453e+19
-0.0	-2.8081647636290236e+16	-2.417659783785149e+19
-0.0	1.2125600656727384e+16	-2.4304063395715486e+19
-0.0	-8645738985481914.0	-2.397343155469948e+19
-0.0	5525880394435625.0	-2.4215199755345605e+19
-0.0	-2592181089290514.5	-2.4140931378612994e+19
-0.0	1674459276265396.0	-2.4173251821137113e+19
-0.0	40114842425975.2	-2.4151340365978505e+19
-0.0	-27745542637236.184	-2.416486478244796e+19
-0.0	202851775687990.97	-2.4155658922231345e+19
-0.0	-7808499865313.684	-2.415723904101773e+19
-0.0	30587473520094.88	-2.4156728668557066e+19
-0.0	-71776.64344501773	-2.4156974502204785e+19
-0.0	67183.7392200393	-2.415697450220525e+19
-0.0	7947.358117315096	-2.4156974502204826e+19
-0.0	9014.58221729079	-2.4156974502204903e+19
-0.0	-13790.887732318595	-2.4156974502204977e+19
-0.0	1173.3555547947906	-2.4156974502205133e+19
-0.0	24569.352476332657	-2.4156974502204887e+19
-0.0	98020.10507413157	-2.4156974502205088e+19
-0.0	-30587473399104.41	-2.415672866855706e+19
-0.0	7808499780427.674	-2.4157239041016877e+19
-0.0	-202851775547410.03	-2.415565892223156e+19
-0.0	27745542775502.94	-2.416486478244721e+19
-0.0	-40114842497975.766	-2.415134036597824e+19
-0.0	-1674459276302522.2	-2.417325182113779e+19
-0.0	2592181089295339.0	-2.414093137861304e+19
-0.0	-5525880394242434.0	-2.4215199755345162e+19
-0.0	8645738985244587.0	-2.397343155470045e+19
-0.0	-1.212560065639089e+16	-2.430406339571576e+19
-0.0	2.8081647636308532e+16	-2.4176597837849817e+19
-0.0	-4.265417641112021e+16	-2.155307075272379e+19
-0.0	-4.864472176636114e+16	-2.688261582133351e+19
-0.0	-2.555595320596969e+16	-1.1697660115396964e+19
-0.0	-6.891491883948155e+17	-3.787820385933684e+19
-0.0	8.542075814300927e+17	-1.0905762318727546e+16
-0.0	-5.500937490160666e+17	-5223326361953358.0
-0.0	4.76216310169703e+17	-1.7612906887051477e+19
-0.0	-1434231596529799.5	-4.908632195285791e+18
-0.0	3.644502492421108e+16	-1.25813622425399e+19
-0.0	2.4012742854033096e+16	-9.945496739147463e+18
-0.0	-1.7816919141617212e+16	-1.1286480852828406e+19
-0.0	8128121782810581.0	-1.1320506980657605e+19
-0.0	-5878937806478632.0	-1.1177433186006168e+19
-0.0	3859430052379159.0	-1.1281921932661367e+19
-0.0	-1656064819858561.0	-1.1251748123401925e+19
-0.0	1190934880237472.2	-1.1264982847364295e+19
-0.0	44254321125166.875	-1.1255349604899891e+19
-0.0	15044428416868.266	-1.1261837669240343e+19
-0.0	132996204391019.2	-1.1257416183979823e+19
-0.0	-778273772689.1295	-1.125824225255943e+19
-0.0	21600550889556.8	-1.1257977485266379e+19
-0.0	-56486.970069143725	-1.125811552135032e+19
-0.0	45808.371828840274	-1.1258115521350412e+19
-0.0	14103.59345256125	-1.1258115521350304e+19
-0.0	5868.5419100849085	-1.1258115521350361e+19
-0.0	-15214.741654272511	-1.1258115521350361e+19
-0.0	13224.966326321493	-1.1258115521350484e+19
-0.0	22413.630905805345	-1.125811552135039e+19
-0.0	57799.65791297167	-1.1258115521350531e+19
-0.0	-21600550801557.19	-1.1257977485266317e+19
-0.0	778273718565.0336	-1.1258242252559118e+19
-0.0	-132996204295750.94	-1.1257416183980012e+19
-0.0	-15044428321500.934	-1.1261837669240064e+19
-0.0	-44254321167409.45	-1.1255349604899959e+19
-0.0	-1190934880254178.2	-1.1264982847364678e+19
-0.0	1656064819863515.8	-1.1251748123402017e+19
-0.0	-3859430052254125.0	-1.1281921932661238e+19
-0.0	5878937806335416.0	-1.1177433186006452e+19
-0.0	-8128121782601737.0	-1.1320506980657664e+19
-0.0	1.7816919141647766e+16	-1.1286480852827677e+19
-0.0	-2.401274285455678e+16	-9.945496739148607e+18
-0.0	-3.64450249237085e+16	-1.2581362242539637e+19
-0.0	1434231596294483.2	-4.908632195285947e+18
-0.0	-4.7621631016940365e+17	-1.76129068870512e+19
-0.0	5.5009374901604954e+17	-5223326361951105.0
-0.0	-2.8128752234616467e+17	-995050831619562.6
-0.0	2.7717392941401322e+17	-5.971903690706231e+18
-0.0	-1.543740670942514e+16	-1.3399030975066447e+18
-0.0	2.360214406729131e+16	-4.3159907874860636e+18
-0.0	9721238756205102.0	-3.32555252347912e+18
-0.0	-9000525007454256.0	-3.854329891614233e+18
-0.0	4520962556181933.0	-3.85092898784439e+18
-0.0	-3273677298561837.5	-3.8089260364280223e+18
-0.0	2283134460266316.0	-3.8393575550823035e+18
-0.0	-827003010076358.9	-3.8319039793193283e+18
-0.0	731540086349671.5	-3.8352911027998177e+18
-0.0	47121553890732.94	-3.8324032321643433e+18
-0.0	38348897397234.586	-3.8347574579881354e+18
-0.0	72215976161825.64	-3.833182970722086e+18
-0.0	3901507912500.9507	-3.833519427640964e+18
-0.0	12943216567862.613	-3.8334156342894766e+18
-0.0	-28555.679168151488	-3.8334797179820667e+18
-0.0	16911.790353135213	-3.83347971798208e+18
-0.0	-5574.4175128388515	-3.83347971798206e+18
-0.0	-3911.804584686186	-3.833479717982088e+18
-0.0	-13084.921438015444	-3.833479717982065e+18
-0.0	-1758.6988994954038	-3.833479717982097e+18
-0.0	5234.041816022502	-3.833479717982087e+18
-0.0	29865.38203341117	-3.833479717982115e+18
-0.0	-12943216538096.965	-3.8334156342894336e+18
-0.0	-3901507953421.5703	-3.8335194276408796e+18
-0.0	-72215976127765.7	-3.833182970722111e+18
-0.0	-38348897363013.63	-3.834757457988045e+18
-0.0	-47121553926830.77	-3.832403232164339e+18
-0.0	-731540086364945.0	-3.83529110279995e+18
-0.0	827003010063019.2	-3.8319039793193324e+18
-0.0	-2283134460209585.0	-3.839357555082234e+18
-0.0	3273677298465755.5	-3.808926036428132e+18
-0.0	-4520962556076289.0	-3.8509289878444534e+18
-0.0	9000525007449512.0	-3.854329891614063e+18
-0.0	-9721238756496640.0	-3.325552523479475e+18
-0.0	-2.3602144067026776e+16	-4.3159907874859443e+18
-0.0	1.543740670927866e+16	-1.3399030975066977e+18
-0.0	-2.7717392941385194e+17	-5.971903690706199e+18
-0.0	2.8128752234615405e+17	-995050831619621.8
-0.0	-9.218718700729326e+16	2330663228302667.5
-0.0	1.2477681702929117e+17	-1.1132209509698342e+18
-0.0	-1.6149115631065846e+16	-1.0686621416271171e+17
-0.0	1.244630397498294e+16	-8.260777673001092e+17
-0.0	1652151847738327.0	-5.986068999093957e+17
-0.0	-2985545950041975.5	-7.296808001552965e+17
-0.0	1897435198284275.8	-7.228212742692512e+17
-0.0	-1282505441362430.8	-7.178063243296422e+17
-0.0	1072095252381936.2	-7.212064888704667e+17
-0.0	-238738158833263.0	-7.211323717192925e+17
-0.0	372280964241775.5	-7.21305882978862e+17
-0.0	46437046707463.43	-7.209918140066228e+17
-0.0	40375249999349.26	-7.215414816822653e+17
-0.0	29702810214887.254	-7.212300262789577e+17
-0.0	5423586142960.029	-7.213186848670988e+17
-0.0	6069569314057.109	-7.212969952215977e+17
-0.0	-5190.918562733864	-7.213192171989391e+17
-0.0	7136.977488560201	-7.213192171989508e+17
-0.0	-8071.59962733229	-7.21319217198937e+17
-0.0	295.17264261533705	-7.213192171989414e+17
-0.0	-5656.62120131263	-7.213192171989368e+17
-0.0	-842.5542193314349	-7.213192171989421e+17
-0.0	563.6103746922681	-7.213192171989393e+17
-0.0	11618.115237882783	-7.213192171989446e+17
-0.0	-6069569303835.427	-7.212969952216013e+17
-0.0	-5423586160148.166	-7.213186848670877e+17
-0.0	-29702810201862.953	-7.21230026278974e+17
-0.0	-40375249990059.95	-7.215414816822356e+17
-0.0	-46437046722505.71	-7.209918140066167e+17
-0.0	-372280964242058.7	-7.213058829788899e+17
-0.0	238738158829190.8	-7.211323717192922e+17
-0.0	-1072095252361263.0	-7.212064888704605e+17
-0.0	1282505441323711.5	-7.178063243296543e+17
-0.0	-1897435198239075.0	-7.228212742692803e+17
-0.0	2985545950037358.0	-7.296808001553041e+17
-0.0	-1652151847850150.2	-5.986068999094755e+17
-0.0	-1.244630397487452e+16	-8.26077767300072e+17
-0.0	1.6149115631006778e+16	-1.068662141627188e+17
-0.0	-1.2477681702921883e+17	-1.1132209509698433e+18
-0.0	9.218718700728978e+16	2330663228302456.5
-0.0	3577947565074986.5	4035461690113880.0
-0.0	3.5047751608301972e+16	-3.0069106545827476e+16
-0.0	-9195494591526176.0	2.665630691969636e+16
-0.0	4861967878590693.0	-2.621511819439127e+16
-0.0	-940713545009141.5	-1.123821035231746e+16
-0.0	-45437384376810.484	-2.151978932184923e+16
-0.0	466727970744782.5	-2.0279232796710764e+16
-0.0	-144714856882573.12	-2.065873853935468e+16
-0.0	358289025443391.9	-2.0263782230594316e+16
-0.0	60033530242580.27	-2.06177093346889e+16
-0.0	151394672399606.84	-2.0573641741280828e+16
-0.0	40290542926284.445	-2.0694712489607936e+16
-0.0	28479295429946.445	-2.0785569163450228e+16
-0.0	7439645736901.486	-2.079302749061736e+16
-0.0	4315045724733.375	-2.08030683421745e+16
-0.0	1814610265790.6204	-2.0806535100088372e+16
-0.0	1979.8244471710643	-2.0811281902671492e+16
-0.0	1197.11058936266	-2.081128190267397e+16
-0.0	-2780.0667988979053	-2.0811281902672e+16
-0.0	569.766575611271	-2.0811281902670644e+16
-0.0	-2107.026977209804	-2.081128190267065e+16
-0.0	1343.8432278512073	-2.081128190267042e+16
-0.0	-1355.6172693941398	-2.081128190266908e+16
-0.0	1621.4338887734798	-2.081128190266854e+16
-0.0	-1814610264402.7727	-2.0806535100091724e+16
-0.0	-4315045726519.1934	-2.0803068342176376e+16
-0.0	-7439645734836.272	-2.079302749061881e+16
-0.0	-28479295431547.71	-2.0785569163446356e+16
-0.0	-40290542929426.016	-2.0694712489600616e+16
-0.0	-151394672396373.94	-2.057364174127852e+16
-0.0	-60033530243466.46	-2.061770933468866e+16
-0.0	-358289025440151.8	-2.0263782230593976e+16
-0.0	144714856876928.06	-2.0658738539350588e+16
-0.0	-466727970736191.8	-2.0279232796713796e+16
-0.0	45437384374561.945	-2.151978932185939e+16
-0.0	940713544993404.8	-1.1238210352315774e+16
-0.0	-4861967878570321.0	-2.6215118194385068e+16
-0.0	9195494591516602.0	2.6656306919697068e+16
-0.0	-3.5047751608283616e+16	-3.006910654583003e+16
-0.0	-3577947565075303.5	4035461690113893.5
-0.0	2.8438814593723664e+16	4645833812693343.0
-0.0	-310447138055795.56	-5943070192728832.0
-0.0	-1981319617440800.0	-2640152875308867.0
-0.0	1206535260130774.5	-2621235089377941.5
-0.0	-629261588137378.6	-2536650302263946.5
-0.0	683325004740941.6	-2664867045489448.5
-0.0	-17884455998737.773	-2913184207781617.0
-0.0	244168452779072.84	-2714282824630204.5
-0.0	73235673985039.89	-2849789415479094.5
-0.0	131270840598880.53	-2871806183795002.0
-0.0	51889174472030.5	-2947020708546687.5
-0.0	29303165028057.438	-3025620207358556.5
-0.0	14018997674849.354	-3075023485959887.0
-0.0	10056580920.332893	-3090598080313656.0
-0.0	2165665230836.3005	-3093644220541235.5
-0.0	-6844140368.744749	-3096715956269479.0
-0.0	1969.9694472045808	-3097126938697201.0
-0.0	-713.5018975088026	-3097126938697756.0
-0.0	-359.1151558242654	-3097126938697996.5
-0.0	104.80317964866778	-3097126938698058.5
-0.0	-760.9063984126171	-3097126938696180.0
-0.0	1230.5720679919207	-3097126938696720.0
-0.0	-655.0717390068088	-3097126938697368.0
-0.0	-1419.7502393422278	-3097126938694392.0
-0.0	6844138790.505483	-3096715956269588.0
-0.0	-2165665228027.7441	-3093644220540632.5
-0.0	-10056582974.714836	-3090598080313851.0
-0.0	-14018997677974.559	-3075023485960631.0
-0.0	-29303165026836.64	-3025620207355209.0
-0.0	-51889174469416.03	-2947020708542360.5
-0.0	-131270840598321.69	-2871806183795068.5
-0.0	-73235673987075.72	-2849789415479842.0
-0.0	-244168452775513.06	-2714282824629103.0
-0.0	17884455994934.625	-2913184207781290.5
-0.0	-683325004741320.0	-2664867045484391.5
-0.0	629261588150148.4	-2536650302256625.5
-0.0	-1206535260139628.0	-2621235089377859.5
-0.0	1981319617445514.0	-2640152875308382.0
-0.0	310447138054199.6	-5943070192728988.0
-0.0	-2.8438814593722596e+16	4645833812693454.0
-0.0	2.1000251265965776e+16	5019915539363583.0
-0.0	-5060277525776527.0	8348365384286187.0
-0.0	1524322619484630.0	8351847593031011.0
-0.0	266160968386344.78	7077969999796892.0
-0.0	176285595397265.72	7019300980117943.0
-0.0	463688717809016.1	6511165600142438.0
-0.0	-34366464141622.895	6543881200536596.0
-0.0	220938761213858.16	6510455649718549.0
-0.0	23371401449950.39	6540944480124209.0
-0.0	93445824271406.03	6461027428992689.0
-0.0	22077605483970.977	6424163261618957.0
-0.0	16956109723200.23	6359813831864897.0
-0.0	4455004556453.314	6332972836349373.0
-0.0	-606811629360.8939	6323866037302414.0
-0.0	490486718550.0331	6321274163131433.0
-0.0	-333293997803.3341	6320885076499330.0
-0.0	1129.0917733900687	6320880356023107.0
-0.0	-579.5228536239151	6320880356023156.0
-0.0	-209.51073573996342	6320880356022357.0
-0.0	33.973538705938374	6320880356022316.0
-0.0	-82.6195475215904	6320880356023516.0
-0.0	414.78589907590305	6320880356023360.0
-0.0	-153.59859157106897	6320880356022759.0
-0.0	-1041.1072378264844	6320880356023270.0
-0.0	333293996668.5253	6320885076500313.0
-0.0	-490486716634.4872	6321274163131831.0
-0.0	606811628042.9342	6323866037302280.0
-0.0	-4455004558413.791	6332972836348794.0
-0.0	-16956109722273.377	6359813831866687.0
-0.0	-22077605482443.246	6424163261621557.0
-0.0	-93445824270983.22	6461027428992951.0
-0.0	-23371401451328.793	6540944480123821.0
-0.0	-220938761211326.78	6510455649719531.0
-0.0	34366464138720.18	6543881200537380.0
-0.0	-463688717809075.06	6511165600144588.0
-0.0	-176285595387739.62	7019300980123300.0
-0.0	-266160968393981.12	7077969999796794.0
-0.0	-1524322619481188.8	8351847593031524.0
-0.0	5060277525773270.0	8348365384285006.0
-0.0	-2.100025126596461e+16	5019915539363714.0
-0.0	9907196345055494.0	5248411971075538.0
-0.0	-1066964765713710.8	2982920300456341.5
-0.0	1852825175062519.8	2579040853849540.5
-0.0	375621073231225.4	3488451960727003.0
-0.0	485120460480653.56	3064526941170528.5
-0.0	159374131530955.1	3008529438326624.5
-0.0	39591174187423.47	2875698013301554.5
-0.0	100932029362315.2	2931618969991212.5
-0.0	35601367497541.1	2885169562806294.0
-0.0	41407859746403.97	2854786681230454.0
-0.0	15014436253074.938	2814178601627219.0
-0.0	7180260968485.956	2779830082667629.5
-0.0	548779639042.4235	2767368143935248.0
-0.0	85135190095.29997	2762812653768980.5
-0.0	-185441250241.05057	2762437858746976.5
-0.0	-149245486805.7008	2762433062850403.0
-0.0	341.4568993732861	2762433062850053.5
-0.0	-67.8291127144378	2762433062849441.0
-0.0	-166.20572217961163	2762433062849364.0
-0.0	26.380057060574956	2762433062849603.5
-0.0	41.8835509333523	2762433062849858.0
-0.0	-32.79739648382199	2762433062849958.5
-0.0	-79.83447612857833	2762433062849845.5
-0.0	-326.24481338903644	2762433062850278.5
-0.0	149245486665.1844	2762433062850504.0
-0.0	185441250794.28436	2762437858747062.5
-0.0	-85135190336.87859	2762812653769104.0
-0.0	-548779639618.76086	2767368143935685.5
-0.0	-7180260968248.879	2779830082668382.0
-0.0	-15014436252587.25	2814178601627696.5
-0.0	-41407859746363.98	2854786681230398.0
-0.0	-35601367497746.305	2885169562806201.0
-0.0	-100932029361994.58	2931618969991244.0
-0.0	-39591174188199.54	2875698013301541.0
-0.0	-159374131530645.84	3008529438327491.0
-0.0	-485120460478639.8	3064526941171182.5
-0.0	-375621073233298.3	3488451960726518.0
-0.0	-1852825175061784.2	2579040853849461.5
-0.0	1066964765712504.1	2982920300456113.0
-0.0	-9907196345054612.0	5248411971075602.0
-0.0	4614972557205736.0	5317041209472227.0
-0.0	1507768744365880.2	4842730749403055.0
-0.0	1140352292268724.2	5538599851910535.0
-0.0	514760665789865.75	4771750962082250.0
-0.0	402695945876710.2	4714635570886936.0
-0.0	28235877673640.72	4345137994449315.0
-0.0	63069095419930.87	4302481097236467.5
-0.0	26668945927151.51	4302144087359068.5
-0.0	35685025555637.48	4285511483525639.0
-0.0	11486829150893.043	4253683701748770.5
-0.0	9728611913382.146	4231546376363528.0
-0.0	1703932541036.7852	4214591177821793.0
-0.0	-300171122728.8778	4209885648777160.0
-0.0	318129046315.25854	4209377232489073.0
-0.0	-205480824679.96368	4209372384992595.5
-0.0	11696586788.945704	4209372384992383.5
-0.0	-113.39676742898713	4209372384992461.0
-0.0	135.78731067653013	4209372384992179.0
-0.0	-102.24277000081315	4209372384992387.0
-0.0	-23.017717162194355	4209372384992303.0
-0.0	20.575981785806615	4209372384992388.5
-0.0	-122.96548232561159	4209372384992373.0
-0.0	43.006878420631175	4209372384992418.0
-0.0	88.7028813207648	4209372384992596.0
-0.0	-11696586646.549858	4209372384992595.5
-0.0	205480824584.64185	4209372384992595.5
-0.0	-318129046090.7137	4209377232489188.0
-0.0	300171122756.8434	4209885648777569.5
-0.0	-1703932541102.414	4214591177822264.5
-0.0	-9728611913421.25	4231546376363258.5
-0.0	-11486829150935.383	4253683701748752.5
-0.0	-35685025555302.63	4285511483525572.0
-0.0	-26668945927652.613	4302144087358892.0
-0.0	-63069095419827.88	4302481097236364.5
-0.0	-28235877673239.637	4345137994448984.5
-0.0	-402695945877768.06	4714635570886128.0
-0.0	-514760665789395.5	4771750962082275.0
-0.0	-1140352292269237.8	5538599851910472.0
-0.0	-1507768744365934.0	4842730749403038.0
-0.0	-4614972557205100.0	5317041209472299.0
-0.0	3378508220532996.5	5238556403615895.0
-0.0	1680215829893096.0	4552535464770113.0
-0.0	602160823154600.6	4196710480545569.0
-0.0	459706343308995.6	4520432751539469.0
-0.0	245798011045555.53	4215899838896231.5
-0.0	9163404661761.094	4066207221694160.5
-0.0	45882729875414.05	3994276562376779.5
-0.0	3619456144852.822	3996125485297942.5
-0.0	22031924635839.34	3976680868069497.5
-0.0	975679873189.2477	3959756104403269.5
-0.0	4328274743016.4043	3946892799088205.5
-0.0	-250802040233.86148	3941164777634581.0
-0.0	-236257590175.88232	3940652147845409.0
-0.0	223158457430.8347	3940646759194930.5
-0.0	-66650330510.07017	3940646759194683.0
-0.0	49865199947.771675	3940646759194721.5
-0.0	-102.90637640374885	3940646759194679.0
-0.0	98.3002451255533	3940646759194664.5
-0.0	-69.17060302397586	3940646759194693.0
-0.0	-15.919285004100551	3940646759194735.5
-0.0	11.292586698611212	3940646759194782.5
-0.0	-113.57315274189428	3940646759194762.0
-0.0	34.14438319562048	3940646759194724.0
-0.0	101.64491270900535	3940646759194757.5
-0.0	-49865199838.22595	3940646759194702.5
-0.0	66650330392.88897	3940646759194773.0
-0.0	-223158457215.38583	3940646759194900.0
-0.0	236257590237.8102	3940652147845583.0
-0.0	250802040153.19794	3941164777634669.0
-0.0	-4328274743062.451	3946892799087890.0
-0.0	-975679873263.733	3959756104403235.5
-0.0	-22031924635550.64	3976680868069401.0
-0.0	-3619456145294.3433	3996125485297842.0
-0.0	-45882729875294.71	3994276562376704.0
-0.0	-9163404661385.771	4066207221693897.5
-0.0	-245798011046618.03	4215899838895463.5
-0.0	-459706343308354.1	4520432751539549.0
-0.0	-602160823155078.4	4196710480545424.5
-0.0	-1680215829893030.8	4552535464770087.0
-0.0	-3378508220532587.0	5238556403615996.0
-0.0	3100795615185666.5	5016999074418335.0
-0.0	1070710977401335.5	4086212898638189.0
-0.0	364817347106804.06	4397144030925347.5
-0.0	322346318540722.5	4114087800645985.0
-0.0	140427096652171.45	3991795577004334.0
-0.0	14205995243576.523	3766873767073620.0
-0.0	23651381843318.355	3724014012172926.0
-0.0	686719398431.9995	3717464638437856.0
-0.0	9208867109032.156	3703102465797168.5
-0.0	-1097997490313.3325	3693966387832806.0
-0.0	1090325609841.2413	3688640367313144.0
-0.0	-425855371821.58875	3688083064336653.0
-0.0	-72107294812.1619	3688077438125473.0
-0.0	111330679943.48294	3688077438125706.5
-0.0	7734053340.308121	3688077438125619.5
-0.0	32149053282.31862	3688077438125553.5
-0.0	-16.408123617674082	3688077438125599.5
-0.0	46.36421712170131	3688077438125523.0
-0.0	-45.56605669343931	3688077438125580.5
-0.0	-13.518010675697637	3688077438125607.0
-0.0	18.287968651014406	3688077438125568.0
-0.0	-69.48113358847361	3688077438125600.5
-0.0	24.09829322446693	3688077438125590.0
-0.0	58.40414981017314	3688077438125625.5
-0.0	-32149053246.875927	3688077438125564.0
-0.0	-7734053375.976214	3688077438125655.0
-0.0	-111330679839.08983	3688077438125691.0
-0.0	72107294809.23012	3688077438125670.5
-0.0	425855371812.2633	3688083064336669.5
-0.0	-1090325609835.2197	3688640367312990.5
-0.0	1097997490273.0292	3693966387832763.0
-0.0	-9208867108899.457	3703102465797112.5
-0.0	-686719398637.6472	3717464638437736.5
-0.0	-23651381843333.223	3724014012172883.0
-0.0	-14205995243332.299	3766873767073557.5
-0.0	-140427096652611.23	3991795577003899.0
-0.0	-322346318540483.4	4114087800646059.5
-0.0	-364817347107020.2	4397144030925274.0
-0.0	-1070710977401381.2	4086212898638189.0
-0.0	-3100795615185387.0	5016999074418400.0
-0.0	2636360553360223.5	4680593263742746.0
-0.0	585646782387191.4	4158557754931609.0
-0.0	249865525563703.4	4025804261852000.0
-0.0	199608534363765.0	4068300825416609.5
-0.0	80875069984410.1	3886001388930252.0
-0.0	13442691367671.809	3759786286049834.5
-0.0	9994891600189.977	3726032480273956.0
-0.0	663218325686.4298	3716897826851011.0
-0.0	2568481362366.9727	3710612469789176.0
-0.0	-906904859920.8354	3705889756157840.0
-0.0	70960409789.30728	3705325527694716.5
-0.0	-147961835306.39438	3705319630198295.5
-0.0	22779595386.209938	3705319630198303.5
-0.0	51835186350.499466	3705319630198367.0
-0.0	17422947510.557125	3705319630198370.0
-0.0	12600360582.954685	3705319630198297.5
-0.0	-16.02697154177645	3705319630198302.5
-0.0	18.80576646333319	3705319630198327.5
-0.0	-20.679029664869443	3705319630198324.0
-0.0	-3.088744632798941	3705319630198341.5
-0.0	-6.500979207531332	3705319630198310.0
-0.0	-14.592787399435743	3705319630198334.5
-0.0	16.4690748995861	3705319630198321.0
-0.0	13.860108191499178	3705319630198326.5
-0.0	-12600360581.199879	3705319630198306.5
-0.0	-17422947513.058643	3705319630198371.0
-0.0	-51835186314.09298	3705319630198368.0
-0.0	-22779595387.97993	3705319630198335.5
-0.0	147961835310.22507	3705319630198342.5
-0.0	-70960409781.9362	3705325527694678.0
-0.0	906904859909.6117	3705889756157793.0
-0.0	-2568481362321.356	3710612469789156.0
-0.0	-663218325782.7611	3716897826851034.5
-0.0	-9994891600250.783	3726032480273963.0
-0.0	-13442691367514.584	3759786286049755.0
-0.0	-80875069984509.94	3886001388930044.0
-0.0	-199608534363732.56	4068300825416569.0
-0.0	-249865525563815.2	4025804261851973.0
-0.0	-585646782387257.0	4158557754931600.5
-0.0	-2636360553360027.5	4680593263742825.0
-0.0	2006941057131610.0	4217182056573700.5
-0.0	326904040449233.1	3460660913149099.0
-0.0	164678615939913.34	3526344551970243.5
-0.0	113873529151850.08	3436156824086078.0
-0.0	44217125840331.89	3333430256679850.5
-0.0	8247709291660.048	3229713263278318.0
-0.0	3637981609954.006	3209462927291375.0
-0.0	265438454969.02063	3204608795685775.5
-0.0	349980501061.406	3200645520785855.5
-0.0	-408419601542.6454	3200083460898199.5
-0.0	25613023130.193493	3200077269995470.5
-0.0	32549946338.67263	3200077269993068.5
-0.0	43673920765.86609	3200077269992890.0
-0.0	22664880218.787113	3200077269992912.0
-0.0	8882299925.684675	3200077269992898.5
-0.0	3492033420.3743787	3200077269992887.5
-0.0	-3.6406686107533153	3200077269992878.0
-0.0	6.127875806658794	3200077269992904.0
-0.0	-12.44567890783954	3200077269992907.0
-0.0	0.7949184957080069	3200077269992907.0
-0.0	-6.2524617849749955	3200077269992905.0
-0.0	0.9441104226442627	3200077269992906.5
-0.0	7.550558475563661	3200077269992881.0
-0.0	11.57888459308941	3200077269992908.0
-0.0	-3492033439.9030476	3200077269992886.0
-0.0	-8882299913.821867	3200077269992918.0
-0.0	-22664880209.360565	3200077269992917.0
-0.0	-43673920777.37305	3200077269992915.5
-0.0	-32549946311.123085	3200077269993094.0
-0.0	-25613023127.43191	3200077269995459.0
-0.0	408419601537.9592	3200083460898183.5
-0.0	-349980501040.50433	3200645520785834.5
-0.0	-265438454999.23557	3204608795685790.0
-0.0	-3637981610038.25	3209462927291400.5
-0.0	-8247709291547.718	3229713263278322.0
-0.0	-44217125840331.734	3333430256679762.0
-0.0	-113873529151889.86	3436156824086049.0
-0.0	-164678615939939.8	3526344551970219.5
-0.0	-326904040449315.3	3460660913149125.5
-0.0	-2006941057131482.5	4217182056573754.0
-0.0	1402548317223912.8	3656069050471440.5
-0.0	190320034521015.16	3176188252120312.5
-0.0	96737481835522.0	3123442374266244.5
-0.0	58622850509108.07	3102224696393878.5
-0.0	20827753182467.094	3015759974369680.0
-0.0	3534178052206.6177	2961912452110668.0
-0.0	1037476093680.4429	2952178950271363.5
-0.0	-44867973831.577614	2948806167701031.0
-0.0	-42213640389.653725	2948260827270806.5
-0.0	-60274541817.90866	2948254346623074.5
-0.0	102107300096.57932	2948254346621838.5
-0.0	64182940365.29349	2948254346622725.0
-0.0	28827988160.586376	2948254346622895.0
-0.0	8293928541.53674	2948254346622931.5
-0.0	2785086336.5754795	2948254346622916.5
-0.0	719965372.8216991	2948254346622926.5
-0.0	-0.7573582159076122	2948254346622925.0
-0.0	3.9190721880532657	2948254346622911.0
-0.0	-2.9049714769580803	2948254346622912.5
-0.0	0.34996049589276557	2948254346622924.5
-0.0	-2.5917565596954066	2948254346622916.5
-0.0	-1.3377131130279967	2948254346622920.5
-0.0	-0.8508965997949468	2948254346622920.0
-0.0	13.151728662898458	2948254346622917.5
-0.0	-719965391.7049288	2948254346622918.0
-0.0	-2785086328.557273	2948254346622923.0
-0.0	-8293928534.4970875	2948254346622930.0
-0.0	-28827988173.59395	2948254346622907.5
-0.0	-64182940338.51266	2948254346622727.0
-0.0	-102107300101.41954	2948254346621821.5
-0.0	60274541817.09467	2948254346623084.0
-0.0	42213640398.40882	2948260827270799.5
-0.0	44867973829.66767	2948806167701013.0
-0.0	-1037476093750.4567	2952178950271372.0
-0.0	-3534178052131.9893	2961912452110659.5
-0.0	-20827753182453.57	3015759974369644.5
-0.0	-58622850509157.445	3102224696393855.5
-0.0	-96737481835515.95	3123442374266239.0
-0.0	-190320034521084.47	3176188252120305.0
-0.0	-1402548317223829.2	3656069050471492.5
-0.0	908708163658436.6	2998339955705547.0
-0.0	108594527152977.05	2488589495159665.0
-0.0	49316991988624.79	2474329365459538.0
-0.0	25564437554473.004	2446742430187552.0
-0.0	7471441233407.206	2400502715932534.0
-0.0	907932882711.4955	2374620414141726.0
-0.0	130510149984.88638	2370524830924567.0
-0.0	-75012362268.96758	2370010969049987.5
-0.0	14655763031.402025	2370004218676820.0
-0.0	75226332479.14023	2370004218949947.5
-0.0	93100003006.85416	2370004219340960.5
-0.0	38456902160.00525	2370004219420613.0
-0.0	11995172872.939865	2370004219431695.0
-0.0	2360394823.0055585	2370004219432819.0
-0.0	616417900.6839927	2370004219432889.0
-0.0	112993428.95444666	2370004219432891.0
-0.0	-2.638503547535441	2370004219432896.5
-0.0	1.7894945400697861	2370004219432896.0
-0.0	-3.790507531721679	2370004219432894.5
-0.0	-1.230867707598924	2370004219432894.5
-0.0	-2.5386068738270957	2370004219432894.5
-0.0	-3.7795535864620424	2370004219432893.5
-0.0	-0.8007796306828011	2370004219432888.5
-0.0	9.28494009028596	2370004219432893.5
-0.0	-112993445.75313267	2370004219432895.5
-0.0	-616417896.6177285	2370004219432894.5
-0.0	-2360394820.4855914	2370004219432820.5
-0.0	-11995172882.398325	2370004219431705.5
-0.0	-38456902142.09105	2370004219420608.5
-0.0	-93100003015.88179	2370004219340951.5
-0.0	-75226332481.04523	2370004218949939.5
-0.0	-14655763027.04699	2370004218676813.5
-0.0	75012362267.17603	2370010969049986.0
-0.0	-130510150038.42775	2370524830924573.5
-0.0	-907932882663.2985	2374620414141719.0
-0.0	-7471441233402.512	2400502715932500.5
-0.0	-25564437554509.848	2446742430187536.0
-0.0	-49316991988619.96	2474329365459532.0
-0.0	-108594527153029.89	2488589495159666.5
-0.0	-908708163658386.8	2998339955705576.5
-0.0	540044048913586.2	2300025457405686.5
-0.0	57154690093353.5	1966182834756141.8
-0.0	21052355443921.28	1938120629572734.8
-0.0	8304244777946.248	1920576856586680.5
-0.0	1399407890834.1284	1896889062651526.2
-0.0	-37309088348.45235	1887756192445062.8
-0.0	-59776399930.22472	1887237587100325.8
-0.0	2143925333.804357	1887230648497446.8
-0.0	68553559888.70106	1887230651424264.5
-0.0	76816014145.11975	1887230649286166.8
-0.0	48764595135.512184	1887230648750789.0
-0.0	14652546578.203592	1887230648883912.5
-0.0	3508572374.792121	1887230648907667.5
-0.0	511212989.50377315	1887230648910747.5
-0.0	101120875.93293479	1887230648911041.5
-0.0	13662125.412343295	1887230648911063.5
-0.0	-0.5908524785830325	1887230648911068.8
-0.0	1.566501106920153	1887230648911065.8
-0.0	-2.7654998179613943	1887230648911069.0
-0.0	-0.4822464657681921	1887230648911068.2
-0.0	0.5306721739358079	1887230648911068.5
-0.0	-3.18732872653925	1887230648911071.2
-0.0	-0.6877331064478838	1887230648911070.2
-0.0	8.138701786855536	1887230648911067.8
-0.0	-13662136.61044021	1887230648911067.2
-0.0	-101120873.96359544	1887230648911042.5
-0.0	-511212986.79447013	1887230648910749.0
-0.0	-3508572380.798256	1887230648907670.0
-0.0	-14652546565.410131	1887230648883909.8
-0.0	-48764595142.77976	1887230648750782.5
-0.0	-76816014146.37494	1887230649286165.5
-0.0	-68553559885.79972	1887230651424261.8
-0.0	-2143925332.7343552	1887230648497443.5
-0.0	59776399896.030685	1887237587100335.8
-0.0	37309088378.01895	1887756192445063.0
-0.0	-1399407890833.1685	1896889062651504.0
-0.0	-8304244777968.6045	1920576856586669.0
-0.0	-21052355443913.902	1938120629572734.0
-0.0	-57154690093387.09	1966182834756145.0
-0.0	-540044048913555.7	2300025457405712.5
-0.0	286490958880451.7	1608293435127479.5
-0.0	26395995189110.484	1346969417135277.5
-0.0	6902992320867.117	1327318144184784.2
-0.0	1192316683002.46	1319698715554148.2
-0.0	-393701366480.18854	1310818044645540.5
-0.0	-145283088977.70157	1309937139468470.0
-0.0	-23064538940.41454	1309930118152433.8
-0.0	48184982419.13231	1309930107631659.0
-0.0	60734806879.22072	1309930103303403.2
-0.0	40937945627.56614	1309930102641046.5
-0.0	17541246056.887207	1309930103923936.8
-0.0	3997218851.19513	1309930104214734.8
-0.0	753377001.907136	1309930104263420.2
-0.0	84234189.53141831	1309930104271029.5
-0.0	12581644.438798407	1309930104271967.8
-0.0	1281299.8189949018	1309930104272060.8
-0.0	0.27415467681643213	1309930104272065.8
-0.0	1.391032932743883	1309930104272061.8
-0.0	-2.3142857757218906	1309930104272066.0
-0.0	-0.16993229407870863	1309930104272068.5
-0.0	1.3932568874934752	1309930104272066.0
-0.0	-2.3538932964332604	1309930104272066.8
-0.0	-0.20364346950418596	1309930104272069.0
-0.0	5.701074657759575	1309930104272064.8
-0.0	-1281305.4928534727	1309930104272058.8
-0.0	-12581642.81215362	1309930104271969.5
-0.0	-84234187.16938539	1309930104271030.5
-0.0	-753377005.3105644	1309930104263427.5
-0.0	-3997218843.5474334	1309930104214739.8
-0.0	-17541246059.363033	1309930103923932.8
-0.0	-40937945627.3327	1309930102641045.0
-0.0	-60734806876.461105	1309930103303401.5
-0.0	-48184982417.80545	1309930107631654.5
-0.0	23064538923.208828	1309930118152436.0
-0.0	145283088993.97232	1309937139468470.5
-0.0	393701366478.12256	1310818044645525.0
-0.0	-1192316683011.6804	1319698715554145.5
-0.0	-6902992320862.16	1327318144184783.0
-0.0	-26395995189127.53	1346969417135276.8
-0.0	-286490958880434.94	1608293435127494.5
-0.0	129243192550477.66	997068716825501.6
-0.0	9971648154424.568	853392341297655.8
-0.0	1294073761393.6982	841782369677032.4
-0.0	-597495141143.2977	835491333727192.0
-0.0	-393629413240.74817	834562954547877.6
-0.0	-31910663703.932762	834553911215357.0
-0.0	23175816858.055733	834553841483366.6
-0.0	45051458828.706406	834553815906736.5
-0.0	32223132837.497124	834553824651874.6
-0.0	14917766504.20987	834553828862397.4
-0.0	4619289025.924058	834553830531063.8
-0.0	814329965.4075269	834553830999090.8
-0.0	121522449.66675377	834553831105948.0
-0.0	10617013.890911188	834553831125515.8
-0.0	1202253.5949088745	834553831128518.4
-0.0	93573.05513516207	834553831128885.8
-0.0	-1.449312435060395	834553831128920.9
-0.0	-0.207752136719899	834553831128922.2
-0.0	-1.4044954708740403	834553831128923.6
-0.0	-0.9220355152309075	834553831128925.0
-0.0	-0.5178093462931878	834553831128924.1
-0.0	-1.7825455326443311	834553831128924.2
-0.0	-0.9737651655452333	834553831128924.8
-0.0	1.3915635224265561	834553831128920.8
-0.0	-93576.8073011777	834553831128886.0
-0.0	-1202254.6088915542	834553831128519.0
-0.0	-10617014.251063274	834553831125516.9
-0.0	-121522452.35187623	834553831105951.1
-0.0	-814329963.9925171	834553830999092.6
-0.0	-4619289029.289445	834553830531061.4
-0.0	-14917766505.917452	834553828862396.9
-0.0	-32223132837.777184	834553824651874.0
-0.0	-45051458830.22855	834553815906735.0
-0.0	-23175816867.26578	834553841483368.2
-0.0	31910663710.221725	834553911215356.6
-0.0	393629413236.6254	834562954547869.5
-0.0	597495141138.0536	835491333727190.9
-0.0	-1294073761394.09	841782369677032.0
-0.0	-9971648154434.246	853392341297656.5
-0.0	-129243192550471.14	997068716825508.8
-0.0	44923300817428.41	520782780856079.1
-0.0	2593654710506.85	445644973093858.3
-0.0	-170096011282.20477	438663178865931.3
-0.0	-427609202863.43945	437749168332712.7
-0.0	-57634947845.32038	437738778429567.2
-0.0	40384464594.56851	437738617774773.2
-0.0	30479121909.32451	437738612634209.6
-0.0	24600221723.935097	437738602325834.0
-0.0	11936966080.905708	437738605654347.75
-0.0	3982164434.6620183	437738609015973.9
-0.0	916915254.2237023	437738610535302.4
-0.0	126367130.71798989	437738611034069.4
-0.0	14933322.707576752	437738611170678.8
-0.0	1029609.4902254747	437738611201399.5
-0.0	88876.08274456076	437738611207261.8
-0.0	5333.533079957785	437738611208150.9
-0.0	-0.4975045597025712	437738611208257.06
-0.0	0.32377191101026326	437738611208266.7
-0.0	-0.009023328630516539	437738611208267.56
-0.0	-0.04062904416111796	437738611208267.7
-0.0	-0.025402544358843385	437738611208267.7
-0.0	-0.2446952899621258	437738611208267.7
-0.0	-0.0023860054013132687	437738611208267.0
-0.0	0.6193107094736627	437738611208257.2
-0.0	-5334.02912687294	437738611208151.3
-0.0	-88875.83526766967	437738611207262.25
-0.0	-1029608.8491474193	437738611201399.7
-0.0	-14933322.871717919	437738611170679.8
-0.0	-126367129.82847504	437738611034069.4
-0.0	-916915255.0780972	437738610535300.94
-0.0	-3982164434.6564555	437738609015973.75
-0.0	-11936966080.20756	437738605654347.6
-0.0	-24600221724.128986	437738602325833.06
-0.0	-30479121911.869564	437738612634210.94
-0.0	-40384464591.59088	437738617774774.1
-0.0	57634947843.455284	437738778429562.44
-0.0	427609202862.77594	437749168332711.6
-0.0	170096011282.33063	438663178865931.06
-0.0	-2593654710509.9644	445644973093859.3
-0.0	-44923300817424.96	520782780856082.7
-0.0	8767089897779.565	210800154565037.75
-0.0	129740526524.63475	186225999719785.47
-0.0	-182684875487.43613	185268146225034.72
-0.0	-15421673583.596548	185256334057562.72
-0.0	104832913294.70819	185256128029788.66
-0.0	44211455763.46017	185256091403119.62
-0.0	18401066069.157143	185256047039331.72
-0.0	9325781899.125143	185256034874713.12
-0.0	3252773554.5107913	185256037480131.84
-0.0	801230147.4066994	185256040465244.97
-0.0	139339069.37888163	185256041766569.56
-0.0	15098873.537962653	185256042186770.62
-0.0	1410916.2573379704	185256042301408.25
-0.0	77189.9132660625	185256042329340.03
-0.0	5105.010830702843	185256042335210.25
-0.0	237.63597116481063	185256042336247.25
-0.0	-0.15878055776758523	185256042336398.3
-0.0	0.10767085711962933	185256042336416.22
-0.0	-0.03303300273919292	185256042336417.94
-0.0	-0.011496465364684138	185256042336418.03
-0.0	-0.006717212533455874	185256042336418.0
-0.0	-0.07065718190899824	185256042336417.94
-0.0	-0.0026372518619041715	185256042336416.28
-0.0	0.1893836815171776	185256042336398.3
-0.0	-237.70757529455202	185256042336247.56
-0.0	-5105.004630380502	185256042335210.47
-0.0	-77189.67520842682	185256042329340.16
-0.0	-1410916.247601984	185256042301408.66
-0.0	-15098873.443830187	185256042186770.78
-0.0	-139339069.59866866	185256041766569.2
-0.0	-801230147.4106535	185256040465244.97
-0.0	-3252773554.309781	185256037480131.9
-0.0	-9325781899.287859	185256034874712.9
-0.0	-18401066069.51333	185256047039332.06
-0.0	-44211455762.82452	185256091403119.75
-0.0	-104832913295.81613	185256128029787.16
-0.0	15421673583.941044	185256334057562.72
-0.0	182684875487.2527	185268146225034.7
-0.0	-129740526525.29002	186225999719785.84
-0.0	-8767089897778.543	210800154565038.53
-0.0	-1359188632366.0752	51823677412148.75
-0.0	-228581541604.72733	49624189531823.69
-0.0	23068394287.908993	49611370511977.72
-0.0	144230196179.83725	49611188726879.76
-0.0	100999887725.8553	49611159734151.53
-0.0	24212052790.21836	49611048999115.29
-0.0	7320662698.6205015	49610993706210.555
-0.0	2596909460.222919	49610994129286.84
-0.0	668195522.8762083	49610998945066.234
-0.0	123376771.41099538	49611001510692.24
-0.0	16365046.226611491	49611002628734.23
-0.0	1398392.874425005	49611002997387.78
-0.0	103139.5182993482	49611003101548.07
-0.0	4488.545819060033	49611003127764.31
-0.0	228.45180412822086	49611003133536.516
-0.0	8.28925604464573	49611003134647.27
-0.0	-0.04148411508938623	49611003134833.164
-0.0	0.008286962881105062	49611003134859.74
-0.0	-0.018957575858861635	49611003134862.914
-0.0	-0.011649036350426165	49611003134863.2
-0.0	-0.012756775963265066	49611003134863.22
-0.0	-0.01617666051829784	49611003134862.93
-0.0	-0.0069387051093988536	49611003134859.766
-0.0	-0.0011871562817539435	49611003134833.164
-0.0	-8.270408547712982	49611003134647.266
-0.0	-228.49096885882562	49611003133536.51
-0.0	-4488.523126377491	49611003127764.31
-0.0	-103139.5194631362	49611003101548.125
-0.0	-1398392.945508414	49611002997387.79
-0.0	-16365046.254408704	49611002628734.18
-0.0	-123376771.43767105	49611001510692.234
-0.0	-668195522.8684123	49610998945066.25
-0.0	-2596909460.3206816	49610994129286.805
-0.0	-7320662698.497847	49610993706210.56
-0.0	-24212052790.284767	49611048999115.266
-0.0	-100999887726.2252	49611159734151.336
-0.0	-144230196179.5616	49611188726879.82
-0.0	-23068394288.06502	49611370511977.7
-0.0	228581541604.72192	49624189531823.695
-0.0	1359188632366.2354	51823677412148.83
-0.0	-1415760974785.4949	4621082928876.373
-0.0	-42571274630.07397	4600109182180.658
-0.0	103798354127.07964	4600185371306.504
-0.0	119216390834.80089	4600234626230.677
-0.0	51737487823.32713	4600044375754.316
-0.0	8948581953.857569	4600003984055.561
-0.0	2093287639.1783566	4599977436079.734
-0.0	545117340.6983553	4599975421963.414
-0.0	105046762.40866141	4599978574863.391
-0.0	14690738.564896712	4599980481944.064
-0.0	1494164.3613642803	4599981308357.357
-0.0	100855.47962568754	4599981582442.096
-0.0	5853.945863473311	4599981662676.936
-0.0	203.17105862128722	4599981683643.938
-0.0	7.986325089472982	4599981688527.893
-0.0	0.21418841997881857	4599981689551.557
-0.0	0.00662473284473367	4599981689745.844
-0.0	-0.008978601014552867	4599981689778.631
-0.0	-0.0014716410552588156	4599981689783.3545
-0.0	-0.0012959054945614224	4599981689783.912
-0.0	0.0014180656580253111	4599981689783.913
-0.0	0.0037915864224102465	4599981689783.357
-0.0	0.002574528187055554	4599981689778.625
-0.0	-0.028201418281429774	4599981689745.841
-0.0	-0.18975310327871767	4599981689551.561
-0.0	-7.998817032801457	4599981688527.893
-0.0	-203.1877573820533	4599981683643.936
-0.0	-5853.939976262576	4599981662676.926
-0.0	-100855.51540943765	4599981582442.1045
-0.0	-1494164.3356266613	4599981308357.386
-0.0	-14690738.567279974	4599980481944.063
-0.0	-105046762.42618959	4599978574863.399
-0.0	-545117340.7171568	4599975421963.423
-0.0	-2093287639.098779	4599977436079.746
-0.0	-8948581953.93954	4600003984055.577
-0.0	-51737487823.30912	4600044375754.378
-0.0	-119216390834.72897	4600234626230.669
-0.0	-103798354127.12607	4600185371306.51
-0.0	42571274630.150154	4600109182180.657
-0.0	1415760974785.4707	4621082928876.377
-0.0	124043494678.20651	48542860629.379425
-0.0	84810635019.44609	47674560844.06857
-0.0	82279878438.4455	47988285357.45252
-0.0	57044567248.32743	47628448536.41455
-0.0	18081850055.573566	47507810732.527565
-0.0	2408786494.4285827	47425035625.173325
-0.0	447292182.2009439	47392806868.46049
-0.0	87496986.21862201	47390334415.73656
-0.0	12825012.727807404	47394017139.16779
-0.0	1371327.1531738043	47396690858.93183
-0.0	106893.39657836077	47397786593.30731
-0.0	5675.9870964225265	47398141174.52622
-0.0	259.6338972221218	47398242777.07748
-0.0	7.166233208001952	47398268978.74849
-0.0	0.22430181874363334	47398275063.461006
-0.0	-0.0031247199350747526	47398276354.74208
-0.0	0.013276172674975464	47398276608.75815
-0.0	-0.0026626309790396094	47398276654.5495
-0.0	0.0028856016835309304	47398276661.838806
-0.0	0.004121757036010597	47398276662.814865
-0.0	0.004625664594556824	47398276662.81291
-0.0	0.00787398561215126	47398276661.83991
-0.0	0.005743538073635356	47398276654.54677
-0.0	-0.010727588678856243	47398276608.759026
-0.0	0.006203802001514546	47398276354.745445
-0.0	-0.20852894559168259	47398275063.46151
-0.0	-7.173920610440362	47398268978.74922
-0.0	-259.6353557496332	47398242777.07093
-0.0	-5675.972132927031	47398141174.52671
-0.0	-106893.37337364137	47397786593.323586
-0.0	-1371327.1449848274	47396690858.932106
-0.0	-12825012.73209839	47394017139.166824
-0.0	-87496986.20600778	47390334415.740906
-0.0	-447292182.22029316	47392806868.46507
-0.0	-2408786494.4142003	47425035625.19507
-0.0	-18081850055.464745	47507810732.5798
-0.0	-57044567248.36484	47628448536.4039
-0.0	-82279878438.43341	47988285357.45824
-0.0	-84810635019.43732	47674560844.06892
-0.0	-124043494678.20364	48542860629.38319
-0.0	692432697832.6077	-2155956208.803835
-0.0	85398082784.99426	-3170870626.2903924
-0.0	40092896505.526985	-3960280546.840282
-0.0	18999561939.56854	-4347276907.411824
-0.0	4620237762.936941	-4620237762.926362
-0.0	490618794.36722404	-4779886463.838138
-0.0	74035840.12626068	-4837865320.437288
-0.0	11046172.226653783	-4840413083.10458
-0.0	1256254.9888006896	-4831144958.700945
-0.0	101635.59341008074	-4825073707.6491785
-0.0	6051.582720475511	-4822673011.00237
-0.0	250.39228562356678	-4821911027.070222
-0.0	8.981082460302352	-4821696853.4502535
-0.0	0.21245706776917156	-4821642423.874358
-0.0	0.0037987929870311964	-4821629878.130743
-0.0	-0.003907489696974397	-4821627208.334273
-0.0	0.0019530922114590107	-4821626673.951077
-0.0	-0.0006168726023745038	-4821626574.128792
-0.0	-0.000520412197681452	-4821626557.325117
-0.0	0.0005278405607269462	-4821626554.908686
-0.0	0.0002970284946425508	-4821626554.908985
-0.0	0.0006684148018316098	-4821626557.326096
-0.0	0.0008576126767648844	-4821626574.128255
-0.0	0.0007569268077246694	-4821626673.952111
-0.0	-0.01312959905740591	-4821627208.337356
-0.0	0.008990644720240267	-4821629878.13343
-0.0	-0.21387548341779858	-4821642423.873728
-0.0	-8.992635383531773	-4821696853.4541445
-0.0	-250.3725592066668	-4821911027.070785
-0.0	-6051.581418709246	-4822673010.999846
-0.0	-101635.5925853639	-4825073707.648242
-0.0	-1256254.9887524995	-4831144958.701877
-0.0	-11046172.21866626	-4840413083.100638
-0.0	-74035840.17997259	-4837865320.431935
-0.0	-490618794.32655835	-4779886463.834165
-0.0	-4620237762.887123	-4620237762.922831
-0.0	-18999561939.618042	-4347276907.416967
-0.0	-40092896505.5124	-3960280546.841223
-0.0	-85398082785.02347	-3170870626.288478
-0.0	-692432697832.5813	-2155956208.802815
-0.0	519356090739.3861	-2399967390.799392
-0.0	44792135921.909805	-3441892142.0369396
-0.0	13761852500.596413	-4215270647.4165516
-0.0	4733620639.133016	-4733620639.139892
-0.0	890677520.9406832	-4925868055.417035
-0.0	78626495.54192026	-5091044970.954471
-0.0	9566152.894343136	-5149125751.489429
-0.0	1194057.8801507875	-5149098264.503837
-0.0	103353.41352755527	-5137006413.708488
-0.0	6348.55334593767	-5129650660.454376
-0.0	284.54914063519254	-5126823092.231122
-0.0	9.252465967657988	-5125945925.260245
-0.0	0.23437988535204404	-5125704266.599475
-0.0	0.0061019886157865875	-5125643817.649708
-0.0	-0.010198783657020727	-5125630033.139103
-0.0	-0.006839903158996709	-5125627108.895689
-0.0	-0.010304117222747477	-5125626517.519014
-0.0	-0.005907566232937927	-5125626403.5748415
-0.0	-0.008510645746959882	-5125626383.26428
-0.0	-0.007952985983005962	-5125626380.087914
-0.0	-0.00826304314687577	-5125626380.087973
-0.0	-0.00931428101989686	-5125626383.264373
-0.0	-0.008338099824241184	-5125626403.573866
-0.0	-0.0021056039508851824	-5125626517.518343
-0.0	-0.02134633963864133	-5125627108.892982
-0.0	0.0015843637465864405	-5125630033.137256
-0.0	-0.018103397301776087	-5125643817.648212
-0.0	-0.2563856262856964	-5125704266.593301
-0.0	-9.254489971779286	-5125945925.259561
-0.0	-284.5696053579176	-5126823092.236577
-0.0	-6348.56910162534	-5129650660.454799
-0.0	-103353.4255583796	-5137006413.707696
-0.0	-1194057.8929989443	-5149098264.506878
-0.0	-9566152.946805717	-5149125751.493755
-0.0	-78626495.52216765	-5091044970.962572
-0.0	-890677520.9478457	-4925868055.430232
-0.0	-4733620639.169673	-4733620639.135215
-0.0	-13761852500.59926	-4215270647.417675
-0.0	-44792135921.94421	-3441892142.0378704
-0.0	-519356090739.3738	-2399967390.801178
-0.0	234344585682.76093	-2389181044.8448086
-0.0	16101067320.806505	-3296244420.374022
-0.0	3523143417.885196	-3523143417.889033
-0.0	851738650.5332855	-3772187139.59616
-0.0	135440351.16136605	-3973445040.81375
-0.0	10012906.100449454	-4097210275.9077983
-0.0	1232360.0401653065	-4142151093.5600133
-0.0	122801.9739698757	-4141584650.2627397
-0.0	8433.082863104404	-4131985903.2221317
-0.0	398.7484211399286	-4126199966.588223
-0.0	13.105257293728855	-4123981377.4336333
-0.0	0.29272216642190435	-4123292551.2501483
-0.0	0.0014155649142472298	-4123102165.1521993
-0.0	0.00015404043661132534	-4123054312.631327
-0.0	-0.006691074114796407	-4123043322.428611
-0.0	-0.001847972930868019	-4123040961.2177
-0.0	-0.006037132536347345	-4123040472.808977
-0.0	-0.002161293759215617	-4123040375.257043
-0.0	-0.0043398998721129465	-4123040356.9249263
-0.0	-0.003878318152861401	-4123040353.845513
-0.0	-0.003996077317661611	-4123040353.8451447
-0.0	-0.00503370723695606	-4123040356.9254074
-0.0	-0.003962322881036066	-4123040375.256243
-0.0	0.0011238430934987858	-4123040472.8085794
-0.0	-0.010454263298345869	-4123040961.218233
-0.0	0.00020018833527601744	-4123043322.42858
-0.0	-0.004670681999952716	-4123054312.630173
-0.0	-0.010467069790921532	-4123102165.1495657
-0.0	-0.293601437256866	-4123292551.249165
-0.0	-13.117676321087343	-4123981377.437746
-0.0	-398.7561067828872	-4126199966.5882983
-0.0	-8433.087318425374	-4131985903.2223344
-0.0	-122801.98212155515	-4141584650.263294
-0.0	-1232360.065269368	-4142151093.5614624
-0.0	-10012906.08894384	-4097210275.915415
-0.0	-135440351.1742272	-3973445040.8256307
-0.0	-851738650.547575	-3772187139.5935373
-0.0	-3523143417.8900013	-3523143417.890049
-0.0	-16101067320.824577	-3296244420.374535
-0.0	-234344585682.75098	-2389181044.8463826
-0.0	74736739807.05838	-3718943595.5832205
-0.0	4033451501.769662	-4033451501.769351
-0.0	711363898.5176839	-4677832842.731919
-0.0	118863992.72963895	-4967650995.125728
-0.0	17552785.443228483	-5207132123.86841
-0.0	1859496.0610626799	-5365490218.882541
-0.0	198471.01296796385	-5425950292.919563
-0.0	16644.090162101784	-5427983892.642523
-0.0	940.4969198817158	-5416979701.899154
-0.0	35.828282804904504	-5409978339.506172
-0.0	0.8970621480333495	-5407224643.569997
-0.0	0.015000690883538701	-5406353065.244024
-0.0	0.0015728399783416995	-5406108769.706537
-0.0	0.002139714449861991	-5406046913.286893
-0.0	-5.718138283692801e-05	-5406032700.173351
-0.0	0.0020848889809927593	-5406029664.700555
-0.0	-2.8926095298006808e-05	-5406029043.275025
-0.0	0.0018962859507754572	-5406028920.463735
-0.0	0.0008397845675981361	-5406028897.543588
-0.0	0.0010950171782153407	-5406028893.695057
-0.0	0.00088056741732652	-5406028893.694944
-0.0	0.0004983755937057587	-5406028897.543645
-0.0	0.0008989973604588987	-5406028920.463372
-0.0	0.003426087921817757	-5406029043.275291
-0.0	-0.0016082689974320952	-5406029664.700782
-0.0	0.002300050851307432	-5406032700.173286
-0.0	0.001547804323285549	-5406046913.286661
-0.0	0.0003151796317655977	-5406108769.705222
-0.0	-0.010555378432761452	-5406353065.244438
-0.0	-0.8971590130280618	-5407224643.572872
-0.0	-35.826253556753024	-5409978339.506208
-0.0	-940.4932239872652	-5416979701.899102
-0.0	-16644.088798154244	-5427983892.643249
-0.0	-198471.0165224037	-5425950292.92024
-0.0	-1859496.0520155292	-5365490218.8854065
-0.0	-17552785.446361456	-5207132123.874688
-0.0	-118863992.72852811	-4967650995.124773
-0.0	-711363898.5159761	-4677832842.73261
-0.0	-4033451501.7721777	-4033451501.769306
-0.0	-74736739807.05074	-3718943595.583423
-0.0	16984352423.289234	-16984352423.290527
-0.0	857006671.3230919	-22104322184.28544
-0.0	91568280.61415495	-24932870624.9427
-0.0	14481391.376086019	-26654269049.92009
-0.0	2621656.268292467	-27999209246.398647
-0.0	265782.30816409603	-28909313367.66823
-0.0	25822.76923654785	-29235692554.082516
-0.0	2007.0768717862622	-29219132993.690468
-0.0	103.48199883981306	-29138576639.54617
-0.0	3.632950309264758	-29091618272.829113
-0.0	0.08054540629741896	-29073940293.27637
-0.0	0.0011058608880509333	-29068537257.79865
-0.0	0.00021262772885437722	-29067060199.786724
-0.0	6.400027378658982e-05	-29066691266.13915
-0.0	-0.0003243977829627228	-29066607782.36223
-0.0	0.0003413389096105202	-29066590820.571526
-0.0	-0.000493620320430907	-29066587797.35253
-0.0	0.00020564251229381725	-29066587363.213802
-0.0	-9.895554340526526e-05	-29066587328.72134
-0.0	-0.00010719937886149808	-29066587333.49841
-0.0	-9.61451655183486e-05	-29066587333.498394
-0.0	-0.0002736130660763932	-29066587328.721397
-0.0	-9.730513524317925e-05	-29066587363.213802
-0.0	0.0007516461998074512	-29066587797.352665
-0.0	-0.000857167648349634	-29066590820.57162
-0.0	0.00015791391214850043	-29066607782.36225
-0.0	0.00045143819292923	-29066691266.13916
-0.0	-0.00031382200020651255	-29067060199.786373
-0.0	-0.0006747885354996139	-29068537257.798637
-0.0	-0.08139465271441247	-29073940293.277393
-0.0	-3.6329859720489535	-29091618272.82914
-0.0	-103.48149087651376	-29138576639.546272
-0.0	-2007.0773948313683	-29219132993.69088
-0.0	-25822.77071595899	-29235692554.082687
-0.0	-265782.30621947366	-28909313367.66928
-0.0	-2621656.2708486347	-27999209246.40102
-0.0	-14481391.375746954	-26654269049.91985
-0.0	-91568280.61461201	-24932870624.94305
-0.0	-857006671.3242563	-22104322184.285465
-0.0	-16984352423.28747	-16984352423.290712
