1600
-0.0	3.2275559548998024e+16	2.6626405421523656e+16
-0.0	-2.9601086043881428e+16	-1.2603664488426616e+17
-0.0	2.595157704192974e+16	-1.1703152411835522e+17
-0.0	-4967022395827275.0	-2.4071000303090963e+17
-0.0	5395508305824579.0	-1.9280772241938483e+17
-0.0	-1130372427592148.0	-2.431468084236094e+17
-0.0	113539709272151.4	-2.0262186085153117e+17
-0.0	368170037138030.2	-2.1790403284218496e+17
-0.0	-106101203657806.92	-2.0698900647248982e+17
-0.0	90439021242651.19	-2.147684585053185e+17
-0.0	2088852649249.7397	-2.1029107749150192e+17
-0.0	-2413.031485985796	-2.125525652107763e+17
-0.0	-1791.4059125391814	-2.1252167340106906e+17
-0.0	-6061.949288504273	-2.1251503977335654e+17
-0.0	-2215.5181307171306	-2.1251562682588154e+17
-0.0	-2494.7827482189928	-2.1251636172039485e+17
-0.0	-4425.942671086816	-2.125164031336831e+17
-0.0	-2733.7531328887817	-2.1251628399547978e+17
-0.0	-3588.9613405690898	-2.125162227061744e+17
-0.0	-3507.773627846265	-2.125162066168056e+17
-0.0	-3449.3519516088877	-2.12516206616805e+17
-0.0	-3738.2437909711307	-2.12516222706174e+17
-0.0	-3526.6405704707645	-2.1251628399547763e+17
-0.0	-3318.4484922281417	-2.1251640313368445e+17
-0.0	-2368.930417501275	-2.125163617203972e+17
-0.0	-5937.386741442023	-2.1251562682587898e+17
-0.0	567.8684518376117	-2.1251503977335507e+17
-0.0	-3740.0418943413947	-2.125216734010642e+17
-0.0	-5887.333220823058	-2.12552565210776e+17
-0.0	-2088852655927.3733	-2.1029107749150726e+17
-0.0	-90439021248952.6	-2.1476845850531872e+17
-0.0	106101203651920.72	-2.0698900647249187e+17
-0.0	-368170037148682.44	-2.179040328421865e+17
-0.0	-113539709272400.84	-2.0262186085152755e+17
-0.0	1130372427583061.5	-2.4314680842360355e+17
-0.0	-5395508305845651.0	-1.9280772241939955e+17
-0.0	4967022395829884.0	-2.407100030309144e+17
-0.0	-2.5951577041946824e+16	-1.1703152411835758e+17
-0.0	2.960108604388133e+16	-1.2603664488426698e+17
-0.0	-3.227555954900115e+16	2.662640542152641e+16
-0.0	-1.4837004345508502e+16	-1.250815704744052e+17
-0.0	-1485281775481307.0	3.2636983593757926e+18
-0.0	2.007366825352116e+16	1.2000734430122514e+19
-0.0	-4350979068078555.0	6.512688467642156e+18
-0.0	4532518363400944.0	8.244759070498417e+18
-0.0	-1465094149543886.2	7.140496145098104e+18
-0.0	312310239671076.6	7.549677935288003e+18
-0.0	182463672747422.84	7.378312571415506e+18
-0.0	-38968431371057.2	7.449644545068871e+18
-0.0	51189894347615.875	7.424413180355627e+18
-0.0	8724321687954.757	7.43314460988265e+18
-0.0	2940.9551620587436	7.430268875963399e+18
-0.0	7925.5040003397835	7.430267323504116e+18
-0.0	-4631.407746760843	7.430266694733994e+18
-0.0	3612.893543595937	7.430266479368733e+18
-0.0	4838.333492256707	7.430266416268128e+18
-0.0	-2491.204661462038	7.430266410813444e+18
-0.0	4101.982684006583	7.430266414881346e+18
-0.0	1636.2823313945235	7.430266416713137e+18
-0.0	1500.4618636404057	7.430266417079708e+18
-0.0	1865.6032302073736	7.430266417079718e+18
-0.0	325.80195125472403	7.430266416713132e+18
-0.0	2307.965183797722	7.430266414881112e+18
-0.0	4307.607024234078	7.430266410813704e+18
-0.0	3742.016653604015	7.430266416268325e+18
-0.0	-4189.894425278447	7.430266479368599e+18
-0.0	13229.469117539518	7.43026669473398e+18
-0.0	-97.46086203256552	7.43026732350385e+18
-0.0	-3635.2133409411713	7.430268875963433e+18
-0.0	-8724321686467.941	7.433144609882991e+18
-0.0	-51189894343987.914	7.424413180355596e+18
-0.0	38968431379592.04	7.449644545068794e+18
-0.0	-182463672753965.66	7.378312571416194e+18
-0.0	-312310239653060.4	7.549677935287514e+18
-0.0	1465094149546496.8	7.140496145096911e+18
-0.0	-4532518363434825.0	8.2447590704996e+18
-0.0	4350979068116939.5	6.512688467642653e+18
-0.0	-2.007366825353045e+16	1.2000734430122598e+19
-0.0	1485281775502101.0	3.263698359375287e+18
-0.0	1.4837004345502622e+16	-1.2508157047441973e+17
-0.0	-2.6305833596844044e+16	-1.9455814598609572e+16
-0.0	-2.0896274020010948e+16	1.1728497399318518e+19
-0.0	2.003133594953258e+16	1.2904501455186377e+19
-0.0	-3107584133937175.5	9.47814886476455e+18
-0.0	3738339601232203.5	1.0299103469593176e+19
-0.0	-749347592920892.8	9.57252764790167e+18
-0.0	182672744486032.7	9.94719899298276e+18
-0.0	133856400800730.95	9.790641443164094e+18
-0.0	15113813890902.125	9.850192866778083e+18
-0.0	43258928649730.75	9.829636757072284e+18
-0.0	18485688796233.543	9.837442507984042e+18
-0.0	4610.35239121619	9.834686984611e+18
-0.0	8470.333285855735	9.834686991558429e+18
-0.0	-27.35570906208742	9.834687033527124e+18
-0.0	4099.166334716129	9.834687042590659e+18
-0.0	5493.314493730736	9.834687046830012e+18
-0.0	689.9116675109385	9.834687049474587e+18
-0.0	5205.152258020758	9.83468705039361e+18
-0.0	3928.488396820229	9.83468705058433e+18
-0.0	3670.0837471671684	9.834687050609787e+18
-0.0	3741.1383711661774	9.834687050609787e+18
-0.0	2414.748200024544	9.834687050584338e+18
-0.0	3686.514607484615	9.834687050393412e+18
-0.0	5687.800055947684	9.834687049474785e+18
-0.0	4424.741791973886	9.83468704683005e+18
-0.0	20.458149176239907	9.834687042590423e+18
-0.0	10407.920035464278	9.834687033527187e+18
-0.0	2420.311603856466	9.834686991558113e+18
-0.0	524.7836648583616	9.834686984610947e+18
-0.0	-18485688791367.195	9.837442507984333e+18
-0.0	-43258928642243.45	9.829636757072288e+18
-0.0	-15113813880797.736	9.850192866777942e+18
-0.0	-133856400799974.95	9.790641443164674e+18
-0.0	-182672744471177.6	9.947198992982526e+18
-0.0	749347592928986.6	9.572527647900686e+18
-0.0	-3738339601248849.5	1.0299103469594292e+19
-0.0	3107584133965310.5	9.478148864764699e+18
-0.0	-2.0031335949536164e+16	1.2904501455186491e+19
-0.0	2.0896274020021704e+16	1.172849739931806e+19
-0.0	2.630583359684313e+16	-1.9455814598619436e+16
-0.0	-1850641438376633.8	-1.5692268758732522e+17
-0.0	1.2100221052494336e+16	6.220716302538618e+18
-0.0	-1.1817324326119596e+16	8.997600289194087e+18
-0.0	2947951171142267.0	4.707069220863751e+18
-0.0	-2860957445904044.5	5.602264165506724e+18
-0.0	390364048844645.0	4.760770164266551e+18
-0.0	307446283272684.25	5.070624902736848e+18
-0.0	-198352751684247.25	4.910463719080169e+18
-0.0	187254691157984.2	4.974781653677448e+18
-0.0	-5525755043688.2705	4.951261128632823e+18
-0.0	37468037747169.0	4.959995393241651e+18
-0.0	-314.04983166668893	4.956949092367196e+18
-0.0	-1771.3564735046543	4.956949146581293e+18
-0.0	2337.191056545779	4.956949158481513e+18
-0.0	-995.2740627971208	4.956949160191451e+18
-0.0	-540.0590179672353	4.956949160049167e+18
-0.0	1142.3199764060075	4.956949159773317e+18
-0.0	-531.135062692165	4.956949159637026e+18
-0.0	-68.12518058827665	4.956949159597392e+18
-0.0	2.7818147147216026	4.956949159591429e+18
-0.0	414.2182119269913	4.956949159591425e+18
-0.0	-157.08159826815327	4.956949159597406e+18
-0.0	73.69832593857417	4.956949159636787e+18
-0.0	-126.37427627594063	4.956949159773437e+18
-0.0	-916.987431243857	4.956949160049207e+18
-0.0	2113.1528725707003	4.956949160191241e+18
-0.0	-3195.6303527847517	4.956949158481545e+18
-0.0	436.6220057284375	4.956949146581016e+18
-0.0	2015.299566801313	4.956949092367084e+18
-0.0	-37468037746995.664	4.95999539324185e+18
-0.0	5525755043527.114	4.951261128632803e+18
-0.0	-187254691158772.78	4.974781653677344e+18
-0.0	198352751687433.16	4.910463719080673e+18
-0.0	-307446283278688.56	5.070624902736599e+18
-0.0	-390364048842214.1	4.760770164265681e+18
-0.0	2860957445912259.0	5.602264165507677e+18
-0.0	-2947951171148023.0	4.707069220863948e+18
-0.0	1.181732432612298e+16	8.997600289194144e+18
-0.0	-1.2100221052496658e+16	6.22071630253822e+18
-0.0	1850641438377274.0	-1.5692268758733187e+17
-0.0	1.0669224236411866e+16	-1.0322775975618501e+17
-0.0	3.573983347773643e+16	7.294119353807678e+18
-0.0	-3.2989515900881548e+16	9.046578001428559e+18
-0.0	6030946083784031.0	5.248227266223021e+18
-0.0	-6014528391687869.0	5.811021040838688e+18
-0.0	1445953571227517.0	5.103183086775461e+18
-0.0	190339664953738.72	5.378924666850478e+18
-0.0	-421339448199596.8	5.245451338676569e+18
-0.0	293992221355307.25	5.310914670684826e+18
-0.0	-22429367252286.92	5.287411025008779e+18
-0.0	48506157208637.086	5.296592929935161e+18
-0.0	-1065.5379239310616	5.293205634041483e+18
-0.0	-4785.149549101314	5.293205613403083e+18
-0.0	5432.806780382033	5.293205601074311e+18
-0.0	-2076.287771397175	5.293205596439012e+18
-0.0	-1741.070223473681	5.293205595313242e+18
-0.0	3009.5711681747334	5.293205595130846e+18
-0.0	-1410.7628883249445	5.293205595114769e+18
-0.0	-116.42623257084213	5.293205595116818e+18
-0.0	22.386434347126826	5.293205595118496e+18
-0.0	535.8503642742276	5.293205595118471e+18
-0.0	352.536674183526	5.29320559511685e+18
-0.0	-286.602669438784	5.293205595114616e+18
-0.0	-1077.7321482092896	5.293205595130993e+18
-0.0	-1906.6223803317444	5.293205595313275e+18
-0.0	5005.418084391004	5.293205596438844e+18
-0.0	-7951.562564009495	5.293205601074378e+18
-0.0	1049.5597297868392	5.293205613402841e+18
-0.0	4912.42211419155	5.293205634041441e+18
-0.0	-48506157207560.94	5.296592929935393e+18
-0.0	22429367251874.918	5.287411025008788e+18
-0.0	-293992221357566.4	5.310914670684747e+18
-0.0	421339448207542.9	5.245451338677054e+18
-0.0	-190339664966767.84	5.378924666850232e+18
-0.0	-1445953571223283.8	5.103183086774611e+18
-0.0	6014528391712712.0	5.811021040839577e+18
-0.0	-6030946083803624.0	5.248227266223229e+18
-0.0	3.298951590089682e+16	9.046578001428644e+18
-0.0	-3.5739833477744572e+16	7.294119353807266e+18
-0.0	-1.0669224236409496e+16	-1.0322775975619099e+17
-0.0	913341298510661.2	-1.374512186436653e+17
-0.0	4.2472784797980936e+16	5.859248791928077e+18
-0.0	-3.704337097199673e+16	7.64019787016752e+18
-0.0	6462016571249700.0	4.130126484136748e+18
-0.0	-6427572770838822.0	4.678651747526038e+18
-0.0	1546946541111180.5	3.995547357844867e+18
-0.0	112557272091559.28	4.242435521314709e+18
-0.0	-445337024281380.5	4.126854706529084e+18
-0.0	332713851074019.2	4.1817252676166963e+18
-0.0	-19095319394694.867	4.158704044235766e+18
-0.0	55965231879607.49	4.1670569656812037e+18
-0.0	844.6775984502722	4.1639657430150804e+18
-0.0	-1640.2788329642742	4.1639657350220165e+18
-0.0	6515.455698417942	4.1639657309388544e+18
-0.0	-508.9642491145198	4.163965729876127e+18
-0.0	632.8243410231194	4.163965729693249e+18
-0.0	4135.112064315502	4.1639657296724966e+18
-0.0	743.1779471693028	4.1639657296718566e+18
-0.0	1486.8637166770452	4.16396572967227e+18
-0.0	1801.2999770625736	4.163965729672455e+18
-0.0	2471.583415835291	4.1639657296724726e+18
-0.0	1526.858708500003	4.163965729672295e+18
-0.0	1758.6407980812496	4.163965729671735e+18
-0.0	1838.3183625695988	4.163965729672667e+18
-0.0	-294.95983015968733	4.1639657296933627e+18
-0.0	6175.094782158113	4.163965729875998e+18
-0.0	-4737.8223718198415	4.1639657309389266e+18
-0.0	2380.741585731576	4.163965735021846e+18
-0.0	6179.069344548569	4.163965743015117e+18
-0.0	-55965231875783.805	4.1670569656814735e+18
-0.0	19095319397780.184	4.1587040442357714e+18
-0.0	-332713851071579.94	4.181725267616639e+18
-0.0	445337024291359.2	4.1268547065294956e+18
-0.0	-112557272100001.02	4.242435521314476e+18
-0.0	-1546946541102745.8	3.9955473578441405e+18
-0.0	6427572770863782.0	4.678651747526831e+18
-0.0	-6462016571263365.0	4.1301264841369334e+18
-0.0	3.704337097201939e+16	7.640197870167611e+18
-0.0	-4.247278479798795e+16	5.859248791927718e+18
-0.0	-913341298507798.4	-1.3745121864367046e+17
-0.0	-6341167593077076.0	-9.560836032927629e+16
-0.0	4.3401265207334024e+16	5.504063558336115e+18
-0.0	-3.664357266920447e+16	6.979752850012198e+18
-0.0	6600435027836496.0	3.924020388111755e+18
-0.0	-6297351028074245.0	4.380988839228128e+18
-0.0	1587339336691506.0	3.7913862626017213e+18
-0.0	149602328344156.53	4.0143506174983803e+18
-0.0	-448667961326679.56	3.914867194157017e+18
-0.0	360181354904196.4	3.9649775840713887e+18
-0.0	-9511130738704.242	3.945454675192375e+18
-0.0	62105812586505.56	3.9532597716469847e+18
-0.0	-557.1252360652132	3.9505155398840023e+18
-0.0	-2354.7013576156614	3.950515535949992e+18
-0.0	4455.238567476072	3.9505155348476237e+18
-0.0	-1989.2875501544913	3.950515534638573e+18
-0.0	-500.1807912288191	3.950515534610937e+18
-0.0	2087.4393475641045	3.95051553460877e+18
-0.0	-315.91652753874484	3.9505155346089344e+18
-0.0	-128.21139570694297	3.9505155346089733e+18
-0.0	302.5982029862477	3.950515534608994e+18
-0.0	1115.2690321116856	3.950515534609004e+18
-0.0	-287.34178330419394	3.950515534608973e+18
-0.0	498.82650540333793	3.950515534608818e+18
-0.0	851.8796032760961	3.95051553460892e+18
-0.0	-1658.0599663994803	3.950515534611027e+18
-0.0	4226.515269932199	3.950515534638468e+18
-0.0	-4866.092437874396	3.9505155348476605e+18
-0.0	552.391177880671	3.95051553594985e+18
-0.0	4334.222467626351	3.950515539884039e+18
-0.0	-62105812586265.98	3.9532597716472105e+18
-0.0	9511130738939.762	3.9454546751923523e+18
-0.0	-360181354903742.1	3.964977584071334e+18
-0.0	448667961332342.56	3.9148671941573816e+18
-0.0	-149602328354545.78	4.0143506174981683e+18
-0.0	-1587339336685260.5	3.79138626260106e+18
-0.0	6297351028090897.0	4.380988839228842e+18
-0.0	-6600435027850964.0	3.9240203881119293e+18
-0.0	3.664357266922017e+16	6.979752850012278e+18
-0.0	-4.3401265207341976e+16	5.504063558335761e+18
-0.0	6341167593080301.0	-9.560836032928165e+16
-0.0	-6787484587722229.0	-8.662777775546219e+16
-0.0	4.4092156826141704e+16	4.662464741391102e+18
-0.0	-3.750770199635488e+16	5.843383348154271e+18
-0.0	6793558126790685.0	3.302302302063774e+18
-0.0	-6492411152595198.0	3.683821729735578e+18
-0.0	1648472525546150.2	3.198175189771783e+18
-0.0	154430768303356.12	3.387290443962783e+18
-0.0	-460277271966914.2	3.3016875520748227e+18
-0.0	388046805469076.0	3.34386858075274e+18
-0.0	-3645488127948.899	3.3269562534796063e+18
-0.0	66664468584657.3	3.3335866177545144e+18
-0.0	-1270.2168658161788	3.331227227215498e+18
-0.0	-3509.3081835010257	3.331227224741805e+18
-0.0	3949.7437572853137	3.331227224391875e+18
-0.0	-2681.4478903786653	3.3312272243558804e+18
-0.0	-1090.3464520136065	3.331227224353982e+18
-0.0	1515.7136039774396	3.331227224354397e+18
-0.0	-901.3025469298688	3.3312272243546706e+18
-0.0	-994.9417518976985	3.3312272243546296e+18
-0.0	-369.0236327750406	3.3312272243546184e+18
-0.0	311.2828963090664	3.3312272243546327e+18
-0.0	-752.2979872170996	3.331227224354627e+18
-0.0	-109.4811288923534	3.331227224354536e+18
-0.0	6.85426012532733	3.3312272243544704e+18
-0.0	-2252.0296598124123	3.331227224353995e+18
-0.0	3683.924851436473	3.3312272243557683e+18
-0.0	-5570.2857840298675	3.331227224391904e+18
-0.0	-124.92978256152028	3.3312272247416294e+18
-0.0	3747.0213151874864	3.3312272272154476e+18
-0.0	-66664468585655.26	3.3335866177546296e+18
-0.0	3645488126668.3696	3.3269562534795873e+18
-0.0	-388046805469989.94	3.343868580752688e+18
-0.0	460277271971374.1	3.3016875520751155e+18
-0.0	-154430768315690.3	3.3872904439626414e+18
-0.0	-1648472525540875.0	3.1981751897712635e+18
-0.0	6492411152610334.0	3.6838217297361587e+18
-0.0	-6793558126806395.0	3.302302302063907e+18
-0.0	3.750770199637128e+16	5.843383348154318e+18
-0.0	-4.409215682615141e+16	4.662464741390852e+18
-0.0	6787484587725302.0	-8.662777775546542e+16
-0.0	-3109950010429723.5	-6.179195267229413e+16
-0.0	4.396574188181769e+16	3.9190874801746545e+18
-0.0	-3.798645372705212e+16	4.80125846745224e+18
-0.0	6894515357843522.0	2.7952042251264686e+18
-0.0	-6622764534497603.0	3.092702784238771e+18
-0.0	1651648304769667.0	2.7052843876462915e+18
-0.0	128187071436966.6	2.8588063311286246e+18
-0.0	-458924347701198.94	2.7887328971757384e+18
-0.0	394023292541380.7	2.823593592669611e+18
-0.0	492423983542.6214	2.8097421216161014e+18
-0.0	68385239332014.59	2.815147329243582e+18
-0.0	-960.3246836873268	2.813194713414385e+18
-0.0	-3293.145670684645	2.81319471345162e+18
-0.0	4544.094447944353	2.8131947134444524e+18
-0.0	-2349.293315277926	2.8131947134434693e+18
-0.0	-862.8275984803291	2.813194713443287e+18
-0.0	2041.8186852555696	2.81319471344334e+18
-0.0	-610.6085493681835	2.8131947134434284e+18
-0.0	-641.8108299060794	2.8131947134433725e+18
-0.0	-151.0505672216911	2.8131947134433546e+18
-0.0	799.9069829828434	2.813194713443353e+18
-0.0	-507.06061022956266	2.813194713443361e+18
-0.0	257.0068269959462	2.8131947134433244e+18
-0.0	165.33851271827027	2.813194713443399e+18
-0.0	-1977.8504118333499	2.813194713443291e+18
-0.0	4225.557889991698	2.8131947134433684e+18
-0.0	-5796.468458250036	2.8131947134444733e+18
-0.0	369.771843210345	2.813194713451468e+18
-0.0	4483.289119681289	2.8131947134143227e+18
-0.0	-68385239332069.98	2.8151473292436895e+18
-0.0	-492423983981.57776	2.809742121616098e+18
-0.0	-394023292541745.06	2.823593592669563e+18
-0.0	458924347706842.0	2.7887328971759923e+18
-0.0	-128187071449329.75	2.8588063311285125e+18
-0.0	-1651648304763310.0	2.705284387645847e+18
-0.0	6622764534514889.0	3.0927027842392397e+18
-0.0	-6894515357860142.0	2.795204225126569e+18
-0.0	3.798645372706869e+16	4.801258467452293e+18
-0.0	-4.396574188182729e+16	3.919087480174463e+18
-0.0	3109950010433065.5	-6.179195267229761e+16
-0.0	727658277089463.4	-4.728980359081727e+16
-0.0	4.1593614079295704e+16	3.107483618053893e+18
-0.0	-3.636858812469113e+16	3.718682892954401e+18
-0.0	6709869729582749.0	2.222222063816303e+18
-0.0	-6338702176310046.0	2.4360313432686167e+18
-0.0	1634810219800839.8	2.1458715612367388e+18
-0.0	127762836102398.3	2.2633949290641902e+18
-0.0	-423698527055957.2	2.2090444588779845e+18
-0.0	379464404201925.06	2.2361958619869967e+18
-0.0	4923634752904.428	2.2254011870037222e+18
-0.0	66610270357650.4	2.229587525271069e+18
-0.0	-970.7769137663857	2.2280451357373263e+18
-0.0	-3472.9765444969767	2.2280451355924209e+18
-0.0	4578.353128341225	2.2280451355797445e+18
-0.0	-2450.3599619120155	2.2280451355789806e+18
-0.0	-946.3294585027456	2.2280451355788424e+18
-0.0	1937.151023267087	2.2280451355788598e+18
-0.0	-859.1953921053383	2.2280451355789332e+18
-0.0	-717.0352731904359	2.2280451355788833e+18
-0.0	-130.35805191277728	2.2280451355788716e+18
-0.0	690.2993514568057	2.228045135578868e+18
-0.0	-549.3423276626653	2.2280451355788803e+18
-0.0	220.96570376713169	2.2280451355788475e+18
-0.0	119.31244468864985	2.2280451355789135e+18
-0.0	-1978.1137116863438	2.2280451355788403e+18
-0.0	4238.652305740722	2.2280451355789038e+18
-0.0	-6030.429348956966	2.2280451355797693e+18
-0.0	287.31087496541454	2.22804513559231e+18
-0.0	4506.916565059091	2.2280451357372892e+18
-0.0	-66610270357845.664	2.2295875252711488e+18
-0.0	-4923634753607.399	2.22540118700372e+18
-0.0	-379464404202675.1	2.2361958619869647e+18
-0.0	423698527061564.3	2.2090444588781683e+18
-0.0	-127762836114860.64	2.2633949290641009e+18
-0.0	-1634810219794734.0	2.1458715612363968e+18
-0.0	6338702176327908.0	2.436031343268982e+18
-0.0	-6709869729599972.0	2.222222063816376e+18
-0.0	3.636858812470748e+16	3.7186828929544417e+18
-0.0	-4.15936140793056e+16	3.1074836180537334e+18
-0.0	-727658277086334.6	-4.7289803590819736e+16
-0.0	3937549077028729.0	-2.976554733179124e+16
-0.0	3.678948134966446e+16	2.3330722506022743e+18
-0.0	-3.2587951644542796e+16	2.708361465190737e+18
-0.0	6128734831025108.0	1.677421316359192e+18
-0.0	-5682296557810681.0	1.8179768440731123e+18
-0.0	1510150940263143.8	1.6173051595012795e+18
-0.0	113089371048242.69	1.7011217735509484e+18
-0.0	-362297003550504.4	1.6617730845325647e+18
-0.0	343492787705899.6	1.6816129091860508e+18
-0.0	9740113131317.734	1.6737168272612646e+18
-0.0	61195980318392.56	1.6767527545378363e+18
-0.0	-614.3330944077906	1.675603721204719e+18
-0.0	-3166.201983124751	1.6756037212243535e+18
-0.0	4535.156233256913	1.675603721225693e+18
-0.0	-2112.0247760704815	1.6756037212258002e+18
-0.0	-734.9101196637941	1.675603721225713e+18
-0.0	2114.1380249501876	1.675603721225742e+18
-0.0	-726.6938031026632	1.675603721225799e+18
-0.0	-406.46842051164776	1.6756037212257582e+18
-0.0	68.55949881454595	1.675603721225756e+18
-0.0	980.5604819244859	1.6756037212257567e+18
-0.0	-298.12755745796846	1.6756037212257551e+18
-0.0	388.42562686245907	1.675603721225732e+18
-0.0	88.78265801802002	1.675603721225781e+18
-0.0	-1575.842913824963	1.6756037212257257e+18
-0.0	4309.770071910874	1.6756037212257492e+18
-0.0	-5670.511266193556	1.6756037212257047e+18
-0.0	585.0708025313637	1.6756037212242785e+18
-0.0	4383.220319854924	1.6756037212046845e+18
-0.0	-61195980318234.18	1.6767527545379028e+18
-0.0	-9740113131429.115	1.6737168272612675e+18
-0.0	-343492787706362.06	1.6816129091860314e+18
-0.0	362297003556333.3	1.6617730845327068e+18
-0.0	-113089371059562.12	1.7011217735508838e+18
-0.0	-1510150940257470.5	1.6173051595010378e+18
-0.0	5682296557828511.0	1.817976844073379e+18
-0.0	-6128734831041202.0	1.6774213163592522e+18
-0.0	3.2587951644558016e+16	2.70836146519077e+18
-0.0	-3.678948134967363e+16	2.3330722506021555e+18
-0.0	-3937549077025720.0	-2.9765547331793236e+16
-0.0	6748504425466861.0	-1.6837707227651414e+16
-0.0	2.9985608721492124e+16	1.6189012291876227e+18
-0.0	-2.6961964242546536e+16	1.8088979420909844e+18
-0.0	5198970534937977.0	1.1705102483409014e+18
-0.0	-4693610894735101.0	1.2508559676792392e+18
-0.0	1298397005145570.5	1.1259158516456104e+18
-0.0	92913267951576.81	1.1802823298827395e+18
-0.0	-279652711668009.16	1.1541677931065196e+18
-0.0	288474529094987.7	1.167490879645145e+18
-0.0	14272446450962.543	1.1621773158107192e+18
-0.0	52358841552511.32	1.1641940490537382e+18
-0.0	-1716.4870600618724	1.163400533068605e+18
-0.0	-3989.415865208543	1.16340053306852e+18
-0.0	2801.9765670842335	1.163400533068565e+18
-0.0	-2977.4492085139677	1.1634005330685965e+18
-0.0	-1940.689408300912	1.1634005330685476e+18
-0.0	783.7642030963235	1.163400533068562e+18
-0.0	-1837.76081677624	1.1634005330685952e+18
-0.0	-1693.673394205553	1.1634005330685755e+18
-0.0	-1168.465836071257	1.1634005330685676e+18
-0.0	-368.586799137833	1.1634005330685722e+18
-0.0	-1428.0105458333446	1.163400533068574e+18
-0.0	-907.6659832696712	1.1634005330685588e+18
-0.0	-1108.4970413771812	1.1634005330685875e+18
-0.0	-2557.284238542939	1.1634005330685565e+18
-0.0	2536.2761579841585	1.1634005330685624e+18
-0.0	-6205.467212396143	1.1634005330685783e+18
-0.0	-590.1971409140921	1.163400533068468e+18
-0.0	2689.2648583253545	1.1634005330685898e+18
-0.0	-52358841554641.92	1.1641940490537772e+18
-0.0	-14272446453356.543	1.1621773158107236e+18
-0.0	-288474529097877.9	1.167490879645128e+18
-0.0	279652711670686.34	1.154167793106607e+18
-0.0	-92913267963724.83	1.180282329882698e+18
-0.0	-1298397005143020.0	1.1259158516454504e+18
-0.0	4693610894748459.0	1.250855967679421e+18
-0.0	-5198970534955178.0	1.1705102483409372e+18
-0.0	2.696196424255591e+16	1.8088979420910103e+18
-0.0	-2.9985608721502004e+16	1.618901229187554e+18
-0.0	-6748504425464193.0	-1.6837707227652732e+16
-0.0	8916044117915965.0	-6438363352856080.0
-0.0	2.1967497957719508e+16	1.0105714690163192e+18
-0.0	-2.009265440799378e+16	1.0744843073441421e+18
-0.0	4031695558319409.5	7.360096145063803e+17
-0.0	-3473087796529216.5	7.728298918152754e+17
-0.0	1021231102062398.9	7.059311259888221e+17
-0.0	70107542063891.41	7.369189347555645e+17
-0.0	-185803166111588.56	7.215483405854313e+17
-0.0	220148548727659.44	7.295104123622721e+17
-0.0	17584750669380.28	7.263207522095722e+17
-0.0	40857350677075.44	7.275056952000357e+17
-0.0	-633.1960152603605	7.270104920119725e+17
-0.0	-2321.9723169265962	7.270104920119227e+17
-0.0	2965.6365412911005	7.270104920119613e+17
-0.0	-1991.6792121403987	7.270104920119718e+17
-0.0	-899.3896030807098	7.270104920119348e+17
-0.0	1473.260337798483	7.270104920119432e+17
-0.0	-723.3047129518367	7.270104920119629e+17
-0.0	-538.542421477658	7.270104920119451e+17
-0.0	-198.71685457423013	7.270104920119441e+17
-0.0	563.720383612489	7.270104920119479e+17
-0.0	-536.6538873844958	7.270104920119508e+17
-0.0	-97.0348725873374	7.270104920119424e+17
-0.0	29.602104255094904	7.27010492011965e+17
-0.0	-1278.1207766493915	7.27010492011952e+17
-0.0	2852.010305840652	7.270104920119507e+17
-0.0	-4415.872201955172	7.270104920119617e+17
-0.0	286.5768665052986	7.270104920118959e+17
-0.0	2780.017981616465	7.270104920119676e+17
-0.0	-40857350677448.82	7.275056952000648e+17
-0.0	-17584750669741.223	7.263207522095704e+17
-0.0	-220148548728854.6	7.295104123622616e+17
-0.0	185803166115463.3	7.215483405854838e+17
-0.0	-70107542072407.63	7.369189347555325e+17
-0.0	-1021231102058979.2	7.059311259887204e+17
-0.0	3473087796542246.0	7.728298918153902e+17
-0.0	-4031695558332115.0	7.360096145064097e+17
-0.0	2.0092654408004264e+16	1.0744843073441535e+18
-0.0	-2.1967497957727156e+16	1.0105714690162674e+18
-0.0	-8916044117913683.0	-6438363352856992.0
-0.0	9931214200193648.0	411057138384808.2
-0.0	1.3948734044854214e+16	5.409971132497788e+17
-0.0	-1.2937274641905754e+16	5.383510486590192e+17
-0.0	2794560803539619.5	3.977347940565966e+17
-0.0	-2190507117844320.2	4.0837030183598074e+17
-0.0	715757213773159.5	3.799896597375792e+17
-0.0	48802577793147.83	3.945889222330633e+17
-0.0	-95953444199136.14	3.8699254198927776e+17
-0.0	148219871681207.0	3.9100523638407354e+17
-0.0	18638577704493.066	3.8938022809935654e+17
-0.0	28172191063619.137	3.8995940105562925e+17
-0.0	-470.57648027586737	3.896908748023101e+17
-0.0	-1748.152679808487	3.896908748022898e+17
-0.0	2208.4213959502877	3.896908748023093e+17
-0.0	-1673.9052674261027	3.8969087480231546e+17
-0.0	-791.0871111312728	3.896908748022941e+17
-0.0	1188.1846441402045	3.8969087480229926e+17
-0.0	-619.0221118957187	3.896908748023039e+17
-0.0	-555.9526135925249	3.8969087480229843e+17
-0.0	-189.92038122418677	3.8969087480229664e+17
-0.0	413.59495060432715	3.896908748022974e+17
-0.0	-508.05831915475454	3.8969087480230125e+17
-0.0	-211.07358311623594	3.896908748022967e+17
-0.0	90.51048641739229	3.8969087480231277e+17
-0.0	-1108.9782614277572	3.896908748023087e+17
-0.0	2090.038641438556	3.8969087480230726e+17
-0.0	-3423.5581456482846	3.8969087480231155e+17
-0.0	185.10925058848278	3.8969087480228134e+17
-0.0	2081.4831701725225	3.8969087480231616e+17
-0.0	-28172191064125.156	3.899594010556504e+17
-0.0	-18638577704856.055	3.893802280993569e+17
-0.0	-148219871682242.9	3.910052363840701e+17
-0.0	95953444201703.19	3.8699254198930074e+17
-0.0	-48802577799534.53	3.945889222330434e+17
-0.0	-715757213770781.5	3.799896597375259e+17
-0.0	2190507117854128.5	4.083703018360436e+17
-0.0	-2794560803549363.0	3.9773479405661216e+17
-0.0	1.2937274641912784e+16	5.383510486590264e+17
-0.0	-1.3948734044859976e+16	5.409971132497475e+17
-0.0	-9931214200191796.0	411057138384402.3
-0.0	9483745550306992.0	3986441576326937.0
-0.0	7292900507007682.0	2.2826137704499443e+17
-0.0	-6681669263295471.0	2.0739115114438928e+17
-0.0	1693177395042689.0	1.700901506886148e+17
-0.0	-1063919817323640.9	1.6958516982284045e+17
-0.0	431334652459021.94	1.615579268738477e+17
-0.0	32718549762644.73	1.666243912165182e+17
-0.0	-26682050591331.65	1.6377112184828544e+17
-0.0	84542155176715.16	1.653127050042523e+17
-0.0	16765149947473.39	1.6466795533665898e+17
-0.0	16344082689213.197	1.6487510304124618e+17
-0.0	-158.37568194028358	1.64756323288823e+17
-0.0	-1031.8032303983903	1.6475632328881306e+17
-0.0	1498.3445069332133	1.647563232888196e+17
-0.0	-841.0430729446254	1.6475632328882243e+17
-0.0	-360.21558461725374	1.6475632328881696e+17
-0.0	733.2589830942375	1.6475632328881773e+17
-0.0	-275.6773709792198	1.647563232888204e+17
-0.0	-154.25486128633563	1.647563232888176e+17
-0.0	11.646043435576777	1.6475632328881782e+17
-0.0	369.49015348859274	1.6475632328881763e+17
-0.0	-213.10895543695645	1.6475632328881846e+17
-0.0	-19.35561550993098	1.6475632328881754e+17
-0.0	-26.637699615356095	1.6475632328882205e+17
-0.0	-474.43565309001303	1.6475632328881923e+17
-0.0	1375.698440380347	1.647563232888193e+17
-0.0	-2048.3853508842203	1.6475632328882048e+17
-0.0	242.60905637557173	1.6475632328880906e+17
-0.0	1335.986088632537	1.6475632328882285e+17
-0.0	-16344082689285.719	1.6487510304125267e+17
-0.0	-16765149947425.553	1.646679553366588e+17
-0.0	-84542155177336.86	1.653127050042499e+17
-0.0	26682050593275.434	1.637711218482942e+17
-0.0	-32718549766313.45	1.666243912165134e+17
-0.0	-431334652457500.5	1.6155792687382944e+17
-0.0	1063919817329959.0	1.695851698228623e+17
-0.0	-1693177395048569.8	1.7009015068861776e+17
-0.0	6681669263300434.0	2.073911511443919e+17
-0.0	-7292900507011355.0	2.2826137704498512e+17
-0.0	-9483745550305770.0	3986441576326896.5
-0.0	7826146389138356.0	5188936433482815.0
-0.0	2922367704288957.5	6.443336872879158e+16
-0.0	-2292016457076279.5	5.171021281267521e+16
-0.0	891978637183664.9	4.934877411622472e+16
-0.0	-278863332343333.1	4.729307740949187e+16
-0.0	213358121159485.38	4.637793119612615e+16
-0.0	22949933065392.77	4.73575590711966e+16
-0.0	11772407906333.193	4.670136094194279e+16
-0.0	38534960115779.02	4.705565427730352e+16
-0.0	12337540194090.07	4.688513623232175e+16
-0.0	7301871004401.458	4.69202268617505e+16
-0.0	-84.95773265169859	4.6881751853940696e+16
-0.0	-533.6145008266706	4.688175185393841e+16
-0.0	797.5089408363484	4.6881751853939256e+16
-0.0	-378.6557572928981	4.688175185393977e+16
-0.0	-179.69437118414444	4.688175185393899e+16
-0.0	309.5287272600131	4.688175185393941e+16
-0.0	-165.16262031008316	4.688175185394054e+16
-0.0	-14.863003568658003	4.688175185393917e+16
-0.0	30.421269750014503	4.68817518539394e+16
-0.0	199.50522564594579	4.688175185393935e+16
-0.0	-78.77187740015466	4.6881751853939624e+16
-0.0	-39.6888404350488	4.688175185393915e+16
-0.0	-34.96031535651277	4.6881751853939896e+16
-0.0	-271.36891581944707	4.688175185393956e+16
-0.0	713.7941977878155	4.688175185393893e+16
-0.0	-1072.8418140924264	4.688175185393962e+16
-0.0	158.53496054147192	4.688175185393661e+16
-0.0	701.3890480669739	4.688175185394014e+16
-0.0	-7301871004463.361	4.692022686175197e+16
-0.0	-12337540194075.545	4.688513623232152e+16
-0.0	-38534960116121.69	4.705565427730323e+16
-0.0	-11772407905314.13	4.670136094194481e+16
-0.0	-22949933067254.504	4.735755907119638e+16
-0.0	-213358121158714.6	4.637793119612282e+16
-0.0	278863332346521.44	4.729307740949735e+16
-0.0	-891978637186843.5	4.934877411622495e+16
-0.0	2292016457078837.0	5.1710212812676104e+16
-0.0	-2922367704291078.5	6.443336872879018e+16
-0.0	-7826146389137606.0	5188936433482871.0
-0.0	5714844459449979.0	5241619773464530.0
-0.0	844945419403161.2	9715428830365484.0
-0.0	-34917802210184.83	7606884671394983.0
-0.0	433256921470087.44	8439247767658702.0
-0.0	106808989727325.78	7803887056829323.0
-0.0	82127262724592.0	7723008228724434.0
-0.0	17356911415785.129	7717915407462322.0
-0.0	21589054915145.082	7671904820856864.0
-0.0	12697277358424.695	7678787332493198.0
-0.0	6945841807929.6045	7652785253660370.0
-0.0	1966528351387.8545	7643920104167608.0
-0.0	-2.800214450720041	7636446376543960.0
-0.0	-162.74206944660472	7636446376543817.0
-0.0	334.92623749064387	7636446376543766.0
-0.0	-187.59717616061738	7636446376543780.0
-0.0	-62.53143451210553	7636446376543764.0
-0.0	65.68701638972097	7636446376543856.0
-0.0	-61.19376417600364	7636446376543945.0
-0.0	20.92099720639318	7636446376543749.0
-0.0	14.330329082726536	7636446376543877.0
-0.0	79.2707780249867	7636446376543784.0
-0.0	-45.87334312922358	7636446376543788.0
-0.0	-16.545317700972735	7636446376543772.0
-0.0	33.09408918938898	7636446376543757.0
-0.0	-132.38593952655168	7636446376543897.0
-0.0	296.68297466447143	7636446376543758.0
-0.0	-424.5355775477112	7636446376543806.0
-0.0	47.62842989216833	7636446376543775.0
-0.0	292.9043265551183	7636446376543946.0
-0.0	-1966528351489.267	7643920104167652.0
-0.0	-6945841807916.187	7652785253660431.0
-0.0	-12697277358552.44	7678787332493127.0
-0.0	-21589054914800.336	7671904820856981.0
-0.0	-17356911416518.71	7717915407462341.0
-0.0	-82127262724233.16	7723008228724560.0
-0.0	-106808989726235.27	7803887056829721.0
-0.0	-433256921471327.0	8439247767658544.0
-0.0	34917802211143.812	7606884671395079.0
-0.0	-844945419404163.9	9715428830365266.0
-0.0	-5714844459449511.0	5241619773464608.0
-0.0	3910693798561569.5	5017120971601316.0
-0.0	273608266162409.84	4135563201724914.0
-0.0	603214660322930.0	4426046867047117.0
-0.0	230985262941800.53	4152122431770368.5
-0.0	187111060641200.38	4025520223908332.0
-0.0	24685766065823.83	3801983614019732.5
-0.0	12788429603797.625	3759695125772227.5
-0.0	15213346670987.018	3752739211928117.0
-0.0	2325400302951.1006	3738575007608837.0
-0.0	2553076485510.005	3729381401586023.5
-0.0	-151990817090.57037	3724085357452596.5
-0.0	16.11396978065817	3723511688793845.0
-0.0	-11.874663108734238	3723511688793793.5
-0.0	105.56865051002661	3723511688793758.5
-0.0	-87.04865296519195	3723511688793714.5
-0.0	-7.534224442566669	3723511688793773.0
-0.0	0.3693056283311523	3723511688793857.5
-0.0	3.217877832119082	3723511688793841.5
-0.0	-3.463695813463796	3723511688793834.0
-0.0	-4.219221721086101	3723511688793844.5
-0.0	31.496501945435572	3723511688793801.0
-0.0	-26.48879009604868	3723511688793823.0
-0.0	-0.18856430374150254	3723511688793906.5
-0.0	78.92759181948789	3723511688793756.0
-0.0	-85.15358199588948	3723511688793728.0
-0.0	85.34787187619315	3723511688793735.0
-0.0	-89.45835178980161	3723511688793734.5
-0.0	2.5299746132405154	3723511688793879.0
-0.0	98.86852883134856	3723511688793743.0
-0.0	151990817020.47482	3724085357452469.5
-0.0	-2553076485509.955	3729381401585996.0
-0.0	-2325400302952.2593	3738575007608859.5
-0.0	-15213346670941.72	3752739211927987.0
-0.0	-12788429604003.916	3759695125772178.0
-0.0	-24685766065659.523	3801983614019722.5
-0.0	-187111060641131.3	4025520223908207.5
-0.0	-230985262942062.44	4152122431770359.5
-0.0	-603214660322722.4	4426046867047094.5
-0.0	-273608266162783.47	4135563201724829.0
-0.0	-3910693798561296.5	5017120971601409.0
-0.0	2705953807281331.5	4680593263742973.0
-0.0	269738352117803.1	4158557754932028.5
-0.0	475112419636400.2	4025804261852455.0
-0.0	151956018552251.53	4068300825417076.5
-0.0	127599300027647.02	3886001388930730.0
-0.0	8848257454595.578	3759786286050290.0
-0.0	7940604074385.651	3726032480274461.5
-0.0	6011225699033.908	3716897826851578.5
-0.0	-84196653334.31712	3710612469789677.5
-0.0	211172062482.4498	3705889756158344.0
-0.0	-432234580383.32043	3705325527695279.0
-0.0	19.25924770983635	3705319630198886.5
-0.0	11.217870583742055	3705319630198829.0
-0.0	27.23208363127548	3705319630198853.0
-0.0	-31.07921072636882	3705319630198853.5
-0.0	9.266438591995945	3705319630198838.0
-0.0	-21.072202416549857	3705319630198854.0
-0.0	10.947556687432394	3705319630198847.0
-0.0	-5.922105393314123	3705319630198857.5
-0.0	0.24101507076185294	3705319630198898.0
-0.0	4.035727273518857	3705319630198870.0
-0.0	-11.41079844390868	3705319630198850.0
-0.0	2.4202050232543892	3705319630198897.5
-0.0	68.48753418455021	3705319630198851.5
-0.0	-64.4413299025405	3705319630198833.0
-0.0	23.39875287401336	3705319630198867.5
-0.0	1.7459984908426072	3705319630198875.0
-0.0	-8.66721034273712	3705319630198877.0
-0.0	40.625713647893726	3705319630198873.0
-0.0	432234580340.76263	3705325527695199.0
-0.0	-211172062486.91614	3705889756158300.5
-0.0	84196653363.36783	3710612469789677.0
-0.0	-6011225699073.291	3716897826851537.5
-0.0	-7940604074463.772	3726032480274427.5
-0.0	-8848257454478.527	3759786286050271.5
-0.0	-127599300027786.77	3886001388930549.0
-0.0	-151956018552250.75	4068300825417066.0
-0.0	-475112419636414.56	4025804261852421.5
-0.0	-269738352117939.12	4158557754932004.5
-0.0	-2705953807281157.5	4680593263743063.0
-0.0	1944883827006081.2	4217183363952697.0
-0.0	289731487627812.44	3460663186469877.5
-0.0	221121225359857.6	3526347544241088.5
-0.0	104935605703869.56	3436159802797156.5
-0.0	55179582871784.836	3333433654622128.0
-0.0	6393224678915.396	3229716725716130.5
-0.0	3661938636151.05	3209466411897130.5
-0.0	666486012787.141	3204612286249253.5
-0.0	-66002620743.54131	3200649012591930.0
-0.0	-396295267093.8321	3200086952904535.5
-0.0	-161446548950.34985	3200080762026711.0
-0.0	10.76364949552793	3200080762026667.5
-0.0	-1.4472720442505902	3200080762026677.5
-0.0	31.53460844183329	3200080762026689.0
-0.0	-25.580223373217898	3200080762026672.5
-0.0	8.194938067720058	3200080762026660.5
-0.0	-15.699997586489946	3200080762026668.0
-0.0	6.315598002184041	3200080762026683.5
-0.0	-0.23775371945073645	3200080762026690.5
-0.0	-0.4539072007266767	3200080762026684.5
-0.0	-3.4845897420313405	3200080762026680.0
-0.0	-5.724724935415152	3200080762026681.5
-0.0	3.7155048540841173	3200080762026682.5
-0.0	48.25949882407722	3200080762026651.0
-0.0	-53.127711068322576	3200080762026645.5
-0.0	26.758477871646708	3200080762026684.0
-0.0	-17.151494272476818	3200080762026700.5
-0.0	-5.725574541436445	3200080762026709.5
-0.0	43.23935403914447	3200080762026669.0
-0.0	161446548918.91348	3200080762026661.5
-0.0	396295267092.45026	3200086952904533.5
-0.0	66002620761.92454	3200649012591936.0
-0.0	-666486012794.8308	3204612286249232.5
-0.0	-3661938636245.565	3209466411897126.0
-0.0	-6393224678812.863	3229716725716092.0
-0.0	-55179582871842.47	3333433654622008.5
-0.0	-104935605703894.67	3436159802797153.5
-0.0	-221121225359853.97	3526347544241073.0
-0.0	-289731487627914.75	3460663186469859.0
-0.0	-1944883827005963.2	4217183363952769.0
-0.0	1383893469991780.5	3656070331914439.5
-0.0	223347425173767.22	3176190234667671.0
-0.0	74931176591274.4	3123444930733071.0
-0.0	62690380408638.734	3102227068440195.5
-0.0	15059603145654.377	3015762450365571.5
-0.0	4665466556532.14	2961915131938431.5
-0.0	1015988107883.8738	2952181698433323.0
-0.0	-788477877816.9363	2948808952103005.0
-0.0	137203454367.27975	2948263612291763.0
-0.0	-239945059371.2977	2948257131709498.5
-0.0	32243419205.911983	2948257131709509.0
-0.0	5.995693581581506	2948257131709486.0
-0.0	-11.44675276065687	2948257131709491.5
-0.0	32.53222116652004	2948257131709506.5
-0.0	-21.106503292802188	2948257131709486.0
-0.0	4.566161305670158	2948257131709489.0
-0.0	-2.69493773465918	2948257131709491.0
-0.0	1.514311328165248	2948257131709492.0
-0.0	-0.46297141236161304	2948257131709492.0
-0.0	-0.20588964972464188	2948257131709498.0
-0.0	-1.7142927437969036	2948257131709487.5
-0.0	-2.4462255030037614	2948257131709494.0
-0.0	0.839850905342546	2948257131709493.5
-0.0	26.047103364876563	2948257131709472.5
-0.0	-36.5148125079279	2948257131709484.0
-0.0	31.101068065432454	2948257131709496.0
-0.0	-29.55948203294868	2948257131709509.5
-0.0	-1.2852307421458344	2948257131709503.0
-0.0	39.99100153732772	2948257131709487.5
-0.0	-32243419224.0378	2948257131709492.0
-0.0	239945059369.3016	2948257131709487.5
-0.0	-137203454357.39157	2948263612291760.0
-0.0	788477877827.8503	2948808952102996.5
-0.0	-1015988107980.363	2952181698433325.0
-0.0	-4665466556450.18	2961915131938414.0
-0.0	-15059603145636.469	3015762450365527.5
-0.0	-62690380408701.57	3102227068440187.0
-0.0	-74931176591239.2	3123444930733062.0
-0.0	-223347425173853.75	3176190234667660.5
-0.0	-1383893469991701.2	3656070331914499.0
-0.0	918376622841952.8	2998341052184951.5
-0.0	132939428818560.33	2488591423872610.5
-0.0	23340887645219.85	2474331841473285.0
-0.0	29505584686038.96	2446744637976183.5
-0.0	1211778230784.2097	2400504997535429.0
-0.0	2302392251148.9575	2374622790078223.5
-0.0	-18394197958.145657	2370527229966744.0
-0.0	-581259495091.3531	2370013319126610.5
-0.0	171551046593.07684	2370006579827745.5
-0.0	-29051779749.65695	2370006579827746.5
-0.0	67044718661.93908	2370006579827750.5
-0.0	3.1285825826728653	2370006579827741.5
-0.0	-8.676112382106448	2370006579827744.5
-0.0	21.820161153161852	2370006579827751.0
-0.0	-13.435818666309945	2370006579827736.5
-0.0	2.447818517496162	2370006579827740.0
-0.0	-0.2462909967110631	2370006579827743.5
-0.0	0.8754817698495468	2370006579827741.0
-0.0	-1.0122606830574827	2370006579827741.0
-0.0	-0.1703099642996876	2370006579827741.0
-0.0	-0.7545793955230886	2370006579827737.0
-0.0	-0.9370031448474797	2370006579827741.5
-0.0	0.06563806234551507	2370006579827740.5
-0.0	14.219561114233318	2370006579827740.0
-0.0	-23.265663656217843	2370006579827746.5
-0.0	21.10467686843238	2370006579827742.5
-0.0	-20.43713970969804	2370006579827748.5
-0.0	-0.6955688482989153	2370006579827754.5
-0.0	25.337712914008005	2370006579827746.0
-0.0	-67044718673.955086	2370006579827741.5
-0.0	29051779749.80928	2370006579827743.5
-0.0	-171551046589.99307	2370006579827747.0
-0.0	581259495104.453	2370013319126596.5
-0.0	18394197893.151405	2370527229966752.0
-0.0	-2302392251096.7285	2374622790078224.5
-0.0	-1211778230756.9429	2400504997535401.5
-0.0	-29505584686091.21	2446744637976177.0
-0.0	-23340887645190.613	2474331841473283.5
-0.0	-132939428818621.89	2488591423872602.5
-0.0	-918376622841903.9	2998341052184991.5
-0.0	549963337358468.1	2300026957248109.5
-0.0	66338629711477.65	1966185214414294.5
-0.0	8602301622947.657	1938123571743746.0
-0.0	9979549671888.602	1920580349798790.0
-0.0	-1551482449403.091	1896892550273321.5
-0.0	682455535914.4614	1887759704275806.2
-0.0	-167875994799.79724	1887241067653560.0
-0.0	-187138772774.31778	1887234157480097.0
-0.0	130111193733.61137	1887234157480093.0
-0.0	41678324103.348564	1887234157480094.8
-0.0	39736852841.815254	1887234157480094.0
-0.0	1.923321007626296	1887234157480094.5
-0.0	-3.9775979984242595	1887234157480093.8
-0.0	12.242613037763073	1887234157480096.8
-0.0	-9.10559705264634	1887234157480091.8
-0.0	2.1074637505803206	1887234157480093.5
-0.0	-0.12983563737739406	1887234157480094.2
-0.0	1.0551748148805085	1887234157480093.2
-0.0	-0.6739247219054171	1887234157480093.5
-0.0	-0.1234532360954576	1887234157480093.5
-0.0	0.07643224746980777	1887234157480094.5
-0.0	-0.25007293465553504	1887234157480092.5
-0.0	-0.5060991028958369	1887234157480094.8
-0.0	9.773459192438915	1887234157480089.8
-0.0	-14.4318464115429	1887234157480093.0
-0.0	12.099211249155037	1887234157480094.5
-0.0	-10.658741443306473	1887234157480096.5
-0.0	-0.4285150761430922	1887234157480097.2
-0.0	13.860820177691142	1887234157480093.2
-0.0	-39736852849.643555	1887234157480091.2
-0.0	-41678324103.143776	1887234157480094.5
-0.0	-130111193731.7809	1887234157480095.5
-0.0	187138772781.84326	1887234157480094.8
-0.0	167875994762.42477	1887241067653567.8
-0.0	-682455535884.0385	1887759704275809.2
-0.0	1551482449416.0774	1896892550273306.5
-0.0	-9979549671918.457	1920580349798787.0
-0.0	-8602301622931.27	1938123571743745.2
-0.0	-66338629711514.79	1966185214414297.8
-0.0	-549963337358439.56	2300026957248136.0
-0.0	290720795515664.75	1608295105602018.2
-0.0	28755321265566.71	1346971978304288.0
-0.0	3010120605282.9204	1327321231356559.2
-0.0	1661174424338.338	1319702455816368.0
-0.0	-1303094415278.1724	1310821683778999.5
-0.0	95302272325.53423	1309941030967102.5
-0.0	-66575250326.63759	1309934101433620.8
-0.0	-288149376.4488327	1309934101433624.0
-0.0	76635313060.41992	1309934101433620.5
-0.0	32831978292.497902	1309934101433619.2
-0.0	14868041056.327827	1309934101433623.0
-0.0	1.3464201063222072	1309934101433620.8
-0.0	-2.142186281092762	1309934101433618.8
-0.0	7.145044963399539	1309934101433620.8
-0.0	-5.735401069484282	1309934101433618.2
-0.0	1.1828801391144808	1309934101433619.8
-0.0	0.0680683542772767	1309934101433620.8
-0.0	1.029937000407808	1309934101433619.2
-0.0	-0.9151736997864155	1309934101433620.5
-0.0	-0.14664722688193982	1309934101433620.5
-0.0	0.1685896845727169	1309934101433620.2
-0.0	-1.018242980971486	1309934101433620.2
-0.0	-0.8923665002432107	1309934101433621.0
-0.0	5.909875224020951	1309934101433619.0
-0.0	-8.006974805387586	1309934101433619.8
-0.0	7.4262233417276855	1309934101433620.2
-0.0	-5.528185566606043	1309934101433622.5
-0.0	-0.6068039304066857	1309934101433624.2
-0.0	8.083027104717415	1309934101433620.0
-0.0	-14868041061.5812	1309934101433619.2
-0.0	-32831978292.47242	1309934101433618.8
-0.0	-76635313058.63457	1309934101433620.5
-0.0	288149380.4671301	1309934101433621.2
-0.0	66575250306.73849	1309934101433623.8
-0.0	-95302272309.58838	1309941030967103.5
-0.0	1303094415280.3135	1310821683778985.0
-0.0	-1661174424352.593	1319702455816366.8
-0.0	-3010120605272.496	1327321231356558.2
-0.0	-28755321265586.918	1346971978304289.2
-0.0	-290720795515648.7	1608295105602031.8
-0.0	130388369799193.45	997070599444514.1
-0.0	10417865114238.322	853395145847335.8
-0.0	418663337930.815	841785667834195.6
-0.0	-502099536116.76697	835495249563094.9
-0.0	-593560683565.8673	834567239258340.6
-0.0	25666712740.61284	834558449820098.5
-0.0	11395411499.97839	834558449820102.9
-0.0	35995860672.59292	834558449820105.4
-0.0	35153035566.39321	834558449820102.4
-0.0	13586541230.633408	834558449820101.4
-0.0	3981491398.960861	834558449820104.1
-0.0	0.7125508470612724	834558449820101.0
-0.0	-0.6007397845770075	834558449820101.9
-0.0	3.3518386836256684	834558449820102.0
-0.0	-3.0806999728198807	834558449820100.5
-0.0	0.6699339564134179	834558449820103.0
-0.0	-0.09811755572706897	834558449820102.0
-0.0	0.6234480103198105	834558449820101.0
-0.0	-0.3811621231408303	834558449820101.0
-0.0	-0.007831376549773913	834558449820100.8
-0.0	-0.005862026396295722	834558449820101.0
-0.0	-0.5739800166541195	834558449820101.0
-0.0	-0.6719105668392057	834558449820102.2
-0.0	3.356455813779708	834558449820101.5
-0.0	-3.9486638676517702	834558449820101.9
-0.0	3.6384714189516716	834558449820101.8
-0.0	-2.215736723664447	834558449820102.5
-0.0	-0.4156706722509918	834558449820105.0
-0.0	3.8028327923477296	834558449820102.1
-0.0	-3981491402.0537496	834558449820101.0
-0.0	-13586541230.609062	834558449820100.9
-0.0	-35153035565.06913	834558449820101.5
-0.0	-35995860670.76392	834558449820101.6
-0.0	-11395411509.080065	834558449820102.8
-0.0	-25666712732.966015	834558449820100.0
-0.0	593560683564.109	834567239258331.8
-0.0	502099536111.2774	835495249563094.5
-0.0	-418663337925.6152	841785667834195.2
-0.0	-10417865114247.959	853395145847335.5
-0.0	-130388369799185.81	997070599444522.1
-0.0	45138369043949.7	520784465241312.0
-0.0	2655234403864.9517	445647551974282.06
-0.0	-313630412351.98047	438666150967985.25
-0.0	-412643277497.8593	437752643045523.44
-0.0	-89705765669.11922	437742591180412.0
-0.0	50612589238.69296	437742591180410.25
-0.0	28170447359.15855	437742591180411.8
-0.0	23323994313.70915	437742591180412.6
-0.0	12330661317.996153	437742591180411.44
-0.0	3826320595.174429	437742591180411.06
-0.0	797950231.0208681	437742591180412.3
-0.0	0.300047581810555	437742591180411.06
-0.0	0.09158142371224011	437742591180411.2
-0.0	0.6829674343422705	437742591180411.5
-0.0	-0.744022491444728	437742591180410.75
-0.0	0.427032013506183	437742591180411.3
-0.0	-0.37327878679153204	437742591180411.1
-0.0	0.33820244052809506	437742591180411.0
-0.0	-0.10806701617556558	437742591180411.0
-0.0	-0.01211788949351326	437742591180410.94
-0.0	0.01196818291373779	437742591180411.0
-0.0	-0.29654114000780685	437742591180411.0
-0.0	-0.07813261042535405	437742591180411.25
-0.0	1.1993804242709527	437742591180411.0
-0.0	-1.2842874045330368	437742591180411.25
-0.0	0.8381540523886574	437742591180411.4
-0.0	-0.06888742088221604	437742591180411.9
-0.0	-0.2402671196276487	437742591180412.44
-0.0	0.8407686602692408	437742591180411.5
-0.0	-797950232.1258165	437742591180411.0
-0.0	-3826320595.1609464	437742591180411.0
-0.0	-12330661317.321625	437742591180411.44
-0.0	-23323994313.638767	437742591180411.3
-0.0	-28170447361.54921	437742591180412.1
-0.0	-50612589236.13424	437742591180410.7
-0.0	89705765667.05966	437742591180408.0
-0.0	412643277497.30914	437752643045523.25
-0.0	313630412352.76276	438666150967985.0
-0.0	-2655234403867.7466	445647551974282.5
-0.0	-45138369043946.66	520784465241314.6
-0.0	8795344609016.925	210801613982454.4
-0.0	133738738913.3962	186228324532774.0
-0.0	-197995797387.55725	185270740663329.28
-0.0	-13528087242.210775	185259290253687.28
-0.0	101105407453.41577	185259290253687.56
-0.0	45599383327.067314	185259290253687.06
-0.0	18061513510.64103	185259290253687.53
-0.0	9181450701.945938	185259290253687.4
-0.0	3290336897.2038255	185259290253687.28
-0.0	788447172.0075386	185259290253687.2
-0.0	122187787.60391077	185259290253687.47
-0.0	0.05285127940088222	185259290253687.1
-0.0	0.16342716126132006	185259290253687.06
-0.0	-0.0550564730482361	185259290253687.3
-0.0	-0.21424848859993217	185259290253687.12
-0.0	0.12057249731703387	185259290253687.2
-0.0	-0.22189677779526656	185259290253687.1
-0.0	0.06488401351601124	185259290253687.0
-0.0	-0.060260210161895915	185259290253687.16
-0.0	-0.05767898996360453	185259290253687.22
-0.0	-0.0454864838452856	185259290253687.22
-0.0	-0.15226652137230465	185259290253687.25
-0.0	-0.07599700144615355	185259290253687.28
-0.0	0.3042924926168627	185259290253687.06
-0.0	-0.2828772466167272	185259290253687.1
-0.0	0.00034692963564002065	185259290253687.2
-0.0	0.18277428892640568	185259290253687.34
-0.0	-0.13128102607745817	185259290253687.44
-0.0	-0.001811599010938471	185259290253687.25
-0.0	-122187788.03816998	185259290253687.16
-0.0	-788447172.0970602	185259290253687.2
-0.0	-3290336897.0733933	185259290253687.34
-0.0	-9181450702.212427	185259290253687.16
-0.0	-18061513511.045147	185259290253687.56
-0.0	-45599383326.56807	185259290253687.03
-0.0	-101105407454.58885	185259290253686.25
-0.0	13528087242.504858	185259290253687.38
-0.0	197995797387.29706	185270740663329.22
-0.0	-133738738914.02289	186228324532774.1
-0.0	-8795344609016.069	210801613982455.0
-0.0	-1356664951865.6067	51824940484945.17
-0.0	-229695990847.99066	49626292852023.52
-0.0	22838518582.642914	49613591038747.44
-0.0	144387514001.15546	49613591038747.414
-0.0	100696923254.0716	49613591038747.46
-0.0	24360195662.50301	49613591038747.42
-0.0	7269719009.187382	49613591038747.52
-0.0	2578342685.136375	49613591038747.39
-0.0	670173456.8585885	49613591038747.46
-0.0	122594151.21571016	49613591038747.41
-0.0	14452984.709707629	49613591038747.48
-0.0	0.003791376599292365	49613591038747.43
-0.0	0.09581689746061756	49613591038747.41
-0.0	-0.08078398422812301	49613591038747.445
-0.0	0.0021647963890876437	49613591038747.42
-0.0	0.020468081225781535	49613591038747.4
-0.0	-0.06176358064835148	49613591038747.414
-0.0	0.012489943714480834	49613591038747.44
-0.0	0.008443676890696734	49613591038747.43
-0.0	-0.00684783820334018	49613591038747.41
-0.0	-0.0033202699336624085	49613591038747.42
-0.0	-0.02593832236538539	49613591038747.414
-0.0	-0.011306502489459627	49613591038747.43
-0.0	0.022112294688007614	49613591038747.38
-0.0	0.03506888100966813	49613591038747.414
-0.0	-0.0837199146934822	49613591038747.42
-0.0	0.12073346345082112	49613591038747.445
-0.0	-0.021566209606967084	49613591038747.43
-0.0	-0.0756596867023731	49613591038747.43
-0.0	-14452984.765834063	49613591038747.43
-0.0	-122594151.22379123	49613591038747.41
-0.0	-670173456.8343905	49613591038747.49
-0.0	-2578342685.25393	49613591038747.35
-0.0	-7269719009.063172	49613591038747.516
-0.0	-24360195662.529945	49613591038747.39
-0.0	-100696923254.39857	49613591038747.266
-0.0	-144387514000.87143	49613591038747.47
-0.0	-22838518582.845093	49613591038747.41
-0.0	229695990848.01575	49626292852023.55
-0.0	1356664951865.766	51824940484945.234
-0.0	-1415205229489.6614	4622213326842.1875
-0.0	-43128125413.48917	4602070723718.987
-0.0	104027367618.67555	4602070723718.982
-0.0	119241415528.00345	4602070723718.977
-0.0	51656623583.193855	4602070723718.967
-0.0	8955751003.418812	4602070723718.974
-0.0	2083587656.6900108	4602070723718.983
-0.0	541170535.1903644	4602070723718.963
-0.0	104892734.91013104	4602070723718.987
-0.0	14613306.696207	4602070723718.9795
-0.0	1328833.2180253654	4602070723718.968
-0.0	-0.00803333056915823	4602070723718.981
-0.0	0.006404421048302911	4602070723718.987
-0.0	-0.02995884411122028	4602070723718.978
-0.0	0.01335039217000524	4602070723718.983
-0.0	-0.010383182701766901	4602070723718.985
-0.0	0.010719937344990358	4602070723718.981
-0.0	-0.011791321729037206	4602070723718.983
-0.0	0.0005618243256212958	4602070723718.9795
-0.0	0.0005588256159078149	4602070723718.9795
-0.0	0.0011292134001718989	4602070723718.981
-0.0	0.003914784045554701	4602070723718.982
-0.0	0.004217398591104085	4602070723718.981
-0.0	-0.030115097227961164	4602070723718.979
-0.0	0.04701352114863901	4602070723718.987
-0.0	-0.03320426964630211	4602070723718.9795
-0.0	0.012752446183439984	4602070723718.973
-0.0	0.0038733540779661473	4602070723718.979
-0.0	-0.02531132760376202	4602070723718.986
-0.0	-1328833.189883686	4602070723718.992
-0.0	-14613306.698537776	4602070723718.9795
-0.0	-104892734.9307185	4602070723718.988
-0.0	-541170535.2256233	4602070723718.969
-0.0	-2083587656.6127977	4602070723718.989
-0.0	-8955751003.483873	4602070723719.005
-0.0	-51656623583.15303	4602070723719.027
-0.0	-119241415527.9357	4602070723718.979
-0.0	-104027367618.75291	4602070723718.988
-0.0	43128125413.560585	4602070723718.986
-0.0	1415205229489.6453	4622213326842.195
-0.0	124195007753.60327	49833786165.0784
-0.0	84712849729.06935	49833760058.07641
-0.0	82407368825.14742	49833744348.75546
-0.0	57047283182.166214	49833731391.311615
-0.0	18063344918.69528	49833728340.19307
-0.0	2412002088.426354	49833727223.20351
-0.0	445211689.0693002	49833726899.073944
-0.0	86844518.15416242	49833726824.819145
-0.0	12736445.395194463	49833726811.44442
-0.0	1347522.3663885854	49833726809.54896
-0.0	95310.29875378004	49833726809.33256
-0.0	0.002124554473729245	49833726809.30677
-0.0	-0.010181013505162793	49833726809.32124
-0.0	0.019933826896132833	49833726809.31377
-0.0	0.002497714867827956	49833726809.31511
-0.0	-0.004379597051361795	49833726809.30689
-0.0	0.020775473484715035	49833726809.32007
-0.0	-0.0003513919896646092	49833726809.31666
-0.0	0.001788045352896664	49833726809.311806
-0.0	0.0070171001059861305	49833726809.30474
-0.0	0.005780338049116136	49833726809.30631
-0.0	0.010548877507053874	49833726809.303955
-0.0	0.010185719285420723	49833726809.306725
-0.0	-0.003479627917481803	49833726809.31884
-0.0	0.007914785576168834	49833726809.31658
-0.0	0.01689772257101913	49833726809.32193
-0.0	-0.020512750292186497	49833726809.309944
-0.0	0.011124454088567758	49833726809.3124
-0.0	0.020359097169682483	49833726809.31048
-0.0	-95310.27609967538	49833726809.35343
-0.0	-1347522.3559370462	49833726809.55157
-0.0	-12736445.396953814	49833726811.44654
-0.0	-86844518.1314445	49833726824.826866
-0.0	-445211689.0827484	49833726899.07931
-0.0	-2412002088.4130864	49833727223.22266
-0.0	-18063344918.58771	49833728340.2461
-0.0	-57047283182.19744	49833731391.30366
-0.0	-82407368825.1248	49833744348.76133
-0.0	-84712849729.06131	49833760058.078026
-0.0	-124195007753.60255	49833786165.080826
-0.0	692033473710.1099	-38082.870492756134
-0.0	85671199774.54668	-64717.476101823064
-0.0	40175407692.42598	-80372.09506698728
-0.0	19060856898.217815	-93763.82885957394
-0.0	4626714609.693453	-99849.7032146085
-0.0	492909265.6690776	-100300.42069178101
-0.0	73085915.54482892	-98804.6814662888
-0.0	10907544.655193077	-97494.3619383153
-0.0	1223096.7252802786	-96864.21171564763
-0.0	96664.03926022373	-96664.06381828715
-0.0	5343.794520146046	-96619.4838376455
-0.0	0.002040218709694678	-96612.30861110143
-0.0	-0.014343149616585968	-96611.46527831815
-0.0	0.021532286358265165	-96611.38942823945
-0.0	-0.013506640484280848	-96611.382114187
-0.0	-0.002797117249198767	-96611.38584601234
-0.0	0.009964949240639507	-96611.38568574454
-0.0	-0.0008135723005350212	-96611.38555221766
-0.0	-0.008333300559759305	-96611.38456643802
-0.0	-3.847518532201899e-05	-96611.38488237857
-0.0	-0.0001560271133964456	-96611.38451773452
-0.0	0.00023821938097157733	-96611.38421596687
-0.0	0.002135911677695461	-96611.38447778458
-0.0	0.011644689627046664	-96611.38737014202
-0.0	-0.018424995629749797	-96611.38582768224
-0.0	0.021194435272383027	-96611.38329361993
-0.0	-0.02400007990997786	-96611.3895169141
-0.0	0.0008849110298994623	-96611.4659096215
-0.0	0.023448129994102333	-96612.31127375808
-0.0	-5343.797999784002	-96619.48391646979
-0.0	-96664.04059033994	-96664.06414225866
-0.0	-1223096.725568059	-96864.21192831443
-0.0	-10907544.641739076	-97494.36075556208
-0.0	-73085915.59833302	-98804.68093975121
-0.0	-492909265.63458943	-100300.41559474461
-0.0	-4626714609.649625	-99849.6965748929
-0.0	-19060856898.266106	-93763.82888827415
-0.0	-40175407692.40253	-80372.09416303509
-0.0	-85671199774.57645	-64717.474674422076
-0.0	-692033473710.0885	-38082.87005555101
-0.0	518869063344.2694	-33732.32323629437
-0.0	45051102803.781296	-181497.10815577564
-0.0	13870120199.179937	-320773.56922194216
-0.0	4704222391.010815	-429523.55712590966
-0.0	899543569.9240842	-434245.87383108365
-0.0	79404350.45906626	-334095.64297640405
-0.0	9650862.402498048	-213679.02807121255
-0.0	1131775.0636191869	-133416.21833655867
-0.0	98413.26498529867	-98413.2289198812
-0.0	5417.720047732444	-87797.1331447512
-0.0	234.44642469430948	-85485.10552808036
-0.0	0.0027475518330234076	-85116.25611016175
-0.0	-0.005306406321296368	-85072.54962199561
-0.0	0.011429564982308136	-85068.65765465739
-0.0	-0.00673806535793839	-85068.39578141826
-0.0	0.0014454063511360193	-85068.37962117816
-0.0	-0.0009940539293904278	-85068.3810354477
-0.0	0.0016694735680582024	-85068.38424865314
-0.0	-0.002933081229123858	-85068.38066358802
-0.0	-0.0002152966456360947	-85068.37914153338
-0.0	-0.00010638757297612775	-85068.37893545476
-0.0	-0.0015816607146645646	-85068.37801114412
-0.0	0.0010858890260488435	-85068.37811229264
-0.0	0.010514751739883811	-85068.38123949661
-0.0	-0.0162951458063703	-85068.38578216435
-0.0	0.012123983264450178	-85068.3979586402
-0.0	-0.008151139930571415	-85068.65769796287
-0.0	-0.0007313517638215586	-85072.54623981769
-0.0	0.013336432257175575	-85116.25765798026
-0.0	-234.45397591936216	-85485.11294714152
-0.0	-5417.720659979159	-87797.13403552184
-0.0	-98413.26123165115	-98413.22926822584
-0.0	-1131775.0586270394	-133416.22056580312
-0.0	-9650862.436878648	-213679.029603965
-0.0	-79404350.42894807	-334095.6489300863
-0.0	-899543569.9218559	-434245.8895188855
-0.0	-4704222391.032549	-429523.5542921901
-0.0	-13870120199.168146	-320773.57047607005
-0.0	-45051102803.80452	-181497.10795720073
-0.0	-518869063344.2454	-33732.32388684137
-0.0	233895765015.13843	-19076.469300962883
-0.0	15983702099.983969	-135296.63575244663
-0.0	3540042676.2454004	-216253.9146416661
-0.0	882049470.3769052	-299425.44469740905
-0.0	139235623.29855102	-299801.84187887044
-0.0	10993877.542687193	-252574.9243999266
-0.0	1152792.7861495442	-172189.82024430737
-0.0	112905.06534490353	-112905.0707824006
-0.0	7879.784719078831	-84881.43885706387
-0.0	239.05980271253387	-75648.59329169318
-0.0	8.048887936578163	-73438.61525597014
-0.0	0.0015654198555861863	-73044.01231521231
-0.0	-0.0009489085572835597	-72990.44025926474
-0.0	0.00414094532713197	-72984.82493318785
-0.0	-0.003958271076108527	-72984.36859943598
-0.0	0.0013799590464505507	-72984.34198876303
-0.0	-0.002086781304820513	-72984.33814529286
-0.0	0.001153149677829745	-72984.33819923928
-0.0	-0.0015077460350658473	-72984.3371109361
-0.0	-0.0005015024043026492	-72984.3385437062
-0.0	-0.0007645952568146377	-72984.33859688255
-0.0	-0.0015780882913029076	-72984.33840655077
-0.0	-0.00018985168186323495	-72984.33867828651
-0.0	0.006328111849158504	-72984.33845110008
-0.0	-0.008674678989631892	-72984.34067331842
-0.0	0.004577852820924811	-72984.36812234596
-0.0	-0.0017238805995837283	-72984.82428303792
-0.0	-0.001598173085991721	-72990.43762969717
-0.0	0.004820009443658608	-73044.01196393027
-0.0	-8.054750769240682	-73438.62060484002
-0.0	-239.06063434188107	-75648.59345088447
-0.0	-7879.782091160968	-84881.43884153418
-0.0	-112905.0657378381	-112905.0720213401
-0.0	-1152792.8018821818	-172189.82106242637
-0.0	-10993877.527644077	-252574.9312171542
-0.0	-139235623.30797693	-299801.8536658828
-0.0	-882049470.3827672	-299425.4428054282
-0.0	-3540042676.2430377	-216253.9156438544
-0.0	-15983702099.995111	-135296.63590545554
-0.0	-233895765015.12573	-19076.470414060095
-0.0	74199208475.23016	-19083.661434829526
-0.0	4106169802.5306754	-179383.19955524252
-0.0	680001031.4022399	-256934.8222488316
-0.0	131549119.60270084	-297393.49518182117
-0.0	19686037.562294137	-312008.5827485256
-0.0	1598751.509957952	-240466.75925855854
-0.0	157192.23144172336	-157192.23062607733
-0.0	13990.314932363624	-99582.01155611635
-0.0	826.3566811799632	-73195.7217790067
-0.0	8.584311065167313	-64589.73626753759
-0.0	0.2150215000436971	-62498.51252305306
-0.0	0.0012599020825177644	-62106.27483944354
-0.0	0.0008187544304039502	-62047.756489567255
-0.0	0.0015952244450881106	-62040.65498431995
-0.0	-0.0009949698434340592	-62039.947697606854
-0.0	0.001451388390881396	-62039.89028567005
-0.0	-0.0006108982050981724	-62039.885912660044
-0.0	0.0012706605442745547	-62039.88636753862
-0.0	3.585669596652351e-05	-62039.885690984105
-0.0	0.00041115627270079573	-62039.88559902336
-0.0	0.00019791948617308656	-62039.885676314254
-0.0	-5.948874590351604e-05	-62039.88575522075
-0.0	0.000389422758476198	-62039.88563614288
-0.0	0.003315850810448243	-62039.886017735866
-0.0	-0.0026017728254939055	-62039.890894865486
-0.0	0.0019417745499212273	-62039.947737115515
-0.0	0.0008197512247235758	-62040.654657666535
-0.0	-0.0002263789881567167	-62047.7552145857
-0.0	0.0020054120595376307	-62106.27509692743
-0.0	-0.21657286543598023	-62498.515178422116
-0.0	-8.583420634440232	-64589.73630255349
-0.0	-826.3542877871473	-73195.72172504947
-0.0	-13990.314493392763	-99582.012238628
-0.0	-157192.23552529686	-157192.23125936813
-0.0	-1598751.503140057	-240466.762358179
-0.0	-19686037.567372113	-312008.5888447769
-0.0	-131549119.60221583	-297393.4941596806
-0.0	-680001031.401174	-256934.82289916766
-0.0	-4106169802.533718	-179383.1996536321
-0.0	-74199208475.22412	-19083.6618984671
-0.0	17462973597.276608	-13521.751951122176
-0.0	784367313.6907343	-229131.68910604378
-0.0	100629627.27603538	-294316.7378753978
-0.0	18489347.85256352	-415570.85275075596
-0.0	3396807.7749092295	-398673.28775467345
-0.0	298106.6736564585	-298106.67229288636
-0.0	27827.711955875002	-184106.84927897647
-0.0	2256.0421422979057	-108652.25978046677
-0.0	114.42724551894945	-74930.42338178711
-0.0	0.295887459054181	-64050.06980873692
-0.0	0.0036139665163061174	-61396.8483581966
-0.0	4.51434177466847e-05	-60886.230209902256
-0.0	8.505997628957071e-05	-60805.33233230381
-0.0	1.702250402447806e-05	-60794.44145605442
-0.0	-0.0005152553081239246	-60793.18446866333
-0.0	0.00018557888311822361	-60793.06188503263
-0.0	-0.000592304198306371	-60793.05181874467
-0.0	8.637458208401568e-05	-60793.05118869566
-0.0	-0.0002258083870881508	-60793.050984445596
-0.0	-0.0002192363771368363	-60793.05113891901
-0.0	-0.00020598940365430896	-60793.05104137928
-0.0	-0.00037466276989667506	-60793.05108086976
-0.0	-0.00019021023005489292	-60793.051108231826
-0.0	0.0006753508897299367	-60793.05185294959
-0.0	-0.0009819835835716932	-60793.06196449784
-0.0	0.00011879806288882888	-60793.18453010246
-0.0	0.00019126251808063296	-60794.44138909135
-0.0	-0.00037292340537775707	-60805.33195201394
-0.0	0.0001714852207146629	-60886.23015000359
-0.0	-0.004705322735068897	-61396.849242082564
-0.0	-0.29622888314222134	-64050.069840186225
-0.0	-114.42708724660025	-74930.42336627122
-0.0	-2256.0427753662666	-108652.2601086283
-0.0	-27827.713472133564	-184106.84947389105
-0.0	-298106.6722216485	-298106.673359671
-0.0	-3396807.777536631	-398673.28990708356
-0.0	-18489347.852522366	-415570.85238533595
-0.0	-100629627.27650045	-294316.7380481663
-0.0	-784367313.6918788	-229131.68911061855
-0.0	-17462973597.275288	-13521.752064442726
-0.0	3120350586.539639	-10903.84543967204
-0.0	113025964.24700075	-336768.9517512207
-0.0	12938721.601209283	-648829.8074488422
-0.0	3523233.1712590717	-829947.6946795267
-0.0	795958.6038665917	-795958.6047672164
-0.0	65097.820975286035	-583306.5753000556
-0.0	5483.048840078785	-348239.7320743272
-0.0	379.8585186323263	-195378.6691411389
-0.0	16.530085615232622	-127537.65429474619
-0.0	0.015615974530812812	-105649.49298957014
-0.0	-0.00013136737249765635	-100268.37795853772
-0.0	5.404215461587453e-05	-99210.10992781464
-0.0	8.295602387103313e-05	-99035.07732927521
-0.0	3.175894885358145e-05	-99009.79732428656
-0.0	-9.072760263901976e-05	-99006.58303259988
-0.0	8.684772064108767e-05	-99006.23029295888
-0.0	-9.04509262846785e-05	-99006.19779379953
-0.0	6.104143964426632e-05	-99006.1953327794
-0.0	-1.7157773329568095e-05	-99006.19514527929
-0.0	-5.195741039917666e-06	-99006.19516550693
-0.0	-3.919883854179425e-06	-99006.1951577633
-0.0	-4.541750458352063e-05	-99006.19515384897
-0.0	3.5354931364703607e-06	-99006.19531119658
-0.0	0.0002019421264895705	-99006.19779052881
-0.0	-0.0001739043357606782	-99006.23031016525
-0.0	4.686176404601371e-05	-99006.58304031049
-0.0	0.0001059003010778346	-99009.7973217723
-0.0	-4.919921135910742e-05	-99035.07721817204
-0.0	5.9739180001858076e-05	-99210.10990160392
-0.0	-5.030769015153284e-05	-100268.37816965394
-0.0	-0.015611197084968515	-105649.49300155227
-0.0	-16.52995762024019	-127537.65431542789
-0.0	-379.8586027044129	-195378.66921183435
-0.0	-5483.049064527914	-348239.73211541807
-0.0	-65097.8205934983	-583306.5755790023
-0.0	-795958.6044598182	-795958.6052926194
-0.0	-3523233.17109864	-829947.6945949969
-0.0	-12938721.601284342	-648829.807497995
-0.0	-113025964.24717125	-336768.95174584934
-0.0	-3120350586.539297	-10903.845470355487
-0.0	426551960.27961266	-8248.561583514418
-0.0	13073245.02576053	-388766.61698038725
-0.0	2179892.0341145457	-747804.7409336278
-0.0	970744.5748604301	-970744.5749136242
-0.0	197095.27594627297	-881942.1470539074
-0.0	13702.240954503739	-632783.7158704307
-0.0	961.0659738501624	-369646.89224699436
-0.0	60.50537231377191	-201959.23743370874
-0.0	2.1542156744238823	-128353.62611972658
-0.0	0.0013740651482089018	-104779.61191070662
-0.0	-8.950883401170487e-05	-99004.18553343481
-0.0	-4.0375611007065756e-05	-97865.1463023931
-0.0	-3.286071766586675e-05	-97674.01351705939
-0.0	-4.926052550098553e-05	-97645.50616050458
-0.0	-6.476066145468059e-05	-97641.68191799683
-0.0	-3.4381402549275226e-05	-97641.2284856302
-0.0	-6.793099940353033e-05	-97641.18196528271
-0.0	-3.719115356379326e-05	-97641.17782944473
-0.0	-5.283869685938367e-05	-97641.17747712147
-0.0	-5.084779180150363e-05	-97641.17745329121
-0.0	-5.2275402876118334e-05	-97641.17745395232
-0.0	-5.9028341748112466e-05	-97641.1774808603
-0.0	-5.1605468414714905e-05	-97641.17782250018
-0.0	-1.5143747631998562e-05	-97641.18196689799
-0.0	-7.961424212821917e-05	-97641.22848611303
-0.0	-4.345218471497208e-05	-97641.68191768668
-0.0	-2.6452144382870006e-05	-97645.50615385488
-0.0	-5.891010323683408e-05	-97674.01349405837
-0.0	-4.2215059130021695e-05	-97865.14630503446
-0.0	-4.1840399774113545e-05	-99004.1855709586
-0.0	-0.0014753222774096094	-104779.61191070874
-0.0	-2.154293129508084	-128353.62611879026
-0.0	-60.50549164220237	-201959.23744131922
-0.0	-961.0661090085166	-369646.8922531071
-0.0	-13702.240988731792	-632783.7159196546
-0.0	-197095.27615917913	-881942.1471481053
-0.0	-970744.5749163841	-970744.5748987953
-0.0	-2179892.0342162666	-747804.7409421805
-0.0	-13073245.025860084	-388766.61697782954
-0.0	-426551960.27961355	-8248.56158934243
-0.0	43853543.61834975	-10168.853002287053
-0.0	1764155.0197613176	-368460.53965841484
-0.0	609334.7853609797	-609334.7853653592
-0.0	251684.77607066726	-749275.4415904098
-0.0	43500.488100330265	-703795.6390216231
-0.0	2335.147485264887	-511077.4440726412
-0.0	165.57524474324205	-304898.13865648943
-0.0	8.16865794426128	-171950.25980630482
-0.0	0.24291225114181692	-113146.53342488251
-0.0	0.0001416704021480219	-94178.66794938724
-0.0	-9.884708448051988e-06	-89487.06463666406
-0.0	-2.813141362292481e-06	-88546.15007882832
-0.0	-1.7148763947484201e-06	-88383.42372991578
-0.0	-4.241813658038228e-06	-88357.95448946895
-0.0	-6.2244177727166176e-06	-88354.30203941224
-0.0	-1.8916963363094729e-06	-88353.82958783163
-0.0	-6.798331854917751e-06	-88353.77485907923
-0.0	-2.479005590253848e-06	-88353.76892912583
-0.0	-4.739073456029329e-06	-88353.76824405625
-0.0	-4.291985838709458e-06	-88353.76815067294
-0.0	-4.436890954563335e-06	-88353.7681503793
-0.0	-5.3139328581070044e-06	-88353.76824458437
-0.0	-4.413060093877432e-06	-88353.76892848824
-0.0	7.297971237992522e-07	-88353.77485886027
-0.0	-8.059923141945746e-06	-88353.82958807501
-0.0	-3.6233569621886663e-06	-88354.30203961483
-0.0	-7.665385868571332e-07	-88357.95448831786
-0.0	-5.665908008943484e-06	-88383.4237272327
-0.0	-3.3894031963266712e-06	-88546.15007859694
-0.0	-2.9187052800564016e-06	-89487.06464185008
-0.0	-0.00015010130573563698	-94178.66794902617
-0.0	-0.24291748501993088	-113146.53342461225
-0.0	-8.168669565674962	-171950.25980767127
-0.0	-165.57525806756624	-304898.1386576118
-0.0	-2335.147484529103	-511077.4440798063
-0.0	-43500.4881263274	-703795.6390357775
-0.0	-251684.77607331987	-749275.4415875283
-0.0	-609334.7853703668	-609334.7853661141
-0.0	-1764155.0197701084	-368460.539658345
-0.0	-43853543.61834188	-10168.853002998132
-0.0	2976218.999794974	-9751.639155023586
-0.0	440505.31706995395	-440505.31706983474
-0.0	198432.77630387	-800030.6561387616
-0.0	55830.60281599941	-967715.1372389079
-0.0	7709.654958205443	-904170.4607705644
-0.0	490.2333551876343	-654792.4708190886
-0.0	26.263976220752134	-387958.2452023708
-0.0	1.0110127255669497	-215788.89261790088
-0.0	0.023938091841160983	-139565.86984670797
-0.0	1.2328539910283636e-05	-114945.99637587341
-0.0	-3.860838211886774e-07	-108837.45875234868
-0.0	4.0580823444912747e-07	-107603.58821417527
-0.0	5.601254273377605e-07	-107387.2844696213
-0.0	2.449439596861779e-07	-107352.7525845312
-0.0	5.987022496766007e-08	-107347.6878854528
-0.0	5.128420732354887e-07	-107347.01919718043
-0.0	-2.923350168995847e-09	-107346.94083119355
-0.0	4.570123507255017e-07	-107346.93239399705
-0.0	2.10410314950306e-07	-107346.93141883673
-0.0	2.708933348684559e-07	-107346.93126976347
-0.0	2.2995697998727207e-07	-107346.93126973756
-0.0	1.4721510415216525e-07	-107346.93141885349
-0.0	2.3442329065281692e-07	-107346.93239390549
-0.0	8.079694977923556e-07	-107346.94083123704
-0.0	-1.3863332430682202e-07	-107347.01919723015
-0.0	3.0717159427480515e-07	-107347.68788541346
-0.0	6.571390264603879e-07	-107352.75258442997
-0.0	1.1362254870542638e-07	-107387.28446927012
-0.0	3.424473304927219e-07	-107603.58821414973
-0.0	4.435800936690239e-07	-108837.45875288178
-0.0	-1.1802668271111655e-05	-114945.99637573486
-0.0	-0.02393716285284482	-139565.86984647182
-0.0	-1.0110125168612198	-215788.89261776418
-0.0	-26.263976156237096	-387958.24520225485
-0.0	-490.233353090447	-654792.4708197663
-0.0	-7709.654959871407	-904170.4607722105
-0.0	-55830.60281492174	-967715.1372382896
-0.0	-198432.77630344278	-800030.6561385988
-0.0	-440505.3170696966	-440505.3170695299
-0.0	-2976218.9997905004	-9751.639154796385
-0.0	-30821.940966729337	30821.940966678707
-0.0	168307.7535516363	-2716662.9976232983
-0.0	46942.14323471178	-4838801.221039647
-0.0	9798.517265019747	-5760504.045790491
-0.0	1072.8656390419121	-5162680.666974509
-0.0	50.6100038780855	-3574115.5221956572
-0.0	2.2900371844626197	-1994750.7151586865
-0.0	0.0772668500719372	-1013450.6732122807
-0.0	0.001576323389599582	-589684.9379653462
-0.0	7.076452220862092e-07	-455261.20961669623
-0.0	-6.134753602441005e-08	-422331.3221367117
-0.0	7.901730562976971e-09	-415711.94370228355
-0.0	2.383191821824462e-08	-414541.6519822341
-0.0	-9.035024809255551e-09	-414351.4446061401
-0.0	-1.852021837607318e-08	-414324.08515426546
-0.0	1.844027424509153e-08	-414321.31617230107
-0.0	-2.794856668887756e-08	-414321.41084031266
-0.0	1.1207457475187898e-08	-414321.5637208495
-0.0	-5.334905084234668e-09	-414321.6161963247
-0.0	-5.5895380575619726e-09	-414321.6286524348
-0.0	-5.534540988963502e-09	-414321.6286524551
-0.0	-1.467148743054176e-08	-414321.61619637575
-0.0	-4.488572539695269e-09	-414321.5637209024
-0.0	4.1108953057606885e-08	-414321.41084038233
-0.0	-3.364630243792656e-08	-414321.31617236545
-0.0	-3.818256351446698e-09	-414324.0851542751
-0.0	3.719505671923689e-08	-414351.44460605725
-0.0	-1.7870399777076353e-08	-414541.6519820366
-0.0	4.9752696800717006e-11	-415711.9437019998
-0.0	1.2994570245939578e-08	-422331.32213627547
-0.0	-7.108659487040292e-07	-455261.2096158039
-0.0	-0.0015762927877147536	-589684.93796392
-0.0	-0.07726689623253812	-1013450.6732104026
-0.0	-2.290037290951489	-1994750.7151565442
-0.0	-50.61000363305342	-3574115.5221935757
-0.0	-1072.865639511108	-5162680.666972639
-0.0	-9798.517264976708	-5760504.045788108
-0.0	-46942.14323469625	-4838801.221037465
-0.0	-168307.75355161316	-2716662.9976213616
-0.0	30821.940968225437	30821.940968115116
