1600
-0.0	3.016541508931076e+27	3.0165415089241547e+27
-0.0	1.0674649194946921e+27	2.131747905949514e+28
-0.0	-1.8456234463618035e+27	3.4515204830770544e+28
-0.0	3.3290024044042005e+26	4.054598810116552e+28
-0.0	-5.0221322554561724e+26	4.859669450273393e+28
-0.0	1.562772688542789e+26	5.219247779992023e+28
-0.0	-5.6220418324066605e+25	5.419491620200314e+28
-0.0	2.3836313537092742e+25	5.428561981355221e+28
-0.0	-1.5649167282022514e+25	5.455934780300751e+28
-0.0	1.009065208799402e+25	5.451624742150743e+28
-0.0	-2.6619723931477255e+24	5.459258824625034e+28
-0.0	-1.4298105806285372e+24	5.456462389051887e+28
-0.0	3.3976224943379697e+24	5.45503126235224e+28
-0.0	-2.252301471885774e+24	5.4532618195410526e+28
-0.0	1.0641977295058451e+24	5.452286525447825e+28
-0.0	-7.035252547266348e+23	5.451986919611509e+28
-0.0	1.0524545036041672e+23	5.451905689920537e+28
-0.0	-2.4305382532304e+23	5.451950692309551e+28
-0.0	9.993023462123221e+22	5.451938697220838e+28
-0.0	-6.383680274066781e+22	5.451955287459827e+28
-0.0	6.383680590573121e+22	5.451955287459797e+28
-0.0	-9.993023128558252e+22	5.451938697220771e+28
-0.0	2.4305382811770892e+23	5.451950692309521e+28
-0.0	-1.0524544752814842e+23	5.45190568992061e+28
-0.0	7.035252578917232e+23	5.451986919611638e+28
-0.0	-1.0641977260481272e+24	5.452286525447836e+28
-0.0	2.252301474487508e+24	5.4532618195409875e+28
-0.0	-3.397622491388194e+24	5.455031262352091e+28
-0.0	1.4298105835434727e+24	5.456462389051882e+28
-0.0	2.661972396854768e+24	5.459258824625225e+28
-0.0	-1.0090652084785595e+25	5.451624742150842e+28
-0.0	1.5649167284359754e+25	5.455934780300721e+28
-0.0	-2.3836313533292697e+25	5.42856198135504e+28
-0.0	5.622041832742601e+25	5.419491620199996e+28
-0.0	-1.5627726885248296e+26	5.219247779992009e+28
-0.0	5.022132255511188e+26	4.859669450273882e+28
-0.0	-3.329002404392598e+26	4.054598810116965e+28
-0.0	1.8456234463641614e+27	3.4515204830771542e+28
-0.0	-1.067464919493199e+27	2.131747905949214e+28
-0.0	-3.0165415089291767e+27	3.016541508922356e+27
-0.0	2.2737308624468285e+28	-1.0295942771847145e+27
-0.0	-1.7156591402676057e+29	-2.3627536444309128e+30
-0.0	-1.0835642657714446e+28	-7.739303931457013e+29
-0.0	-8.15931144066588e+27	-3.456078969445467e+30
-0.0	2.6652279854188057e+27	-3.1337508753671535e+30
-0.0	-4.660787831605569e+26	-3.143820933027881e+30
-0.0	4.515756466699327e+25	-3.410051506919811e+30
-0.0	2.0658823199850087e+26	-3.190636456007533e+30
-0.0	-1.2758213318946939e+26	-3.354018908381623e+30
-0.0	5.493941574981476e+25	-3.279091135059808e+30
-0.0	-5.14745705979652e+25	-3.3128375333160137e+30
-0.0	1.5014156438141785e+25	-3.296721788745653e+30
-0.0	-2.0927151144134247e+25	-3.3030608583487247e+30
-0.0	4.847987081582831e+24	-3.298925600301311e+30
-0.0	-1.7920860904132586e+24	-3.2997164118490874e+30
-0.0	2.537963609679356e+23	-3.2995132917060457e+30
-0.0	1.6257962892703005e+23	-3.299493157119012e+30
-0.0	-2.9739133459491064e+23	-3.2995563549996426e+30
-0.0	4.485016614043866e+23	-3.2994859296267726e+30
-0.0	-3.3527702645419825e+23	-3.299539620544083e+30
-0.0	3.352770272652711e+23	-3.2995396205440723e+30
-0.0	-4.485016605157958e+23	-3.299485929626798e+30
-0.0	2.973913358815334e+23	-3.299556354999439e+30
-0.0	-1.6257962818700242e+23	-3.2994931571191526e+30
-0.0	-2.5379636036049888e+23	-3.299513291706279e+30
-0.0	1.7920860911414336e+24	-3.299716411848924e+30
-0.0	-4.847987079660197e+24	-3.298925600301387e+30
-0.0	2.092715114501145e+25	-3.303060858348514e+30
-0.0	-1.5014156436352942e+25	-3.2967217887456815e+30
-0.0	5.147457059763383e+25	-3.3128375333162456e+30
-0.0	-5.49394157492933e+25	-3.27909113505983e+30
-0.0	1.2758213319184392e+26	-3.3540189083813623e+30
-0.0	-2.065882319987948e+26	-3.1906364560080275e+30
-0.0	-4.515756466319357e+25	-3.4100515069193805e+30
-0.0	4.660787831592559e+26	-3.143820933026629e+30
-0.0	-2.6652279854325914e+27	-3.1337508753681826e+30
-0.0	8.159311440666068e+27	-3.4560789694459407e+30
-0.0	1.0835642657717257e+28	-7.739303931457876e+29
-0.0	1.7156591402671236e+29	-2.3627536444296563e+30
-0.0	-2.2737308624465136e+28	-1.0295942771843569e+27
-0.0	2.2973856469558203e+28	4.95500454877403e+26
-0.0	-1.6325381359385261e+28	-7.400588435384106e+29
-0.0	5.577073843239528e+27	3.1454557210469083e+29
-0.0	-9.257572854271169e+26	-1.3516661513501777e+29
-0.0	8.672001788476015e+26	2.311068595169553e+29
-0.0	-3.186348231370773e+26	2.7753149820571815e+28
-0.0	1.5605184733224465e+26	7.7352103056374385e+28
-0.0	-1.0264496380735924e+26	5.699677478531339e+28
-0.0	5.219520252660456e+25	6.702074842978833e+28
-0.0	-2.0527203817135985e+25	6.199288962948333e+28
-0.0	8.557305322578481e+24	6.37786696103557e+28
-0.0	6.209758740106619e+23	6.399644769394734e+28
-0.0	-9.93960550836168e+23	6.301339306781287e+28
-0.0	1.2202884510771701e+24	6.394843329036261e+28
-0.0	-7.075071363278803e+23	6.340939097915377e+28
-0.0	3.5692129346476176e+23	6.3691832240473045e+28
-0.0	-1.3720623661850415e+23	6.356177836892657e+28
-0.0	5.263129523708647e+22	6.361816766987021e+28
-0.0	-3.407716845600128e+21	6.358001528998926e+28
-0.0	-1.3493808507323022e+22	6.35925958330991e+28
-0.0	1.3493812108855632e+22	6.3592595833102195e+28
-0.0	3.4077195189089274e+21	6.358001528997992e+28
-0.0	-5.263129094664195e+22	6.361816766983718e+28
-0.0	1.3720624106204587e+23	6.356177836894419e+28
-0.0	-3.569212903130243e+23	6.36918322404941e+28
-0.0	7.075071388794324e+23	6.340939097914712e+28
-0.0	-1.220288445928258e+24	6.394843329036317e+28
-0.0	9.939605547290051e+23	6.3013393067795575e+28
-0.0	-6.209758701431468e+23	6.399644769394611e+28
-0.0	-8.557305320723313e+24	6.377866961037889e+28
-0.0	2.0527203820219415e+25	6.199288962947453e+28
-0.0	-5.2195202521082916e+25	6.7020748429781045e+28
-0.0	1.0264496380920793e+26	5.699677478537076e+28
-0.0	-1.5605184732844e+26	7.7352103056329885e+28
-0.0	3.186348231428163e+26	2.775314982049544e+28
-0.0	-8.672001788539483e+26	2.311068595170683e+29
-0.0	9.25757285433067e+26	-1.3516661513497681e+29
-0.0	-5.577073843239506e+27	3.1454557210472063e+29
-0.0	1.6325381359381182e+28	-7.4005884353847e+29
-0.0	-2.297385646955727e+28	4.9550045487722785e+26
-0.0	1.7095542093118912e+28	-1.4394820133837582e+26
-0.0	-4.61108371194852e+27	-3.142024893449323e+30
-0.0	2.963126244612313e+27	-1.2939831710127363e+29
-0.0	1.1614583171430345e+26	-6.671731500183798e+29
-0.0	1.3032258045906185e+27	-6.90290989821901e+29
-0.0	-5.4317997892006834e+26	-6.2231273164105784e+29
-0.0	5.171625686623621e+26	-7.309515747448613e+29
-0.0	-3.564815546251028e+26	-6.251440991529682e+29
-0.0	2.1022668960534093e+26	-6.92471172985396e+29
-0.0	-8.836555971128307e+25	-6.605788798933135e+29
-0.0	5.601675738297907e+25	-6.752828037698489e+29
-0.0	-2.8670869463827386e+24	-6.684037356136562e+29
-0.0	7.190142387933503e+24	-6.709318660896058e+29
-0.0	6.697447902811735e+24	-6.694199129483909e+29
-0.0	-3.7370193974167e+24	-6.69285121155457e+29
-0.0	2.505654369349387e+24	-6.694210497914407e+29
-0.0	-9.676427159144625e+23	-6.6931213800097e+29
-0.0	9.094675415250431e+23	-6.693843957271737e+29
-0.0	-5.966879176203332e+23	-6.693281275984246e+29
-0.0	3.763553994365103e+23	-6.693615755099067e+29
-0.0	-3.763554005553562e+23	-6.693615755098997e+29
-0.0	5.966879158725126e+23	-6.693281275984538e+29
-0.0	-9.094675398466126e+23	-6.693843957270897e+29
-0.0	9.676427163333086e+23	-6.693121380010195e+29
-0.0	-2.5056543690637306e+24	-6.694210497915231e+29
-0.0	3.737019394728633e+24	-6.692851211553918e+29
-0.0	-6.697447899565975e+24	-6.694199129484257e+29
-0.0	-7.190142386571026e+24	-6.709318660895294e+29
-0.0	2.867086945834476e+24	-6.68403735613654e+29
-0.0	-5.601675738669708e+25	-6.752828037699351e+29
-0.0	8.8365559709879e+25	-6.6057887989331e+29
-0.0	-2.1022668960081448e+26	-6.924711729853398e+29
-0.0	3.564815546195733e+26	-6.2514409915312026e+29
-0.0	-5.171625686584188e+26	-7.309515747447878e+29
-0.0	5.431799789220446e+26	-6.223127316407572e+29
-0.0	-1.3032258046099012e+27	-6.902909898221912e+29
-0.0	-1.1614583170304768e+26	-6.671731500184272e+29
-0.0	-2.9631262446135896e+27	-1.2939831710128189e+29
-0.0	4.611083711947129e+27	-3.1420248934488275e+30
-0.0	-1.709554209311764e+28	-1.439482013382721e+26
-0.0	4.0818896657141433e+27	2.9536609379716424e+25
-0.0	1.1109016766688847e+28	-2.632924587092293e+30
-0.0	-3.12186958805676e+27	2.0133094170471233e+29
-0.0	7.591179095077182e+26	-6.392706257281039e+29
-0.0	1.9278562226541564e+26	-4.024421897017108e+29
-0.0	-3.9258780876453965e+26	-4.815022833872693e+29
-0.0	2.4556050714177853e+26	-5.168517535690901e+29
-0.0	-2.8230763567648385e+26	-4.652441231741346e+29
-0.0	1.7321081543642788e+26	-5.060724683270479e+29
-0.0	-6.435740247134141e+25	-4.881466429611043e+29
-0.0	5.474207249944767e+25	-4.9626114951415316e+29
-0.0	7.471248196803572e+23	-4.920906507715261e+29
-0.0	4.7047650357405937e+24	-4.9408355559371724e+29
-0.0	6.084777134399791e+24	-4.927576711711786e+29
-0.0	-3.3522924569419344e+24	-4.92897459694896e+29
-0.0	2.3009328335473556e+24	-4.9287012699935166e+29
-0.0	-8.941074156682799e+23	-4.928523269604521e+29
-0.0	8.967067986411885e+23	-4.9287596307771135e+29
-0.0	-5.9541246983401335e+23	-4.928544826562625e+29
-0.0	3.9706719505409564e+23	-4.92870884871453e+29
-0.0	-3.9706719534491325e+23	-4.9287088487144626e+29
-0.0	5.9541246890174043e+23	-4.928544826562807e+29
-0.0	-8.967067973619279e+23	-4.928759630776662e+29
-0.0	8.941074160969604e+23	-4.928523269604924e+29
-0.0	-2.3009328329098305e+24	-4.9287012699938685e+29
-0.0	3.352292455473542e+24	-4.928974596948515e+29
-0.0	-6.084777132726764e+24	-4.9275767117120465e+29
-0.0	-4.7047650345972546e+24	-4.940835555936757e+29
-0.0	-7.471248198482825e+23	-4.920906507715347e+29
-0.0	-5.474207250108483e+25	-4.962611495142046e+29
-0.0	6.435740247059666e+25	-4.8814664296109395e+29
-0.0	-1.7321081543344775e+26	-5.0607246832700924e+29
-0.0	2.823076356732325e+26	-4.652441231742335e+29
-0.0	-2.4556050713929452e+26	-5.168517535690399e+29
-0.0	3.925878087655977e+26	-4.815022833870841e+29
-0.0	-1.92785622275861e+26	-4.0244218970182535e+29
-0.0	-7.591179094986893e+26	-6.392706257281261e+29
-0.0	3.121869588057179e+27	2.013309417047199e+29
-0.0	-1.1109016766682302e+28	-2.6329245870919687e+30
-0.0	-4.0818896657139245e+27	2.953660937973057e+25
-0.0	-4.97446498860422e+27	-1.3828041378499422e+25
-0.0	1.1770803810544446e+28	-2.3945448804848277e+30
-0.0	-2.4162285809944553e+27	2.6929541018833284e+28
-0.0	-2.28939533985724e+26	-5.288491151530139e+29
-0.0	9.266735542248059e+26	-4.35449354389388e+29
-0.0	-2.848341873375592e+26	-3.950915680863466e+29
-0.0	1.1426331737074778e+26	-4.5669550538392545e+29
-0.0	-3.5500722161595095e+25	-4.0133353716168424e+29
-0.0	6.306005152991455e+25	-4.4713343834573995e+29
-0.0	-2.4704583153820377e+25	-4.245161193278113e+29
-0.0	1.7302071273435349e+25	-4.342433251137624e+29
-0.0	4.7343498520432453e+24	-4.2981987240444994e+29
-0.0	-9.192480063218289e+24	-4.312829306483653e+29
-0.0	6.937657037694713e+24	-4.301566241817404e+29
-0.0	-3.3317532206773166e+24	-4.301326950172365e+29
-0.0	2.0500134983049318e+24	-4.301812844025236e+29
-0.0	-5.6218369105090356e+23	-4.301337134215048e+29
-0.0	6.966249669186002e+23	-4.301674788511236e+29
-0.0	-2.9523944284237117e+23	-4.30138448649282e+29
-0.0	1.770777122836948e+23	-4.301632878633394e+29
-0.0	-1.7707771457654266e+23	-4.30163287863351e+29
-0.0	2.9523944078427764e+23	-4.301384486492933e+29
-0.0	-6.966249681744348e+23	-4.301674788510632e+29
-0.0	5.621836887959157e+23	-4.301337134215383e+29
-0.0	-2.0500134994129652e+24	-4.301812844025692e+29
-0.0	3.331753217852744e+24	-4.301326950171907e+29
-0.0	-6.937657038805786e+24	-4.3015662418177764e+29
-0.0	9.192480062127311e+24	-4.3128293064830585e+29
-0.0	-4.73434985457865e+24	-4.2981987240443326e+29
-0.0	-1.7302071276062726e+25	-4.3424332511382235e+29
-0.0	2.47045831516394e+25	-4.2451611932781526e+29
-0.0	-6.306005153055375e+25	-4.4713343834570885e+29
-0.0	3.5500722157725536e+25	-4.013335371617859e+29
-0.0	-1.1426331736981057e+26	-4.5669550538385e+29
-0.0	2.8483418733501473e+26	-3.95091568086107e+29
-0.0	-9.266735542345954e+26	-4.354493543895979e+29
-0.0	2.2893953399083773e+26	-5.28849115153079e+29
-0.0	2.4162285809917398e+27	2.692954101883141e+28
-0.0	-1.1770803810538148e+28	-2.394544880484442e+30
-0.0	4.974464988603314e+27	-1.3828041378541308e+25
-0.0	-8.393408562228587e+27	8.105246328567043e+24
-0.0	1.2272855675992179e+28	-2.2664507367477237e+30
-0.0	-7.155505738813e+26	6.188298110047274e+28
-0.0	-9.396870398917398e+26	-5.446506389480848e+29
-0.0	1.568356908518056e+27	-4.0800102025874496e+29
-0.0	-3.655524529409093e+26	-4.020479527065896e+29
-0.0	3.500313659102194e+25	-4.5654350676252554e+29
-0.0	3.81096800946386e+25	-4.064417156074848e+29
-0.0	-5.0311562307281766e+23	-4.498612443295483e+29
-0.0	-1.7572259340492743e+25	-4.302684280421698e+29
-0.0	4.0946455977243676e+24	-4.387433506860152e+29
-0.0	6.505875383090559e+24	-4.3494601546237335e+29
-0.0	-1.7464111206256077e+25	-4.362106728989919e+29
-0.0	8.531591214682795e+24	-4.349854587671113e+29
-0.0	-3.631031979546511e+24	-4.350523118399139e+29
-0.0	2.258934039421241e+24	-4.3505854513395295e+29
-0.0	-2.973268419864868e+23	-4.350337068125741e+29
-0.0	7.663766745909694e+23	-4.350539099528533e+29
-0.0	-1.8793223338266884e+23	-4.350283365979644e+29
-0.0	9.42210794253291e+22	-4.350503602924222e+29
-0.0	-9.422107975928574e+22	-4.3505036029242364e+29
-0.0	1.8793223337793448e+23	-4.350283365979709e+29
-0.0	-7.663766741145426e+23	-4.350539099528091e+29
-0.0	2.9732684134744572e+23	-4.3503370681260114e+29
-0.0	-2.2589340386138717e+24	-4.3505854513399116e+29
-0.0	3.631031978673727e+24	-4.3505231183987604e+29
-0.0	-8.531591213927513e+24	-4.34985458767139e+29
-0.0	1.746411120712215e+25	-4.362106728989573e+29
-0.0	-6.505875383960411e+24	-4.349460154623753e+29
-0.0	-4.094645598316413e+24	-4.387433506860646e+29
-0.0	1.7572259340337572e+25	-4.302684280421605e+29
-0.0	5.0311562412627147e+23	-4.4986124432951226e+29
-0.0	-3.810968009663584e+25	-4.064417156075746e+29
-0.0	-3.500313658770353e+25	-4.565435067624485e+29
-0.0	3.655524529398056e+26	-4.02047952706388e+29
-0.0	-1.5683569085259986e+27	-4.080010202589069e+29
-0.0	9.39687039899942e+26	-5.446506389481341e+29
-0.0	7.155505738790224e+26	6.188298110047202e+28
-0.0	-1.2272855675977584e+28	-2.26645073674734e+30
-0.0	8.393408562226609e+27	8.105246328552351e+24
-0.0	-8.640919256497871e+27	-2.705296111251034e+24
-0.0	1.0848623001358638e+28	-1.795289044509856e+30
-0.0	5.445945031474634e+26	4.218930703208771e+28
-0.0	-1.2581689786205628e+27	-3.99640034414636e+29
-0.0	1.9864735479386097e+27	-3.1106647576953396e+29
-0.0	-4.163779862525269e+26	-3.0183463366808696e+29
-0.0	5.2891666160230635e+25	-3.458296889400801e+29
-0.0	7.366548123888062e+25	-3.0489807407629777e+29
-0.0	-8.166145926299841e+24	-3.400150478169742e+29
-0.0	-1.9092099588630297e+25	-3.237559340297536e+29
-0.0	-3.4734640918362546e+24	-3.305325060798478e+29
-0.0	6.065767441520179e+24	-3.273556333697735e+29
-0.0	-2.1253371773456334e+25	-3.282819540131571e+29
-0.0	9.525926497338018e+24	-3.273616513740515e+29
-0.0	-3.8052108445393937e+24	-3.27434289609604e+29
-0.0	2.556556007202581e+24	-3.274383859451679e+29
-0.0	-7.682373031647072e+22	-3.2741541770963344e+29
-0.0	9.137440021061172e+23	-3.2743415153515156e+29
-0.0	-2.1197849235193986e+23	-3.274132915653681e+29
-0.0	1.0043027247859085e+23	-3.274312632390262e+29
-0.0	-1.0043027320741091e+23	-3.2743126323903085e+29
-0.0	2.1197849170402663e+23	-3.274132915653767e+29
-0.0	-9.137440019939839e+23	-3.2743415153512025e+29
-0.0	7.68237293289318e+22	-3.274154177096515e+29
-0.0	-2.556556007014241e+24	-3.274383859452004e+29
-0.0	3.805210843156251e+24	-3.27434289609577e+29
-0.0	-9.52592649694563e+24	-3.273616513740748e+29
-0.0	2.1253371773864313e+25	-3.2828195401312804e+29
-0.0	-6.065767442753769e+24	-3.2735563336978144e+29
-0.0	3.4734640907508884e+24	-3.305325060798808e+29
-0.0	1.909209958794562e+25	-3.237559340297432e+29
-0.0	8.166145927002923e+24	-3.400150478169518e+29
-0.0	-7.3665481241606e+25	-3.048980740763585e+29
-0.0	-5.289166615731484e+25	-3.458296889400531e+29
-0.0	4.1637798625127244e+26	-3.0183463366795076e+29
-0.0	-1.9864735479478965e+27	-3.1106647576965432e+29
-0.0	1.258168978628315e+27	-3.996400344146611e+29
-0.0	-5.445945031514319e+26	4.218930703208624e+28
-0.0	-1.0848623001347702e+28	-1.7952890445096455e+30
-0.0	8.640919256495255e+27	-2.7052961112732143e+24
-0.0	-8.365171974548005e+27	1.66841637704862e+24
-0.0	1.2113024799949561e+28	-1.5265600233335176e+30
-0.0	3.5065055496350196e+26	4.263807206656323e+28
-0.0	-1.2332901177252986e+27	-3.612350227190802e+29
-0.0	2.0780604093381215e+27	-2.7348450998297523e+29
-0.0	-4.414711797871344e+26	-2.7466356296904274e+29
-0.0	8.148886582422892e+25	-3.120495400513488e+29
-0.0	5.0662266215591565e+25	-2.7789136579883435e+29
-0.0	8.496233108103205e+24	-3.07944978774911e+29
-0.0	-2.7878595366514468e+25	-2.9464745915112873e+29
-0.0	-6.941027578073717e+23	-3.0036238937508332e+29
-0.0	7.136331250762288e+24	-2.9771211845374218e+29
-0.0	-2.113044605438266e+25	-2.9857793723747363e+29
-0.0	9.7170631819132e+24	-2.977979049620596e+29
-0.0	-4.6115533543683807e+24	-2.978694699567397e+29
-0.0	2.5686971893756664e+24	-2.978683257562875e+29
-0.0	-1.1273817601069028e+23	-2.9785182068799743e+29
-0.0	9.045528362490496e+23	-2.9786817107349563e+29
-0.0	-2.8142878259335008e+23	-2.9785018653980298e+29
-0.0	1.3710133272558818e+23	-2.978640708470686e+29
-0.0	-1.3710133299030976e+23	-2.978640708470654e+29
-0.0	2.814287823533906e+23	-2.9785018653981054e+29
-0.0	-9.04552835492299e+23	-2.9786817107347677e+29
-0.0	1.127381755786028e+23	-2.978518206880189e+29
-0.0	-2.5686971886047466e+24	-2.9786832575631264e+29
-0.0	4.6115533534099357e+24	-2.978694699567188e+29
-0.0	-9.717063180878934e+24	-2.9779790496207766e+29
-0.0	2.1130446055377814e+25	-2.9857793723745325e+29
-0.0	-7.136331251566496e+24	-2.9771211845374985e+29
-0.0	6.941027571505643e+23	-3.003623893751172e+29
-0.0	2.7878595366257526e+25	-2.9464745915112585e+29
-0.0	-8.496233106594341e+24	-3.0794497877489183e+29
-0.0	-5.066226621820208e+25	-2.7789136579888403e+29
-0.0	-8.148886582056008e+25	-3.1204954005132286e+29
-0.0	4.4147117978631455e+26	-2.746635629689282e+29
-0.0	-2.0780604093476108e+27	-2.734845099830693e+29
-0.0	1.2332901177346798e+27	-3.612350227191009e+29
-0.0	-3.5065055496635313e+26	4.263807206656299e+28
-0.0	-1.2113024799935648e+28	-1.5265600233333248e+30
-0.0	8.365171974545774e+27	1.66841637700981e+24
-0.0	-8.018711950891365e+27	-1.2792265365792882e+24
-0.0	1.2098393299411989e+28	-1.1482415705039887e+30
-0.0	1.1359462871333223e+26	3.3251538605679664e+28
-0.0	-1.0817814631312938e+27	-2.696744871378037e+29
-0.0	1.91676068851832e+27	-2.031663458444226e+29
-0.0	-4.250301131866266e+26	-2.037034102444651e+29
-0.0	8.555207511564306e+25	-2.3195734053380735e+29
-0.0	3.5012281020128136e+25	-2.0597104646472094e+29
-0.0	1.0077762825868852e+25	-2.2879677233805445e+29
-0.0	-3.0340808759598283e+25	-2.1883614940208062e+29
-0.0	8.040612584726261e+23	-2.2307419379444227e+29
-0.0	5.321389031239206e+24	-2.2105178520517822e+29
-0.0	-1.918818757292165e+25	-2.2169494540215576e+29
-0.0	9.358197759977574e+24	-2.2109250592963796e+29
-0.0	-4.2993497127183907e+24	-2.2113744486145082e+29
-0.0	2.680317509802923e+24	-2.2113617584048027e+29
-0.0	-6.997959512033769e+22	-2.211255357662774e+29
-0.0	8.641303838193077e+23	-2.2113865313561646e+29
-0.0	-2.8892722403742616e+23	-2.2112448666823697e+29
-0.0	1.4335197392685465e+23	-2.211356093090127e+29
-0.0	-1.4335197413190165e+23	-2.21135609309007e+29
-0.0	2.8892722376933833e+23	-2.211244866682442e+29
-0.0	-8.641303830021901e+23	-2.2113865313560386e+29
-0.0	6.9979594807755084e+22	-2.211255357662934e+29
-0.0	-2.6803175091116804e+24	-2.21136175840494e+29
-0.0	4.2993497118084197e+24	-2.2113744486143573e+29
-0.0	-9.358197758898144e+24	-2.2109250592965372e+29
-0.0	1.9188187573885145e+25	-2.2169494540214218e+29
-0.0	-5.321389031976962e+24	-2.210517852051886e+29
-0.0	-8.040612591360352e+23	-2.2307419379446715e+29
-0.0	3.034080875935894e+25	-2.1883614940207967e+29
-0.0	-1.0077762824362743e+25	-2.287967723380404e+29
-0.0	-3.501228102263959e+25	-2.0597104646475457e+29
-0.0	-8.555207511216568e+25	-2.3195734053378402e+29
-0.0	4.2503011318589863e+26	-2.037034102443822e+29
-0.0	-1.9167606885273596e+27	-2.0316634584449192e+29
-0.0	1.0817814631403013e+27	-2.6967448713782046e+29
-0.0	-1.1359462871587298e+26	3.325153860567972e+28
-0.0	-1.2098393299398933e+28	-1.1482415705038333e+30
-0.0	8.018711950889694e+27	-1.2792265366166812e+24
-0.0	-7.410102535762118e+27	2.3880918351229723e+23
-0.0	1.1653990349694758e+28	-8.330675421220337e+29
-0.0	-1.6900119049194502e+26	2.71286872884919e+28
-0.0	-9.172987128325448e+26	-2.0148482214815506e+29
-0.0	1.6687090428784474e+27	-1.4826765358814112e+29
-0.0	-3.923134314393369e+26	-1.5206309713143142e+29
-0.0	8.575363035213207e+25	-1.7179964004468266e+29
-0.0	1.9417345299048672e+25	-1.5314075694456929e+29
-0.0	1.6583197262809981e+25	-1.6957395227492922e+29
-0.0	-2.7987481184663322e+25	-1.6242879914151404e+29
-0.0	3.186205937645358e+24	-1.654353607863553e+29
-0.0	4.8137622919207827e+24	-1.6400069369392387e+29
-0.0	-1.608884498837117e+25	-1.644852452740423e+29
-0.0	8.553789998804516e+24	-1.6404477279779124e+29
-0.0	-3.7106096186170357e+24	-1.640873075744285e+29
-0.0	2.433659386480226e+24	-1.6408123021287214e+29
-0.0	-1.2086794951220709e+23	-1.6407513686598127e+29
-0.0	7.816248927244475e+23	-1.640832084842137e+29
-0.0	-2.7126552752629747e+23	-1.64073198133732e+29
-0.0	1.5072163335065475e+23	-1.640811458774365e+29
-0.0	-1.5072163333492772e+23	-1.640811458774345e+29
-0.0	2.7126552749589792e+23	-1.6407319813373636e+29
-0.0	-7.816248917880292e+23	-1.6408320848420113e+29
-0.0	1.2086794948037385e+23	-1.6407513686599136e+29
-0.0	-2.433659385626235e+24	-1.6408123021288892e+29
-0.0	3.710609617910879e+24	-1.6408730757441652e+29
-0.0	-8.553789997472129e+24	-1.6404477279780292e+29
-0.0	1.6088844989493565e+25	-1.644852452740352e+29
-0.0	-4.8137622923583013e+24	-1.640006936939286e+29
-0.0	-3.1862059380018074e+24	-1.6543536078637747e+29
-0.0	2.79874811846653e+25	-1.624287991415143e+29
-0.0	-1.658319726112035e+25	-1.6957395227492117e+29
-0.0	-1.941734530107853e+25	-1.5314075694459471e+29
-0.0	-8.575363034871774e+25	-1.7179964004466556e+29
-0.0	3.923134314390462e+26	-1.5206309713137421e+29
-0.0	-1.6687090428865967e+27	-1.4826765358819286e+29
-0.0	9.172987128411259e+26	-2.0148482214817223e+29
-0.0	1.6900119049018632e+26	2.7128687288492096e+28
-0.0	-1.1653990349682154e+28	-8.330675421219235e+29
-0.0	7.41010253576081e+27	2.3880918348021527e+23
-0.0	-6.359311664875363e+27	1.6019114209241317e+23
-0.0	1.029640392133185e+28	-5.4465967255791255e+29
-0.0	-3.0814423415741508e+26	2.0039026811098184e+28
-0.0	-7.113307361584708e+26	-1.3441443870068411e+29
-0.0	1.356964611012812e+27	-9.665782587616068e+28
-0.0	-3.320148352773499e+26	-1.012325619104796e+29
-0.0	7.239610111881503e+25	-1.137562124650125e+29
-0.0	7.610857460758457e+24	-1.0162452700921388e+29
-0.0	1.7726269881719304e+25	-1.1228869441848085e+29
-0.0	-2.5177806811078625e+25	-1.0767266433835783e+29
-0.0	3.0783281462946266e+24	-1.0961259299048358e+29
-0.0	3.423096478413002e+24	-1.086846349980829e+29
-0.0	-1.3326362319812126e+25	-1.0900198453639845e+29
-0.0	6.948134278145246e+24	-1.0870778227497602e+29
-0.0	-3.156502944917805e+24	-1.0873869293283234e+29
-0.0	1.9532872174796567e+24	-1.087314175933637e+29
-0.0	-1.3378749686204782e+23	-1.087283586434809e+29
-0.0	6.57271545521901e+23	-1.0873310948516523e+29
-0.0	-2.4041852757307262e+23	-1.087271941735986e+29
-0.0	1.3770351407998562e+23	-1.0873234379030967e+29
-0.0	-1.377035130381831e+23	-1.0873234379030983e+29
-0.0	2.4041852868732743e+23	-1.0872719417360335e+29
-0.0	-6.57271543713488e+23	-1.0873310948515849e+29
-0.0	1.3378749776496916e+23	-1.0872835864348823e+29
-0.0	-1.9532872157380912e+24	-1.0873141759337352e+29
-0.0	3.156502945433014e+24	-1.0873869293282569e+29
-0.0	-6.948134275904919e+24	-1.087077822749852e+29
-0.0	1.3326362321812992e+25	-1.0900198453639093e+29
-0.0	-3.4230964776765173e+24	-1.0868463499808734e+29
-0.0	-3.0783281456037854e+24	-1.0961259299049611e+29
-0.0	2.5177806812107772e+25	-1.0767266433835776e+29
-0.0	-1.7726269879209224e+25	-1.1228869441847288e+29
-0.0	-7.610857461449422e+24	-1.0162452700923165e+29
-0.0	-7.239610111490814e+25	-1.1375621246500152e+29
-0.0	3.3201483527803346e+26	-1.012325619104392e+29
-0.0	-1.3569646110186864e+27	-9.665782587619713e+28
-0.0	7.113307361671742e+26	-1.3441443870069115e+29
-0.0	3.0814423415676018e+26	2.0039026811098263e+28
-0.0	-1.0296403921318208e+28	-5.446596725578497e+29
-0.0	6.359311664874334e+27	1.601911420622967e+23
-0.0	-4.962117161031613e+27	-2.7347404008480284e+23
-0.0	8.37186005577301e+27	-3.1659492923499195e+29
-0.0	-3.9644752513980255e+26	1.340274768426776e+28
-0.0	-4.899180973507666e+26	-8.09705352925117e+28
-0.0	9.931880500415999e+26	-5.6337624588529515e+28
-0.0	-2.5445678164672013e+26	-6.079975160245748e+28
-0.0	5.7970684681388145e+25	-6.7679519023188025e+28
-0.0	-1.644634384941407e+24	-6.072005850540244e+28
-0.0	1.6870800279476676e+25	-6.684864918419335e+28
-0.0	-2.024469256661074e+25	-6.422347142496408e+28
-0.0	3.78240440004635e+24	-6.532158271173733e+28
-0.0	2.817260584761794e+24	-6.478740085035456e+28
-0.0	-9.484586792286495e+24	-6.49768851813065e+28
-0.0	5.314461866705935e+24	-6.479829849937706e+28
-0.0	-2.3074706700885153e+24	-6.482028535210802e+28
-0.0	1.5164052126681205e+24	-6.4814429429596496e+28
-0.0	-8.245348871808497e+22	-6.481317188712782e+28
-0.0	5.148406613814657e+23	-6.481563647787404e+28
-0.0	-1.9117599868340116e+23	-6.481264844042146e+28
-0.0	1.1499033395012094e+23	-6.4815440752133705e+28
-0.0	-1.1499033396604162e+23	-6.48154407521342e+28
-0.0	1.9117599870080568e+23	-6.481264844042695e+28
-0.0	-5.1484066072129894e+23	-6.481563647787059e+28
-0.0	8.245348889529164e+22	-6.48131718871308e+28
-0.0	-1.5164052122554445e+24	-6.481442942959977e+28
-0.0	2.307470669740302e+24	-6.482028535210354e+28
-0.0	-5.31446186576555e+24	-6.479829849938072e+28
-0.0	9.484586792987716e+24	-6.49768851813036e+28
-0.0	-2.817260584895295e+24	-6.478740085035592e+28
-0.0	-3.7824044003856814e+24	-6.53215827117446e+28
-0.0	2.0244692566615492e+25	-6.422347142496292e+28
-0.0	-1.6870800278261726e+25	-6.6848649184189e+28
-0.0	1.6446343836822236e+24	-6.072005850541038e+28
-0.0	-5.7970684679390375e+25	-6.767951902318276e+28
-0.0	2.5445678164667883e+26	-6.079975160243782e+28
-0.0	-9.931880500467618e+26	-5.63376245885497e+28
-0.0	4.8991809735621817e+26	-8.097053529251538e+28
-0.0	3.964475251387734e+26	1.3402747684268038e+28
-0.0	-8.371860055765141e+27	-3.165949292349557e+29
-0.0	4.962117161030731e+27	-2.734740401035996e+23
-0.0	-3.4209798897164334e+27	1.1578901793933387e+23
-0.0	6.085060946733866e+27	-1.5285982913670698e+29
-0.0	-4.220167839386198e+26	7.834680626292113e+27
-0.0	-2.7569277488067776e+26	-4.098810428939599e+28
-0.0	6.198528241670715e+26	-2.717224356580573e+28
-0.0	-1.6919291824700388e+26	-3.064237581589764e+28
-0.0	4.1552377676602956e+25	-3.368173441475916e+28
-0.0	-7.782806587561903e+24	-3.040045812597013e+28
-0.0	1.5013951289837787e+25	-3.330374888632233e+28
-0.0	-1.4409333509086963e+25	-3.207957104102508e+28
-0.0	3.6167127543211414e+24	-3.258749231279813e+28
-0.0	1.8076305825969246e+24	-3.2335572898154403e+28
-0.0	-5.749507849515455e+24	-3.2430025203599138e+28
-0.0	3.39939708719843e+24	-3.2339682610265884e+28
-0.0	-1.5209366889951487e+24	-3.2353270158045273e+28
-0.0	9.803099262122642e+23	-3.2349031504771017e+28
-0.0	-6.835869450096089e+22	-3.2348929682310405e+28
-0.0	3.4158929725164216e+23	-3.23498947354105e+28
-0.0	-1.351585646582992e+23	-3.2348708410716515e+28
-0.0	8.254001460368891e+22	-3.2349960925215715e+28
-0.0	-8.254001464208957e+22	-3.234996092521643e+28
-0.0	1.3515856479570338e+23	-3.2348708410720156e+28
-0.0	-3.415892967189392e+23	-3.2349894735406755e+28
-0.0	6.835869451764244e+22	-3.234892968231311e+28
-0.0	-9.803099258300044e+23	-3.2349031504771114e+28
-0.0	1.5209366887790713e+24	-3.2353270158043245e+28
-0.0	-3.3993970865547855e+24	-3.233968261026727e+28
-0.0	5.749507850071458e+24	-3.2430025203596807e+28
-0.0	-1.8076305827316884e+24	-3.2335572898154637e+28
-0.0	-3.6167127544369106e+24	-3.2587492312802855e+28
-0.0	1.4409333509121578e+25	-3.207957104102425e+28
-0.0	-1.5013951289014437e+25	-3.330374888631956e+28
-0.0	7.78280658668523e+24	-3.0400458125975772e+28
-0.0	-4.155237767512789e+25	-3.3681734414755343e+28
-0.0	1.691929182470154e+26	-3.064237581588714e+28
-0.0	-6.19852824170525e+26	-2.7172243565816107e+28
-0.0	2.7569277488453024e+26	-4.09881042893973e+28
-0.0	4.2201678393777696e+26	7.834680626292308e+27
-0.0	-6.085060946728372e+27	-1.5285982913668888e+29
-0.0	3.420979889715863e+27	1.1578901792893686e+23
-0.0	-1.988940941817823e+27	-2.9679155400654413e+22
-0.0	3.786624986988866e+27	-5.541424365131052e+28
-0.0	-3.6601488406172385e+26	3.6004752582236205e+27
-0.0	-1.0920111615361321e+26	-1.5989357564357062e+28
-0.0	3.0584423054974977e+26	-9.860941714571889e+27
-0.0	-9.219147705914953e+25	-1.1888083321924958e+28
-0.0	2.5198558505656186e+25	-1.2831994847858328e+28
-0.0	-9.601636325296736e+24	-1.1686083015772302e+28
-0.0	1.133631290290475e+25	-1.2705222672862305e+28
-0.0	-8.653036510476418e+24	-1.2286920595568444e+28
-0.0	2.9513930604698287e+24	-1.245763919930099e+28
-0.0	9.406572113132617e+23	-1.2369524594009459e+28
-0.0	-2.7067073006754014e+24	-1.2406007067037496e+28
-0.0	1.7795066676525768e+24	-1.2370777449015309e+28
-0.0	-7.92401134881672e+23	-1.2377300490202384e+28
-0.0	5.300838637807222e+23	-1.2374940305047076e+28
-0.0	-4.031764836300568e+22	-1.2375256543713304e+28
-0.0	1.8881212097358027e+23	-1.2375449186951698e+28
-0.0	-8.079373985643883e+22	-1.2375176977456695e+28
-0.0	5.060414124267289e+22	-1.2375565115791141e+28
-0.0	-5.0604141343423605e+22	-1.2375565115791102e+28
-0.0	8.079373979537176e+22	-1.2375176977457695e+28
-0.0	-1.888121207869609e+23	-1.2375449186951175e+28
-0.0	4.03176483677253e+22	-1.2375256543713779e+28
-0.0	-5.300838637023331e+23	-1.2374940305047325e+28
-0.0	7.924011346615575e+23	-1.2377300490201722e+28
-0.0	-1.7795066673762837e+24	-1.237077744901603e+28
-0.0	2.70670730087336e+24	-1.2406007067036925e+28
-0.0	-9.406572114328176e+23	-1.2369524594009364e+28
-0.0	-2.9513930606586284e+24	-1.2457639199302201e+28
-0.0	8.653036510381668e+24	-1.2286920595568413e+28
-0.0	-1.1336312902502454e+25	-1.2705222672861315e+28
-0.0	9.601636324733248e+24	-1.1686083015773633e+28
-0.0	-2.519855850498667e+25	-1.2831994847857488e+28
-0.0	9.219147705908431e+25	-1.1888083321921644e+28
-0.0	-3.0584423055170917e+26	-9.860941714575413e+27
-0.0	1.0920111615561913e+26	-1.598935756435728e+28
-0.0	3.660148840613497e+26	3.600475258223713e+27
-0.0	-3.7866249869860486e+27	-5.541424365130492e+28
-0.0	1.9889409418174872e+27	-2.9679155410878205e+22
-0.0	-8.954931116856134e+26	7.786294998660922e+21
-0.0	1.87308047910913e+27	-1.1890045754388073e+28
-0.0	-2.490295500019846e+26	1.0806511512505563e+27
-0.0	-1.365431448207866e+25	-3.8889031142757345e+27
-0.0	9.77336150827178e+25	-2.1175383540437533e+27
-0.0	-3.6134101717394133e+25	-2.8648793338035983e+27
-0.0	1.1665861180150373e+25	-3.002964056896022e+27
-0.0	-7.585996028219139e+24	-2.774463214788223e+27
-0.0	6.669893252875131e+24	-2.979657487614127e+27
-0.0	-3.9653503239197363e+24	-2.900365403415583e+27
-0.0	1.8499454723810123e+24	-2.9314922341079306e+27
-0.0	3.3133079452483025e+23	-2.913923131689874e+27
-0.0	-7.683468158915074e+23	-2.9226628519502637e+27
-0.0	6.521456641958511e+23	-2.914062004009287e+27
-0.0	-2.9132956429302893e+23	-2.9161220274852607e+27
-0.0	2.023079370371835e+23	-2.915291064119909e+27
-0.0	-1.892556500701357e+22	-2.9155016861327545e+27
-0.0	7.444725011093624e+22	-2.915487732495738e+27
-0.0	-3.779426002839784e+22	-2.915493522033174e+27
-0.0	2.391928533845769e+22	-2.915548474397352e+27
-0.0	-2.3919285377272904e+22	-2.9155484743973173e+27
-0.0	3.779425997393513e+22	-2.915493522033425e+27
-0.0	-7.444725003609755e+22	-2.915487732495635e+27
-0.0	1.892556502180269e+22	-2.9155016861328293e+27
-0.0	-2.023079369897236e+23	-2.915291064120087e+27
-0.0	2.9132956418586537e+23	-2.9161220274850727e+27
-0.0	-6.521456640788321e+23	-2.9140620040095024e+27
-0.0	7.683468159666535e+23	-2.922662851949993e+27
-0.0	-3.313307945877091e+23	-2.913923131689943e+27
-0.0	-1.849945472438415e+24	-2.9314922341083935e+27
-0.0	3.965350323886984e+24	-2.900365403415528e+27
-0.0	-6.669893252710416e+24	-2.979657487613982e+27
-0.0	7.585996027960584e+24	-2.7744632147885824e+27
-0.0	-1.1665861179841649e+25	-3.0029640568959805e+27
-0.0	3.613410171736329e+25	-2.864879333803018e+27
-0.0	-9.773361508350382e+25	-2.1175383540447195e+27
-0.0	1.3654314482964899e+25	-3.888903114275689e+27
-0.0	2.49029550001875e+26	1.0806511512505989e+27
-0.0	-1.8730804791078458e+27	-1.189004575438724e+28
-0.0	8.954931116854599e+26	7.7862949957238e+21
-0.0	-2.501271223688983e+26	-3.7200915101059396e+20
-0.0	6.24015173095203e+26	-6.518465338290954e+26
-0.0	-1.2160547594544234e+26	1.0667548693715502e+26
-0.0	1.7794527810662713e+25	-2.9027721131102402e+26
-0.0	1.336367134528572e+24	-1.1732275066203125e+26
-0.0	-5.927169640346997e+24	-2.098885239389411e+26
-0.0	3.125271131573197e+24	-2.0690011583328836e+26
-0.0	-3.805618217175806e+24	-1.9713921512367517e+26
-0.0	2.612330563882995e+24	-2.062461402481609e+26
-0.0	-1.0602972955344996e+24	-2.0360512133047866e+26
-0.0	7.700403183691467e+23	-2.0441543813216226e+26
-0.0	3.139246604791966e+22	-2.0366836921587638e+26
-0.0	6.2459239287842964e+22	-2.0430047237630276e+26
-0.0	7.946252102233989e+22	-2.036534946451568e+26
-0.0	-3.7756830760841507e+22	-2.0387729439693752e+26
-0.0	3.04379635645645e+22	-2.0377727913248678e+26
-0.0	-5.698806370536698e+21	-2.0381211247652773e+26
-0.0	1.3153753281231139e+22	-2.038017655304858e+26
-0.0	-1.0353367223126377e+22	-2.0381258350740624e+26
-0.0	6.659469639613225e+21	-2.0381095172219904e+26
-0.0	-6.659469650138202e+21	-2.0381095172219585e+26
-0.0	1.0353367210530716e+22	-2.038125835074199e+26
-0.0	-1.3153753262401505e+22	-2.0380176553046042e+26
-0.0	5.698806380363085e+21	-2.038121124765242e+26
-0.0	-3.043796355397473e+22	-2.037772791324944e+26
-0.0	3.7756830740004397e+22	-2.038772943969206e+26
-0.0	-7.946252099586531e+22	-2.036534946451639e+26
-0.0	-6.245923927369808e+22	-2.0430047237626875e+26
-0.0	-3.139246606032223e+22	-2.036683692158494e+26
-0.0	-7.700403183807856e+23	-2.0441543813219638e+26
-0.0	1.0602972955239952e+24	-2.0360512133048694e+26
-0.0	-2.6123305638412064e+24	-2.0624614024814952e+26
-0.0	3.8056182171204397e+24	-1.9713921512368754e+26
-0.0	-3.1252711315126517e+24	-2.069001158332948e+26
-0.0	5.927169640343655e+24	-2.098885239389654e+26
-0.0	-1.33636713465069e+24	-1.1732275066208898e+26
-0.0	-1.7794527810467586e+25	-2.9027721131099722e+26
-0.0	1.216054759454502e+26	1.0667548693716063e+26
-0.0	-6.240151730948337e+26	-6.518465338290466e+26
-0.0	2.501271223688449e+26	-3.720091521055216e+20
-0.0	7.783108729634766e+24	-1.599875507624497e+20
-0.0	5.021710024987536e+25	-4.783954468349002e+25
-0.0	-3.2773483225342107e+25	-5.509660373542598e+24
-0.0	1.4209752404815873e+25	-2.0320624601825803e+24
-0.0	-1.8904647675233097e+25	-9.35015492231293e+24
-0.0	3.6605881363172167e+24	-2.4672855785739574e+24
-0.0	-4.132919190241467e+23	-5.069866305713084e+24
-0.0	-8.345545693450155e+23	-3.5910744492633734e+24
-0.0	2.870319861059953e+23	-4.849090013901936e+24
-0.0	1.3309750550191975e+23	-4.195336538541116e+24
-0.0	1.0376000429508557e+23	-4.4956366673237083e+24
-0.0	-4.6195269973483656e+22	-4.3818733482939984e+24
-0.0	1.8737482634327473e+23	-4.38849628794664e+24
-0.0	-7.934354421963751e+22	-4.3869714515026985e+24
-0.0	3.429034170648307e+22	-4.3741436173374684e+24
-0.0	-2.094717636977786e+22	-4.381240497556419e+24
-0.0	3.489318263014266e+20	-4.377597836516878e+24
-0.0	-6.6469205300547e+21	-4.37939849643338e+24
-0.0	1.0999686869695095e+21	-4.3773923504052497e+24
-0.0	-6.850248116219483e+20	-4.3785011777291464e+24
-0.0	6.850248110875628e+20	-4.378501177725045e+24
-0.0	-1.0999686834622269e+21	-4.3773923504037394e+24
-0.0	6.646920524959935e+21	-4.379398496437427e+24
-0.0	-3.4893182786904136e+20	-4.3775978365102134e+24
-0.0	2.0947176367863963e+22	-4.381240497555676e+24
-0.0	-3.429034169861306e+22	-4.3741436173364714e+24
-0.0	7.934354421132479e+22	-4.3869714515025734e+24
-0.0	-1.8737482634966192e+23	-4.3884962879545834e+24
-0.0	4.619526997326292e+22	-4.381873348286409e+24
-0.0	-1.0376000428627478e+23	-4.495636667307878e+24
-0.0	-1.3309750550001765e+23	-4.19533653853944e+24
-0.0	-2.8703198611417005e+23	-4.849090013903303e+24
-0.0	8.345545693563032e+23	-3.5910744492562164e+24
-0.0	4.13291919009654e+23	-5.069866305708464e+24
-0.0	-3.6605881363183007e+24	-2.4672855785548577e+24
-0.0	1.8904647675318025e+25	-9.350154922266592e+24
-0.0	-1.420975240486189e+25	-2.0320624601890612e+24
-0.0	3.277348322536838e+25	-5.509660373541176e+24
-0.0	-5.021710024987021e+25	-4.783954468348035e+25
-0.0	-7.783108729642609e+24	-1.599875507100887e+20
-0.0	4.6022604351925785e+25	9.84228499146327e+19
-0.0	-7.96130205032876e+25	1.0164343963810834e+25
-0.0	4.1387870407376736e+24	5.474864158806004e+24
-0.0	3.7137898162410054e+24	-4.600022041365151e+24
-0.0	-9.779812778959956e+24	2.3717715910044886e+24
-0.0	3.065189191357173e+24	-2.851865977291885e+24
-0.0	-8.330114507319427e+23	-1.5108035298174447e+24
-0.0	3.4687326220690845e+23	-2.0521820697417545e+24
-0.0	-3.786715595909454e+23	-1.607649352482065e+24
-0.0	2.7641055074520442e+23	-1.8780519512208703e+24
-0.0	-1.0655929267663143e+23	-1.7460730506786052e+24
-0.0	-2.832201973977815e+22	-1.7875369057018473e+24
-0.0	7.594787653153587e+22	-1.796577598454809e+24
-0.0	-5.374826369787295e+22	-1.784910884286257e+24
-0.0	2.3915247279014265e+22	-1.7955733408430927e+24
-0.0	-1.608547009529622e+22	-1.7901762670916062e+24
-0.0	1.3115625075569957e+21	-1.7926247440301866e+24
-0.0	-5.822126283151915e+21	-1.791567704811262e+24
-0.0	2.633121466755645e+21	-1.7927479648474226e+24
-0.0	-1.6761183004846853e+21	-1.792173456490021e+24
-0.0	1.6761183019816992e+21	-1.7921734564876133e+24
-0.0	-2.633121464759984e+21	-1.792747964844876e+24
-0.0	5.822126276613284e+21	-1.791567704817112e+24
-0.0	-1.3115625085156503e+21	-1.7926247440301713e+24
-0.0	1.608547009388513e+22	-1.7901762670900128e+24
-0.0	-2.391524727192533e+22	-1.7955733408437319e+24
-0.0	5.374826368914493e+22	-1.7849108842880197e+24
-0.0	-7.594787653872367e+22	-1.7965775984632228e+24
-0.0	2.832201974041566e+22	-1.7875369057011335e+24
-0.0	1.0655929268619677e+23	-1.7460730506624878e+24
-0.0	-2.764105507423316e+23	-1.8780519512192688e+24
-0.0	3.786715595797511e+23	-1.6076493524827914e+24
-0.0	-3.468732621919272e+23	-2.052182069735347e+24
-0.0	8.330114507167944e+23	-1.510803529812358e+24
-0.0	-3.0651891913593726e+24	-2.8518659772765695e+24
-0.0	9.77981277903174e+24	2.3717715910459385e+24
-0.0	-3.7137898163013406e+24	-4.6000220413728877e+24
-0.0	-4.1387870407246195e+24	5.474864158808187e+24
-0.0	7.961302050324194e+25	1.0164343963801868e+25
-0.0	-4.602260435192261e+25	9.84228500782588e+19
-0.0	1.8738578931730762e+25	-2.6022624671762678e+19
-0.0	-4.348862919377802e+25	1.7715755573903324e+24
-0.0	8.196771553611997e+24	-3.8099472696514154e+24
-0.0	-1.3820060895050826e+24	4.725673456935943e+24
-0.0	-4.5640343548118135e+23	4.301165184291288e+22
-0.0	6.49675016328627e+23	3.2340912627693993e+24
-0.0	-2.9307345330967956e+23	2.607618727200024e+24
-0.0	3.440504552249363e+23	2.7621722050748513e+24
-0.0	-2.4138533642214592e+23	2.6454319737932015e+24
-0.0	9.948511885642665e+22	2.742137945198024e+24
-0.0	-7.599814922806801e+22	2.6906387570001446e+24
-0.0	-2.3906895117577035e+21	2.702385456976794e+24
-0.0	-9.096177122288116e+21	2.712030075374689e+24
-0.0	-6.536173452557515e+21	2.701061751073236e+24
-0.0	3.1560238288387525e+21	2.70776909296016e+24
-0.0	-2.643825905461827e+21	2.704490629086456e+24
-0.0	5.505395185455137e+20	2.705875010697878e+24
-0.0	-1.1832972192535746e+21	2.705314877059648e+24
-0.0	9.981310826074375e+20	2.705932214756843e+24
-0.0	-6.417829251105315e+20	2.7056648716767794e+24
-0.0	6.417829255382017e+20	2.7056648716773045e+24
-0.0	-9.981310821826747e+20	2.7059322147592804e+24
-0.0	1.1832972174500571e+21	2.7053148770618657e+24
-0.0	-5.505395191607885e+20	2.705875010699308e+24
-0.0	2.643825905739241e+21	2.704490629086599e+24
-0.0	-3.156023826605996e+21	2.7077690929594946e+24
-0.0	6.536173450042185e+21	2.7010617510728737e+24
-0.0	9.096177120404662e+21	2.7120300753737177e+24
-0.0	2.3906895114417797e+21	2.7023854569785976e+24
-0.0	7.599814923135237e+22	2.690638757005546e+24
-0.0	-9.948511885534304e+22	2.7421379451980314e+24
-0.0	2.4138533641869954e+23	2.64543197379336e+24
-0.0	-3.4405045522144064e+23	2.7621722050754574e+24
-0.0	2.9307345330670734e+23	2.60761872720097e+24
-0.0	-6.496750163298863e+23	3.23409126277463e+24
-0.0	4.564034354988499e+23	4.301165185289079e+22
-0.0	1.3820060894858307e+24	4.725673456933216e+24
-0.0	-8.196771553610343e+24	-3.809947269651423e+24
-0.0	4.348862919376318e+25	1.7715755573903614e+24
-0.0	-1.8738578931728393e+25	-2.6022624631224177e+19
-0.0	-1.2044926690467523e+24	-1.3826724359439724e+18
-0.0	-2.46019528665508e+24	-4.851329994488738e+24
-0.0	3.196068629566147e+24	2.358348126527842e+24
-0.0	-1.6844377371395937e+24	-3.6541956900363666e+24
-0.0	2.2392392931495286e+24	-7.922200172157252e+23
-0.0	-4.460790022874156e+23	-2.6018382719209037e+24
-0.0	6.936605240883428e+22	-2.3401665753128242e+24
-0.0	8.351532047577805e+22	-2.3420498254346033e+24
-0.0	-2.6868424290932527e+22	-2.3510924734764255e+24
-0.0	-2.012603616822955e+22	-2.3726466636579588e+24
-0.0	-1.3293303040390275e+22	-2.357628435736152e+24
-0.0	6.378737757448662e+21	-2.3577073756889627e+24
-0.0	-2.581168771763423e+22	-2.3652029765026303e+24
-0.0	1.0999978265156098e+22	-2.3571287925428203e+24
-0.0	-4.757404636840546e+21	-2.3610385985396065e+24
-0.0	2.906000120610242e+21	-2.359191278029436e+24
-0.0	-5.032063005517778e+19	-2.3599287760442649e+24
-0.0	9.24017052647697e+20	-2.359653344722211e+24
-0.0	-1.5880255884612652e+20	-2.3599518181272914e+24
-0.0	9.758405817977738e+19	-2.359840798965438e+24
-0.0	-9.758405862025495e+19	-2.3598407989648793e+24
-0.0	1.588025586340567e+20	-2.3599518181276215e+24
-0.0	-9.240170517244103e+20	-2.3596533447214832e+24
-0.0	5.032062948714608e+19	-2.359928776043593e+24
-0.0	-2.906000119859195e+21	-2.3591912780291442e+24
-0.0	4.757404636021405e+21	-2.361038598539646e+24
-0.0	-1.0999978264118474e+22	-2.3571287925424925e+24
-0.0	2.5811687718689014e+22	-2.3652029765019044e+24
-0.0	-6.378737758191848e+21	-2.357707375688629e+24
-0.0	1.329330303956582e+22	-2.3576284357377985e+24
-0.0	2.0126036168162316e+22	-2.372646663657613e+24
-0.0	2.686842429223037e+22	-2.3510924734763004e+24
-0.0	-8.351532047802808e+22	-2.3420498254351372e+24
-0.0	-6.93660524058629e+22	-2.340166575313371e+24
-0.0	4.4607900228710084e+23	-2.601838271922511e+24
-0.0	-2.2392392931573812e+24	-7.922200172200145e+23
-0.0	1.6844377371438347e+24	-3.654195690035534e+24
-0.0	-3.196068629568116e+24	2.3583481265275488e+24
-0.0	2.4601952866603705e+24	-4.851329994488791e+24
-0.0	1.2044926690472261e+24	-1.3826724412123676e+18
-0.0	-5.003823130285123e+24	1.0664273172381297e+19
-0.0	8.797657101793657e+24	4.5588881877700253e+24
-0.0	9.664977566996545e+22	-1.325590838699391e+24
-0.0	-7.564751062487022e+23	2.467326505487247e+24
-0.0	1.5670913765968642e+24	8.440448006277026e+23
-0.0	-4.571047142454553e+23	1.801563019070051e+24
-0.0	1.230801625892921e+23	1.711969578514186e+24
-0.0	-3.542480853735649e+22	1.6680214878257113e+24
-0.0	4.4444794064046005e+22	1.7122099287480103e+24
-0.0	-3.879298385621254e+22	1.7062382125410946e+24
-0.0	1.032770830336817e+22	1.7056720710336932e+24
-0.0	4.883702467066659e+21	1.7022737935314613e+24
-0.0	-1.504896997603671e+22	1.7072867392942423e+24
-0.0	9.044612684515612e+21	1.7020434829121658e+24
-0.0	-3.993951685408669e+21	1.704161599434235e+24
-0.0	2.621385764716028e+21	1.7031873146044577e+24
-0.0	-1.722030903505498e+20	1.703549088802957e+24
-0.0	9.209506497789628e+20	1.7034243590960125e+24
-0.0	-3.590212403675946e+20	1.7035569561302898e+24
-0.0	2.2775498130931096e+20	1.7035192268502302e+24
-0.0	-2.2775498150975527e+20	1.7035192268503856e+24
-0.0	3.5902123941064095e+20	1.7035569561304763e+24
-0.0	-9.20950648619517e+20	1.7034243590964613e+24
-0.0	1.7220309025562893e+20	1.703549088802769e+24
-0.0	-2.621385764190272e+21	1.7031873146036416e+24
-0.0	3.9939516845215203e+21	1.7041615994344347e+24
-0.0	-9.044612683142846e+21	1.7020434829124702e+24
-0.0	1.5048969976875837e+22	1.7072867392952503e+24
-0.0	-4.883702467651597e+21	1.7022737935308865e+24
-0.0	-1.0327708304111665e+22	1.7056720710308848e+24
-0.0	3.879298385579577e+22	1.7062382125409698e+24
-0.0	-4.44447940622139e+22	1.7122099287478482e+24
-0.0	3.542480853469463e+22	1.6680214878251736e+24
-0.0	-1.2308016258646563e+23	1.711969578513418e+24
-0.0	4.5710471424563116e+23	1.80156301906735e+24
-0.0	-1.5670913766061263e+24	8.440448006227768e+23
-0.0	7.564751062560607e+23	2.467326505488415e+24
-0.0	-9.664977567181306e+22	-1.3255908386998698e+24
-0.0	-8.797657101786662e+24	4.5588881877699705e+24
-0.0	5.003823130284941e+24	1.0664273161685592e+19
-0.0	-2.89040116553077e+24	-1.266543232282084e+19
-0.0	5.914059638209277e+24	-3.3446618577727184e+24
-0.0	-4.7697046111519304e+23	6.762401438053633e+23
-0.0	-1.9324069447331052e+23	-1.5237772232135615e+24
-0.0	6.142286385215884e+23	-6.644304273035263e+23
-0.0	-2.160695735220132e+23	-1.134852965805714e+24
-0.0	6.747587315943361e+22	-1.1181609674810155e+24
-0.0	-3.7629680844778538e+22	-1.0713207697187823e+24
-0.0	3.326705286971639e+22	-1.1151219434726045e+24
-0.0	-2.1458286158692175e+22	-1.1024520131365943e+24
-0.0	8.876424781212666e+21	-1.1063120324597102e+24
-0.0	2.0458582232552151e+21	-1.1027109500260992e+24
-0.0	-5.264151087404205e+21	-1.105779333777817e+24
-0.0	3.928940160399281e+21	-1.1026615354442884e+24
-0.0	-1.7516146489037522e+21	-1.1037425663356461e+24
-0.0	1.187004368034802e+21	-1.1032631423533856e+24
-0.0	-1.0249672242428925e+20	-1.1034282240800968e+24
-0.0	4.3347763359813016e+20	-1.1033808047658674e+24
-0.0	-2.0286670859177912e+20	-1.1034307946807313e+24
-0.0	1.2949573677122802e+20	-1.1034234583479386e+24
-0.0	-1.2949573680634862e+20	-1.1034234583483463e+24
-0.0	2.028667078187021e+20	-1.1034307946807219e+24
-0.0	-4.33477632834078e+20	-1.10338080476496e+24
-0.0	1.0249672251991931e+20	-1.103428224079964e+24
-0.0	-1.1870043677626663e+21	-1.1032631423534044e+24
-0.0	1.7516146485747612e+21	-1.103742566335495e+24
-0.0	-3.9289401596863195e+21	-1.1026615354442723e+24
-0.0	5.264151087636738e+21	-1.1057793337767113e+24
-0.0	-2.0458582235163192e+21	-1.1027109500256139e+24
-0.0	-8.876424781399013e+21	-1.1063120324608177e+24
-0.0	2.145828615839262e+22	-1.1024520131367422e+24
-0.0	-3.326705286876523e+22	-1.115121943472695e+24
-0.0	3.762968084342504e+22	-1.0713207697194112e+24
-0.0	-6.7475873157947375e+22	-1.1181609674812896e+24
-0.0	2.1606957352206154e+23	-1.1348529658069281e+24
-0.0	-6.142286385261378e+23	-6.644304273061936e+23
-0.0	1.9324069447723203e+23	-1.52377722321245e+24
-0.0	4.769704611142455e+23	6.762401438052305e+23
-0.0	-5.914059638205693e+24	-3.344661857772921e+24
-0.0	2.890401165530572e+24	-1.2665432336485003e+19
-0.0	-1.0101862491640271e+24	1.9443987935728727e+18
-0.0	2.2135951235497353e+24	2.1592503241059722e+24
-0.0	-2.648895391088869e+23	-3.058191428983011e+23
-0.0	-2.451486866505432e+22	8.763558230446774e+23
-0.0	1.646788431624292e+23	4.537282341171099e+23
-0.0	-6.762272040979384e+22	6.642845666145773e+23
-0.0	2.3149924257517883e+22	6.732209970874606e+23
-0.0	-1.62814835750049e+22	6.36882760844579e+23
-0.0	1.3037567029348774e+22	6.698834670103927e+23
-0.0	-7.38119147786352e+21	6.583323252877261e+23
-0.0	3.623331438305419e+21	6.625566400877596e+23
-0.0	5.8634142088196194e+20	6.59791780129581e+23
-0.0	-1.2628960651179605e+21	6.61515635543484e+23
-0.0	1.1588227099654535e+21	6.597938364223025e+23
-0.0	-5.2153630738413014e+20	6.602952586177898e+23
-0.0	3.6172600400635455e+20	6.600805620295433e+23
-0.0	-3.65694504167441e+19	6.601469951117365e+23
-0.0	1.351452747849462e+20	6.601323935347307e+23
-0.0	-7.0710964412297945e+19	6.601460833802755e+23
-0.0	4.519627421684248e+19	6.601498484405137e+23
-0.0	-4.5196274298444325e+19	6.601498484403221e+23
-0.0	7.071096423857029e+19	6.601460833803532e+23
-0.0	-1.3514527443595338e+20	6.601323935349051e+23
-0.0	3.6569450210102927e+19	6.601469951118123e+23
-0.0	-3.6172600387917696e+20	6.600805620294513e+23
-0.0	5.215363073268722e+20	6.602952586177725e+23
-0.0	-1.158822709727844e+21	6.597938364223295e+23
-0.0	1.2628960652592913e+21	6.615156355437138e+23
-0.0	-5.86341421051013e+20	6.597917801297373e+23
-0.0	-3.623331438388915e+21	6.625566400875408e+23
-0.0	7.381191477780143e+21	6.583323252875892e+23
-0.0	-1.3037567029034692e+22	6.698834670103058e+23
-0.0	1.6281483574470978e+22	6.368827608445253e+23
-0.0	-2.3149924256935307e+22	6.732209970872802e+23
-0.0	6.762272040978851e+22	6.642845666139222e+23
-0.0	-1.646788431638978e+23	4.537282341163804e+23
-0.0	2.451486866651036e+22	8.763558230448984e+23
-0.0	2.6488953910869003e+23	-3.0581914289833785e+23
-0.0	-2.2135951235481175e+24	2.159250324105696e+24
-0.0	1.0101862491639305e+24	1.9443987873243566e+18
-0.0	-2.5151919259876304e+23	-2.561355040943599e+18
-0.0	5.708904848461578e+23	-1.2756428494589945e+24
-0.0	-8.386481894968489e+22	1.1392103933033118e+23
-0.0	1.3779880381934307e+21	-4.7201222392508555e+23
-0.0	3.2337237437440042e+22	-2.8223061965798144e+23
-0.0	-1.5325662946702616e+22	-3.6403034860621405e+23
-0.0	5.630200855375972e+21	-3.784345346429827e+23
-0.0	-4.5335531141881303e+21	-3.5412644493229136e+23
-0.0	3.4357618345808107e+21	-3.7585920113379506e+23
-0.0	-1.7941162981737932e+21	-3.674747507196708e+23
-0.0	9.739983001987361e+20	-3.707678302683599e+23
-0.0	1.2204113643609676e+20	-3.689173541195695e+23
-0.0	-2.1586802908395464e+20	-3.6983463078630803e+23
-0.0	2.4965236665253993e+20	-3.689427036746796e+23
-0.0	-1.1247954825038502e+20	-3.691546063628641e+23
-0.0	8.03364781943181e+19	-3.6907061844066014e+23
-0.0	-8.908383813429325e+18	-3.690908449698184e+23
-0.0	3.0512500233519927e+19	-3.6908972185443735e+23
-0.0	-1.7374016767587582e+19	-3.690896536270159e+23
-0.0	1.1022644826414981e+19	-3.6909550244523456e+23
-0.0	-1.102264491323664e+19	-3.690955024451793e+23
-0.0	1.7374016800342761e+19	-3.690896536270631e+23
-0.0	-3.051250008300684e+19	-3.690897218545076e+23
-0.0	8.908383612991878e+18	-3.6909084496981677e+23
-0.0	-8.033647814653554e+19	-3.6907061844066235e+23
-0.0	1.1247954829251455e+20	-3.6915460636280044e+23
-0.0	-2.496523666075333e+20	-3.6894270367463304e+23
-0.0	2.1586802913386824e+20	-3.698346307862545e+23
-0.0	-1.2204113650456063e+20	-3.689173541195829e+23
-0.0	-9.739983001879654e+20	-3.707678302684203e+23
-0.0	1.794116298152506e+21	-3.674747507197307e+23
-0.0	-3.4357618344887714e+21	-3.758592011338153e+23
-0.0	4.533553114002352e+21	-3.541264449322273e+23
-0.0	-5.630200855167261e+21	-3.7843453464298644e+23
-0.0	1.532566294668687e+22	-3.640303486063633e+23
-0.0	-3.233723743779751e+22	-2.82230619658202e+23
-0.0	-1.3779880377380386e+21	-4.7201222392499676e+23
-0.0	8.386481894969396e+22	1.1392103933031238e+23
-0.0	-5.70890484845513e+23	-1.275642849458766e+24
-0.0	2.5151919259872348e+23	-2.5613550420852306e+18
-0.0	-4.738114831492003e+22	6.04191944796728e+17
-0.0	1.078982800435866e+23	6.997043015505285e+23
-0.0	-1.8147515633568246e+22	-2.513758287737006e+22
-0.0	1.2082694833607145e+21	2.3713269035397156e+23
-0.0	5.000298969174154e+21	1.6286827259809464e+23
-0.0	-2.6454751426378706e+21	1.8632782003241028e+23
-0.0	1.0248844965986052e+21	1.9882594179159907e+23
-0.0	-9.058897856071455e+20	1.8400407510316406e+23
-0.0	6.577108125781025e+20	1.9709278849212725e+23
-0.0	-3.232763944820984e+20	1.9169423086283972e+23
-0.0	1.8731240207138026e+20	1.9390378642021672e+23
-0.0	1.924336200269767e+19	1.927835833256393e+23
-0.0	-2.639260895332808e+19	1.9323193677443593e+23
-0.0	4.037425772318672e+19	1.928056859181165e+23
-0.0	-1.8358349014408745e+19	1.9287876606796794e+23
-0.0	1.3367755450237331e+19	1.928537020147848e+23
-0.0	-1.6387252025829632e+18	1.928558626893829e+23
-0.0	5.199531698222526e+18	1.9285897244374332e+23
-0.0	-3.12363386360437e+18	1.92854797627061e+23
-0.0	1.9851175446428554e+18	1.9285984269556235e+23
-0.0	-1.98511759537757e+18	1.928598426955759e+23
-0.0	3.1236339057990676e+18	1.9285479762710748e+23
-0.0	-5.19953164385524e+18	1.9285897244370856e+23
-0.0	1.6387251013828605e+18	1.928558626893803e+23
-0.0	-1.336775542657417e+19	1.9285370201479615e+23
-0.0	1.8358349048449626e+19	1.928787660679678e+23
-0.0	-4.037425771357297e+19	1.9280568591813e+23
-0.0	2.639260895862268e+19	1.932319367744021e+23
-0.0	-1.924336201658614e+19	1.9278358332556226e+23
-0.0	-1.873124020608422e+20	1.9390378642019038e+23
-0.0	3.232763944733352e+20	1.916942308628488e+23
-0.0	-6.577108125616192e+20	1.970927884920798e+23
-0.0	9.058897855666612e+20	1.8400407510319084e+23
-0.0	-1.0248844965557265e+21	1.9882594179156038e+23
-0.0	2.645475142638291e+21	1.863278200323204e+23
-0.0	-5.000298969232265e+21	1.628682725981457e+23
-0.0	-1.2082694832793861e+21	2.3713269035399173e+23
-0.0	1.814751563357349e+22	-2.5137582877364978e+22
-0.0	-1.0789828004341826e+23	6.997043015504385e+23
-0.0	4.73811483149068e+22	6.041919446845161e+17
-0.0	-6.712329531645093e+21	-1.8079060199831616e+17
-0.0	1.4775910998974675e+22	-3.5674730044307e+23
-0.0	-2.572746210978932e+21	-9.116778788097247e+21
-0.0	1.8462284006868068e+20	-1.094027711720368e+23
-0.0	7.367544711741001e+20	-8.751907602031248e+22
-0.0	-3.714472155146645e+20	-8.789414709993848e+22
-0.0	1.476563718803618e+20	-9.676042960097745e+22
-0.0	-1.3969107631351012e+20	-8.837021486561195e+22
-0.0	9.489112993824126e+19	-9.569233961368319e+22
-0.0	-4.38210863774968e+19	-9.250585425372932e+22
-0.0	2.668955539345741e+19	-9.385298116246251e+22
-0.0	2.2819997855881987e+18	-9.322250091467332e+22
-0.0	-2.2389177787429097e+18	-9.342441235230742e+22
-0.0	4.98354693065217e+18	-9.323874115797298e+22
-0.0	-2.3210634351226097e+18	-9.325378108327364e+22
-0.0	1.6724242489826875e+18	-9.325233482919849e+22
-0.0	-2.3700471744258534e+17	-9.324854164619946e+22
-0.0	6.634262276364367e+17	-9.32522409079071e+22
-0.0	-4.2975068706269344e+17	-9.324793189067555e+22
-0.0	2.6938368701674182e+17	-9.325145265740998e+22
-0.0	-2.693837194104659e+17	-9.325145265738154e+22
-0.0	4.2975071070174656e+17	-9.324793189065838e+22
-0.0	-6.634261943531985e+17	-9.325224090795888e+22
-0.0	2.3700466139164362e+17	-9.324854164619213e+22
-0.0	-1.6724242439444516e+18	-9.325233482916827e+22
-0.0	2.321063464936619e+18	-9.325378108325974e+22
-0.0	-4.983546934376881e+18	-9.323874115798565e+22
-0.0	2.238917780977444e+18	-9.34244123522952e+22
-0.0	-2.281999785968448e+18	-9.3222500914716e+22
-0.0	-2.6689555388371247e+19	-9.385298116247191e+22
-0.0	4.382108637688142e+19	-9.250585425374603e+22
-0.0	-9.489112993245245e+19	-9.569233961369846e+22
-0.0	1.396910763001829e+20	-8.837021486561673e+22
-0.0	-1.4765637188480375e+20	-9.676042960096118e+22
-0.0	3.714472155219203e+20	-8.789414709990668e+22
-0.0	-7.36754471175497e+20	-8.751907602034138e+22
-0.0	-1.846228400598913e+20	-1.0940277117208461e+23
-0.0	2.5727462109797097e+21	-9.116778788102346e+21
-0.0	-1.4775910998948062e+22	-3.5674730044302796e+23
-0.0	6.712329531641061e+21	-1.807906020380976e+17
-0.0	-5.474366887763418e+20	-3.8329753746751e+16
-0.0	1.1547136912434222e+21	1.6758303209986916e+23
-0.0	-9.865819366922756e+19	1.7967591930520547e+22
-0.0	-2.2489014161266766e+19	4.46132651759288e+22
-0.0	1.3675260415270111e+20	4.36267349681822e+22
-0.0	-4.860095619531086e+19	3.7014512760758706e+22
-0.0	1.8679600226968396e+19	4.2659245136310885e+22
-0.0	-1.7825005821280889e+19	3.821519617683136e+22
-0.0	1.0472470906058002e+19	4.204247958232644e+22
-0.0	-4.4389648310641157e+18	4.028860374225086e+22
-0.0	2.847050666558503e+18	4.105065479153112e+22
-0.0	2.074861315690278e+17	4.071789656854022e+22
-0.0	-1.2234746446084587e+17	4.0798452121030095e+22
-0.0	4.8526625951358976e+17	4.072945400006757e+22
-0.0	-2.2023319977550387e+17	4.072333309256385e+22
-0.0	1.655378574885738e+17	4.07290493545056e+22
-0.0	-2.2962771874410816e+16	4.072457983396765e+22
-0.0	6.65162407226243e+16	4.072742349065956e+22
-0.0	-4.4687682321041304e+16	4.072415351133313e+22
-0.0	2.8300424275159324e+16	4.072633742569573e+22
-0.0	-2.830043773926155e+16	4.07263374257098e+22
-0.0	4.4687689253632024e+16	4.072415351135115e+22
-0.0	-6.651621849423106e+16	4.072742349065741e+22
-0.0	2.2962739972502332e+16	4.072457983396986e+22
-0.0	-1.6553785588019725e+17	4.072904935453137e+22
-0.0	2.2023321428874272e+17	4.0723333092569185e+22
-0.0	-4.852662618030936e+17	4.072945400007526e+22
-0.0	1.2234746648581918e+17	4.0798452121019995e+22
-0.0	-2.0748613231678896e+17	4.071789656853419e+22
-0.0	-2.847050665484123e+18	4.105065479153735e+22
-0.0	4.4389648300302305e+18	4.028860374224295e+22
-0.0	-1.0472470904001565e+19	4.2042479582308385e+22
-0.0	1.7825005816107434e+19	3.821519617684245e+22
-0.0	-1.8679600226288804e+19	4.2659245136309215e+22
-0.0	4.860095619719811e+19	3.7014512760733703e+22
-0.0	-1.3675260415085729e+20	4.362673496820803e+22
-0.0	2.2489014167971643e+19	4.461326517591943e+22
-0.0	9.865819367635367e+19	1.7967591930520203e+22
-0.0	-1.15471369122652e+21	1.6758303209985497e+23
-0.0	5.474366887753535e+20	-3.832975374977089e+16
-0.0	5.2493611974411035e+19	-2.4633406940320812e+16
-0.0	-7.066447121587149e+19	-7.0207139504392816e+22
-0.0	6.3088216266881114e+19	-1.6319641800936264e+22
-0.0	-1.739667391144086e+19	-1.4172633865880863e+22
-0.0	2.7787458386485817e+19	-1.9604437227225385e+22
-0.0	-6.539473233006259e+18	-1.2552541229436665e+22
-0.0	2.2177154823921702e+18	-1.5855003973916218e+22
-0.0	-1.8729556482497966e+18	-1.367529062714989e+22
-0.0	7.149309028900303e+17	-1.5528012945984932e+22
-0.0	-2.7634488436981258e+17	-1.4627410527404211e+22
-0.0	1.968624180361499e+17	-1.5027861024897828e+22
-0.0	1.2856420688682576e+16	-1.4865793051525353e+22
-0.0	-6507384524439634.0	-1.4890871251790136e+22
-0.0	3.5443242866589892e+16	-1.4873602901499577e+22
-0.0	-1.6957149426371682e+16	-1.486308370936179e+22
-0.0	1.2073350866186116e+16	-1.486940756831943e+22
-0.0	-2001054327056902.8	-1.486593066765413e+22
-0.0	5021884986704069.0	-1.4867844000581323e+22
-0.0	-3641584860982502.5	-1.4865688897258175e+22
-0.0	2216884545595801.2	-1.486696393313156e+22
-0.0	-2216888823297989.2	-1.4866963933134865e+22
-0.0	3641584946937107.5	-1.4865688897252676e+22
-0.0	-5021873058831110.0	-1.4867844000565747e+22
-0.0	2001038414042341.8	-1.4865930667658437e+22
-0.0	-1.207334853309147e+16	-1.48694075683118e+22
-0.0	1.6957154096478878e+16	-1.4863083709362533e+22
-0.0	-3.5443242927839764e+16	-1.4873602901501861e+22
-0.0	6507387422216865.0	-1.4890871251786399e+22
-0.0	-1.285642346801665e+16	-1.4865793051529457e+22
-0.0	-1.968624180079251e+17	-1.5027861024903495e+22
-0.0	2.763448856337332e+17	-1.4627410527407944e+22
-0.0	-7.14930902487506e+17	-1.5528012945985435e+22
-0.0	1.872955646038985e+18	-1.367529062715252e+22
-0.0	-2.2177154811413732e+18	-1.58550039739114e+22
-0.0	6.539473232830296e+18	-1.2552541229430465e+22
-0.0	-2.77874583855989e+19	-1.9604437227231974e+22
-0.0	1.7396673914680635e+19	-1.4172633865888261e+22
-0.0	-6.308821626090197e+19	-1.631964180093671e+22
-0.0	7.06644712178602e+19	-7.0207139504392765e+22
-0.0	-5.2493611974554526e+19	-2.463340694003638e+16
-0.0	2.738453009938493e+19	-3.102424959730659e+16
-0.0	-2.9377085694790988e+19	2.432675500225592e+22
-0.0	1.4897079312671812e+19	1.1964216563616356e+22
-0.0	-3.478926073515381e+18	1.6101104632743136e+21
-0.0	3.1998839241285934e+18	7.621161986482087e+21
-0.0	-5.930394716983173e+17	2.1447382991435119e+21
-0.0	1.409171909256297e+17	3.950040356220245e+21
-0.0	-2.5252156287685216e+16	2.9652903569372474e+21
-0.0	-8.413606618978178e+16	3.7846063730987657e+21
-0.0	1.925854176236329e+16	3.35634270690124e+21
-0.0	-1774949409468921.2	3.5530768962316896e+21
-0.0	1646141209889031.2	3.479704696196081e+21
-0.0	-879645068205082.9	3.482447834882933e+21
-0.0	2354567478941864.0	3.4838499850782575e+21
-0.0	-957891593882363.9	3.474674767910107e+21
-0.0	868105608300327.4	3.479722755571821e+21
-0.0	-33920449895481.26	3.477286711328578e+21
-0.0	348644429785980.75	3.478439337336694e+21
-0.0	-223395316596973.78	3.477141554618954e+21
-0.0	135959957120226.03	3.477820522670209e+21
-0.0	-135961990089835.58	3.4778205226701585e+21
-0.0	223397333217663.3	3.4771415546244985e+21
-0.0	-348641492556438.9	3.4784393373365237e+21
-0.0	33914511864632.37	3.477286711330426e+21
-0.0	-868102463423828.0	3.479722755578067e+21
-0.0	957891423633321.9	3.474674767911618e+21
-0.0	-2354568002064292.5	3.483849985079394e+21
-0.0	879647778526052.4	3.482447834883317e+21
-0.0	-1646143852943522.5	3.479704696195639e+21
-0.0	1774949605103443.5	3.5530768962289423e+21
-0.0	-1.9258542004367064e+16	3.3563427069013755e+21
-0.0	8.413606626108918e+16	3.784606373097378e+21
-0.0	2.525215380949151e+16	2.965290356939542e+21
-0.0	-1.409171893396991e+17	3.95004035622102e+21
-0.0	5.930394719345068e+17	2.1447382991397855e+21
-0.0	-3.1998839232372244e+18	7.621161986486237e+21
-0.0	3.478926077437011e+18	1.6101104632744622e+21
-0.0	-1.489707930799943e+19	1.1964216563617537e+22
-0.0	2.9377085697877774e+19	2.432675500225288e+22
-0.0	-2.738453009944399e+19	-3.1024249597163016e+16
-0.0	3.04197537456476e+18	-3.699721087934159e+16
-0.0	5.781061853160932e+18	-4.547989032886544e+21
-0.0	-1.7525459430715343e+18	-7.559213659032325e+21
-0.0	2.487284256157336e+17	2.737178374717125e+21
-0.0	-7.890203956916444e+17	-1.949630709311858e+21
-0.0	1.6728914986907373e+17	1.7110472551564119e+21
-0.0	-8.099223903652998e+16	8.061717862035061e+20
-0.0	1.116717029269594e+17	1.187589541346045e+21
-0.0	-7.264060921680634e+16	8.802706456346773e+20
-0.0	1.8001447357312916e+16	1.0624136387249544e+21
-0.0	-7727879057972156.0	9.73768244171093e+20
-0.0	678426896222661.6	1.0024124877815543e+21
-0.0	-591726834373556.4	1.0076501607885878e+21
-0.0	171384406144044.97	1.0008329143865724e+21
-0.0	167067961628375.3	1.0074122180461801e+21
-0.0	129840011545322.83	1.0039418570734075e+21
-0.0	138178883361525.88	1.0054130597259945e+21
-0.0	40394014781072.98	1.0047719416597243e+21
-0.0	19173405442287.918	1.005481391450302e+21
-0.0	-6509704549173.159	1.0051500078489953e+21
-0.0	6509316568753.314	1.005150007849751e+21
-0.0	-19172823527653.953	1.0054813914530784e+21
-0.0	-40393572484599.84	1.0047719416581426e+21
-0.0	-138179943801249.77	1.0054130597270985e+21
-0.0	-129837216764968.03	1.0039418570758404e+21
-0.0	-167070261043045.66	1.007412218048141e+21
-0.0	-171384896162028.4	1.0008329143863141e+21
-0.0	591729352979504.1	1.0076501607876201e+21
-0.0	-678428813983278.6	1.0024124877818179e+21
-0.0	7727879084052773.0	9.737682441704891e+20
-0.0	-1.8001447792215038e+16	1.0624136387254452e+21
-0.0	7.264060915170418e+16	8.802706456364302e+20
-0.0	-1.116717052032368e+17	1.1875895413459373e+21
-0.0	8.099224014611955e+16	8.061717862044436e+20
-0.0	-1.6728914908921712e+17	1.711047255156822e+21
-0.0	7.890203971516206e+17	-1.9496307093123073e+21
-0.0	-2.4872842343586486e+17	2.737178374715292e+21
-0.0	1.7525459464671823e+18	-7.559213659031864e+21
-0.0	-5.781061854429043e+18	-4.547989032885106e+21
-0.0	-3.04197537467294e+18	-3.699721087942266e+16
-0.0	2.2732762265370243e+17	-3.258264664925389e+16
-0.0	5.650138995546054e+18	-2.1742228085252324e+21
-0.0	-2.211239365945307e+18	4.4773622382531266e+21
-0.0	3.6708278973846374e+17	-3.3319734160703383e+21
-0.0	-6.08567151850897e+17	-1.546516948482931e+20
-0.0	1.3740543549640134e+17	-2.3905915352520416e+21
-0.0	-5.927716442585557e+16	-1.9637502562127724e+21
-0.0	6.9932807771602104e+16	-2.079619000097402e+21
-0.0	-3.638225566942483e+16	-1.9896849145955135e+21
-0.0	1.0645825839117114e+16	-2.0598978376208708e+21
-0.0	-5209952540200309.0	-2.0241370100736687e+21
-0.0	600502046894321.6	-2.0325825323113149e+21
-0.0	-545406093364342.94	-2.0389714659953562e+21
-0.0	161784920525135.34	-2.0323061762034523e+21
-0.0	314884969725749.06	-2.036367634449387e+21
-0.0	166141389297152.7	-2.0343199269275037e+21
-0.0	213489499424778.4	-2.0351212149191703e+21
-0.0	48752989358104.3	-2.0347796031876917e+21
-0.0	48222860628059.07	-2.0351439503635e+21
-0.0	-14544963395251.746	-2.0349943755612184e+21
-0.0	14545796286852.568	-2.0349943755606296e+21
-0.0	-48223517827454.21	-2.0351439503642628e+21
-0.0	-48753752311775.164	-2.034779603188229e+21
-0.0	-213488354306886.38	-2.0351212149187367e+21
-0.0	-166139682064333.38	-2.0343199269266168e+21
-0.0	-314887280635205.25	-2.0363676344492124e+21
-0.0	-161784833200972.97	-2.0323061762046773e+21
-0.0	545407615209913.0	-2.0389714659962543e+21
-0.0	-600503876344721.9	-2.0325825323122326e+21
-0.0	5209952681737767.0	-2.0241370100741959e+21
-0.0	-1.0645825633416388e+16	-2.0598978376209363e+21
-0.0	3.638225529506696e+16	-1.9896849145947834e+21
-0.0	-6.993280900090049e+16	-2.0796190000967427e+21
-0.0	5.927716615323913e+16	-1.963750256213143e+21
-0.0	-1.374054356459369e+17	-2.3905915352523074e+21
-0.0	6.085671518910336e+17	-1.546516948476807e+20
-0.0	-3.670827878993842e+17	-3.331973416069481e+21
-0.0	2.2112393658592225e+18	4.477362238253614e+21
-0.0	-5.650138992852608e+18	-2.1742228085250825e+21
-0.0	-2.2732762276490285e+17	-3.258264664920449e+16
-0.0	1.0240582713581265e+18	-3.769350812164754e+16
-0.0	4.1404388027179684e+18	3.776661588172753e+21
-0.0	-1.2757020088320067e+18	-2.2374095487695071e+21
-0.0	3.353569220192218e+17	2.7616509010744034e+21
-0.0	-3.462370918313103e+17	8.767936939258865e+20
-0.0	4.6327895987523736e+16	2.096950621080196e+21
-0.0	-6459556711329692.0	1.9254629785884715e+21
-0.0	-934225743928092.0	1.926060601836324e+21
-0.0	2836674987779210.5	1.9296540188286182e+21
-0.0	-171470165747490.94	1.9448798846637032e+21
-0.0	2711626331388325.0	1.9351738704002967e+21
-0.0	223867681820849.3	1.93599140302723e+21
-0.0	1637050653097271.2	1.9407893900542101e+21
-0.0	33896138562397.69	1.9358993493170814e+21
-0.0	381820154665527.75	1.938166869404337e+21
-0.0	248906396884776.6	1.9371181758092495e+21
-0.0	215335875100480.12	1.9375507990596005e+21
-0.0	94798278291969.4	1.9373818212419956e+21
-0.0	12176973025435.875	1.937558398864937e+21
-0.0	20347220447421.42	1.9374998258174064e+21
-0.0	-20346470901355.758	1.9374998258168022e+21
-0.0	-12177738323789.19	1.9375583988651915e+21
-0.0	-94798917681084.97	1.9373818212419492e+21
-0.0	-215334530647140.47	1.9375507990598294e+21
-0.0	-248905226489340.78	1.937118175807509e+21
-0.0	-381821954935825.3	1.9381668694036348e+21
-0.0	-33896134757283.01	1.9358993493165088e+21
-0.0	-1637049512556525.5	1.9407893900537239e+21
-0.0	-223868926031507.7	1.9359914030269071e+21
-0.0	-2711626248227405.5	1.935173870400514e+21
-0.0	171470180047077.9	1.944879884663642e+21
-0.0	-2836675122495672.0	1.9296540188290874e+21
-0.0	934224706364195.1	1.9260606018368784e+21
-0.0	6459557875127927.0	1.9254629785890961e+21
-0.0	-4.6327896153877464e+16	2.0969506210787833e+21
-0.0	3.4623709193475117e+17	8.76793693926186e+20
-0.0	-3.3535692057642214e+17	2.761650901073639e+21
-0.0	1.2757020086738683e+18	-2.2374095487697625e+21
-0.0	-4.140438800609756e+18	3.776661588173287e+21
-0.0	-1.0240582714328367e+18	-3.769350812169954e+16
-0.0	5.247665444205971e+17	-2.8477756674653344e+16
-0.0	3.521800763704897e+17	-3.2100673551961723e+21
-0.0	3.546369707403013e+16	1.1402126449246385e+21
-0.0	9.200618457150394e+16	-1.96828748418288e+21
-0.0	-1.0882741434443002e+16	-8.616251309636317e+20
-0.0	-56293705238343.11	-1.5257920663204788e+21
-0.0	1513910742666294.0	-1.465012926987871e+21
-0.0	1415885723719403.5	-1.436858833391243e+21
-0.0	520249328431845.4	-1.4595437127480312e+21
-0.0	205055374537864.72	-1.4567762978008838e+21
-0.0	591712955408852.4	-1.4554821393746284e+21
-0.0	509622153940636.25	-1.454335982969935e+21
-0.0	36970334179805.19	-1.4576614538302658e+21
-0.0	447511518536157.56	-1.45446221747186e+21
-0.0	272712956992742.16	-1.4557667475884293e+21
-0.0	312615531475544.4	-1.4551869744025017e+21
-0.0	241680542138414.75	-1.4554200025828027e+21
-0.0	111057887404945.58	-1.4553286988899145e+21
-0.0	49454618854806.11	-1.4554021885831993e+21
-0.0	-1144752423499.9731	-1.4553840672098739e+21
-0.0	1145195600963.2102	-1.455384067210459e+21
-0.0	-49455066971031.875	-1.455402188583367e+21
-0.0	-111058309412054.0	-1.4553286988899667e+21
-0.0	-241679802945153.25	-1.4554200025827133e+21
-0.0	-312614900660141.5	-1.4551869744039922e+21
-0.0	-272713917459391.34	-1.455766747589156e+21
-0.0	-447511479825109.56	-1.4544622174719537e+21
-0.0	-36969749702950.47	-1.4576614538307672e+21
-0.0	-509622807960317.44	-1.4543359829705477e+21
-0.0	-591712884652079.0	-1.455482139374921e+21
-0.0	-205055309348907.5	-1.4567762978010272e+21
-0.0	-520249413386111.44	-1.4595437127478776e+21
-0.0	-1415886279850218.8	-1.436858833390782e+21
-0.0	-1513910165073938.0	-1.465012926987283e+21
-0.0	56293665922128.63	-1.5257920663199526e+21
-0.0	1.0882741497796316e+16	-8.616251309639487e+20
-0.0	-9.200618381557928e+16	-1.9682874841835724e+21
-0.0	-3.5463696999332796e+16	1.1402126449246457e+21
-0.0	-3.52180075325156e+17	-3.210067355194838e+21
-0.0	-5.247665444588655e+17	-2.847775667465872e+16
-0.0	1.6797759551469046e+17	-3.5724352127066564e+16
-0.0	1.538289046597936e+17	2.3737238023807686e+21
-0.0	5.5409175227041235e+17	-3.8438051366733205e+20
-0.0	5021547598377388.0	1.2581493876664707e+21
-0.0	1.6500896289271014e+17	6.996177708744156e+20
-0.0	-3.688942164967079e+16	1.0017329171840251e+21
-0.0	1.5176166651857008e+16	9.937450856356846e+20
-0.0	-4807058486888909.0	9.64270537995649e+20
-0.0	7236558097121188.0	9.892597455575362e+20
-0.0	-1584404679431624.5	9.814250402573244e+20
-0.0	2035083778611076.8	9.845714732487581e+20
-0.0	954847318944551.8	9.824943332544441e+20
-0.0	-345209115489526.4	9.845999065224065e+20
-0.0	809403222109695.9	9.827587822188825e+20
-0.0	139634255117143.28	9.833806024459278e+20
-0.0	428783053568251.1	9.8310661760676e+20
-0.0	243951396412403.25	9.832139479760785e+20
-0.0	160932814512181.6	9.831738161177412e+20
-0.0	46061363509342.54	9.831990498556078e+20
-0.0	11117039696959.564	9.831975530722893e+20
-0.0	-11116889781557.443	9.831975530721711e+20
-0.0	-46061481083196.17	9.831990498555494e+20
-0.0	-160932944329384.2	9.831738161178383e+20
-0.0	-243951302896028.88	9.832139479763306e+20
-0.0	-428782768667751.6	9.83106617605958e+20
-0.0	-139634605827677.45	9.833806024456554e+20
-0.0	-809403184481715.4	9.82758782218857e+20
-0.0	345209449470436.94	9.845999065218321e+20
-0.0	-954847720800549.4	9.824943332541959e+20
-0.0	-2035083718175238.2	9.845714732486458e+20
-0.0	1584404830295483.2	9.814250402573606e+20
-0.0	-7236558185805736.0	9.892597455576227e+20
-0.0	4807058207346054.0	9.642705379958566e+20
-0.0	-1.5176166223711106e+16	9.937450856360762e+20
-0.0	3.688942153464318e+16	1.0017329171836522e+21
-0.0	-1.650089629748667e+17	6.99617770874864e+20
-0.0	-5021547173123667.0	1.2581493876662718e+21
-0.0	-5.540917527506008e+17	-3.843805136674574e+20
-0.0	-1.5382890363161014e+17	2.3737238023814544e+21
-0.0	-1.679775955333097e+17	-3.572435212712677e+16
-0.0	9.165713707016527e+17	-7.902556551965134e+16
-0.0	2.2162540567877455e+18	-1.2347414277886003e+21
-0.0	1.8386459489699754e+17	2.4011724384985016e+20
-0.0	-3.3741995276067224e+16	-5.701274013618708e+20
-0.0	2.3985184239538746e+17	-3.154739487931022e+20
-0.0	-7.728205217956938e+16	-4.6076444204238995e+20
-0.0	2.048202781956084e+16	-4.541091261441074e+20
-0.0	-1.4611543819690358e+16	-4.367926980376817e+20
-0.0	1.190041722359309e+16	-4.495832493245676e+20
-0.0	-2805242927391123.5	-4.4474514949542406e+20
-0.0	3950159839490952.5	-4.46837221810415e+20
-0.0	1817099426283782.0	-4.454517094891475e+20
-0.0	-480450545024164.75	-4.466910598612772e+20
-0.0	1312885190416293.8	-4.4580888784397835e+20
-0.0	32883573375177.633	-4.460862849055261e+20
-0.0	653369729037320.4	-4.459662458663559e+20
-0.0	281238719826137.7	-4.460095151753312e+20
-0.0	257911756610030.1	-4.4599616912701895e+20
-0.0	53696398476571.87	-4.460032867953645e+20
-0.0	42107829672851.64	-4.4600315974585326e+20
-0.0	-42107859396008.695	-4.460031597460023e+20
-0.0	-53696345349994.23	-4.4600328679542476e+20
-0.0	-257911742850617.44	-4.4599616912684974e+20
-0.0	-281238855290406.53	-4.460095151752087e+20
-0.0	-653369662733448.5	-4.4596624586645615e+20
-0.0	-32883584035505.55	-4.460862849055831e+20
-0.0	-1312885169089071.2	-4.4580888784397527e+20
-0.0	480450591461532.0	-4.466910598613255e+20
-0.0	-1817099528255109.5	-4.4545170948910036e+20
-0.0	-3950159809786073.0	-4.468372218103488e+20
-0.0	2805242953909762.0	-4.4474514949538415e+20
-0.0	-1.1900417254207526e+16	-4.495832493244126e+20
-0.0	1.461154375410694e+16	-4.367926980377158e+20
-0.0	-2.04820276951883e+16	-4.541091261438854e+20
-0.0	7.72820521279321e+16	-4.6076444204246604e+20
-0.0	-2.398518424406278e+17	-3.154739487930811e+20
-0.0	3.3741995410087284e+16	-5.7012740136180226e+20
-0.0	-1.83864594798185e+17	2.4011724384976706e+20
-0.0	-2.2162540565048786e+18	-1.2347414277882928e+21
-0.0	-9.165713707128623e+17	-7.902556551947854e+16
-0.0	2.0470134831543967e+18	-9.902505244224467e+16
-0.0	-2.0935037565356285e+18	9.539625821102378e+20
-0.0	1.2106322658976883e+18	8.150898027843899e+19
-0.0	-6.952383524651756e+16	4.387154571759489e+20
-0.0	8.513437949733019e+16	3.3877500132875305e+20
-0.0	2.2171084059922508e+16	3.9810618849599554e+20
-0.0	-3.810912019772558e+16	4.11269830766807e+20
-0.0	3.1427550734070864e+16	3.896256183180389e+20
-0.0	-1.6168928982712826e+16	4.03448420636377e+20
-0.0	8714979966374643.0	3.9734304620772105e+20
-0.0	-3936010832548961.5	4.001602704769762e+20
-0.0	1505876913590764.2	3.986565628628044e+20
-0.0	-311924051293140.25	3.994047284649847e+20
-0.0	185685206471997.06	3.9889827563466116e+20
-0.0	778110132465460.5	3.989884998073581e+20
-0.0	313692373834495.1	3.9895880551700876e+20
-0.0	464983443737931.7	3.9896264327675163e+20
-0.0	133771582907695.86	3.989659319690743e+20
-0.0	136747547706337.55	3.989627608713568e+20
-0.0	-5204467014515.342	3.989662115550495e+20
-0.0	5204410782086.192	3.989662115550608e+20
-0.0	-136747467955251.66	3.9896276087132e+20
-0.0	-133771538928906.42	3.989659319691157e+20
-0.0	-464983577262208.06	3.98962643276785e+20
-0.0	-313692342022470.8	3.989588055169347e+20
-0.0	-778110110577174.6	3.989884998072403e+20
-0.0	-185685188494824.16	3.9889827563460244e+20
-0.0	311924097556907.2	3.994047284649247e+20
-0.0	-1505876961210126.8	3.986565628627787e+20
-0.0	3936010845152691.0	4.0016027047699907e+20
-0.0	-8714979951734357.0	3.973430462077467e+20
-0.0	1.616892897742761e+16	4.0344842063638974e+20
-0.0	-3.1427550786938788e+16	3.896256183181222e+20
-0.0	3.81091202514956e+16	4.112698307669079e+20
-0.0	-2.2171084068701708e+16	3.9810618849587914e+20
-0.0	-8.513437950477912e+16	3.3877500132889113e+20
-0.0	6.9523835313590456e+16	4.3871545717593643e+20
-0.0	-1.2106322658888453e+18	8.150898027842734e+19
-0.0	2.093503756697561e+18	9.53962582110093e+20
-0.0	-2.0470134831613555e+18	-9.9025052442295e+16
-0.0	2.1048705576926395e+18	-9.6787493446093e+16
-0.0	-1.0074642364777385e+18	-2.630971354854383e+20
-0.0	1.4571745207626733e+17	1.4635904406477174e+20
-0.0	6.1637669791243e+16	-8.788097095938073e+19
-0.0	-2.8316307745375708e+16	-2.427203562214168e+17
-0.0	1.3884181982056788e+16	-4.9521470625746895e+19
-0.0	-2807529302393861.5	-4.613133428144007e+19
-0.0	4423052353369604.5	-4.532958838963931e+19
-0.0	367389610515816.6	-4.677803456843746e+19
-0.0	2081190085082125.0	-4.612042463494266e+19
-0.0	1111744652969111.9	-4.652662413899731e+19
-0.0	872546222571081.2	-4.616057873671335e+19
-0.0	979175201408169.2	-4.6440553221428355e+19
-0.0	562336388436014.0	-4.622196743131205e+19
-0.0	691808152317835.0	-4.631095851307568e+19
-0.0	515326854499264.94	-4.627120249570456e+19
-0.0	446121955790881.1	-4.6285593372599206e+19
-0.0	221330778764168.84	-4.62811811937659e+19
-0.0	116439363747551.22	-4.628295165843906e+19
-0.0	27553049905771.66	-4.628311810441018e+19
-0.0	-27553046318114.92	-4.628311810440576e+19
-0.0	-116439363573247.31	-4.628295165844022e+19
-0.0	-221330782499381.44	-4.628118119377403e+19
-0.0	-446121953587330.2	-4.6285593372566725e+19
-0.0	-515326858704314.75	-4.62712024956671e+19
-0.0	-691808148860858.5	-4.631095851305873e+19
-0.0	-562336389120918.2	-4.62219674313233e+19
-0.0	-979175209429539.2	-4.644055322141009e+19
-0.0	-872546216175702.0	-4.616057873670875e+19
-0.0	-1111744652780689.4	-4.652662413898792e+19
-0.0	-2081190084674679.2	-4.612042463494006e+19
-0.0	-367389610483652.3	-4.677803456846097e+19
-0.0	-4423052346345218.0	-4.532958838962627e+19
-0.0	2807529295791322.0	-4.613133428144917e+19
-0.0	-1.388418198018775e+16	-4.9521470625727095e+19
-0.0	2.8316307745283824e+16	-2.4272035622894448e+17
-0.0	-6.163766980190501e+16	-8.788097095939678e+19
-0.0	-1.4571745206207882e+17	1.4635904406478388e+20
-0.0	1.0074642364568667e+18	-2.6309713548536234e+20
-0.0	-2.104870557696197e+18	-9.6787493446003e+16
-0.0	1.003266492181059e+18	-2.5153849401690666e+17
-0.0	-2.914836589259104e+18	2.1123589424806674e+20
-0.0	-1.123306150205335e+18	1.8040213091604074e+20
-0.0	-1.2762262191407165e+17	2.2685362854364912e+20
-0.0	1.3579301506453032e+17	2.275144576443115e+20
-0.0	-8.910290112026654e+16	2.177911417470852e+20
-0.0	5.376487359126732e+16	2.30340505164771e+20
-0.0	-3.3285087082922404e+16	2.2092375905872334e+20
-0.0	2.0643778936906292e+16	2.2749381160369026e+20
-0.0	-7349864079863367.0	2.2449685152489046e+20
-0.0	4751491538980775.0	2.258154820851759e+20
-0.0	786982839637818.4	2.252278081929235e+20
-0.0	3492843219112.2	2.2543402574176915e+20
-0.0	1211316441382278.5	2.2531289507362524e+20
-0.0	2555351884378.702	2.253272433426931e+20
-0.0	640362428874572.4	2.253271632442022e+20
-0.0	206524879506125.53	2.25323514954264e+20
-0.0	238447278197347.66	2.2532680447529632e+20
-0.0	28365820203528.164	2.253237486506644e+20
-0.0	41373278330283.03	2.253258038340803e+20
-0.0	-41373291171671.234	2.2532580383406506e+20
-0.0	-28365795815920.35	2.2532374865069048e+20
-0.0	-238447262608161.5	2.2532680447526365e+20
-0.0	-206524916302505.66	2.253235149542894e+20
-0.0	-640362437810236.8	2.253271632442076e+20
-0.0	-2555328851750.8687	2.253272433426966e+20
-0.0	-1211316442738633.5	2.253128950736494e+20
-0.0	-3492847224731.944	2.2543402574174382e+20
-0.0	-786982832441448.5	2.252278081929133e+20
-0.0	-4751491542352688.0	2.2581548208518034e+20
-0.0	7349864082734189.0	2.2449685152489505e+20
-0.0	-2.064377893579443e+16	2.2749381160366073e+20
-0.0	3.328508708885618e+16	2.2092375905871767e+20
-0.0	-5.376487359730257e+16	2.3034050516476592e+20
-0.0	8.910290112328614e+16	2.1779114174702705e+20
-0.0	-1.3579301506762453e+17	2.275144576443628e+20
-0.0	1.2762262190181838e+17	2.2685362854366344e+20
-0.0	1.1233061502119704e+18	1.804021309160276e+20
-0.0	2.914836589246631e+18	2.1123589424794416e+20
-0.0	-1.0032664921823238e+18	-2.515384940166698e+17
-0.0	1.1673893502145987e+17	-1.1973604677682746e+17
-0.0	3.54730769974908e+17	-1.7806891368826964e+18
-0.0	-1.6490930954683997e+17	-3.5839036263630587e+18
-0.0	8.457219116956602e+16	-3.244080027237293e+18
-0.0	-5.422143501285068e+16	-3.2132277438266906e+18
-0.0	1.458600115491416e+16	-2.8333309378970604e+18
-0.0	525535450752579.44	-2.7234216784959314e+18
-0.0	-378010222834000.5	-2.649755758165647e+18
-0.0	3249410917645306.0	-2.6472840085740426e+18
-0.0	1149944794270355.2	-2.645256886018567e+18
-0.0	1760165236466939.2	-2.6477619756524503e+18
-0.0	568323347962243.2	-2.6450431089490033e+18
-0.0	1023350730462269.9	-2.642353394823848e+18
-0.0	251628973073751.34	-2.640883677902349e+18
-0.0	474145821940267.2	-2.639319405651893e+18
-0.0	306814854961845.75	-2.639244232443727e+18
-0.0	258052620992478.7	-2.639095416259933e+18
-0.0	114570784272028.33	-2.63899944789731e+18
-0.0	49571425606658.75	-2.6385747574730563e+18
-0.0	17295015300580.902	-2.6382664466380385e+18
-0.0	-17295015289850.453	-2.6382664466380436e+18
-0.0	-49571425586766.55	-2.6385747574735764e+18
-0.0	-114570784280247.34	-2.638999447898637e+18
-0.0	-258052620999585.8	-2.6390954162611666e+18
-0.0	-306814854955837.8	-2.6392442324442107e+18
-0.0	-474145821915718.25	-2.6393194056521564e+18
-0.0	-251628973100798.5	-2.640883677902972e+18
-0.0	-1023350730468067.4	-2.642353394824584e+18
-0.0	-568323347958408.0	-2.6450431089493724e+18
-0.0	-1760165236426017.0	-2.6477619756524954e+18
-0.0	-1149944794267630.0	-2.645256886018685e+18
-0.0	-3249410917669564.0	-2.6472840085742505e+18
-0.0	378010222875354.8	-2.649755758165786e+18
-0.0	-525535450740638.8	-2.723421678495966e+18
-0.0	-1.4586001154973064e+16	-2.8333309378969216e+18
-0.0	5.422143501305883e+16	-3.2132277438264233e+18
-0.0	-8.45721911696567e+16	-3.2440800272370647e+18
-0.0	1.6490930954686803e+17	-3.5839036263627894e+18
-0.0	-3.54730769974792e+17	-1.780689136882711e+18
-0.0	-1.167389350213293e+17	-1.1973604677668174e+17
