1600
-0.0	-6.084842930279248e+19	-6.08492462225658e+19
-0.0	6.96019247144442e+18	-2.651505129156201e+20
-0.0	9.28610528229617e+18	-3.354710792026838e+20
-0.0	-1.54877159764743e+18	-3.4499588242340466e+20
-0.0	3.2364246803263514e+18	-3.3697130262998476e+20
-0.0	-1.0872329522011406e+18	-3.259572144337678e+20
-0.0	3.7378538602662835e+17	-3.26151781076055e+20
-0.0	-1.1496188460376469e+17	-3.2617976810661046e+20
-0.0	7.1982380677269176e+16	-3.278638052336806e+20
-0.0	-6.015839655364678e+16	-3.2792560791532687e+20
-0.0	1.6790851526240942e+16	-3.2799364811628977e+20
-0.0	6916095568476490.0	-3.279667863827731e+20
-0.0	-2.201702824293893e+16	-3.2794623382494144e+20
-0.0	1.4369089088957854e+16	-3.279258508461939e+20
-0.0	-6184493800235087.0	-3.279319279605222e+20
-0.0	3009162919356067.5	-3.2792448392492804e+20
-0.0	-428083339219541.2	-3.279278501073936e+20
-0.0	1074077489050928.0	-3.279256244942984e+20
-0.0	-237113677572006.8	-3.279331710329406e+20
-0.0	18008122573396.668	-3.279253017686946e+20
-0.0	-18008144125324.74	-3.2792530176869827e+20
-0.0	237113660985329.1	-3.2793317103294264e+20
-0.0	-1074077503607050.0	-3.2792562449429306e+20
-0.0	428083316736864.8	-3.2792785010739393e+20
-0.0	-3009162933943723.0	-3.27924483924929e+20
-0.0	6184493777885255.0	-3.279319279605156e+20
-0.0	-1.4369089103571214e+16	-3.279258508461883e+20
-0.0	2.2017028230160076e+16	-3.2794623382492604e+20
-0.0	-6916095591200802.0	-3.2796678638276516e+20
-0.0	-1.6790851548359392e+16	-3.2799364811629756e+20
-0.0	6.015839653481559e+16	-3.279256079153314e+20
-0.0	-7.198238069168069e+16	-3.2786380523368474e+20
-0.0	1.1496188457719373e+17	-3.261797681066167e+20
-0.0	-3.737853860326703e+17	-3.261517810760499e+20
-0.0	1.0872329521806692e+18	-3.259572144337636e+20
-0.0	-3.2364246803738445e+18	-3.369713026300169e+20
-0.0	1.548771597652111e+18	-3.449958824234143e+20
-0.0	-9.28610528232878e+18	-3.35471079202689e+20
-0.0	-6.960192471448113e+18	-2.6515051291561355e+20
-0.0	6.084842930278444e+19	-6.084924622256125e+19
-0.0	-1.4015628194278744e+20	2.803073763288988e+18
-0.0	9.513850453964677e+19	1.3455764465802405e+22
-0.0	8.967593269364966e+18	1.20272780222482e+22
-0.0	2.1987142055358374e+18	1.2862384710363176e+22
-0.0	3.6220725018378353e+18	1.2758544297831113e+22
-0.0	-2.299836885313579e+18	1.2423639125606883e+22
-0.0	1.1079366470333792e+18	1.2849008486016189e+22
-0.0	-5.965318353040166e+17	1.252965246892985e+22
-0.0	2.91309466768486e+17	1.2746572911427296e+22
-0.0	-1.4477014967011904e+17	1.265071078491317e+22
-0.0	6.852835698359135e+16	1.2692077931928584e+22
-0.0	-655399624260205.4	1.267383768517063e+22
-0.0	-1.3072655436838152e+16	1.2680289608761877e+22
-0.0	1.437465962712045e+16	1.2676682460778025e+22
-0.0	-6002762150546163.0	1.267711274369944e+22
-0.0	2236594757834797.0	1.2677087295263994e+22
-0.0	-563513021026435.6	1.2677025541283635e+22
-0.0	809831149626774.8	1.2677086863794589e+22
-0.0	-242166376104097.78	1.2677027241280714e+22
-0.0	47136062283550.27	1.2677063626413377e+22
-0.0	-47136054398197.31	1.2677063626413539e+22
-0.0	242166382432348.9	1.2677027241280896e+22
-0.0	-809831135620524.8	1.267708686379414e+22
-0.0	563513028444013.5	1.2677025541283885e+22
-0.0	-2236594742439669.0	1.267708729526424e+22
-0.0	6002762152089101.0	1.2677112743698945e+22
-0.0	-1.437465960985705e+16	1.2676682460778214e+22
-0.0	1.3072655453033506e+16	1.2680289608761151e+22
-0.0	655399627102182.0	1.2673837685170355e+22
-0.0	-6.85283569802924e+16	1.269207793192896e+22
-0.0	1.4477014967781366e+17	1.2650710784913304e+22
-0.0	-2.913094667491006e+17	1.2746572911427042e+22
-0.0	5.965318352976457e+17	1.2529652468930973e+22
-0.0	-1.1079366470087232e+18	1.2849008486015805e+22
-0.0	2.299836885326244e+18	1.2423639125604625e+22
-0.0	-3.622072501883471e+18	1.2758544297833242e+22
-0.0	-2.1987142054768218e+18	1.2862384710363587e+22
-0.0	-8.967593269376562e+18	1.2027278022248514e+22
-0.0	-9.513850453962115e+19	1.3455764465801264e+22
-0.0	1.4015628194277951e+20	2.8030737632873436e+18
-0.0	-5.231849588876832e+19	2.691937814472516e+17
-0.0	2.2653643348220236e+19	1.1577050091628926e+22
-0.0	2.7862338897264625e+18	1.563439385954272e+21
-0.0	1.363507302741108e+17	6.272117525058037e+21
-0.0	1.8917796819469665e+18	4.5516472209598306e+21
-0.0	-1.407907282706532e+18	5.361878895773367e+21
-0.0	5.6654109109616454e+17	5.551221745066427e+21
-0.0	-1.8960858039878704e+17	5.389899806387449e+21
-0.0	8.062103732964594e+16	5.502878417862518e+21
-0.0	-6.515429484564281e+16	5.452921677826444e+21
-0.0	4.0895515066434616e+16	5.477801490479243e+21
-0.0	1684868259932995.2	5.463857274815009e+21
-0.0	-1.2085125377403878e+16	5.470331823923801e+21
-0.0	1.2244272569524564e+16	5.466577990985956e+21
-0.0	-4635727231117325.0	5.467270232440006e+21
-0.0	1481956715843923.2	5.467088250405786e+21
-0.0	-328650333108231.2	5.467115865069865e+21
-0.0	554078296896197.25	5.467140895520181e+21
-0.0	-161617290742334.25	5.467090278690587e+21
-0.0	50906562346359.79	5.467128116590935e+21
-0.0	-50906555189024.63	5.46712811659099e+21
-0.0	161617297127076.53	5.467090278690714e+21
-0.0	-554078287486375.9	5.467140895520115e+21
-0.0	328650340204334.6	5.467115865069974e+21
-0.0	-1481956706168955.5	5.467088250405797e+21
-0.0	4635727234954044.0	5.467270232439737e+21
-0.0	-1.2244272559102674e+16	5.466577990986078e+21
-0.0	1.2085125388078682e+16	5.470331823923546e+21
-0.0	-1684868254831185.8	5.463857274815009e+21
-0.0	-4.089551506155048e+16	5.477801490479382e+21
-0.0	6.515429485240115e+16	5.452921677826484e+21
-0.0	-8.062103731787538e+16	5.502878417862407e+21
-0.0	1.8960858039911277e+17	5.389899806387743e+21
-0.0	-5.665410910812902e+17	5.551221745066528e+21
-0.0	1.407907282714644e+18	5.361878895772676e+21
-0.0	-1.8917796819644275e+18	4.5516472209604556e+21
-0.0	-1.363507302413275e+17	6.272117525057868e+21
-0.0	-2.7862338897319506e+18	1.5634393859543775e+21
-0.0	-2.265364334820014e+19	1.1577050091628484e+22
-0.0	5.2318495888765444e+19	2.6919378144696157e+17
-0.0	2.168916739143889e+19	-3.407284669637746e+18
-0.0	-4.564095718265391e+18	1.1759118824556097e+22
-0.0	-8.59563597030662e+18	5.904339224829393e+21
-0.0	2.800723766087182e+17	6.870345159414055e+21
-0.0	-2.8536374473613773e+18	6.477838588338878e+21
-0.0	6.295343485272266e+17	6.543264190941796e+21
-0.0	-4.528548322410666e+17	6.809026153316118e+21
-0.0	2.599284301021098e+17	6.530411767980977e+21
-0.0	-1.2962626690246208e+17	6.695818151508444e+21
-0.0	5.272177639649034e+16	6.623493543621181e+21
-0.0	-8291735221685793.0	6.656470684802534e+21
-0.0	-6408880067491194.0	6.640376055400409e+21
-0.0	1.3334405419595512e+16	6.646973763465255e+21
-0.0	-7087335344480383.0	6.643265130300196e+21
-0.0	3566228713970783.5	6.643252189536264e+21
-0.0	-1651676801859474.5	6.64335809490924e+21
-0.0	494428039397159.6	6.64328073839004e+21
-0.0	-382507258368542.2	6.643339099448223e+21
-0.0	82110107927847.8	6.643279681162983e+21
-0.0	61799837898375.516	6.643318970794278e+21
-0.0	-61799834725252.13	6.643318970794335e+21
-0.0	-82110107046510.14	6.643279681163148e+21
-0.0	382507254871576.6	6.643339099448028e+21
-0.0	-494428037143232.7	6.643280738390136e+21
-0.0	1651676798115827.2	6.643358094909296e+21
-0.0	-3566228708228457.5	6.643252189535938e+21
-0.0	7087335340109671.0	6.643265130300298e+21
-0.0	-1.3334405424665944e+16	6.646973763464878e+21
-0.0	6408880072131930.0	6.640376055400373e+21
-0.0	8291735226377150.0	6.656470684802827e+21
-0.0	-5.272177639516371e+16	6.623493543621225e+21
-0.0	1.2962626689602734e+17	6.695818151508268e+21
-0.0	-2.599284300901046e+17	6.530411767981611e+21
-0.0	4.528548322282955e+17	6.809026153315964e+21
-0.0	-6.295343485268968e+17	6.543264190940522e+21
-0.0	2.853637447397328e+18	6.477838588340192e+21
-0.0	-2.8007237663336912e+17	6.870345159414155e+21
-0.0	8.595635970319665e+18	5.904339224829523e+21
-0.0	4.564095718257887e+18	1.175911882455541e+22
-0.0	-2.1689167391438193e+19	-3.4072846696374953e+18
-0.0	4.430881885053788e+19	-1.9222284428706135e+18
-0.0	-2.207303815491818e+19	1.0752622551184064e+22
-0.0	-1.307702823704858e+19	3.9093939546413156e+21
-0.0	-5.729103104939911e+16	5.990083842684211e+21
-0.0	-4.83984334241072e+18	5.162156261546529e+21
-0.0	1.8339725375705285e+18	5.359722009399202e+21
-0.0	-6.289663159122557e+17	5.524471092801041e+21
-0.0	4.2353518006167123e+17	5.322441018972625e+21
-0.0	-2.3660059681278074e+17	5.467851821216331e+21
-0.0	9.977073559400957e+16	5.407071931224637e+21
-0.0	-7.247968556536032e+16	5.434641114841296e+21
-0.0	-2.050361500285788e+16	5.420729858620294e+21
-0.0	2.755661095491008e+16	5.426776271587198e+21
-0.0	-2.036540411255124e+16	5.423290671456521e+21
-0.0	8730741617049561.0	5.423384746187739e+21
-0.0	-3394026499825495.5	5.423431870653438e+21
-0.0	1024661990342625.8	5.42337790205819e+21
-0.0	-1049688063890978.9	5.42342645093573e+21
-0.0	342136773149284.1	5.423373976700049e+21
-0.0	8633551025831.388	5.423409300283547e+21
-0.0	-8633548417811.64	5.423409300283584e+21
-0.0	-342136771810214.0	5.423373976700168e+21
-0.0	1049688058137642.5	5.423426450935622e+21
-0.0	-1024661987659274.0	5.423377902058316e+21
-0.0	3394026493585766.0	5.423431870653456e+21
-0.0	-8730741609956216.0	5.423384746187513e+21
-0.0	2.0365404105931704e+16	5.42329067145669e+21
-0.0	-2.7556610963056924e+16	5.426776271586905e+21
-0.0	2.050361500858449e+16	5.420729858620296e+21
-0.0	7.247968557126246e+16	5.434641114841458e+21
-0.0	-9.977073559312003e+16	5.407071931224718e+21
-0.0	2.3660059680282723e+17	5.467851821216222e+21
-0.0	-4.235351800454167e+17	5.322441018973049e+21
-0.0	6.289663158935186e+17	5.524471092800871e+21
-0.0	-1.8339725375697306e+18	5.359722009398172e+21
-0.0	4.839843342465318e+18	5.162156261547489e+21
-0.0	5.729103100573231e+16	5.990083842684292e+21
-0.0	1.3077028237073121e+19	3.9093939546414525e+21
-0.0	2.207303815489499e+19	1.075262255118341e+22
-0.0	-4.430881885053486e+19	-1.922228442870401e+18
-0.0	3.617478977471884e+19	-2.755915036238453e+18
-0.0	-1.620658458833718e+19	9.485823991761445e+21
-0.0	-1.7948120899067154e+19	4.1452764416142606e+21
-0.0	1.40480861360423e+18	5.485896593214926e+21
-0.0	-6.528231369678885e+18	4.840425104627317e+21
-0.0	1.7015958647827374e+18	4.87660063239625e+21
-0.0	-5.903706973785944e+17	5.060571735360728e+21
-0.0	1.1189316059902678e+17	4.883448779633137e+21
-0.0	-1.798159800664814e+17	5.016099364126994e+21
-0.0	8.878567423638195e+16	4.957139312974313e+21
-0.0	-5.7273322843204936e+16	4.98229424226474e+21
-0.0	-1.223883601043572e+16	4.970391104295918e+21
-0.0	3.5000154016047348e+16	4.975176570703667e+21
-0.0	-2.28650565248204e+16	4.971904324101226e+21
-0.0	8921590983580989.0	4.972038052545493e+21
-0.0	-3410975862124907.0	4.972037309657821e+21
-0.0	956086870904409.9	4.972021129694235e+21
-0.0	-1374526551277563.5	4.972046431624168e+21
-0.0	356269270593784.9	4.972008113207037e+21
-0.0	2004948800222.0847	4.972042135611158e+21
-0.0	-2004933420371.4631	4.972042135611263e+21
-0.0	-356269258244877.0	4.972008113207152e+21
-0.0	1374526558897290.2	4.972046431623993e+21
-0.0	-956086855538128.4	4.972021129694368e+21
-0.0	3410975868291929.0	4.972037309657911e+21
-0.0	-8921590964734544.0	4.972038052545249e+21
-0.0	2.286505653159748e+16	4.971904324101442e+21
-0.0	-3.5000154010644788e+16	4.975176570703337e+21
-0.0	1.2238836028646446e+16	4.970391104295812e+21
-0.0	5.727332285994557e+16	4.982294242264958e+21
-0.0	-8.878567422307827e+16	4.957139312974387e+21
-0.0	1.7981598007116493e+17	5.016099364126939e+21
-0.0	-1.1189316057268155e+17	4.883448779633553e+21
-0.0	5.903706973723674e+17	5.060571735360625e+21
-0.0	-1.7015958647677028e+18	4.876600632395329e+21
-0.0	6.528231369740764e+18	4.840425104628291e+21
-0.0	-1.4048086136324224e+18	5.48589659321501e+21
-0.0	1.7948120899107783e+19	4.145276441614397e+21
-0.0	1.6206584588324864e+19	9.485823991761005e+21
-0.0	-3.617478977471465e+19	-2.7559150362381757e+18
-0.0	3.0790399828052214e+19	-1.9908368884237932e+18
-0.0	-1.221076154990639e+19	8.578585584994333e+21
-0.0	-2.084298423161745e+19	3.7165009071730674e+21
-0.0	2.669227654405643e+18	5.001573608076659e+21
-0.0	-6.98162857553778e+18	4.3617418867471716e+21
-0.0	1.8388190337821253e+18	4.436257659978942e+21
-0.0	-3.482205379741667e+17	4.5997887302255987e+21
-0.0	6.5241718903334776e+16	4.442455833794482e+21
-0.0	-7.381707908795406e+16	4.565246352993405e+21
-0.0	9.27670375917952e+16	4.514367933322105e+21
-0.0	-4.945749193015598e+16	4.5358999061469625e+21
-0.0	-1.4933354450312392e+16	4.5258698302021247e+21
-0.0	3.694029945731503e+16	4.52973281528893e+21
-0.0	-2.2719595551802124e+16	4.5265793253310805e+21
-0.0	8423630550530409.0	4.526782790576212e+21
-0.0	-3374482256953545.0	4.526759914446396e+21
-0.0	555396252025915.56	4.5267548882551214e+21
-0.0	-1488395500317680.8	4.526769309414671e+21
-0.0	399147649999787.1	4.5267321413860453e+21
-0.0	-2264226128605.673	4.526763187878757e+21
-0.0	2264228832224.6978	4.5267631878788277e+21
-0.0	-399147650354176.44	4.5267321413861145e+21
-0.0	1488395496912303.2	4.5267693094145056e+21
-0.0	-555396248645956.3	4.526754888255213e+21
-0.0	3374482251406268.0	4.526759914446468e+21
-0.0	-8423630544424646.0	4.526782790575997e+21
-0.0	2.271959554693026e+16	4.5265793253312163e+21
-0.0	-3.694029946380551e+16	4.529732815288661e+21
-0.0	1.4933354456873734e+16	4.525869830202028e+21
-0.0	4.945749193395417e+16	4.5358999061471486e+21
-0.0	-9.2767037591161e+16	4.514367933322116e+21
-0.0	7.381707908149278e+16	4.565246352993317e+21
-0.0	-6.524171889057624e+16	4.4424558337948794e+21
-0.0	3.48220537956233e+17	4.599788730225461e+21
-0.0	-1.838819033778277e+18	4.436257659978114e+21
-0.0	6.981628575582404e+18	4.3617418867480037e+21
-0.0	-2.6692276544456223e+18	5.001573608076708e+21
-0.0	2.0842984231644238e+19	3.7165009071731817e+21
-0.0	1.221076154987958e+19	8.578585584993858e+21
-0.0	-3.079039982804919e+19	-1.990836888423569e+18
-0.0	3.219887082532241e+19	-1.8101752082580506e+18
-0.0	-1.1203244947221928e+19	7.08282423647179e+21
-0.0	-2.2555064136156656e+19	3.0196374554732255e+21
-0.0	3.085619578478572e+18	4.071356792871058e+21
-0.0	-7.477023374614558e+18	3.5542161170725376e+21
-0.0	1.8633686720905718e+18	3.6299498410351185e+21
-0.0	-4.1411568011479744e+17	3.76337012105067e+21
-0.0	8904035864244102.0	3.6300172026595293e+21
-0.0	-8.062877526701786e+16	3.7339724718713896e+21
-0.0	9.721804741850117e+16	3.6904864431407665e+21
-0.0	-3.614548312852411e+16	3.708377488951743e+21
-0.0	-1.1941670453475864e+16	3.699647912958782e+21
-0.0	4.027187219808993e+16	3.7027752071838134e+21
-0.0	-2.2463123060956612e+16	3.700175795296599e+21
-0.0	8125008224447185.0	3.700412682415119e+21
-0.0	-3463101650033112.0	3.7003766371510156e+21
-0.0	357091526749664.0	3.70037351070614e+21
-0.0	-1612598924641261.0	3.700387405926498e+21
-0.0	449340851685846.1	3.7003580576295016e+21
-0.0	-24884563690223.062	3.7003836501407705e+21
-0.0	24884568740105.07	3.700383650140828e+21
-0.0	-449340847930926.7	3.7003580576295834e+21
-0.0	1612598923699856.0	3.700387405926393e+21
-0.0	-357091521608772.0	3.70037351070619e+21
-0.0	3463101648417905.5	3.700376637151023e+21
-0.0	-8125008215592176.0	3.700412682414944e+21
-0.0	2.2463123059334084e+16	3.700175795296683e+21
-0.0	-4.027187220116408e+16	3.702775207183597e+21
-0.0	1.1941670462453948e+16	3.699647912958773e+21
-0.0	3.614548313450218e+16	3.708377488951889e+21
-0.0	-9.72180474144801e+16	3.6904864431407597e+21
-0.0	8.062877526340582e+16	3.733972471871299e+21
-0.0	-8904035847665059.0	3.6300172026598544e+21
-0.0	4.141156800974376e+17	3.763370121050578e+21
-0.0	-1.863368672082805e+18	3.6299498410344175e+21
-0.0	7.477023374664003e+18	3.5542161170732716e+21
-0.0	-3.085619578517314e+18	4.0713567928711486e+21
-0.0	2.255506413619033e+19	3.0196374554732947e+21
-0.0	1.1203244947197278e+19	7.082824236471401e+21
-0.0	-3.2198870825318875e+19	-1.810175208257924e+18
-0.0	3.467995998375974e+19	-1.278754243634041e+18
-0.0	-1.3021621768345956e+19	5.841153844800733e+21
-0.0	-2.2514297386202333e+19	2.464741730471599e+21
-0.0	2.9664070091306015e+18	3.3926815464749353e+21
-0.0	-7.606827264489227e+18	2.956641597081888e+21
-0.0	1.9002894499020687e+18	3.0296187521086396e+21
-0.0	-4.700795957060725e+17	3.1404930799946537e+21
-0.0	5.81664393547586e+16	3.033886835627367e+21
-0.0	-1.0305678143479152e+17	3.118754501739443e+21
-0.0	1.1115356078824344e+17	3.084509949766539e+21
-0.0	-3.7385873164535656e+16	3.099064766584306e+21
-0.0	-1.2901630768069474e+16	3.0920122859286325e+21
-0.0	3.994765925976542e+16	3.094683363340223e+21
-0.0	-2.2275670381917708e+16	3.0926163075357805e+21
-0.0	9214447069333104.0	3.0928130239574694e+21
-0.0	-3313478414019794.5	3.092780293513395e+21
-0.0	353518787781577.8	3.0927782254405107e+21
-0.0	-1543169785043939.8	3.092790685261101e+21
-0.0	481395525034241.0	3.092766160338757e+21
-0.0	-27264921076489.336	3.0927861838725524e+21
-0.0	27264923306699.887	3.0927861838725833e+21
-0.0	-481395524434963.94	3.092766160338817e+21
-0.0	1543169780811620.8	3.0927906852610213e+21
-0.0	-353518785520385.1	3.0927782254405637e+21
-0.0	3313478408798587.0	3.0927802935134037e+21
-0.0	-9214447063510954.0	3.092813023957313e+21
-0.0	2.2275670377014036e+16	3.0926163075358335e+21
-0.0	-3.9947659266251624e+16	3.094683363340026e+21
-0.0	1.2901630774664162e+16	3.0920122859285816e+21
-0.0	3.7385873167337336e+16	3.0990647665844305e+21
-0.0	-1.1115356078749733e+17	3.084509949766557e+21
-0.0	1.0305678142774718e+17	3.1187545017393805e+21
-0.0	-5.816643934021749e+16	3.0338868356276394e+21
-0.0	4.700795956848512e+17	3.1404930799946113e+21
-0.0	-1.9002894498967447e+18	3.0296187521080697e+21
-0.0	7.606827264537569e+18	2.956641597082443e+21
-0.0	-2.9664070091749115e+18	3.39268154647496e+21
-0.0	2.2514297386231964e+19	2.464741730471677e+21
-0.0	1.3021621768315552e+19	5.841153844800446e+21
-0.0	-3.467995998375621e+19	-1.278754243633751e+18
-0.0	3.4428766946582237e+19	-1.0599919803415484e+18
-0.0	-1.397424618543274e+19	4.464584458969926e+21
-0.0	-2.0924953321871827e+19	1.8470808646839884e+21
-0.0	2.6090055352410163e+18	2.5940870257051105e+21
-0.0	-7.186136188237173e+18	2.249112961853033e+21
-0.0	1.843918509974189e+18	2.3128487687614033e+21
-0.0	-4.790678830342642e+17	2.396142384303145e+21
-0.0	8.449316475716526e+16	2.314468554062207e+21
-0.0	-1.0428313956398147e+17	2.379643954685717e+21
-0.0	1.1228711917967829e+17	2.353752161912397e+21
-0.0	-3.91988983770555e+16	2.364609663122561e+21
-0.0	-9873472291372630.0	2.3591869051361852e+21
-0.0	3.681540866680224e+16	2.3612227817621506e+21
-0.0	-2.170817189619531e+16	2.359596099624079e+21
-0.0	8904258304568909.0	2.3597404908207137e+21
-0.0	-3406708519834001.0	2.359710453216467e+21
-0.0	326732012100565.6	2.3597132194209493e+21
-0.0	-1485023989141193.0	2.3597232926864766e+21
-0.0	462232898665321.7	2.3597043499478415e+21
-0.0	-38886441900766.09	2.359719899925087e+21
-0.0	38886443898328.164	2.3597198999250988e+21
-0.0	-462232897868237.25	2.3597043499478994e+21
-0.0	1485023984616659.5	2.35972329268641e+21
-0.0	-326732010192665.94	2.3597132194209934e+21
-0.0	3406708514897068.5	2.3597104532164523e+21
-0.0	-8904258298963583.0	2.3597404908206012e+21
-0.0	2.170817189110481e+16	2.3595960996241285e+21
-0.0	-3.681540867315489e+16	2.361222781762004e+21
-0.0	9873472297831068.0	2.3591869051361687e+21
-0.0	3.919889837993238e+16	2.364609663122659e+21
-0.0	-1.1228711917891565e+17	2.3537521619124109e+21
-0.0	1.0428313955701805e+17	2.379643954685664e+21
-0.0	-8.449316474289622e+16	2.3144685540624168e+21
-0.0	4.7906788301369056e+17	2.396142384303095e+21
-0.0	-1.8439185099692298e+18	2.3128487687609686e+21
-0.0	7.186136188284305e+18	2.2491129618534637e+21
-0.0	-2.6090055352841733e+18	2.5940870257051404e+21
-0.0	2.0924953321900028e+19	1.847080864684042e+21
-0.0	1.397424618540334e+19	4.464584458969675e+21
-0.0	-3.4428766946578637e+19	-1.0599919803415091e+18
-0.0	3.1750866796965143e+19	-6.984258440788229e+17
-0.0	-1.39264777889498e+19	3.2244949727199473e+21
-0.0	-1.8102891440040036e+19	1.3043384959357168e+21
-0.0	2.2095690274925852e+18	1.884823898077433e+21
-0.0	-6.337927728206518e+18	1.6243241442365426e+21
-0.0	1.6785739499428687e+18	1.6793059565364547e+21
-0.0	-4.513718237507669e+17	1.737011561027041e+21
-0.0	9.943006189804939e+16	1.6790085712750796e+21
-0.0	-1.0819705380236173e+17	1.725432983841093e+21
-0.0	1.0231737521995829e+17	1.7070148890343509e+21
-0.0	-3.877471534316098e+16	1.7146687366247327e+21
-0.0	-8480512672827987.0	1.7108435608898794e+21
-0.0	3.1196285726602976e+16	1.712333096801777e+21
-0.0	-1.973463941118934e+16	1.7111607511422382e+21
-0.0	7776614526789144.0	1.7112796098977401e+21
-0.0	-3089376159620403.0	1.711250692332001e+21
-0.0	400156941370920.94	1.7112546549893319e+21
-0.0	-1323491590499507.8	1.711260383559533e+21
-0.0	446029414364240.8	1.7112471981324829e+21
-0.0	-40941848576217.26	1.7112582536247166e+21
-0.0	40941849300045.58	1.7112582536247367e+21
-0.0	-446029414962853.5	1.711247198132515e+21
-0.0	1323491585414259.5	1.7112603835594708e+21
-0.0	-400156940752714.2	1.7112546549893667e+21
-0.0	3089376153896713.0	1.7112506923320182e+21
-0.0	-7776614522526418.0	1.7112796098976578e+21
-0.0	1.973463940491479e+16	1.7111607511422738e+21
-0.0	-3.119628573357629e+16	1.712333096801683e+21
-0.0	8480512677477228.0	1.7108435608898568e+21
-0.0	3.877471534433762e+16	1.7146687366248291e+21
-0.0	-1.0231737522052518e+17	1.7070148890343705e+21
-0.0	1.081970537945951e+17	1.7254329838410683e+21
-0.0	-9.943006188662645e+16	1.6790085712752342e+21
-0.0	4.5137182373075034e+17	1.737011561027012e+21
-0.0	-1.6785739499402542e+18	1.6793059565361575e+21
-0.0	6.337927728248901e+18	1.624324144236859e+21
-0.0	-2.20956902753322e+18	1.8848238980774678e+21
-0.0	1.8102891440063674e+19	1.3043384959357627e+21
-0.0	1.3926477788921537e+19	3.22449497271978e+21
-0.0	-3.1750866796961903e+19	-6.984258440785617e+17
-0.0	2.707596523328219e+19	-4.65141149150034e+17
-0.0	-1.2906413749480548e+19	2.1210514105219162e+21
-0.0	-1.442291263376188e+19	8.291250668386906e+20
-0.0	1.6705962298204567e+18	1.2460786115543273e+21
-0.0	-5.166390277649285e+18	1.0649061445468957e+21
-0.0	1.408743579540677e+18	1.1091328290546807e+21
-0.0	-3.8189601106529626e+17	1.1453952069491623e+21
-0.0	1.0708406634281754e+17	1.1078320055088584e+21
-0.0	-1.012764059592574e+17	1.1378461551995182e+21
-0.0	9.034401731329893e+16	1.1259987015134029e+21
-0.0	-3.3696848717843172e+16	1.1309124570503892e+21
-0.0	-5792088527619738.0	1.1284407488067674e+21
-0.0	2.553326036285395e+16	1.1294197062681572e+21
-0.0	-1.6081722781589206e+16	1.1286373995445275e+21
-0.0	6597934119911853.0	1.1287229422162663e+21
-0.0	-2488821725873124.0	1.1286981212906893e+21
-0.0	383103832510902.6	1.128702284890278e+21
-0.0	-1114127337727620.5	1.1287051749870393e+21
-0.0	387878065629523.6	1.128697266651015e+21
-0.0	-40325382315864.17	1.1287043575154176e+21
-0.0	40325378143754.92	1.1287043575154298e+21
-0.0	-387878071302062.1	1.1286972666510446e+21
-0.0	1114127328638048.5	1.1287051749870152e+21
-0.0	-383103836555111.25	1.1287022848903011e+21
-0.0	2488821716402260.0	1.1286981212906975e+21
-0.0	-6597934121481841.0	1.1287229422162229e+21
-0.0	1.608172277111593e+16	1.1286373995445617e+21
-0.0	-2.553326037353924e+16	1.1294197062680955e+21
-0.0	5792088526099519.0	1.1284407488067672e+21
-0.0	3.3696848714171532e+16	1.1309124570504361e+21
-0.0	-9.03440173183743e+16	1.1259987015134153e+21
-0.0	1.0127640594752302e+17	1.1378461551994889e+21
-0.0	-1.0708406633805797e+17	1.1078320055089472e+21
-0.0	3.818960110440357e+17	1.1453952069491302e+21
-0.0	-1.408743579543371e+18	1.1091328290544876e+21
-0.0	5.166390277679923e+18	1.0649061445471059e+21
-0.0	-1.6705962298606746e+18	1.2460786115543404e+21
-0.0	1.4422912633776028e+19	8.29125066838721e+20
-0.0	1.2906413749450582e+19	2.121051410521817e+21
-0.0	-2.707596523327979e+19	-4.651411491500185e+17
-0.0	2.099096225198822e+19	-2.5498534410311254e+17
-0.0	-1.1031342463160463e+19	1.235859450321121e+21
-0.0	-1.0214507282070264e+19	4.608406106014443e+20
-0.0	1.0980539760580888e+18	7.323500061653501e+20
-0.0	-3.770141611988248e+18	6.188370942151037e+20
-0.0	1.0655800638739794e+18	6.50915796822104e+20
-0.0	-2.97824006593193e+17	6.704998354827908e+20
-0.0	1.0385729450139306e+17	6.492017123896032e+20
-0.0	-8.624224841792165e+16	6.662582122162915e+20
-0.0	7.20911979820713e+16	6.595980591325488e+20
-0.0	-2.8561886310939064e+16	6.623465456084201e+20
-0.0	-4305311511250990.5	6.609395246197566e+20
-0.0	1.80836967920987e+16	6.61516154441064e+20
-0.0	-1.1992893316216662e+16	6.610494028263303e+20
-0.0	4974069362196095.0	6.611072607487493e+20
-0.0	-1847200361846459.0	6.610895720394945e+20
-0.0	325782078538252.9	6.610930039734113e+20
-0.0	-835799457853803.1	6.610940889644388e+20
-0.0	316309115143557.6	6.610900626560297e+20
-0.0	-36318601771605.086	6.610939723081722e+20
-0.0	36318602635498.7	6.61093972308184e+20
-0.0	-316309116562228.4	6.610900626560474e+20
-0.0	835799454380972.5	6.610940889644082e+20
-0.0	-325782076935778.8	6.610930039734204e+20
-0.0	1847200357379567.0	6.61089572039512e+20
-0.0	-4974069359819622.0	6.611072607487171e+20
-0.0	1.199289331193669e+16	6.610494028263382e+20
-0.0	-1.80836967971774e+16	6.61516154441017e+20
-0.0	4305311514568608.0	6.6093952461974e+20
-0.0	2.856188631198449e+16	6.623465456084499e+20
-0.0	-7.209119798238368e+16	6.595980591325496e+20
-0.0	8.624224841252637e+16	6.662582122162746e+20
-0.0	-1.0385729449335534e+17	6.492017123896619e+20
-0.0	2.978240065797421e+17	6.704998354827856e+20
-0.0	-1.0655800638721947e+18	6.509157968219971e+20
-0.0	3.7701416120156513e+18	6.188370942152275e+20
-0.0	-1.0980539760852567e+18	7.323500061653492e+20
-0.0	1.0214507282086267e+19	4.608406106014609e+20
-0.0	1.1031342463141407e+19	1.2358594503210723e+21
-0.0	-2.099096225198615e+19	-2.5498534410296784e+17
-0.0	1.4272480096406274e+19	-1.1877010620026186e+17
-0.0	-8.474611328113263e+18	6.007909398719056e+20
-0.0	-6.098567615799394e+18	2.076224612426362e+20
-0.0	5.6767897099961805e+17	3.601833505009258e+20
-0.0	-2.354341505279452e+18	2.992140494781162e+20
-0.0	6.994321907650047e+17	3.194015376658396e+20
-0.0	-2.0566706075555117e+17	3.278506772149229e+20
-0.0	8.838404775880683e+16	3.1792849778244773e+20
-0.0	-6.714344518185348e+16	3.259062915044879e+20
-0.0	5.05500612287972e+16	3.228442843270641e+20
-0.0	-2.1353336950194748e+16	3.2409828223463044e+20
-0.0	-2420457165231446.5	3.234404535554871e+20
-0.0	1.0816953121818298e+16	3.237240920600012e+20
-0.0	-7605304311990547.0	3.234911496486989e+20
-0.0	3319072230083593.5	3.2352508843999494e+20
-0.0	-1144967563314786.8	3.235138425331091e+20
-0.0	273484615564552.25	3.235164426819882e+20
-0.0	-533101356426487.0	3.2351650834032656e+20
-0.0	231489788090224.88	3.235149252265961e+20
-0.0	-28655066673346.164	3.235166837020344e+20
-0.0	28655067471423.414	3.235166837020411e+20
-0.0	-231489789810743.4	3.2351492522660626e+20
-0.0	533101353677907.6	3.235165083403132e+20
-0.0	-273484613669106.12	3.2351644268199654e+20
-0.0	1144967559806712.0	3.235138425331211e+20
-0.0	-3319072228620864.0	3.235250884399842e+20
-0.0	7605304309022149.0	3.2349114964870726e+20
-0.0	-1.0816953125569516e+16	3.237240920599839e+20
-0.0	2420457167259590.5	3.234404535554854e+20
-0.0	2.135333695080705e+16	3.2409828223464636e+20
-0.0	-5.055006122910161e+16	3.2284428432706824e+20
-0.0	6.714344517820185e+16	3.259062915044817e+20
-0.0	-8.838404775377349e+16	3.17928497782469e+20
-0.0	2.05667060747016e+17	3.278506772149177e+20
-0.0	-6.994321907645545e+17	3.194015376657902e+20
-0.0	2.354341505297416e+18	2.9921404947817864e+20
-0.0	-5.676789710176443e+17	3.6018335050092315e+20
-0.0	6.098567615809322e+18	2.076224612426433e+20
-0.0	8.474611328101025e+18	6.007909398718822e+20
-0.0	-1.427248009640506e+19	-1.1877010620021589e+17
-0.0	8.029578265634685e+18	-3.8704817952432424e+16
-0.0	-5.587566229581152e+18	2.1973795733124347e+20
-0.0	-2.7941971281139113e+18	6.642502827105449e+19
-0.0	1.7741475905644134e+17	1.3421922389710742e+20
-0.0	-1.1622450925006822e+18	1.085375565491754e+20
-0.0	3.745181998535211e+17	1.1860824992640126e+20
-0.0	-1.1831769349474763e+17	1.2109035650860406e+20
-0.0	6.3744790441412456e+16	1.1771165732927498e+20
-0.0	-4.435291958890761e+16	1.2044048275317429e+20
-0.0	2.9814493404563948e+16	1.1942589195528069e+20
-0.0	-1.3617906057215036e+16	1.1983513564346592e+20
-0.0	-919670048248045.1	1.1960950707520178e+20
-0.0	4983448336589125.0	1.19716054542382e+20
-0.0	-3865927311266164.0	1.196271448712738e+20
-0.0	1824171149986489.5	1.1964277100412925e+20
-0.0	-545343473564229.9	1.1963708103433087e+20
-0.0	203644805993029.38	1.1963860149204504e+20
-0.0	-268494534376877.03	1.1963829194346114e+20
-0.0	146400543621900.1	1.1963792439585479e+20
-0.0	-18316735892522.383	1.1963848296781098e+20
-0.0	18316736675324.824	1.1963848296781169e+20
-0.0	-146400543824362.38	1.1963792439585744e+20
-0.0	268494533387755.03	1.1963829194345798e+20
-0.0	-203644805160312.7	1.1963860149204707e+20
-0.0	545343472283626.75	1.1963708103433242e+20
-0.0	-1824171148720340.0	1.1964277100412507e+20
-0.0	3865927310111490.5	1.1962714487127532e+20
-0.0	-4983448338082880.0	1.1971605454237575e+20
-0.0	919670049796869.8	1.1960950707519998e+20
-0.0	1.361790605776272e+16	1.1983513564347274e+20
-0.0	-2.9814493404213464e+16	1.1942589195528105e+20
-0.0	4.435291958717382e+16	1.204404827531707e+20
-0.0	-6.374479043800339e+16	1.1771165732928435e+20
-0.0	1.1831769349018741e+17	1.210903565086034e+20
-0.0	-3.745181998526147e+17	1.1860824992638516e+20
-0.0	1.1622450925111183e+18	1.0853755654919704e+20
-0.0	-1.774147590663244e+17	1.342192238971053e+20
-0.0	2.7941971281201884e+18	6.642502827105689e+19
-0.0	5.587566229574205e+18	2.1973795733123678e+20
-0.0	-8.02957826563393e+18	-3.870481795241638e+16
-0.0	3.330129317122586e+18	-7019144610523160.0
-0.0	-2.9338249450799416e+18	4.797440417992484e+19
-0.0	-7.465975354157663e+17	1.0658022295054852e+19
-0.0	-2.3291876174180056e+16	3.0306978823380943e+19
-0.0	-3.7308125986262586e+17	2.3318839900514054e+19
-0.0	1.430061033534487e+17	2.6602810612100596e+19
-0.0	-5.07939936657405e+16	2.6904338970021114e+19
-0.0	3.6132609840681096e+16	2.626620376537834e+19
-0.0	-2.2674738152952924e+16	2.678476568166098e+19
-0.0	1.3430137178812418e+16	2.660674434281851e+19
-0.0	-6676214740232605.0	2.667592371876899e+19
-0.0	-9436733338200.92	2.663258814045588e+19
-0.0	1366891925949982.5	2.6657046978883195e+19
-0.0	-1306530574390314.8	2.6635994697332576e+19
-0.0	769415505180141.9	2.6640723915885744e+19
-0.0	-128047160254596.23	2.6638821145194656e+19
-0.0	135440033241647.17	2.6639354772240663e+19
-0.0	-82890639873752.22	2.663910268389336e+19
-0.0	75643671726987.03	2.663909534668914e+19
-0.0	-7882871466209.745	2.663918057960166e+19
-0.0	7882871758127.1455	2.6639180579601777e+19
-0.0	-75643671619732.64	2.663909534668987e+19
-0.0	82890639485848.66	2.663910268389246e+19
-0.0	-135440033115892.69	2.66393547722408e+19
-0.0	128047159760625.31	2.663882114519502e+19
-0.0	-769415504574975.9	2.664072391588481e+19
-0.0	1306530573909062.2	2.6635994697333354e+19
-0.0	-1366891926482966.5	2.665704697888123e+19
-0.0	9436733973507.033	2.663258814045527e+19
-0.0	6676214740363370.0	2.667592371877047e+19
-0.0	-1.3430137178698922e+16	2.6606744342818435e+19
-0.0	2.267473815226073e+16	2.6784765681660535e+19
-0.0	-3.613260983923737e+16	2.6266203765379994e+19
-0.0	5.079399366382741e+16	2.6904338970021745e+19
-0.0	-1.4300610335307587e+17	2.6602810612098417e+19
-0.0	3.730812598668854e+17	2.3318839900519313e+19
-0.0	2.3291876169934388e+16	3.030697882337996e+19
-0.0	7.465975354183895e+17	1.0658022295055364e+19
-0.0	2.933824945076775e+18	4.797440417992406e+19
-0.0	-3.3301293171222456e+18	-7019144610501923.0
-0.0	6.780788216650726e+17	-49003261815835.8
-0.0	-1.0454604396735444e+18	2.7658499813173565e+18
-0.0	9.993140489215522e+16	2035764565488591.5
-0.0	-6.712283920515118e+16	1.9275568657067935e+18
-0.0	-6257571487964581.0	1.2903730990751644e+18
-0.0	2.1526651540324932e+16	1.6598692776705124e+18
-0.0	-1.120149513827935e+16	1.6395697034922803e+18
-0.0	1.363403005749373e+16	1.6192938567642255e+18
-0.0	-7111966310992341.0	1.6355141128137723e+18
-0.0	3606653570061179.5	1.6329820092400579e+18
-0.0	-1886778038084843.8	1.6334347212150175e+18
-0.0	328631515694240.94	1.631820426344955e+18
-0.0	-98722548440431.3	1.6333783262640364e+18
-0.0	-42592714387316.35	1.6318207635956337e+18
-0.0	215424054290080.78	1.632338217580619e+18
-0.0	73171201569121.81	1.6320772379237558e+18
-0.0	82323602971678.94	1.632089444474756e+18
-0.0	9878510380895.996	1.6319799593938012e+18
-0.0	28996998811035.164	1.6319713394895347e+18
-0.0	-437727599177.45306	1.6319656866124355e+18
-0.0	437727681594.262	1.6319656866124165e+18
-0.0	-28996998794198.684	1.6319713394895383e+18
-0.0	-9878510450340.057	1.631979959393639e+18
-0.0	-82323602980966.1	1.6320894444746826e+18
-0.0	-73171201671442.78	1.6320772379238607e+18
-0.0	-215424054196631.47	1.6323382175806088e+18
-0.0	42592714285552.67	1.6318207635956874e+18
-0.0	98722548385604.77	1.63337832626388e+18
-0.0	-328631515544109.0	1.631820426344812e+18
-0.0	1886778038042657.5	1.6334347212150845e+18
-0.0	-3606653570032547.0	1.632982009240096e+18
-0.0	7111966310837396.0	1.635514112813733e+18
-0.0	-1.3634030057203934e+16	1.6192938567642383e+18
-0.0	1.1201495137869702e+16	1.6395697034923727e+18
-0.0	-2.1526651540230292e+16	1.6598692776707246e+18
-0.0	6257571488771412.0	1.2903730990754496e+18
-0.0	6.712283920416005e+16	1.927556865706581e+18
-0.0	-9.993140489158792e+16	2035764565518467.0
-0.0	1.0454604396726299e+18	2.765849981317324e+18
-0.0	-6.78078821664956e+17	-49003261814072.5
-0.0	-2.4138936927540845e+17	838875578369651.9
-0.0	-1.0337662179888494e+17	1.672311552069527e+17
-0.0	2.0886751349579763e+17	1.7636392168448934e+17
-0.0	-3.731911503779126e+16	8.190044911934901e+16
-0.0	7.225470056656096e+16	1.0398635960534181e+17
-0.0	-1.526601460548125e+16	7.970555851546688e+16
-0.0	3560114524410442.5	8.81506615174484e+16
-0.0	1407888883176315.0	8.312690569194883e+16
-0.0	404775087130471.94	8.71178759528504e+16
-0.0	-241388441684927.66	8.508111855758018e+16
-0.0	332050276922090.56	8.588301494190424e+16
-0.0	316039252124734.4	8.546735403189925e+16
-0.0	-258756365025870.38	8.538369378734046e+16
-0.0	275106275840532.75	8.531218010236581e+16
-0.0	33182027995269.477	8.53183298813473e+16
-0.0	109485245374163.17	8.528718681403394e+16
-0.0	46889727243802.76	8.522117651466664e+16
-0.0	31411691757384.875	8.51682188102765e+16
-0.0	6463738405673.212	8.514315106947462e+16
-0.0	2533758758743.699	8.51394840173563e+16
-0.0	-2533758749141.078	8.513948401731136e+16
-0.0	-6463738420322.514	8.514315106944846e+16
-0.0	-31411691725289.316	8.516821881029643e+16
-0.0	-46889727264126.2	8.52211765145974e+16
-0.0	-109485245332742.3	8.528718681403165e+16
-0.0	-33182028058420.047	8.531832988133504e+16
-0.0	-275106275791456.84	8.531218010236232e+16
-0.0	258756365095173.6	8.53836937873805e+16
-0.0	-316039252154881.8	8.546735403182336e+16
-0.0	-332050276978032.1	8.58830149417936e+16
-0.0	241388441674219.7	8.508111855757251e+16
-0.0	-404775087088276.9	8.711787595287029e+16
-0.0	-1407888883262145.2	8.312690569189307e+16
-0.0	-3560114524294866.0	8.81506615174277e+16
-0.0	1.5266014605471332e+16	7.970555851535077e+16
-0.0	-7.225470056691966e+16	1.0398635960514933e+17
-0.0	3.731911503799557e+16	8.190044911935744e+16
-0.0	-2.0886751349591696e+17	1.7636392168447715e+17
-0.0	1.0337662179886387e+17	1.672311552069323e+17
-0.0	2.413893692754313e+17	838875578368335.5
-0.0	-2.4370364088912192e+17	1720194848905631.0
-0.0	1.3684283648275174e+17	-2.4155212117537468e+16
-0.0	8.571768129368176e+16	-8.650173053453659e+16
-0.0	-4537112521266245.0	-2351789397674982.0
-0.0	3.878137625959871e+16	-2.4789610518789696e+16
-0.0	-1.187089719822421e+16	-6553710467379891.0
-0.0	4356572253788662.0	-1.0935706634224042e+16
-0.0	-1805574666207963.5	-8925929570476610.0
-0.0	1913936359626066.0	-1.041177908433084e+16
-0.0	-624316856502883.5	-9735656970602598.0
-0.0	722537439424831.2	-1.013976735577805e+16
-0.0	200311317340705.9	-1.0144808059823962e+16
-0.0	-37435782512471.836	-1.0238663396197516e+16
-0.0	181265566878398.5	-1.0320437734736372e+16
-0.0	20891907568045.977	-1.0272089620510038e+16
-0.0	72134559202824.31	-1.0322682113683642e+16
-0.0	25405143848263.14	-1.0360779425495132e+16
-0.0	20243356953470.62	-1.0398321616267964e+16
-0.0	-153208716595.81598	-1.0409735419799142e+16
-0.0	2143120986197.1365	-1.0414248629596708e+16
-0.0	-2143120994059.8926	-1.0414248629624378e+16
-0.0	153208722482.1417	-1.040973541982257e+16
-0.0	-20243356923942.555	-1.0398321616233204e+16
-0.0	-25405143870645.855	-1.0360779425493494e+16
-0.0	-72134559168654.83	-1.032268211370334e+16
-0.0	-20891907617319.812	-1.027208962050952e+16
-0.0	-181265566836245.28	-1.0320437734724998e+16
-0.0	37435782573450.23	-1.0238663396155194e+16
-0.0	-200311317373949.8	-1.0144808059843974e+16
-0.0	-722537439468897.8	-1.0139767355859798e+16
-0.0	624316856492101.8	-9735656970615604.0
-0.0	-1913936359580895.8	-1.041177908432417e+16
-0.0	1805574666116158.0	-8925929570513340.0
-0.0	-4356572253674539.5	-1.0935706634256182e+16
-0.0	1.1870897198215566e+16	-6553710467442790.0
-0.0	-3.878137625994115e+16	-2.4789610518981296e+16
-0.0	4537112521534321.0	-2351789397658641.5
-0.0	-8.57176812938198e+16	-8.650173053455806e+16
-0.0	-1.3684283648264102e+17	-2.4155212117512236e+16
-0.0	2.4370364088912467e+17	1720194848904416.2
-0.0	-4.4716293013752136e+16	2390534595350409.0
-0.0	8.422604969963602e+16	-1.3189782351812906e+16
-0.0	-2316864781707792.0	4.083842372153378e+16
-0.0	7357241056808565.0	-1.335412736023571e+16
-0.0	3577254504740263.5	1540960183401943.0
-0.0	-2078000067114247.8	-9622523680500824.0
-0.0	1543300551480954.2	-7626221141684457.0
-0.0	-932527903112007.0	-8170070583425021.0
-0.0	1068592692872730.8	-7767359181228850.0
-0.0	-44723552083868.34	-8158428948284051.0
-0.0	425793528786967.0	-8072349724698974.0
-0.0	115177505778797.05	-8224744893770399.0
-0.0	93850817716707.44	-8355714791154100.0
-0.0	49625961376880.76	-8377012504757852.0
-0.0	35056444021174.88	-8375620786538060.0
-0.0	30265518645543.613	-8398880567032335.0
-0.0	12556534995329.625	-8428507911050415.0
-0.0	6066571823630.83	-8446791952358916.0
-0.0	-399144343026.06647	-8453490139993907.0
-0.0	756354846742.6096	-8455314726621556.0
-0.0	-756354847998.7368	-8455314726627824.0
-0.0	399144347479.2827	-8453490140014365.0
-0.0	-6066571817638.735	-8446791952377998.0
-0.0	-12556534995951.783	-8428507911062673.0
-0.0	-30265518644151.3	-8398880567034346.0
-0.0	-35056444036884.895	-8375620786536438.0
-0.0	-49625961365871.94	-8377012504757495.0
-0.0	-93850817700788.66	-8355714791158332.0
-0.0	-115177505782837.0	-8224744893791163.0
-0.0	-425793528803315.75	-8072349724725320.0
-0.0	44723552081452.93	-8158428948282886.0
-0.0	-1068592692861131.6	-7767359181228136.0
-0.0	932527903095027.2	-8170070583427500.0
-0.0	-1543300551459351.0	-7626221141688184.0
-0.0	2078000067114840.0	-9622523680530576.0
-0.0	-3577254504830054.0	1540960183353450.5
-0.0	-7357241056729001.0	-1.3354127360222422e+16
-0.0	2316864781673113.5	4.083842372153244e+16
-0.0	-8.422604969960245e+16	-1.3189782351810674e+16
-0.0	4.471629301375416e+16	2390534595350581.0
-0.0	5.530792893972686e+16	3174400324172363.0
-0.0	1.1371811418136266e+16	2.602398693272748e+16
-0.0	-1.976353604768286e+16	-1.0770119635680786e+16
-0.0	6189463673690862.0	2.0421328163003996e+16
-0.0	-7041539653549818.0	1.1317613595782292e+16
-0.0	2143262384472093.8	1.7122237585529044e+16
-0.0	-106559273632745.05	1.6239018896340662e+16
-0.0	186970202772494.4	1.6373128304269462e+16
-0.0	266219563020231.97	1.6344633967071688e+16
-0.0	294056743389713.25	1.6297177547771774e+16
-0.0	158021012844536.47	1.6212006496464332e+16
-0.0	75351937342300.1	1.6084976517022744e+16
-0.0	92496565094514.08	1.6001113386813336e+16
-0.0	-5733336308567.271	1.5947929134456252e+16
-0.0	30833275380612.87	1.5959894469348152e+16
-0.0	7650231588568.743	1.593729418764849e+16
-0.0	4990896495215.089	1.5923320784159868e+16
-0.0	-664072250775.0243	1.591507597467005e+16
-0.0	213880517223.60492	1.5913020306006594e+16
-0.0	-77476417434.10014	1.5912899224672088e+16
-0.0	77476421130.29938	1.5912899224666778e+16
-0.0	-213880517226.69785	1.5913020306007942e+16
-0.0	664072244209.7897	1.591507597466503e+16
-0.0	-4990896485383.764	1.5923320784153934e+16
-0.0	-7650231598208.853	1.5937294187644214e+16
-0.0	-30833275377138.562	1.5959894469348822e+16
-0.0	5733336303371.683	1.594792913445333e+16
-0.0	-92496565101827.05	1.6001113386807124e+16
-0.0	-75351937332909.73	1.6084976517017576e+16
-0.0	-158021012842615.94	1.6212006496471796e+16
-0.0	-294056743389591.6	1.6297177547769516e+16
-0.0	-266219563027437.47	1.6344633967071772e+16
-0.0	-186970202756106.84	1.6373128304272532e+16
-0.0	106559273611087.67	1.6239018896344612e+16
-0.0	-2143262384468136.8	1.7122237585535352e+16
-0.0	7041539653584090.0	1.131761359579833e+16
-0.0	-6189463673715092.0	2.0421328162999744e+16
-0.0	1.9763536047703236e+16	-1.077011963568024e+16
-0.0	-1.1371811418152782e+16	2.602398693272739e+16
-0.0	-5.530792893972349e+16	3174400324172799.0
-0.0	5.844892728346861e+16	3753837983371891.0
-0.0	-1.1623829621132716e+16	-1.6880138314006764e+16
-0.0	-1.0499215040288354e+16	5687548338399577.0
-0.0	3014241304515938.5	-1.0990639417734818e+16
-0.0	-4937054038919263.0	-6219852823525271.0
-0.0	2082668913082102.5	-9502082042504966.0
-0.0	-336790568664304.1	-9265636830705050.0
-0.0	493419100606880.1	-9118616882613414.0
-0.0	24523294037898.543	-9228020931862860.0
-0.0	297155741528185.8	-9309491038991666.0
-0.0	64435617441600.266	-9366456719352284.0
-0.0	55079614214430.75	-9477646482874170.0
-0.0	51547013083208.52	-9571286478685060.0
-0.0	-10703210006240.23	-9590514109039796.0
-0.0	16940482751538.047	-9595127613117474.0
-0.0	121901649315.2924	-9604922739980916.0
-0.0	1167150244739.6138	-9611932307399574.0
-0.0	-1720363325120.203	-9614036688347582.0
-0.0	333007240229.0391	-9614161885213326.0
-0.0	-214704475208.97995	-9614162271341942.0
-0.0	214704476888.90314	-9614162271343574.0
-0.0	-333007236569.92255	-9614161885214830.0
-0.0	1720363318253.3328	-9614036688349556.0
-0.0	-1167150237806.055	-9611932307399582.0
-0.0	-121901656963.1166	-9604922739975276.0
-0.0	-16940482747657.25	-9595127613119328.0
-0.0	10703209999771.963	-9590514109040586.0
-0.0	-51547013089047.18	-9571286478689632.0
-0.0	-55079614206636.914	-9477646482872556.0
-0.0	-64435617440174.47	-9366456719340098.0
-0.0	-297155741526422.9	-9309491038990120.0
-0.0	-24523294045937.605	-9228020931860534.0
-0.0	-493419100590809.4	-9118616882612324.0
-0.0	336790568645580.8	-9265636830701160.0
-0.0	-2082668913081086.5	-9502082042493806.0
-0.0	4937054038961835.0	-6219852823506307.0
-0.0	-3014241304549519.5	-1.0990639417740144e+16
-0.0	1.0499215040309714e+16	5687548338404032.0
-0.0	1.162382962111402e+16	-1.6880138314007594e+16
-0.0	-5.844892728346573e+16	3753837983372296.5
-0.0	3.523959113637991e+16	4351976047980553.0
-0.0	-8147271291183658.0	1.7743214238285454e+16
-0.0	-2358445305963633.0	5687513694458660.0
-0.0	1447739385818926.5	1.3573966894302086e+16
-0.0	-1623117494741887.0	1.0871748321804476e+16
-0.0	1078574900923267.8	1.2040992458565288e+16
-0.0	-120016004064695.23	1.1912540285103424e+16
-0.0	366529545214384.0	1.1857627563657956e+16
-0.0	41582112824419.78	1.1938673231043316e+16
-0.0	192607475225442.1	1.182768294929654e+16
-0.0	50751213526276.086	1.1781519448696376e+16
-0.0	38534307461262.69	1.1670917346251078e+16
-0.0	22673247556289.465	1.1614809385096258e+16
-0.0	-4351392247479.4717	1.1588128343936796e+16
-0.0	6268866269419.445	1.158566721494827e+16
-0.0	-1125751820717.6052	1.1580162677618736e+16
-0.0	-129583186719.3618	1.1578155838615836e+16
-0.0	-970693694732.802	1.1578029465530364e+16
-0.0	218491820693.27136	1.1578029068306874e+16
-0.0	-99471296154.14511	1.1578029068304468e+16
-0.0	99471296488.5292	1.1578029068307366e+16
-0.0	-218491816640.62747	1.1578029068306104e+16
-0.0	970693690101.9082	1.1578029465525014e+16
-0.0	129583189593.40443	1.1578155838614444e+16
-0.0	1125751816750.001	1.1580162677618856e+16
-0.0	-6268866268518.927	1.1585667214947168e+16
-0.0	4351392244229.472	1.1588128343937052e+16
-0.0	-22673247557685.383	1.1614809385089392e+16
-0.0	-38534307457816.05	1.1670917346248154e+16
-0.0	-50751213526860.086	1.1781519448700936e+16
-0.0	-192607475224228.94	1.1827682949298242e+16
-0.0	-41582112828282.24	1.1938673231044806e+16
-0.0	-366529545206738.4	1.1857627563661806e+16
-0.0	120016004055904.3	1.191254028510541e+16
-0.0	-1078574900922981.0	1.2040992458569508e+16
-0.0	1623117494762563.5	1.0871748321817496e+16
-0.0	-1447739385835635.5	1.357396689429617e+16
-0.0	2358445305974376.0	5687513694460382.0
-0.0	8147271291174582.0	1.774321423828745e+16
-0.0	-3.5239591136377948e+16	4351976047980868.0
-0.0	1.8876891520547576e+16	4774550347888655.0
-0.0	-2155491835359688.5	-4812405806661757.0
-0.0	576582708989804.2	1510439372203233.2
-0.0	971243493035807.6	-2058139041388029.2
-0.0	-94760821438862.33	-1104419658159879.1
-0.0	452912554451084.75	-1941373639965357.5
-0.0	30494957490717.953	-2030342174298715.5
-0.0	204809313588493.3	-1899030765464200.2
-0.0	70731544923045.12	-1992835865070002.5
-0.0	107533851391324.45	-2032875170722951.8
-0.0	43319907683709.08	-2095604999453738.8
-0.0	23564565233543.39	-2168453906939818.5
-0.0	9420528372050.805	-2211659378164326.8
-0.0	-740287100045.3015	-2223335670554098.0
-0.0	1455380249496.0544	-2226796931010714.2
-0.0	-761630744016.795	-2228664094485124.8
-0.0	-204075539899.56122	-2228790804048813.5
-0.0	-298723115642.9669	-2228791212415403.2
-0.0	117136381083.90685	-2228791212416002.0
-0.0	-14384688633.770372	-2228791212417242.8
-0.0	14384689464.292015	-2228791212415783.0
-0.0	-117136380553.09706	-2228791212416635.8
-0.0	298723113150.8428	-2228791212415979.5
-0.0	204075543012.22144	-2228790804049233.0
-0.0	761630742231.6517	-2228664094485084.8
-0.0	-1455380249680.3423	-2226796931010554.2
-0.0	740287098986.4788	-2223335670553945.2
-0.0	-9420528372994.621	-2211659378165111.8
-0.0	-23564565231383.914	-2168453906940676.0
-0.0	-43319907684216.21	-2095604999452959.8
-0.0	-107533851390956.67	-2032875170721648.2
-0.0	-70731544924297.73	-1992835865069481.2
-0.0	-204809313584869.22	-1899030765464245.5
-0.0	-30494957495128.656	-2030342174298340.8
-0.0	-452912554450450.6	-1941373639962442.5
-0.0	94760821445875.3	-1104419658156682.8
-0.0	-971243493043006.8	-2058139041388312.8
-0.0	-576582708984097.0	1510439372203408.0
-0.0	2155491835354261.5	-4812405806661008.0
-0.0	-1.8876891520546172e+16	4774550347888801.0
-0.0	1.1389718440706056e+16	5121865667814830.0
-0.0	454476477838845.75	9444385115883956.0
-0.0	1060578429260394.6	6826806192188668.0
-0.0	787474697253312.5	7988938723164238.0
-0.0	289148493046937.8	7282888322985571.0
-0.0	205120734507017.47	7230110357507399.0
-0.0	66521370508151.766	7186578071755273.0
-0.0	109836206765820.2	7166873244784850.0
-0.0	63386823321434.11	7186981908078577.0
-0.0	57489111517965.086	7119494590191160.0
-0.0	28815063100436.008	7082630310883483.0
-0.0	11950225637572.79	7027347766935715.0
-0.0	3789755565466.2515	7007111836803988.0
-0.0	75751387788.17326	6998919189674168.0
-0.0	102295246225.30516	6997249214816292.0
-0.0	-273396576449.83472	6997123320226892.0
-0.0	-10414567271.227364	6997122900895757.0
-0.0	-18147271118.85521	6997122900895846.0
-0.0	58295698077.86226	6997122900895548.0
-0.0	7151993724.267366	6997122900895761.0
-0.0	-7151992963.991422	6997122900895323.0
-0.0	-58295698548.136284	6997122900895610.0
-0.0	18147269939.341152	6997122900896645.0
-0.0	10414569326.029154	6997122900895287.0
-0.0	273396575840.37845	6997123320226646.0
-0.0	-102295246855.99316	6997249214815724.0
-0.0	-75751387904.19324	6998919189673892.0
-0.0	-3789755565724.8555	7007111836803599.0
-0.0	-11950225636766.854	7027347766935664.0
-0.0	-28815063100996.63	7082630310883368.0
-0.0	-57489111517861.11	7119494590191552.0
-0.0	-63386823321896.89	7186981908079012.0
-0.0	-109836206764435.81	7166873244784019.0
-0.0	-66521370510029.13	7186578071755107.0
-0.0	-205120734506479.9	7230110357508162.0
-0.0	-289148493044996.94	7282888322986454.0
-0.0	-787474697256083.0	7988938723163817.0
-0.0	-1060578429258140.8	6826806192189307.0
-0.0	-454476477841488.5	9444385115883290.0
-0.0	-1.1389718440705068e+16	5121865667814970.0
-0.0	8043240479206719.0	5282147997434602.0
-0.0	1001645402476193.2	1734659129271928.0
-0.0	921241265946952.4	2963960358771873.0
-0.0	634680218582159.9	2558782751605477.0
-0.0	298318152807726.1	2506848385551299.0
-0.0	115837874515277.6	2214227674883957.5
-0.0	54785955802724.99	2111607650989463.2
-0.0	60513796594280.91	2163036946021287.0
-0.0	41166374795519.33	2113768169728726.5
-0.0	28853967273638.676	2087441719585721.2
-0.0	14432617051268.986	2051196819620505.8
-0.0	4570554758445.248	2024498497171145.0
-0.0	1196696496480.1797	2014720609179992.2
-0.0	34917677535.15913	2012059256592399.0
-0.0	-36270322560.983864	2011935321490852.8
-0.0	4507987621.541539	2011935005844930.8
-0.0	80246356424.58147	2011935035786434.0
-0.0	37063436937.92341	2011935035789127.0
-0.0	24880100623.280525	2011935035789742.8
-0.0	5140908176.242338	2011935035789394.5
-0.0	-5140907722.18185	2011935035789325.8
-0.0	-24880101028.938305	2011935035789276.2
-0.0	-37063437387.68215	2011935035789361.8
-0.0	-80246355469.13196	2011935035786387.5
-0.0	-4507987843.38449	2011935005844808.2
-0.0	36270322169.81835	2011935321490770.0
-0.0	-34917677551.803734	2012059256592430.0
-0.0	-1196696496441.9558	2014720609180242.5
-0.0	-4570554758274.669	2024498497171679.2
-0.0	-14432617051473.512	2051196819620606.2
-0.0	-28853967273564.91	2087441719585515.8
-0.0	-41166374795589.69	2113768169729048.5
-0.0	-60513796594044.79	2163036946021198.5
-0.0	-54785955803274.6	2111607650989634.8
-0.0	-115837874514995.77	2214227674884549.2
-0.0	-298318152807315.2	2506848385550659.0
-0.0	-634680218582807.4	2558782751605567.0
-0.0	-921241265946432.9	2963960358771785.0
-0.0	-1001645402477075.6	1734659129272071.0
-0.0	-8043240479205997.0	5282147997434720.0
-0.0	6098874493734011.0	5312370584158126.0
-0.0	914169972298818.0	5886507141863937.0
-0.0	707281373436308.1	5647331401767173.0
-0.0	487718698632047.2	5531860112634781.0
-0.0	233514028557243.75	5283508956996509.0
-0.0	74075464842631.97	5033838730799847.0
-0.0	35677048962470.41	4985680161686390.0
-0.0	32630533880282.914	4975802214102091.0
-0.0	21523021995832.523	4965892370416360.0
-0.0	12451710363999.893	4936202943387975.0
-0.0	5036331912312.258	4918769675737072.0
-0.0	940183651571.3896	4905790304674433.0
-0.0	116128493817.47601	4903105022698596.0
-0.0	-27480200520.9935	4902947655473639.0
-0.0	38502145588.7404	4902947015422482.0
-0.0	81524783965.41008	4902947017662549.0
-0.0	67872584764.58968	4902947045572764.0
-0.0	24375307821.11989	4902947036686773.0
-0.0	8362348806.524854	4902947036688072.0
-0.0	1706714632.4914732	4902947036688146.0
-0.0	-1706714361.2425907	4902947036687876.0
-0.0	-8362349043.233462	4902947036687876.0
-0.0	-24375308109.89098	4902947036687268.0
-0.0	-67872584238.70255	4902947045572689.0
-0.0	-81524784009.38354	4902947017662215.0
-0.0	-38502145897.939735	4902947015422326.0
-0.0	27480200553.172565	4902947655473752.0
-0.0	-116128493806.44743	4903105022698440.0
-0.0	-940183651522.2522	4905790304674785.0
-0.0	-5036331912406.864	4918769675737117.0
-0.0	-12451710364012.986	4936202943388167.0
-0.0	-21523021995871.12	4965892370416550.0
-0.0	-32630533880235.895	4975802214102059.0
-0.0	-35677048962653.766	4985680161686273.0
-0.0	-74075464842440.34	5033838730799747.0
-0.0	-233514028557145.5	5283508956996639.0
-0.0	-487718698632303.25	5531860112635076.0
-0.0	-707281373436166.8	5647331401767185.0
-0.0	-914169972299162.0	5886507141863801.0
-0.0	-6098874493733507.0	5312370584158194.0
-0.0	4666385266890478.0	5175008583342531.0
-0.0	717138871205655.5	3785804653095976.5
-0.0	517904099678003.75	3889848687800031.0
-0.0	356303718238860.0	3929840115769433.0
-0.0	167039129820723.8	3724963454025236.0
-0.0	47419703916213.69	3536260530406443.0
-0.0	20839726210492.562	3468963498266906.5
-0.0	16131505770674.102	3473121305933147.0
-0.0	9138620050477.92	3451004450036335.0
-0.0	3999557419160.7754	3438786546163590.0
-0.0	736697056965.2987	3428062274670308.0
-0.0	-213775824180.10535	3424932727723644.5
-0.0	-133502768652.26617	3424770934343738.5
-0.0	-8941487890.364756	3424769674579073.0
-0.0	66845283992.477264	3424769461841771.5
-0.0	62333029198.34176	3424769441977804.5
-0.0	32526485914.486126	3424769454968208.5
-0.0	9103006984.184864	3424769449994609.5
-0.0	2142385890.3727543	3424769449625098.5
-0.0	373913460.2669869	3424769449625866.0
-0.0	-373913345.21766037	3424769449625728.5
-0.0	-2142385973.7814317	3424769449624926.5
-0.0	-9103007169.208157	3424769449994590.5
-0.0	-32526485618.975033	3424769454968214.0
-0.0	-62333029214.95571	3424769441977566.0
-0.0	-66845284150.33628	3424769461841677.0
-0.0	8941487920.573318	3424769674579038.0
-0.0	133502768653.7012	3424770934343878.5
-0.0	213775824220.58276	3424932727723700.5
-0.0	-736697057007.5774	3428062274670218.0
-0.0	-3999557419152.8735	3438786546163607.5
-0.0	-9138620050480.91	3451004450036426.5
-0.0	-16131505770675.217	3473121305933058.0
-0.0	-20839726210671.89	3468963498266909.0
-0.0	-47419703916029.64	3536260530406604.0
-0.0	-167039129820652.16	3724963454024940.5
-0.0	-356303718239049.56	3929840115769478.5
-0.0	-517904099677951.06	3889848687799900.0
-0.0	-717138871205934.9	3785804653095986.0
-0.0	-4666385266890125.0	5175008583342601.0
-0.0	3517217216248479.0	4921322018863194.0
-0.0	530900903444037.0	4444635712174855.5
-0.0	362130100011567.56	4528764800804450.0
-0.0	245361750287314.84	4357495391658009.0
-0.0	110997994531645.42	4203722108727798.5
-0.0	28584853740722.758	4010504680500042.0
-0.0	11167735212869.838	3974062072778412.5
-0.0	6927983237035.476	3963192180830513.5
-0.0	2930565940801.5625	3953540876451110.0
-0.0	581174479285.0474	3945283471489599.5
-0.0	-388625040941.888	3942267886381722.0
-0.0	-238111306241.00116	3942098274606529.5
-0.0	-65424737286.16304	3942098186962467.0
-0.0	19061153532.42571	3942097544526952.5
-0.0	48274982006.62582	3942097412041183.0
-0.0	28883023823.21981	3942097407072417.5
-0.0	10791341621.91194	3942097400631632.5
-0.0	2375582379.161833	3942097399518338.5
-0.0	416608086.85314023	3942097399620909.5
-0.0	58999330.50659876	3942097399623500.5
-0.0	-58999284.03695684	3942097399623543.0
-0.0	-416608119.34012014	3942097399620856.0
-0.0	-2375582468.4018097	3942097399518252.0
-0.0	-10791341453.688318	3942097400631649.5
-0.0	-28883023851.50809	3942097407072363.0
-0.0	-48274982055.54983	3942097412041189.0
-0.0	-19061153526.973587	3942097544526980.5
-0.0	65424737256.41804	3942098186962449.5
-0.0	238111306308.4808	3942098274606547.5
-0.0	388625040928.10333	3942267886381736.0
-0.0	-581174479282.0151	3945283471489637.5
-0.0	-2930565940799.789	3953540876451096.5
-0.0	-6927983237029.112	3963192180830517.5
-0.0	-11167735213034.465	3974062072778403.5
-0.0	-28584853740551.0	4010504680499988.5
-0.0	-110997994531575.92	4203722108727773.0
-0.0	-245361750287462.2	4357495391658010.0
-0.0	-362130100011532.56	4528764800804465.0
-0.0	-530900903444221.4	4444635712174870.5
-0.0	-3517217216248226.0	4921322018863277.0
-0.0	2581909029752224.5	4536902456407964.0
-0.0	374466062618190.3	3783958456728358.0
-0.0	238431860072637.97	3730522715802013.5
-0.0	156502336798334.25	3746788835431331.5
-0.0	67082813118890.875	3590485654703223.5
-0.0	15535408786261.324	3475561457452267.0
-0.0	5333839219274.592	3444583585509714.5
-0.0	2382246080062.0303	3437940530392463.5
-0.0	510436658172.61115	3431959206266682.0
-0.0	-256298333114.38885	3429145863793469.5
-0.0	-270402254759.02945	3428972261082050.5
-0.0	-34956780692.01778	3428972378246897.0
-0.0	16148877831.229261	3428973009455155.0
-0.0	22932140707.035694	3428972615376917.5
-0.0	22707357157.96444	3428972557941113.0
-0.0	9499502056.727137	3428972564959820.0
-0.0	2636355429.7013807	3428972562114928.0
-0.0	458268171.81404984	3428972562236226.0
-0.0	61784854.49434368	3428972562242526.0
-0.0	6950761.636485675	3428972562253172.0
-0.0	-6950760.94274197	3428972562253161.0
-0.0	-61784900.41941845	3428972562242478.0
-0.0	-458268196.2225685	3428972562236249.5
-0.0	-2636355387.378803	3428972562114903.5
-0.0	-9499502102.86548	3428972564959748.5
-0.0	-22707357178.39445	3428972557941092.0
-0.0	-22932140708.400936	3428972615376931.5
-0.0	-16148877860.57465	3428973009455157.0
-0.0	34956780730.62425	3428972378246900.5
-0.0	270402254724.80856	3428972261082061.0
-0.0	256298333102.45148	3429145863793463.0
-0.0	-510436658171.72577	3431959206266685.5
-0.0	-2382246080072.953	3437940530392451.0
-0.0	-5333839219417.926	3444583585509716.5
-0.0	-15535408786150.387	3475561457452269.0
-0.0	-67082813118862.625	3590485654703161.0
-0.0	-156502336798461.03	3746788835431296.0
-0.0	-238431860072629.9	3730522715801988.5
-0.0	-374466062618346.7	3783958456728344.5
-0.0	-2581909029752076.0	4536902456408013.0
-0.0	1826180856300852.2	4042648469534624.5
-0.0	249505691776160.16	3440961548337974.0
-0.0	145032785807753.72	3473016120877602.0
-0.0	90096445148168.1	3387663580165559.0
-0.0	35522296725086.695	3293320909599063.5
-0.0	7178158149085.958	3203771297168723.5
-0.0	2087372989490.2935	3188368121843089.0
-0.0	513193914419.8235	3183580923627910.0
-0.0	-96394923819.95892	3181079236558498.0
-0.0	-169473475120.0494	3180898833858853.5
-0.0	-476003957.0313317	3180897845657349.5
-0.0	63239551286.32222	3180898056851534.5
-0.0	34519464801.2759	3180898536267521.5
-0.0	13480821135.549149	3180898347264758.0
-0.0	7650665004.8647785	3180898337172222.5
-0.0	2326022202.430502	3180898332046109.5
-0.0	486968928.2432457	3180898331994336.5
-0.0	66957421.228196874	3180898332058937.0
-0.0	7028582.597459222	3180898332119051.5
-0.0	622796.5212683568	3180898332132495.0
-0.0	-622803.9928384535	3180898332132488.0
-0.0	-7028593.044864228	3180898332119039.0
-0.0	-66957410.910095185	3180898332058970.0
-0.0	-486968907.9593543	3180898331994324.0
-0.0	-2326022227.30999	3180898332046071.5
-0.0	-7650664996.122938	3180898337172199.5
-0.0	-13480821125.470118	3180898347264761.5
-0.0	-34519464814.68773	3180898536267541.5
-0.0	-63239551242.569214	3180898056851524.0
-0.0	476003936.3458199	3180897845657337.0
-0.0	169473475116.55914	3180898833858840.0
-0.0	96394923835.05281	3181079236558483.0
-0.0	-513193914415.8757	3183580923627900.0
-0.0	-2087372989600.7766	3188368121843094.0
-0.0	-7178158148982.4375	3203771297168712.0
-0.0	-35522296725052.18	3293320909599012.0
-0.0	-90096445148254.52	3387663580165554.5
-0.0	-145032785807735.44	3473016120877592.0
-0.0	-249505691776263.25	3440961548337967.0
-0.0	-1826180856300733.5	4042648469534682.5
-0.0	1227862717913853.5	3444599051083663.0
-0.0	154936464815795.88	2929862878627568.5
-0.0	79566331024408.08	2879089444511645.0
-0.0	45045967856786.62	2868714182598846.0
-0.0	15470610684113.76	2793574388496215.5
-0.0	2518137738006.2324	2752670450780665.5
-0.0	533443956463.48914	2744800751048706.5
-0.0	-29138225768.91719	2742591140556509.0
-0.0	-75746737314.75166	2742408051317678.0
-0.0	19959574562.940205	2742403438380166.0
-0.0	98146846988.81654	2742402294821513.0
-0.0	58705064583.89326	2742402425341999.0
-0.0	21277320362.77131	2742402238081872.5
-0.0	5197744313.774204	2742402179769503.0
-0.0	1920672011.916516	2742402191905013.5
-0.0	432302068.0008196	2742402191096433.5
-0.0	69039075.34672499	2742402191180640.0
-0.0	7495630.232319348	2742402191357459.5
-0.0	616757.7577153033	2742402191418344.0
-0.0	42889.365625489016	2742402191434712.5
-0.0	-42903.56476719066	2742402191434708.5
-0.0	-616751.4428554034	2742402191418357.0
-0.0	-7495613.294707312	2742402191357459.5
-0.0	-69039089.391465	2742402191180641.0
-0.0	-432302085.5834815	2742402191096432.5
-0.0	-1920671993.2095852	2742402191905016.5
-0.0	-5197744309.439658	2742402179769516.5
-0.0	-21277320369.015007	2742402238081883.5
-0.0	-58705064555.2357	2742402425341995.5
-0.0	-98146847001.48686	2742402294821497.5
-0.0	-19959574564.569084	2742403438380160.5
-0.0	75746737325.12428	2742408051317669.0
-0.0	29138225766.498528	2742591140556502.0
-0.0	-533443956537.4523	2744800751048726.5
-0.0	-2518137737934.5107	2752670450780665.5
-0.0	-15470610684092.914	2793574388496168.5
-0.0	-45045967856837.6	2868714182598818.5
-0.0	-79566331024403.53	2879089444511641.0
-0.0	-154936464815863.75	2929862878627569.0
-0.0	-1227862717913779.0	3444599051083720.5
-0.0	771096620177858.0	2768367356863623.5
-0.0	88124848149804.06	2321539219296754.5
-0.0	38082558423392.79	2309858608269211.0
-0.0	18276397450667.504	2278493963506690.5
-0.0	4801128992871.472	2242680914619638.2
-0.0	456643910323.2123	2222536355907834.2
-0.0	8455302941.233008	2220084874121983.5
-0.0	-47907142420.66535	2219910570899675.8
-0.0	30584304675.165768	2219911616195374.0
-0.0	86077972331.25156	2219907408266719.8
-0.0	77779357579.52715	2219906570355353.8
-0.0	29022024113.270145	2219906845571522.5
-0.0	8099999772.789716	2219906717111883.2
-0.0	1409731641.4370494	2219906722719702.0
-0.0	364405928.7442348	2219906722391137.8
-0.0	61813445.21821841	2219906722214370.8
-0.0	7557273.255912267	2219906722554405.5
-0.0	647707.8238838321	2219906722710333.0
-0.0	42009.888294444434	2219906722767380.2
-0.0	2274.6410470533438	2219906722783666.5
-0.0	-2286.6541533125824	2219906722783672.0
-0.0	-42004.26899452065	2219906722767384.0
-0.0	-647696.4882938436	2219906722710332.2
-0.0	-7557287.717914701	2219906722554407.2
-0.0	-61813458.20618438	2219906722214385.2
-0.0	-364405915.3364811	2219906722391144.2
-0.0	-1409731638.5896354	2219906722719713.5
-0.0	-8099999777.886632	2219906717111887.5
-0.0	-29022024095.25936	2219906845571530.8
-0.0	-77779357588.53067	2219906570355344.2
-0.0	-86077972332.007	2219907408266715.5
-0.0	-30584304668.87155	2219911616195369.5
-0.0	47907142419.185356	2219910570899674.8
-0.0	-8455302989.270119	2220084874121991.8
-0.0	-456643910277.2214	2222536355907836.0
-0.0	-4801128992863.4795	2242680914619612.5
-0.0	-18276397450700.21	2278493963506677.0
-0.0	-38082558423391.24	2309858608269208.5
-0.0	-88124848149848.27	2321539219296760.5
-0.0	-771096620177815.6	2768367356863655.5
-0.0	442305013538136.5	2065030601176655.8
-0.0	44839173914784.555	1756918429451107.5
-0.0	15054087020812.998	1726507610306961.0
-0.0	5072098428608.187	1716062781496128.0
-0.0	472413597793.8542	1697271976861050.8
-0.0	-124101193706.23694	1692258792075961.8
-0.0	-52905147291.83583	1692077322880801.5
-0.0	25550748614.42246	1692079616031812.5
-0.0	66550044639.79586	1692084353955601.0
-0.0	65075706421.2714	1692081455478020.0
-0.0	35578008804.8806	1692081309755020.0
-0.0	9812947370.812244	1692081162654395.0
-0.0	2144148726.4765368	1692081151623232.0
-0.0	286994769.05303514	1692081147185395.5
-0.0	53147850.9976624	1692081149349588.8
-0.0	6810471.283853907	1692081149807226.0
-0.0	641715.1145960902	1692081150078715.2
-0.0	43671.95373207352	1692081150202646.5
-0.0	2227.924956349098	1692081150248132.2
-0.0	89.33370669978204	1692081150261127.0
-0.0	-94.3644330773217	1692081150261130.5
-0.0	-2222.942763932281	1692081150248136.8
-0.0	-43663.44821610896	1692081150202646.2
-0.0	-641721.0987448526	1692081150078715.8
-0.0	-6810476.561210246	1692081149807236.5
-0.0	-53147841.980270185	1692081149349597.0
-0.0	-286994765.2731134	1692081147185398.0
-0.0	-2144148727.5313315	1692081151623235.2
-0.0	-9812947359.28295	1692081162654394.0
-0.0	-35578008809.15003	1692081309755013.8
-0.0	-65075706419.93448	1692081455478018.8
-0.0	-66550044634.42652	1692084353955599.5
-0.0	-25550748613.79753	1692079616031810.8
-0.0	52905147266.637375	1692077322880808.5
-0.0	124101193733.85748	1692258792075959.5
-0.0	-472413597791.304	1697271976861031.2
-0.0	-5072098428622.902	1716062781496122.2
-0.0	-15054087020809.377	1726507610306956.5
-0.0	-44839173914808.12	1756918429451111.8
-0.0	-442305013538108.94	2065030601176678.8
-0.0	224846907183751.12	1392688827990445.5
-0.0	19651666700025.41	1169474229798868.5
-0.0	4363039022742.9634	1154975158453652.8
-0.0	214643899586.1583	1146671187440680.2
-0.0	-494447236002.7227	1141681401899905.0
-0.0	-113418080959.65837	1141409749773089.8
-0.0	-3467471206.4575706	1141398623234735.0
-0.0	47777529464.499886	1141400622422136.0
-0.0	50267801657.2816	1141399273873028.5
-0.0	30882910294.066227	1141398224014756.0
-0.0	11503767061.84685	1141398686750272.2
-0.0	2398131310.243294	1141398672429183.5
-0.0	425862774.8396517	1141398664572900.0
-0.0	43396749.32243938	1141398669665265.5
-0.0	5928299.454306685	1141398671231435.5
-0.0	579631.7841803213	1141398671951521.2
-0.0	42288.36940757181	1141398672319857.2
-0.0	2298.2143148069863	1141398672478691.0
-0.0	92.68274944221154	1141398672535249.8
-0.0	0.272678916648831	1141398672551215.0
-0.0	-3.8385445409555587	1141398672551216.2
-0.0	-93.02169756365976	1141398672535251.2
-0.0	-2296.7164334156837	1141398672478689.0
-0.0	-42291.85468750883	1141398672319856.8
-0.0	-579636.1169901319	1141398671951527.0
-0.0	-5928297.71329446	1141398671231438.2
-0.0	-43396748.76202147	1141398669665267.8
-0.0	-425862777.0876023	1141398664572902.8
-0.0	-2398131307.2980437	1141398672429186.8
-0.0	-11503767065.55485	1141398686750269.8
-0.0	-30882910295.20247	1141398224014755.8
-0.0	-50267801656.4217	1141399273873026.8
-0.0	-47777529466.56887	1141400622422134.8
-0.0	3467471193.6249385	1141398623234738.0
-0.0	113418080971.42998	1141409749773089.5
-0.0	494447235998.8148	1141681401899892.0
-0.0	-214643899593.02502	1146671187440675.2
-0.0	-4363039022744.446	1154975158453651.2
-0.0	-19651666700038.445	1169474229798872.5
-0.0	-224846907183739.72	1392688827990458.5
-0.0	95501079082383.42	820898568801881.5
-0.0	6829208492071.737	706026886642828.9
-0.0	537486674731.07874	695072792695676.0
-0.0	-633634092933.526	691032115553084.8
-0.0	-279269300555.54144	690730890284024.1
-0.0	808915658.6582549	690697183352842.2
-0.0	32098175949.724503	690676951979997.2
-0.0	36140059191.95932	690676921226442.5
-0.0	24405190166.13043	690675335108622.5
-0.0	9909928260.662167	690675992385787.2
-0.0	2690030120.990244	690676249763712.4
-0.0	433566351.5377675	690676281733575.2
-0.0	63029716.22991003	690676294743450.0
-0.0	4958071.388736989	690676302752260.8
-0.0	507417.61098605365	690676306089070.8
-0.0	38069.46960486762	690676307763631.5
-0.0	2153.705320281116	690676308576556.9
-0.0	92.41652603739293	690676308916765.6
-0.0	3.0218740537905946	690676309035546.9
-0.0	-0.14361169863390838	690676309068638.5
-0.0	-0.07929644358338234	690676309068639.9
-0.0	-3.3646154540327586	690676309035547.9
-0.0	-91.69683227994393	690676308916764.1
-0.0	-2153.148854045097	690676308576556.8
-0.0	-38071.0878609423	690676307763635.1
-0.0	-507417.0058556362	690676306089073.0
-0.0	-4958070.1184526505	690676302752261.6
-0.0	-63029716.75265924	690676294743452.0
-0.0	-433566349.6739775	690676281733577.0
-0.0	-2690030122.336834	690676249763710.8
-0.0	-9909928260.556742	690675992385787.0
-0.0	-24405190165.056858	690675335108621.8
-0.0	-36140059192.048874	690676921226441.4
-0.0	-32098175954.42838	690676951979998.9
-0.0	-808915653.3946705	690697183352842.1
-0.0	279269300552.462	690730890284017.5
-0.0	633634092932.1349	691032115553083.2
-0.0	-537486674730.50287	695072792695675.4
-0.0	-6829208492076.8955	706026886642830.4
-0.0	-95501079082377.53	820898568801886.4
-0.0	29200568872836.348	399163914496544.7
-0.0	1430571730404.1067	341971435219057.06
-0.0	-239531147810.40887	337708400635771.1
-0.0	-279691609911.7559	337439081652450.1
-0.0	8831271002.713497	337408541922726.8
-0.0	45200267781.55633	337358947880331.56
-0.0	25403297350.418514	337337576075731.2
-0.0	18624533816.837624	337331822989437.06
-0.0	7900546043.198359	337331974543403.6
-0.0	2292140101.1749706	337332530534691.25
-0.0	471642743.14583224	337332736022973.7
-0.0	65051454.577591255	337332799961701.94
-0.0	7175080.872856749	337332826145258.94
-0.0	438143.84210323077	337332836005386.7
-0.0	33672.81339095782	337332840226482.5
-0.0	1935.3092153684327	337332842257434.4
-0.0	83.81943332429863	337332843205496.56
-0.0	2.0873452127078855	337332843591875.6
-0.0	-1.3418483861667603	337332843724282.94
-0.0	-0.7325099697154475	337332843760690.75
-0.0	-0.9483396669056133	337332843760690.8
-0.0	-1.3491521195392404	337332843724283.2
-0.0	-4.168565238904489	337332843591875.8
-0.0	-84.77912578298546	337332843205496.56
-0.0	-1937.7762849585888	337332842257435.5
-0.0	-33675.12126130717	337332840226483.3
-0.0	-438145.32342645846	337332836005386.8
-0.0	-7175082.939994604	337332826145260.06
-0.0	-65051456.0809801	337332799961702.75
-0.0	-471642745.7262872	337332736022973.06
-0.0	-2292140103.185453	337332530534691.3
-0.0	-7900546044.778607	337331974543403.6
-0.0	-18624533818.99756	337331822989436.5
-0.0	-25403297353.577515	337337576075731.9
-0.0	-45200267781.91716	337358947880331.7
-0.0	-8831271006.695997	337408541922723.6
-0.0	279691609909.94965	337439081652449.75
-0.0	239531147808.19623	337708400635770.9
-0.0	-1430571730408.0532	341971435219057.56
-0.0	-29200568872835.945	399163914496546.7
-0.0	3582331935826.2725	142334592504000.38
-0.0	-136367957231.98712	129285822292973.17
-0.0	-127066150728.58614	128996753223015.84
-0.0	50848758721.392715	128992220946137.31
-0.0	101131350502.20244	128962187139463.97
-0.0	32222685184.163815	128922132407187.39
-0.0	15208769107.337374	128901548114075.02
-0.0	6279275927.439219	128897898701801.05
-0.0	1836441744.8204331	128898024205025.9
-0.0	390153179.2787423	128898442535913.83
-0.0	60582806.703764156	128898628385023.34
-0.0	6449454.108551043	128898693040889.36
-0.0	563903.3197560895	128898715797183.86
-0.0	33266.75115189044	128898724078078.11
-0.0	1888.2181794467608	128898727490387.31
-0.0	81.78380367394435	128898729086261.9
-0.0	2.6238170578626963	128898729826048.7
-0.0	-0.036414826984688384	128898730128499.94
-0.0	-0.3868696935220834	128898730232831.42
-0.0	0.014985774726168093	128898730261725.02
-0.0	-0.18681379663640235	128898730261725.05
-0.0	-0.21409735891041515	128898730232831.42
-0.0	-0.45456997648826725	128898730128499.98
-0.0	-2.542150454587442	128898729826048.72
-0.0	-82.16647759373974	128898729086262.03
-0.0	-1888.8312792847637	128898727490387.4
-0.0	-33266.945761486226	128898724078078.2
-0.0	-563903.6279914094	128898715797184.1
-0.0	-6449454.434295995	128898693040889.45
-0.0	-60582807.23457069	128898628385023.23
-0.0	-390153179.6311314	128898442535913.83
-0.0	-1836441745.060836	128898024205025.98
-0.0	-6279275927.910957	128897898701800.89
-0.0	-15208769107.688139	128901548114075.11
-0.0	-32222685184.32153	128922132407187.42
-0.0	-101131350503.42615	128962187139463.08
-0.0	-50848758721.30668	128992220946137.39
-0.0	127066150728.04309	128996753223015.83
-0.0	136367957231.30222	129285822292973.31
-0.0	-3582331935825.98	142334592504000.8
-0.0	-1805004867406.3906	26940075325946.887
-0.0	-154780854554.993	26357877291389.61
-0.0	64276009807.760506	26437066574063.105
-0.0	127587634448.49753	26461828536286.73
-0.0	74595707210.11702	26426820956165.33
-0.0	21837053570.170486	26381547609014.52
-0.0	6357663688.645448	26361957800279.57
-0.0	1691968341.2947729	26357586203579.39
-0.0	346809764.91001755	26357837206471.844
-0.0	53697922.018704236	26358416044453.11
-0.0	6233304.992777433	26358665600866.35
-0.0	506747.1302706318	26358747254973.36
-0.0	34147.668099277704	26358773928103.387
-0.0	1537.2363254354855	26358783461238.793
-0.0	67.4559844686893	26358787476867.016
-0.0	2.296908391556948	26358789423931.473
-0.0	0.1257976641616026	26358790349872.09
-0.0	0.015006470559111789	26358790733918.004
-0.0	-0.05892237355493447	26358790867435.027
-0.0	0.08397209895789998	26358790904557.863
-0.0	0.013095236730785794	26358790904557.867
-0.0	0.008453895528063426	26358790867435.016
-0.0	-0.053968037377194585	26358790733918.01
-0.0	0.03359232486995651	26358790349872.09
-0.0	-2.235702128853796	26358789423931.477
-0.0	-67.53319956956435	26358787476867.023
-0.0	-1537.1937948504976	26358783461238.8
-0.0	-34147.611370126506	26358773928103.4
-0.0	-506747.14824343304	26358747254973.375
-0.0	-6233304.969093228	26358665600866.363
-0.0	-53697921.99611901	26358416044453.1
-0.0	-346809764.87707657	26357837206471.855
-0.0	-1691968341.3171434	26357586203579.402
-0.0	-6357663688.46707	26361957800279.57
-0.0	-21837053570.250816	26381547609014.51
-0.0	-74595707210.28812	26426820956165.285
-0.0	-127587634448.2473	26461828536286.77
-0.0	-64276009807.81917	26437066574063.1
-0.0	154780854555.1286	26357877291389.617
-0.0	1805004867406.4878	26940075325946.918
-0.0	-545498786882.00836	1961463082147.5662
-0.0	104147044194.6957	2606999278356.6924
-0.0	123532487605.25343	3001680741413.8877
-0.0	83037015734.62825	3095592052927.958
-0.0	29771822235.35684	2881783281841.744
-0.0	5423098501.7883005	2628296720226.7163
-0.0	1145276645.9397583	2499510212695.3516
-0.0	237068874.44787544	2468521426416.2803
-0.0	38008506.87812976	2469202366619.1094
-0.0	4574330.168760144	2472416283240.3496
-0.0	411929.2447499744	2473788437513.7866
-0.0	25717.518723312227	2474241580254.4053
-0.0	1356.990586966773	2474401921135.0186
-0.0	45.62128834751237	2474465773482.4614
-0.0	1.6191832363353718	2474494068822.9834
-0.0	0.028876643132580822	2474507423937.19
-0.0	-0.007282479973220781	2474513437184.887
-0.0	-0.008046045165236325	2474515807178.099
-0.0	0.02332062720527272	2474516596482.43
-0.0	-0.017194875402790532	2474516808358.1455
-0.0	0.0032523103774390284	2474516808358.1406
-0.0	0.006847040151293994	2474516596482.4253
-0.0	0.025114581893977177	2474515807178.103
-0.0	-0.04080105180537704	2474513437184.8955
-0.0	-0.01628895083097265	2474507423937.179
-0.0	-1.5969372361767258	2474494068822.977
-0.0	-45.64206393340345	2474465773482.4663
-0.0	-1356.986673522523	2474401921135.016
-0.0	-25717.518608893657	2474241580254.407
-0.0	-411929.2210614203	2473788437513.821
-0.0	-4574330.166001855	2472416283240.3604
-0.0	-38008506.88866702	2469202366619.1167
-0.0	-237068874.44920892	2468521426416.287
-0.0	-1145276645.9258232	2499510212695.3706
-0.0	-5423098501.817699	2628296720226.7505
-0.0	-29771822235.246967	2881783281841.8027
-0.0	-83037015734.63733	3095592052927.9404
-0.0	-123532487605.2676	3001680741413.8955
-0.0	-104147044194.6492	2606999278356.6973
-0.0	545498786881.9822	1961463082147.5872
