1600
-0.0	1.2126126173405828e+23	1.2126125991149678e+23
-0.0	-4.745588740057723e+23	-1.760561612401825e+24
-0.0	4.986433049870646e+23	-4.6530113758610086e+24
-0.0	-1.160199305198437e+23	-4.3954130595399014e+24
-0.0	1.3263060828071475e+23	-5.052627510517853e+24
-0.0	-2.749927376391725e+22	-4.669333054574126e+24
-0.0	5.13594295992503e+21	-4.6882278767312403e+24
-0.0	4.856672382425463e+21	-4.638048438742076e+24
-0.0	-2.684312170755868e+21	-4.69488156964555e+24
-0.0	-8.430277880047537e+19	-4.69885425790443e+24
-0.0	-1.365109747298554e+21	-4.713312731958943e+24
-0.0	4.799246105132635e+20	-4.708265006249315e+24
-0.0	-1.3395819298109926e+21	-4.705394113299114e+24
-0.0	5.35010666341709e+20	-4.704169131883816e+24
-0.0	-2.3835166958879733e+20	-4.7027472072546355e+24
-0.0	1.374386511774955e+20	-4.702768873129294e+24
-0.0	-9.876135767758258e+18	-4.702604798430742e+24
-0.0	3.9351995454650786e+19	-4.7026780861352945e+24
-0.0	8.0987647879908e+17	-4.702590246707333e+24
-0.0	-2.3098700831309153e+18	-4.7026072876076713e+24
-0.0	2.3098697707464003e+18	-4.702607287607641e+24
-0.0	-8.098768167003896e+17	-4.7025902467073017e+24
-0.0	-3.935199573370639e+19	-4.7026780861353385e+24
-0.0	9.876135499585143e+18	-4.7026047984309106e+24
-0.0	-1.3743865149330876e+20	-4.7027688731294677e+24
-0.0	2.3835166924492594e+20	-4.702747207254638e+24
-0.0	-5.3501066659171e+20	-4.7041691318836834e+24
-0.0	1.3395819295204426e+21	-4.705394113298943e+24
-0.0	-4.799246108041859e+20	-4.708265006249351e+24
-0.0	1.3651097469251643e+21	-4.713312731959246e+24
-0.0	8.43027784870133e+19	-4.698854257904676e+24
-0.0	2.684312170504442e+21	-4.6948815696456696e+24
-0.0	-4.856672382791431e+21	-4.638048438741859e+24
-0.0	-5.13594296002954e+21	-4.6882278767305607e+24
-0.0	2.749927376350357e+22	-4.6693330545738445e+24
-0.0	-1.3263060828158002e+23	-5.052627510519052e+24
-0.0	1.1601993051990358e+23	-4.395413059541065e+24
-0.0	-4.986433049874049e+23	-4.6530113758615326e+24
-0.0	4.7455887400572395e+23	-1.7605616124015627e+24
-0.0	-1.2126126173424511e+23	1.21261259911657e+23
-0.0	-3.0151084793044327e+24	-3.4711351197929853e+22
-0.0	1.4842635828604073e+25	-1.4588199690303865e+26
-0.0	7.673676211137993e+23	5.101628251938364e+26
-0.0	4.1770660934746e+23	3.0183386877449343e+26
-0.0	3.9554132269018554e+22	4.632921751582222e+26
-0.0	-1.0411258454608388e+23	3.513430759560694e+26
-0.0	5.79681071027148e+22	4.1019702046559424e+26
-0.0	-4.558418546135264e+22	3.75988869676847e+26
-0.0	2.5044610370400093e+22	3.979213528807205e+26
-0.0	-1.1602457148392603e+22	3.8778448652409856e+26
-0.0	5.320285391232634e+21	3.921624831566434e+26
-0.0	-1.4388672139190932e+20	3.904385586362611e+26
-0.0	-6.293920512461616e+20	3.908252196439803e+26
-0.0	1.0018150852496932e+21	3.906584760538681e+26
-0.0	-5.507025779920786e+20	3.905924547017749e+26
-0.0	3.794342370106424e+20	3.906462279549892e+26
-0.0	-1.0829971353711732e+20	3.906110036282429e+26
-0.0	1.3784895893854763e+20	3.9063157407517184e+26
-0.0	-6.14995334003441e+19	3.9061455294404285e+26
-0.0	3.3014098046906122e+19	3.9062350351340915e+26
-0.0	-3.301409766352481e+19	3.9062350351341444e+26
-0.0	6.149953367379625e+19	3.906145529440418e+26
-0.0	-1.378489582278617e+20	3.906315740751305e+26
-0.0	1.0829971411616897e+20	3.906110036282747e+26
-0.0	-3.794342363489978e+20	3.906462279550253e+26
-0.0	5.507025780794249e+20	3.9059245470175347e+26
-0.0	-1.0018150844112617e+21	3.9065847605387426e+26
-0.0	6.293920519919488e+20	3.908252196439447e+26
-0.0	1.4388672167169765e+20	3.904385586362605e+26
-0.0	-5.320285391113959e+21	3.9216248315668064e+26
-0.0	1.1602457148764432e+22	3.877844865240978e+26
-0.0	-2.504461036940038e+22	3.97921352880699e+26
-0.0	4.558418546119825e+22	3.75988869676935e+26
-0.0	-5.7968107101972226e+22	4.101970204655052e+26
-0.0	1.0411258454708163e+23	3.513430759558828e+26
-0.0	-3.9554132270149725e+22	4.63292175158411e+26
-0.0	-4.177066093432889e+23	3.018338687745845e+26
-0.0	-7.673676211140337e+23	5.10162825193858e+26
-0.0	-1.4842635828595546e+25	-1.4588199690312975e+26
-0.0	3.0151084793036784e+24	-3.471135119797581e+22
-0.0	-3.3760075480611387e+24	1.5043423664177456e+22
-0.0	2.0749204824100484e+24	4.926812285942059e+26
-0.0	-5.423951954736947e+23	-1.0121599926669847e+26
-0.0	9.463233234524043e+22	1.6201421546413875e+26
-0.0	-7.150113744623806e+22	7.173954851094757e+25
-0.0	-4.532709357944889e+21	1.1924979529430138e+26
-0.0	1.5106027096111907e+21	1.247880965372332e+26
-0.0	-9.298662479742883e+19	1.1831427372421793e+26
-0.0	6.415285993499482e+20	1.236718239862419e+26
-0.0	-1.2250009574837767e+21	1.2115791465923464e+26
-0.0	1.5128889985829683e+19	1.2241167072797262e+26
-0.0	3.089039543754546e+20	1.2167271740700824e+26
-0.0	-7.259673939355305e+20	1.2206065573352602e+26
-0.0	4.563261355269467e+20	1.2178927858022893e+26
-0.0	-2.0682112787703933e+20	1.2186945367430277e+26
-0.0	1.4037821374702554e+20	1.2183925994763337e+26
-0.0	-4.139547729310305e+19	1.2184634683436674e+26
-0.0	6.210352077582316e+19	1.2184702227680334e+26
-0.0	-2.0003216856417284e+19	1.2184443961515657e+26
-0.0	6.205984465036023e+18	1.2184719085686517e+26
-0.0	-6.20598461209883e+18	1.2184719085686563e+26
-0.0	2.000321672929483e+19	1.2184443961516202e+26
-0.0	-6.2103520936970674e+19	1.2184702227680485e+26
-0.0	4.139547714207066e+19	1.2184634683436896e+26
-0.0	-1.4037821385191609e+20	1.2183925994763708e+26
-0.0	2.0682112774940774e+20	1.2186945367429473e+26
-0.0	-4.563261357367035e+20	1.2178927858023593e+26
-0.0	7.259673937928499e+20	1.2206065573352264e+26
-0.0	-3.0890395456765605e+20	1.2167271740701266e+26
-0.0	-1.5128890057816953e+19	1.2241167072797646e+26
-0.0	1.225000957364527e+21	1.2115791465923502e+26
-0.0	-6.415285995707041e+20	1.2367182398623627e+26
-0.0	9.298662471641162e+19	1.1831427372422281e+26
-0.0	-1.5106027098323744e+21	1.2478809653723283e+26
-0.0	4.532709357790191e+21	1.1924979529427912e+26
-0.0	7.1501137446499384e+22	7.173954851095693e+25
-0.0	-9.46323323448327e+22	1.6201421546413617e+26
-0.0	5.423951954736824e+23	-1.0121599926669996e+26
-0.0	-2.0749204824085162e+24	4.926812285941541e+26
-0.0	3.376007548060671e+24	1.5043423664158464e+22
-0.0	-1.598778168561899e+24	1.2192101085971302e+22
-0.0	2.431859702944767e+23	2.7741023428605645e+26
-0.0	-8.443432557744403e+23	1.5304234512839126e+26
-0.0	1.0776980555193958e+23	4.580006504409238e+25
-0.0	-3.853975645127717e+23	1.11571711893534e+26
-0.0	8.91467498976952e+22	5.514538212437883e+25
-0.0	-4.443843830501077e+22	7.6702738968061625e+25
-0.0	2.323773463404361e+22	6.067769626942094e+25
-0.0	-1.3283386423504557e+22	7.063288425136285e+25
-0.0	6.105459435435961e+21	6.576363163499999e+25
-0.0	-2.171032980879495e+21	6.798494426008471e+25
-0.0	-8.480161899313708e+20	6.707356514253663e+25
-0.0	1.2735709636215264e+21	6.728979128263393e+25
-0.0	-1.1535954737286808e+21	6.720706972803416e+25
-0.0	5.7849528336490555e+20	6.711780913486256e+25
-0.0	-3.231274883507152e+20	6.717021036974563e+25
-0.0	8.70505929473824e+19	6.714092449737507e+25
-0.0	-8.474428582848215e+19	6.7156799897896155e+25
-0.0	3.1760201305965752e+19	6.71449083419858e+25
-0.0	-1.5601715447453034e+19	6.715093259850336e+25
-0.0	1.560171560962006e+19	6.715093259850328e+25
-0.0	-3.1760201148376105e+19	6.714490834198796e+25
-0.0	8.474428559473607e+19	6.715679989788289e+25
-0.0	-8.705059286148878e+19	6.714092449738486e+25
-0.0	3.231274881854538e+20	6.717021036975994e+25
-0.0	-5.784952829937359e+20	6.711780913485334e+25
-0.0	1.1535954733273434e+21	6.720706972803752e+25
-0.0	-1.2735709638841726e+21	6.728979128262143e+25
-0.0	8.480161901121443e+20	6.70735651425388e+25
-0.0	2.171032981274722e+21	6.798494426010096e+25
-0.0	-6.105459435277761e+21	6.576363163499902e+25
-0.0	1.328338642292701e+22	7.063288425135371e+25
-0.0	-2.3237734633170595e+22	6.067769626945292e+25
-0.0	4.4438438303986205e+22	7.67027389680418e+25
-0.0	-8.914674989758516e+22	5.51453821243255e+25
-0.0	3.853975645156599e+23	1.1157171189359482e+26
-0.0	-1.077698055537103e+23	4.580006504410753e+25
-0.0	8.443432557750332e+23	1.5304234512839703e+26
-0.0	-2.431859702945142e+23	2.7741023428599257e+26
-0.0	1.5987781685616104e+24	1.2192101085959044e+22
-0.0	2.3700417005694262e+23	-1.052524851059505e+22
-0.0	-5.857820270219212e+23	3.935829945221999e+26
-0.0	-4.271422443992743e+23	6.1334991536448516e+25
-0.0	9.619455261269598e+22	1.0372150295309594e+26
-0.0	-3.215400372542833e+23	1.0564541847510605e+26
-0.0	1.0457599137491427e+23	8.739166628556436e+25
-0.0	-2.566329379112066e+22	9.99854616766695e+25
-0.0	1.898600313384147e+22	8.923354507787819e+25
-0.0	-1.3341779753425544e+22	9.785716915231345e+25
-0.0	5.137974980204852e+21	9.38817262088202e+25
-0.0	-3.7844169178868225e+21	9.570312084167854e+25
-0.0	-2.0964142055316867e+21	9.487085123305966e+25
-0.0	2.587338863758031e+21	9.508993833091275e+25
-0.0	-1.6490892091865e+21	9.497096312902225e+25
-0.0	7.919914294798335e+20	9.492573616217754e+25
-0.0	-4.4739264891596675e+20	9.495515024350321e+25
-0.0	1.2212987705376162e+20	9.493660822300233e+25
-0.0	-1.3091687892490235e+20	9.494767336678401e+25
-0.0	4.254348925246537e+19	9.493906524915613e+25
-0.0	-1.8409465411603935e+19	9.4943732618756e+25
-0.0	1.8409465485819943e+19	9.494373261875583e+25
-0.0	-4.254348914564633e+19	9.493906524915716e+25
-0.0	1.3091687867501784e+20	9.494767336677118e+25
-0.0	-1.221298769378343e+20	9.493660822301504e+25
-0.0	4.473926486345294e+20	9.495515024351706e+25
-0.0	-7.919914291749771e+20	9.492573616216938e+25
-0.0	1.649089208882968e+21	9.497096312902722e+25
-0.0	-2.587338864059594e+21	9.50899383309021e+25
-0.0	2.0964142057095844e+21	9.48708512330637e+25
-0.0	3.784416918109574e+21	9.570312084169354e+25
-0.0	-5.137974980088417e+21	9.388172620881765e+25
-0.0	1.334177975289333e+22	9.785716915230585e+25
-0.0	-1.8986003133043613e+22	8.923354507790744e+25
-0.0	2.56632937901402e+22	9.998546167665286e+25
-0.0	-1.0457599137477314e+23	8.739166628551497e+25
-0.0	3.215400372568868e+23	1.0564541847515142e+26
-0.0	-9.619455261476552e+22	1.0372150295310718e+26
-0.0	4.271422444002351e+23	6.133499153645337e+25
-0.0	5.857820270206867e+23	3.935829945221312e+26
-0.0	-2.370041700569213e+23	-1.0525248510593587e+22
-0.0	7.001506686388329e+23	3.294315810897703e+21
-0.0	5.238425921457352e+23	2.7501872800583012e+26
-0.0	-7.808341715647226e+23	9.22736341753167e+25
-0.0	2.5072407184926566e+23	4.933110212241262e+25
-0.0	-3.7418951500229596e+23	8.002803969068715e+25
-0.0	5.695925537905729e+22	4.284056139270931e+25
-0.0	-6.021038642449039e+21	5.681713134533051e+25
-0.0	-1.7927414923086688e+22	4.743123123979233e+25
-0.0	3.8715371304788453e+21	5.501504798839659e+25
-0.0	-3.983746147841985e+20	5.092300424312204e+25
-0.0	1.7064296572660215e+21	5.269750877753547e+25
-0.0	-1.4759851246770098e+21	5.195539768557132e+25
-0.0	3.8703657494996053e+21	5.20743254182947e+25
-0.0	-1.4808281507121686e+21	5.200914341099574e+25
-0.0	6.364149311421105e+20	5.19481902849899e+25
-0.0	-3.61803356500348e+20	5.198239669159457e+25
-0.0	6.580716007041988e+19	5.196342914488626e+25
-0.0	-1.1097486382754357e+20	5.19738399208064e+25
-0.0	-9.409364316809135e+17	5.196568773310678e+25
-0.0	1.0313398370038415e+19	5.1970661654344986e+25
-0.0	-1.0313398046749209e+19	5.1970661654347245e+25
-0.0	9.409366813252461e+17	5.196568773310715e+25
-0.0	1.1097486399423909e+20	5.197383992079541e+25
-0.0	-6.580715969027365e+19	5.196342914489435e+25
-0.0	3.618033565858983e+20	5.198239669160426e+25
-0.0	-6.364149307373655e+20	5.1948190284983365e+25
-0.0	1.4808281508613839e+21	5.200914341099954e+25
-0.0	-3.870365749394271e+21	5.2074325418283495e+25
-0.0	1.475985125083922e+21	5.195539768557002e+25
-0.0	-1.7064296569228797e+21	5.269750877754688e+25
-0.0	3.9837461506476206e+20	5.092300424312277e+25
-0.0	-3.871537130371075e+21	5.501504798839243e+25
-0.0	1.7927414923687398e+22	4.743123123981282e+25
-0.0	6.021038642052865e+21	5.681713134530973e+25
-0.0	-5.695925537852073e+22	4.284056139266307e+25
-0.0	3.7418951500426594e+23	8.002803969073756e+25
-0.0	-2.5072407185022223e+23	4.933110212243352e+25
-0.0	7.808341715662218e+23	9.227363417532228e+25
-0.0	-5.238425921466454e+23	2.7501872800576106e+26
-0.0	-7.001506686386177e+23	3.294315810901042e+21
-0.0	5.3857669762641646e+23	-3.755057472396194e+20
-0.0	1.1153233334016278e+24	2.819904084414895e+26
-0.0	-1.1351404712532108e+24	8.32057430050831e+25
-0.0	3.6830138128194866e+23	6.049429511488338e+25
-0.0	-4.214753727053873e+23	8.056497043775682e+25
-0.0	5.0466092212651e+22	5.101449564584969e+25
-0.0	1.1996497639527049e+22	6.399648358375218e+25
-0.0	-3.396286947917299e+22	5.54559524519936e+25
-0.0	1.6595854418111097e+22	6.281601731681168e+25
-0.0	-2.3183254081320575e+21	5.922560197168014e+25
-0.0	4.436951270913469e+21	6.087852162969634e+25
-0.0	-1.1799149120231392e+21	6.021325108985925e+25
-0.0	4.707424149748905e+21	6.031341420861863e+25
-0.0	-1.4575773872857735e+21	6.022184611379053e+25
-0.0	5.714645886743381e+20	6.01794160779684e+25
-0.0	-3.147966474380832e+20	6.020452042063289e+25
-0.0	2.506979888059261e+19	6.019058695332481e+25
-0.0	-9.460735790788444e+19	6.019799697805737e+25
-0.0	-1.9592062285347877e+19	6.019030475449931e+25
-0.0	2.1797615742496723e+19	6.019489916440113e+25
-0.0	-2.179761568784559e+19	6.019489916440247e+25
-0.0	1.9592062241639076e+19	6.019030475449925e+25
-0.0	9.460735789233434e+19	6.019799697804734e+25
-0.0	-2.506979870617349e+19	6.019058695333242e+25
-0.0	3.1479664729953685e+20	6.020452042064087e+25
-0.0	-5.714645885852088e+20	6.017941607796299e+25
-0.0	1.4575773872636803e+21	6.022184611379379e+25
-0.0	-4.707424149850991e+21	6.031341420861025e+25
-0.0	1.1799149121957438e+21	6.021325108985878e+25
-0.0	-4.4369512709143354e+21	6.08785216297062e+25
-0.0	2.3183254081373628e+21	5.9225601971678245e+25
-0.0	-1.659585441811324e+22	6.281601731680708e+25
-0.0	3.3962869479415675e+22	5.545595245201341e+25
-0.0	-1.1996497640105762e+22	6.399648358373193e+25
-0.0	-5.0466092212284075e+22	5.101449564580679e+25
-0.0	4.2147537270652266e+23	8.056497043780005e+25
-0.0	-3.6830138128297724e+23	6.049429511490067e+25
-0.0	1.1351404712542486e+24	8.320574300508798e+25
-0.0	-1.1153233334031399e+24	2.8199040844142057e+26
-0.0	-5.385766976261203e+23	-3.7550574723554686e+20
-0.0	4.023202880961187e+23	-8.908926042653485e+20
-0.0	1.449424516699502e+24	2.218867197362639e+26
-0.0	-1.3630451333032547e+24	6.59148091613894e+25
-0.0	4.1758114599349585e+23	4.282608950536489e+25
-0.0	-4.722865274141695e+23	6.162659357061601e+25
-0.0	5.335118057919365e+22	3.744044586060156e+25
-0.0	1.3468011753896176e+22	4.808464973242489e+25
-0.0	-4.16430769933524e+22	4.096718906358551e+25
-0.0	2.0386609724848284e+22	4.692119641991556e+25
-0.0	-2.5886197064520664e+21	4.389546322539361e+25
-0.0	6.26197361296803e+21	4.521510360792033e+25
-0.0	-1.0886552763846843e+21	4.46662810206013e+25
-0.0	5.068822730215278e+21	4.473803202155177e+25
-0.0	-1.5706620476842666e+21	4.467346790583814e+25
-0.0	5.715873234395322e+20	4.464486244502518e+25
-0.0	-3.369259078612553e+20	4.466394366244692e+25
-0.0	-1.4163758727587697e+19	4.465279602132006e+25
-0.0	-1.0788373311041503e+20	4.465877256414378e+25
-0.0	-1.876635802538121e+19	4.465227090357769e+25
-0.0	2.1752724770825945e+19	4.465612016867224e+25
-0.0	-2.175272477632722e+19	4.465612016867338e+25
-0.0	1.876635794673659e+19	4.465227090357815e+25
-0.0	1.0788373306104893e+20	4.465877256413686e+25
-0.0	1.4163758863411325e+19	4.465279602132487e+25
-0.0	3.3692590768902753e+20	4.466394366245321e+25
-0.0	-5.715873234262743e+20	4.464486244502112e+25
-0.0	1.5706620476365527e+21	4.467346790584095e+25
-0.0	-5.068822730345086e+21	4.473803202154564e+25
-0.0	1.0886552765262045e+21	4.466628102060347e+25
-0.0	-6.261973613057918e+21	4.521510360792804e+25
-0.0	2.5886197063967205e+21	4.389546322539152e+25
-0.0	-2.0386609724873412e+22	4.692119641991137e+25
-0.0	4.164307699354374e+22	4.096718906360081e+25
-0.0	-1.346801175452122e+22	4.808464973241494e+25
-0.0	-5.335118057886963e+22	3.744044586057227e+25
-0.0	4.722865274152321e+23	6.1626593570647495e+25
-0.0	-4.175811459944577e+23	4.282608950537346e+25
-0.0	1.3630451333045907e+24	6.591480916139226e+25
-0.0	-1.4494245167007292e+24	2.2188671973622357e+26
-0.0	-4.023202880958148e+23	-8.908926042496352e+20
-0.0	4.1849589681684066e+23	6.112321224772729e+20
-0.0	1.331978502721291e+24	1.9243544151645894e+26
-0.0	-1.393132554280226e+24	5.486385018355749e+25
-0.0	4.182300977879793e+23	4.149670735754305e+25
-0.0	-5.014258976806901e+23	5.533393853272604e+25
-0.0	5.360887123998339e+22	3.629011074052578e+25
-0.0	7.432513579569889e+21	4.533267768372101e+25
-0.0	-4.1086751773775804e+22	3.93227630160939e+25
-0.0	1.7825326343020136e+22	4.444943996884616e+25
-0.0	-1.8778931082060937e+21	4.195014468973096e+25
-0.0	5.899149140925852e+21	4.306943204090951e+25
-0.0	-1.4468851729318902e+21	4.2619607724548495e+25
-0.0	5.113340451619965e+21	4.269183609237162e+25
-0.0	-1.615646270043609e+21	4.263707230843052e+25
-0.0	6.888882356567654e+20	4.26136071375975e+25
-0.0	-3.378601082201939e+20	4.263002785876445e+25
-0.0	-9.307731278396234e+18	4.2621404489121915e+25
-0.0	-9.9901688072649e+19	4.262639570156535e+25
-0.0	-9.487317164162535e+18	4.262095428097043e+25
-0.0	1.7392237409530857e+19	4.262402763641873e+25
-0.0	-1.7392237382398919e+19	4.26240276364189e+25
-0.0	9.48731712352362e+18	4.26209542809711e+25
-0.0	9.990168803010971e+19	4.262639570155986e+25
-0.0	9.307731435695024e+18	4.262140448912672e+25
-0.0	3.378601080677488e+20	4.2630027858769705e+25
-0.0	-6.888882355877523e+20	4.261360713759371e+25
-0.0	1.61564626999286e+21	4.263707230843268e+25
-0.0	-5.113340451737928e+21	4.269183609236671e+25
-0.0	1.446885173113889e+21	4.261960772454965e+25
-0.0	-5.899149140968232e+21	4.306943204091704e+25
-0.0	1.8778931082019768e+21	4.195014468972956e+25
-0.0	-1.7825326343053776e+22	4.444943996884238e+25
-0.0	4.1086751774058526e+22	3.932276301610716e+25
-0.0	-7.432513580232463e+21	4.533267768371265e+25
-0.0	-5.360887123961946e+22	3.629011074050184e+25
-0.0	5.0142589768187385e+23	5.533393853275061e+25
-0.0	-4.182300977890875e+23	4.149670735755009e+25
-0.0	1.3931325542814203e+24	5.486385018356043e+25
-0.0	-1.331978502722741e+24	1.924354415164259e+26
-0.0	-4.184958968165742e+23	6.112321224662653e+20
-0.0	4.629069287630091e+23	8.558019500475944e+18
-0.0	1.1440450349528802e+24	1.469397793603333e+26
-0.0	-1.2902716751838896e+24	4.049631027284764e+25
-0.0	3.859926325082995e+23	3.1648152890577895e+25
-0.0	-4.750302845399501e+23	4.1593913214459015e+25
-0.0	5.424013254230061e+22	2.728772176396363e+25
-0.0	5.357985556105182e+21	3.4171948811698705e+25
-0.0	-3.710612462575548e+22	2.954017861848291e+25
-0.0	1.6680863376303618e+22	3.3463070599909186e+25
-0.0	-7.157367990123666e+20	3.1584479576700396e+25
-0.0	5.524949571180927e+21	3.2425107103534784e+25
-0.0	-1.0867078281313746e+21	3.207633435568166e+25
-0.0	4.869998570226605e+21	3.2134210306302834e+25
-0.0	-1.566836046977935e+21	3.2088957999783125e+25
-0.0	6.503803134343153e+20	3.206974788529183e+25
-0.0	-3.728321063483165e+20	3.2082246511358e+25
-0.0	-1.7585313805919238e+19	3.207576982527452e+25
-0.0	-9.926561480563265e+19	3.2079596735291763e+25
-0.0	-9.151581623027503e+18	3.207537950098413e+25
-0.0	1.3573625498446864e+19	3.2077826839831565e+25
-0.0	-1.3573625476338727e+19	3.207782683983129e+25
-0.0	9.151581579693047e+18	3.2075379500984973e+25
-0.0	9.92656147473661e+19	3.2079596735287713e+25
-0.0	1.7585313947518026e+19	3.207576982527814e+25
-0.0	3.728321061962784e+20	3.208224651136125e+25
-0.0	-6.503803133636865e+20	3.2069747885289227e+25
-0.0	1.566836046909535e+21	3.208895799978517e+25
-0.0	-4.86999857035651e+21	3.213421030629945e+25
-0.0	1.0867078283027914e+21	3.207633435568297e+25
-0.0	-5.524949571216073e+21	3.2425107103540217e+25
-0.0	7.157367990005992e+20	3.1584479576699344e+25
-0.0	-1.6680863376366199e+22	3.3463070599906445e+25
-0.0	3.7106124626038104e+22	2.9540178618492474e+25
-0.0	-5.357985556760156e+21	3.417194881169189e+25
-0.0	-5.424013254196111e+22	2.728772176394601e+25
-0.0	4.750302845411365e+23	4.1593913214477174e+25
-0.0	-3.859926325094182e+23	3.1648152890583174e+25
-0.0	1.290271675185019e+24	4.049631027284989e+25
-0.0	-1.1440450349543047e+24	1.4693977936030695e+26
-0.0	-4.629069287627995e+23	8.558019515600261e+18
-0.0	4.742536426037954e+23	2.1184771864321334e+20
-0.0	9.118029964742874e+23	1.0910145720717194e+26
-0.0	-1.1216839568533652e+24	2.8590409250322286e+25
-0.0	3.4112904128172925e+23	2.492236603735131e+25
-0.0	-4.242693928158606e+23	3.1084816686323962e+25
-0.0	5.166755180323413e+22	2.140663267244462e+25
-0.0	3.1074482384183535e+21	2.6325680195859087e+25
-0.0	-3.1630128292166074e+22	2.2950749614633933e+25
-0.0	1.3862137710404149e+22	2.5814167814563587e+25
-0.0	-5.461818795743833e+20	2.4451740349191797e+25
-0.0	4.4993991271346466e+21	2.5053694722877478e+25
-0.0	-1.0502046349664883e+21	2.4802695531297393e+25
-0.0	4.233995534986606e+21	2.484972372523127e+25
-0.0	-1.4500155383748291e+21	2.481468450744831e+25
-0.0	5.85537974336877e+20	2.480256317110533e+25
-0.0	-3.392931369823962e+20	2.4810506638420645e+25
-0.0	-1.661698157038143e+18	2.4805993755579037e+25
-0.0	-8.950314124233477e+19	2.480859438405222e+25
-0.0	-6.089575315403743e+18	2.4805578021535945e+25
-0.0	9.87931670227762e+18	2.4807358029164735e+25
-0.0	-9.879316670003302e+18	2.4807358029164872e+25
-0.0	6.089575289659759e+18	2.480557802153632e+25
-0.0	8.95031411887312e+19	2.480859438404889e+25
-0.0	1.6616982869639022e+18	2.48059937555817e+25
-0.0	3.392931368476183e+20	2.481050663842399e+25
-0.0	-5.855379742538673e+20	2.4802563171103312e+25
-0.0	1.4500155383044128e+21	2.481468450744975e+25
-0.0	-4.2339955351054734e+21	2.4849723725229133e+25
-0.0	1.0502046351314682e+21	2.480269553129817e+25
-0.0	-4.4993991271563537e+21	2.5053694722882043e+25
-0.0	5.4618187957565404e+20	2.4451740349191166e+25
-0.0	-1.3862137710471534e+22	2.5814167814561873e+25
-0.0	3.163012829244992e+22	2.295074961464113e+25
-0.0	-3.1074482390225576e+21	2.6325680195854183e+25
-0.0	-5.166755180293623e+22	2.1406632672431867e+25
-0.0	4.2426939281698927e+23	3.108481668633745e+25
-0.0	-3.411290412827953e+23	2.4922366037355816e+25
-0.0	1.1216839568543067e+24	2.859040925032415e+25
-0.0	-9.118029964756592e+23	1.0910145720715306e+26
-0.0	-4.742536426036249e+23	2.1184771863461236e+20
-0.0	4.401841151395684e+23	-2.287784426984833e+19
-0.0	6.577358808339405e+23	7.3497566967510875e+25
-0.0	-9.039388388734213e+23	1.7957800695259165e+25
-0.0	2.764067539268695e+23	1.7557781794446692e+25
-0.0	-3.51445372914998e+23	2.0833561563448664e+25
-0.0	4.487878079253842e+22	1.4958733078722865e+25
-0.0	2.2472527054713135e+21	1.8135127724885673e+25
-0.0	-2.480987600780123e+22	1.5907380993792467e+25
-0.0	1.0816625025975558e+22	1.7801126328739178e+25
-0.0	-8.31435901227245e+19	1.6905455027129736e+25
-0.0	3.663285086055123e+21	1.7299847971829457e+25
-0.0	-7.64108168223787e+20	1.7135157080579358e+25
-0.0	3.5415308800066197e+21	1.7167347305198141e+25
-0.0	-1.1856448813656805e+21	1.7142668934352273e+25
-0.0	5.0917191055410954e+20	1.713549539723327e+25
-0.0	-2.786085703972378e+20	1.714008807859203e+25
-0.0	2.348443018040813e+18	1.7137343651552957e+25
-0.0	-7.932528274092243e+19	1.7138993908463447e+25
-0.0	-3.0784757352237906e+18	1.7137104515529508e+25
-0.0	6.229820220032952e+18	1.7138271268582501e+25
-0.0	-6.229820296185685e+18	1.7138271268582647e+25
-0.0	3.0784756031099346e+18	1.713710451552981e+25
-0.0	7.932528259423683e+19	1.713899390846176e+25
-0.0	-2.3484430008887066e+18	1.713734365155458e+25
-0.0	2.7860857017970953e+20	1.714008807859422e+25
-0.0	-5.0917191058475214e+20	1.7135495397232002e+25
-0.0	1.185644881196523e+21	1.7142668934353593e+25
-0.0	-3.541530880210627e+21	1.7167347305196466e+25
-0.0	7.64108168264423e+20	1.7135157080580217e+25
-0.0	-3.6632850861658053e+21	1.7299847971832277e+25
-0.0	8.31435900205567e+19	1.690545502712955e+25
-0.0	-1.081662502613953e+22	1.7801126328737904e+25
-0.0	2.480987600794265e+22	1.5907380993797057e+25
-0.0	-2.2472527060843983e+21	1.8135127724882464e+25
-0.0	-4.4878780792376624e+22	1.4958733078713811e+25
-0.0	3.5144537291585375e+23	2.08335615634583e+25
-0.0	-2.7640675392795106e+23	1.7557781794449207e+25
-0.0	9.03938838873965e+23	1.795780069526032e+25
-0.0	-6.577358808354228e+23	7.349756696749883e+25
-0.0	-4.401841151394273e+23	-2.2877844259984536e+19
-0.0	3.734197936549148e+23	1.0530331350160744e+20
-0.0	3.971597023082073e+23	4.442393142100971e+25
-0.0	-6.532476138832186e+23	9.879543840375914e+24
-0.0	2.0194524136536665e+23	1.133218176635244e+25
-0.0	-2.6266650852489812e+23	1.2591572543955645e+25
-0.0	3.5458183610205953e+22	9.568397690025887e+24
-0.0	8.67156478937404e+20	1.1366691029781075e+25
-0.0	-1.7344584885543792e+22	1.0060152151034076e+25
-0.0	7.46719138595737e+21	1.1173228878951788e+25
-0.0	2.451124245702496e+20	1.0653307623876116e+25
-0.0	2.523409983227575e+21	1.088194635247426e+25
-0.0	-6.031980535243356e+20	1.0785091646515797e+25
-0.0	2.6138231462539223e+21	1.0805347720087322e+25
-0.0	-9.189425251641967e+20	1.0788898906622242e+25
-0.0	3.809863793117904e+20	1.0785492991304932e+25
-0.0	-2.1819901992597966e+20	1.078783086688998e+25
-0.0	-4.662388668766903e+17	1.0786312035936168e+25
-0.0	-6.409986302569092e+19	1.0787220285647119e+25
-0.0	5.579102267477698e+17	1.0786181068393284e+25
-0.0	2.95696970376609e+18	1.0786834983971578e+25
-0.0	-2.9569696859533496e+18	1.0786834983971894e+25
-0.0	-5.5791026291889805e+17	1.078618106839413e+25
-0.0	6.409986296496756e+19	1.0787220285646051e+25
-0.0	4.6623891028325146e+17	1.0786312035936675e+25
-0.0	2.181990198528494e+20	1.0787830866890672e+25
-0.0	-3.809863792707924e+20	1.0785492991304135e+25
-0.0	9.189425250893477e+20	1.078889890662278e+25
-0.0	-2.613823146347312e+21	1.080534772008646e+25
-0.0	6.031980535981143e+20	1.078509164651583e+25
-0.0	-2.523409983224751e+21	1.0881946352475657e+25
-0.0	-2.4511242457576106e+20	1.0653307623875714e+25
-0.0	-7.46719138604221e+21	1.117322887895096e+25
-0.0	1.7344584885712047e+22	1.0060152151036378e+25
-0.0	-8.671564793063143e+20	1.1366691029779452e+25
-0.0	-3.545818361006425e+22	9.568397690021436e+24
-0.0	2.6266650852564424e+23	1.2591572543960636e+25
-0.0	-2.0194524136607857e+23	1.1332181766353542e+25
-0.0	6.532476138837756e+23	9.87954384037651e+24
-0.0	-3.971597023090881e+23	4.4423931421003096e+25
-0.0	-3.734197936547994e+23	1.0530331349667181e+20
-0.0	2.8382210732762667e+23	-1.828433168428501e+19
-0.0	1.6745975346257864e+23	2.271389177902947e+25
-0.0	-4.018378977951803e+23	4.3472693667139777e+24
-0.0	1.2588215943931506e+23	6.268481533169831e+24
-0.0	-1.697016759771693e+23	6.415809955285358e+24
-0.0	2.449718072815711e+22	5.238771783975241e+24
-0.0	-3.3793213858219865e+20	6.075141761620656e+24
-0.0	-1.0100116695889287e+22	5.436547457341654e+24
-0.0	4.1129517613607305e+21	5.983401996149551e+24
-0.0	4.311922407686038e+20	5.731915853371167e+24
-0.0	1.4344369692503515e+21	5.84164310194024e+24
-0.0	-3.9139427057440444e+20	5.794360916260834e+24
-0.0	1.6561644834047622e+21	5.805293163664223e+24
-0.0	-6.060317878797833e+20	5.796016869618748e+24
-0.0	2.5785863491605355e+20	5.794975186967354e+24
-0.0	-1.4529910150132127e+20	5.795846674291378e+24
-0.0	1.6784218061901315e+18	5.795200184521396e+24
-0.0	-4.441830783099919e+19	5.795611181127769e+24
-0.0	2.2786960224930212e+18	5.79514516712684e+24
-0.0	3.833154371138642e+17	5.795453337948104e+24
-0.0	-3.833154217316006e+17	5.795453337948332e+24
-0.0	-2.2786960725182008e+18	5.795145167127384e+24
-0.0	4.441830777886742e+19	5.795611181126915e+24
-0.0	-1.6784217511836393e+18	5.795200184521818e+24
-0.0	1.4529910142826375e+20	5.795846674291671e+24
-0.0	-2.578586348920891e+20	5.794975186966996e+24
-0.0	6.060317878172122e+20	5.796016869619022e+24
-0.0	-1.656164483486373e+21	5.805293163663634e+24
-0.0	3.913942706374441e+20	5.794360916260857e+24
-0.0	-1.4344369692556159e+21	5.841643101941075e+24
-0.0	-4.3119224078379844e+20	5.731915853371064e+24
-0.0	-4.11295176142226e+21	5.983401996149157e+24
-0.0	1.0100116696006807e+22	5.43654745734297e+24
-0.0	3.3793213830720494e+20	6.075141761619714e+24
-0.0	-2.449718072806531e+22	5.2387717839728e+24
-0.0	1.6970167597769777e+23	6.415809955288087e+24
-0.0	-1.258821594398463e+23	6.268481533170339e+24
-0.0	4.01837897795564e+23	4.3472693667142214e+24
-0.0	-1.6745975346321208e+23	2.2713891779026105e+25
-0.0	-2.8382210732753654e+23	-1.8284331683475272e+19
-0.0	1.8418956238548312e+23	7.503882787526217e+18
-0.0	1.397434729705366e+22	8.963837205057539e+24
-0.0	-1.9480983049369314e+23	1.3328895797996257e+24
-0.0	6.193263992343949e+22	2.738020453579817e+24
-0.0	-8.865288791823904e+22	2.521993057896303e+24
-0.0	1.4051785907084389e+22	2.2609795937668216e+24
-0.0	-9.009572510731583e+20	2.546316854787347e+24
-0.0	-4.358585147273924e+21	2.3102147092386442e+24
-0.0	1.5530662395496183e+21	2.513459401596324e+24
-0.0	4.5743960282774595e+20	2.422184411449368e+24
-0.0	5.7547340541594055e+20	2.4614930487322027e+24
-0.0	-2.101370533192464e+20	2.443975771266223e+24
-0.0	8.429656436432469e+20	2.4486870781455387e+24
-0.0	-3.29112595161843e+20	2.4445581483016587e+24
-0.0	1.4070361422459204e+20	2.444509413398955e+24
-0.0	-8.185206147500148e+19	2.444668288025559e+24
-0.0	2.0952242875758738e+18	2.4444916311787675e+24
-0.0	-2.5867602955078832e+19	2.444617574860946e+24
-0.0	3.074149590112722e+18	2.444469664875961e+24
-0.0	-1.0435381582733856e+18	2.444574973197519e+24
-0.0	1.0435381739965567e+18	2.444574973197537e+24
-0.0	-3.074149596836366e+18	2.4444696648761366e+24
-0.0	2.58676029328795e+19	2.444617574860793e+24
-0.0	-2.095224268211936e+18	2.444491631178869e+24
-0.0	8.185206145279173e+19	2.4446682880256365e+24
-0.0	-1.4070361419856e+20	2.444509413398836e+24
-0.0	3.291125951322925e+20	2.4445581483018025e+24
-0.0	-8.429656436772657e+20	2.448687078145397e+24
-0.0	2.1013705335357778e+20	2.4439757712662175e+24
-0.0	-5.754734054045425e+20	2.46149304873244e+24
-0.0	-4.5743960282147494e+20	2.4221844114493423e+24
-0.0	-1.5530662395883322e+21	2.5134594015961286e+24
-0.0	4.3585851473543074e+21	2.31021470923904e+24
-0.0	9.009572509333014e+20	2.546316854787073e+24
-0.0	-1.4051785907032423e+22	2.2609795937659763e+24
-0.0	8.86528879185572e+22	2.521993057897248e+24
-0.0	-6.193263992373802e+22	2.738020453579954e+24
-0.0	1.948098304939136e+23	1.3328895797997052e+24
-0.0	-1.3974347297405968e+22	8.963837205056393e+24
-0.0	-1.841895623854378e+23	7.503882790661295e+18
-0.0	9.385890368023374e+22	-1.222875174932242e+18
-0.0	-4.919541141622528e+22	2.220796184770806e+24
-0.0	-6.078558062797034e+22	1.8653230262749636e+23
-0.0	1.9778339974456355e+22	7.760929262419873e+23
-0.0	-3.2124455342504633e+22	6.201185546105278e+23
-0.0	5.983778736831717e+21	6.313118869007298e+23
-0.0	-8.402471270655493e+20	6.852935663530183e+23
-0.0	-9.186855865850019e+20	6.326301691695262e+23
-0.0	1.3228925636305052e+20	6.783359783566816e+23
-0.0	3.3513800539877566e+20	6.587246075660302e+23
-0.0	8.249303402961234e+19	6.669618535377539e+23
-0.0	-7.960223301424993e+19	6.63048600855278e+23
-0.0	2.9080040340568185e+20	6.643684666686554e+23
-0.0	-1.2987614381046743e+20	6.63164085507319e+23
-0.0	5.561826043818245e+19	6.632876684153523e+23
-0.0	-3.3922858154131444e+19	6.632596746518594e+23
-0.0	1.4741433027386388e+18	6.632459506239068e+23
-0.0	-1.1181976161863029e+19	6.632649018441106e+23
-0.0	2.576396237288949e+18	6.63241917927263e+23
-0.0	-1.3302271940454e+18	6.632618177144261e+23
-0.0	1.3302272008275095e+18	6.632618177144251e+23
-0.0	-2.576396234741692e+18	6.632419179273132e+23
-0.0	1.1181976151037979e+19	6.632649018440849e+23
-0.0	-1.474143297848025e+18	6.632459506239286e+23
-0.0	3.3922858141588255e+19	6.632596746518891e+23
-0.0	-5.5618260421997715e+19	6.63287668415306e+23
-0.0	1.2987614379562454e+20	6.631640855073642e+23
-0.0	-2.9080040342107144e+20	6.64368466668593e+23
-0.0	7.96022330327356e+19	6.63048600855303e+23
-0.0	-8.249303402712854e+19	6.669618535378526e+23
-0.0	-3.3513800539602924e+20	6.587246075660139e+23
-0.0	-1.3228925638252511e+20	6.783359783566506e+23
-0.0	9.186855866285911e+20	6.326301691696458e+23
-0.0	8.402471269960257e+20	6.852935663529761e+23
-0.0	-5.983778736809321e+21	6.313118869005339e+23
-0.0	3.2124455342650994e+22	6.201185546108026e+23
-0.0	-1.9778339974607685e+22	7.760929262420086e+23
-0.0	6.078558062807072e+22	1.8653230262751673e+23
-0.0	4.919541141604235e+22	2.2207961847705776e+24
-0.0	-9.385890368021295e+22	-1.2228751753082294e+18
-0.0	3.0818822400952664e+22	4.4242832231638744e+16
-0.0	-4.589662641374014e+22	1.7112382707382597e+23
-0.0	-3.958710777843862e+20	-5.81579086506848e+21
-0.0	2.8516857306898527e+20	7.368710806296264e+22
-0.0	-3.5025228648702537e+21	4.686648614775449e+22
-0.0	1.277192221756617e+21	5.861787190632797e+22
-0.0	-4.5448090376571545e+20	6.040241350400107e+22
-0.0	3.629237773043412e+20	5.716679744116243e+22
-0.0	-2.9393987956447592e+20	6.003014172145598e+22
-0.0	1.609991193631786e+20	5.894760516092097e+22
-0.0	-8.029451093979457e+19	5.936944516847355e+22
-0.0	-1.1400225455997843e+19	5.91282973444473e+22
-0.0	2.3287268183721038e+19	5.925252899260371e+22
-0.0	-2.234765886059055e+19	5.9132804283769205e+22
-0.0	1.0007611132727212e+19	5.916220776885232e+22
-0.0	-6.806434593867782e+18	5.915016770038584e+22
-0.0	8.039292176109994e+17	5.915343490785403e+22
-0.0	-2.580300096306873e+18	5.915308512531748e+22
-0.0	1.3457204318270746e+18	5.915325420911164e+22
-0.0	-8.119622355860504e+17	5.915389844326885e+22
-0.0	8.1196223804871e+17	5.915389844326768e+22
-0.0	-1.345720430390641e+18	5.915325420911558e+22
-0.0	2.580300092031517e+18	5.915308512531243e+22
-0.0	-8.039292171729318e+17	5.915343490785435e+22
-0.0	6.80643459058671e+18	5.915016770038721e+22
-0.0	-1.0007611128400947e+19	5.9162207768847755e+22
-0.0	2.2347658855773876e+19	5.913280428377103e+22
-0.0	-2.3287268188137644e+19	5.925252899259762e+22
-0.0	1.1400225460185803e+19	5.912829734444472e+22
-0.0	8.0294510941351e+19	5.93694451684814e+22
-0.0	-1.6099911936160583e+20	5.894760516092245e+22
-0.0	2.9393987955694377e+20	6.003014172145256e+22
-0.0	-3.629237772919915e+20	5.7166797441168874e+22
-0.0	4.5448090374966025e+20	6.040241350399992e+22
-0.0	-1.2771922217535078e+21	5.861787190632658e+22
-0.0	3.502522864904586e+21	4.6866486147776355e+22
-0.0	-2.8516857311268392e+20	7.368710806295884e+22
-0.0	3.958710778064209e+20	-5.815790865066718e+21
-0.0	4.589662641368138e+22	1.711238270738067e+23
-0.0	-3.081882240094556e+22	4.424283257056385e+16
-0.0	5.984068828275813e+20	3.8989184416492776e+16
-0.0	-1.9540568189847105e+22	-6.813105968158684e+20
-0.0	1.1633756213501762e+22	4.329648635723301e+21
-0.0	-3.840284884627641e+21	-2.6528096641933687e+21
-0.0	4.3949234014746213e+21	2.3153352682248972e+20
-0.0	-4.444468686193568e+20	-1.87389965835351e+21
-0.0	-1.0312428513284338e+20	-1.4303533720324363e+21
-0.0	3.9992453989840244e+20	-1.5751345488658146e+21
-0.0	-2.0502673199104944e+20	-1.4618114515904642e+21
-0.0	3.204223508719803e+19	-1.5380502536521117e+21
-0.0	-6.4679907847035126e+19	-1.4996805099137e+21
-0.0	8.678274573861055e+18	-1.5100873053390528e+21
-0.0	-4.271766606922047e+19	-1.5147481959782626e+21
-0.0	1.1890521840437135e+19	-1.5092304289997054e+21
-0.0	-4.857912648294559e+18	-1.5130671108891258e+21
-0.0	2.492903210409607e+18	-1.5111721049181787e+21
-0.0	1.824722767537204e+17	-1.5119887593617173e+21
-0.0	6.255188541627359e+17	-1.5116484208134875e+21
-0.0	3.114005208189896e+17	-1.512011122771987e+21
-0.0	-2.2495980399466317e+17	-1.5118507788036504e+21
-0.0	2.2495980433199258e+17	-1.5118507788041522e+21
-0.0	-3.114005208738731e+17	-1.5120111227721632e+21
-0.0	-6.255188544333134e+17	-1.5116484208123833e+21
-0.0	-1.824722767369819e+17	-1.5119887593627e+21
-0.0	-2.492903210223693e+18	-1.511172104918744e+21
-0.0	4.857912647991081e+18	-1.5130671108892559e+21
-0.0	-1.1890521840284609e+19	-1.5092304290002187e+21
-0.0	4.27176660692921e+19	-1.5147481959773302e+21
-0.0	-8.678274573972454e+18	-1.5100873053402369e+21
-0.0	6.467990784703531e+19	-1.4996805099147837e+21
-0.0	-3.204223508700492e+19	-1.5380502536527204e+21
-0.0	2.050267319904489e+20	-1.4618114515901806e+21
-0.0	-3.999245398982666e+20	-1.5751345488672908e+21
-0.0	1.031242851346026e+20	-1.4303533720330447e+21
-0.0	4.4444686861802006e+20	-1.87389965835368e+21
-0.0	-4.3949234014826204e+21	2.3153352681842334e+20
-0.0	3.8402848846277934e+21	-2.652809664193094e+21
-0.0	-1.1633756213505887e+22	4.329648635723059e+21
-0.0	1.9540568189841195e+22	-6.813105968175237e+20
-0.0	-5.98406882826195e+20	3.898918441066385e+16
-0.0	-5.958258515032691e+21	-1.1671619970325002e+16
-0.0	-1.0024372380729298e+21	3.741002973028318e+21
-0.0	5.85029013704092e+21	-2.315285040271117e+21
-0.0	-2.038429732838113e+21	2.7749930008873586e+21
-0.0	3.006239799087244e+21	8.543332208369868e+20
-0.0	-5.02723118415223e+20	2.110820953131391e+21
-0.0	4.595167981490367e+19	1.9290428109610206e+21
-0.0	1.196940493741182e+20	1.9374172699248998e+21
-0.0	-3.992296380307406e+19	1.9372997876931046e+21
-0.0	-1.702988690401987e+19	1.9533699873561937e+21
-0.0	-1.4445012791363099e+19	1.9429146202165223e+21
-0.0	6.444138717513488e+18	1.943348060958833e+21
-0.0	-2.4953703092863984e+19	1.947965778119043e+21
-0.0	1.0181779906758957e+19	1.9430490072846943e+21
-0.0	-4.336645845587258e+18	1.945453002875046e+21
-0.0	2.562427309253753e+18	1.9443266046256803e+21
-0.0	-7.571231932135235e+16	1.9447728191361872e+21
-0.0	8.211444779046467e+17	1.944607874000631e+21
-0.0	-1.2683457982134683e+17	1.9447821641370774e+21
-0.0	5.83792293683765e+16	1.944718245875017e+21
-0.0	-5.837922957610575e+16	1.9447182458747706e+21
-0.0	1.2683458000021918e+17	1.9447821641369316e+21
-0.0	-8.21144477202092e+17	1.9446078740019135e+21
-0.0	7.571231883973824e+16	1.944772819136397e+21
-0.0	-2.5624273089919145e+18	1.9443266046256344e+21
-0.0	4.3366458448567613e+18	1.945453002875396e+21
-0.0	-1.0181779905706174e+19	1.943049007285158e+21
-0.0	2.4953703093886296e+19	1.9479657781205942e+21
-0.0	-6.444138717940775e+18	1.9433480609593098e+21
-0.0	1.444501279040071e+19	1.9429146202146653e+21
-0.0	1.702988690382338e+19	1.953369987355719e+21
-0.0	3.9922963804177375e+19	1.9372997876930668e+21
-0.0	-1.1969404937617297e+20	1.9374172699240654e+21
-0.0	-4.59516798116039e+19	1.929042810959988e+21
-0.0	5.0272311841435504e+20	2.1108209531297928e+21
-0.0	-3.0062397990987555e+21	8.543332208308434e+20
-0.0	2.0384297328461275e+21	2.7749930008885293e+21
-0.0	-5.850290137045866e+21	-2.3152850402719247e+21
-0.0	1.0024372380779356e+21	3.7410029730284285e+21
-0.0	5.958258515032598e+21	-1.1671619992956264e+16
-0.0	-3.218764636301081e+21	7308798755626295.0
-0.0	3.815042786444209e+21	-3.250974687481382e+21
-0.0	2.874694028438855e+20	1.0906714155884378e+21
-0.0	-1.6442228635938993e+20	-1.9438432588486492e+21
-0.0	5.1681962941063404e+20	-8.590833356515321e+20
-0.0	-1.5025576411709106e+20	-1.519446428826413e+21
-0.0	4.667993731567359e+19	-1.4553046690379478e+21
-0.0	-3.587902492931945e+19	-1.4300980702422699e+21
-0.0	2.8908243513205576e+19	-1.455683462009753e+21
-0.0	-1.5682429550591179e+19	-1.4529541488489616e+21
-0.0	8.692884375942628e+18	-1.4521775215134604e+21
-0.0	9.897959500937092e+17	-1.4502178971948097e+21
-0.0	-1.6045180867569935e+18	-1.4533194229268123e+21
-0.0	2.0050899252505667e+18	-1.450130096397669e+21
-0.0	-9.049706612571991e+17	-1.4514237551972802e+21
-0.0	6.278204381956518e+17	-1.4508351942182613e+21
-0.0	-8.107036728364051e+16	-1.4510526658256183e+21
-0.0	2.4271975792754822e+17	-1.4509789211470751e+21
-0.0	-1.3671828227904438e+17	-1.451054535147722e+21
-0.0	8.322734804741899e+16	-1.4510333482341473e+21
-0.0	-8.322734813646285e+16	-1.4510333482342424e+21
-0.0	1.3671828228865483e+17	-1.4510545351482826e+21
-0.0	-2.4271975758000272e+17	-1.450978921147596e+21
-0.0	8.107036725540278e+16	-1.451052665826054e+21
-0.0	-6.278204382676323e+17	-1.450835194218271e+21
-0.0	9.049706609122451e+17	-1.4514237551970642e+21
-0.0	-2.0050899247832604e+18	-1.4501300963975396e+21
-0.0	1.6045180871010056e+18	-1.453319422926497e+21
-0.0	-9.897959500355027e+17	-1.4502178971950894e+21
-0.0	-8.692884376513016e+18	-1.4521775215145695e+21
-0.0	1.5682429550400276e+19	-1.4529541488489427e+21
-0.0	-2.8908243512575934e+19	-1.4556834620097592e+21
-0.0	3.5879024928588296e+19	-1.4300980702424334e+21
-0.0	-4.667993731489729e+19	-1.455304669038081e+21
-0.0	1.5025576411717806e+20	-1.5194464288272294e+21
-0.0	-5.16819629414749e+20	-8.590833356540675e+20
-0.0	1.6442228636293982e+20	-1.943843258848325e+21
-0.0	-2.8746940284531488e+20	1.0906714155883497e+21
-0.0	-3.815042786441996e+21	-3.2509746874812114e+21
-0.0	3.218764636300893e+21	7308798749463286.0
-0.0	-3.755295757613093e+20	-4553619679526606.0
-0.0	2.2965845671196565e+21	2.3022645305949597e+21
-0.0	-1.238536060929959e+21	-4.36779658152511e+20
-0.0	4.011750790632396e+20	1.2323685772996413e+21
-0.0	-4.607019768955634e+20	6.61285773288692e+20
-0.0	4.664325356133488e+19	9.831161626336104e+20
-0.0	1.2583224849511825e+19	9.692609665395137e+20
-0.0	-5.0406069282026e+19	9.404864852310964e+20
-0.0	2.6166222757023314e+19	9.671952453108418e+20
-0.0	-3.9917274687063117e+18	9.596813611892719e+20
-0.0	8.760869737290821e+18	9.619158083144163e+20
-0.0	-1.2019310791776993e+18	9.597555629624763e+20
-0.0	5.906315021443607e+18	9.616429796107396e+20
-0.0	-1.65367760415187e+18	9.597564931470696e+20
-0.0	6.758483389783749e+17	9.604054551283097e+20
-0.0	-3.4662220585038144e+17	9.601214694806428e+20
-0.0	-2.4406623477002908e+16	9.6021898565611e+20
-0.0	-8.793050353918549e+16	9.601905860720595e+20
-0.0	-4.188054564201447e+16	9.602186015219869e+20
-0.0	3.0724099217345276e+16	9.602150284297499e+20
-0.0	-3.072409916247003e+16	9.602150284296096e+20
-0.0	4.1880545571296584e+16	9.602186015220931e+20
-0.0	8.79305035063488e+16	9.601905860719495e+20
-0.0	2.440662367047886e+16	9.60218985655893e+20
-0.0	3.4662220566062765e+17	9.601214694806369e+20
-0.0	-6.758483389066112e+17	9.604054551283344e+20
-0.0	1.6536776041315397e+18	9.597564931470429e+20
-0.0	-5.906315021648389e+18	9.61642979610811e+20
-0.0	1.201931079439034e+18	9.597555629625298e+20
-0.0	-8.760869737292407e+18	9.619158083144402e+20
-0.0	3.9917274686319427e+18	9.596813611891243e+20
-0.0	-2.6166222756981228e+19	9.671952453107358e+20
-0.0	5.04060692822409e+19	9.40486485231118e+20
-0.0	-1.2583224850157154e+19	9.692609665395301e+20
-0.0	-4.664325356098651e+19	9.831161626334339e+20
-0.0	4.6070197689610725e+20	6.612857732888858e+20
-0.0	-4.011750790633785e+20	1.2323685772995555e+21
-0.0	1.2385360609305108e+21	-4.367796581524925e+20
-0.0	-2.2965845671201895e+21	2.3022645305948554e+21
-0.0	3.7552957576125756e+20	-4553619680307959.0
-0.0	4.808706070708122e+20	864263272235905.9
-0.0	5.696860944822211e+20	-1.4530724618087631e+21
-0.0	-8.386493079632109e+20	1.2281842362346892e+20
-0.0	2.9133856528935538e+20	-7.247222203133647e+20
-0.0	-4.1893000879291276e+20	-4.4570356394972466e+20
-0.0	6.7744240212105716e+19	-5.884029415581272e+20
-0.0	-3.787887105448986e+18	-5.92666369360593e+20
-0.0	-2.4035309723244077e+19	-5.699992187441522e+20
-0.0	9.999424536756748e+18	-5.903803295252425e+20
-0.0	1.3300710559639585e+18	-5.8335122033996916e+20
-0.0	3.6774917440873533e+18	-5.858966516244233e+20
-0.0	-1.0560428499242113e+18	-5.842185302751182e+20
-0.0	4.375776977868468e+18	-5.852809989467176e+20
-0.0	-1.6176003746344525e+18	-5.842439013938461e+20
-0.0	6.825976566374437e+17	-5.845430821898774e+20
-0.0	-3.9125141661595315e+17	-5.8441754300071084e+20
-0.0	4281073034740369.5	-5.844555765624237e+20
-0.0	-1.2064591690786634e+17	-5.844469264506723e+20
-0.0	6487534192439547.0	-5.844543208728844e+20
-0.0	-381683869521372.9	-5.8445651708761086e+20
-0.0	381683876166002.94	-5.8445651708764035e+20
-0.0	-6487534072857163.0	-5.8445432087292425e+20
-0.0	1.2064591676696307e+17	-5.844469264507374e+20
-0.0	-4281072950621369.5	-5.844555765623518e+20
-0.0	3.9125141647763885e+17	-5.844175430004595e+20
-0.0	-6.825976565254237e+17	-5.845430821898875e+20
-0.0	1.6176003744825802e+18	-5.842439013939239e+20
-0.0	-4.3757769780123464e+18	-5.852809989468036e+20
-0.0	1.0560428501089921e+18	-5.842185302749506e+20
-0.0	-3.6774917440726026e+18	-5.858966516240623e+20
-0.0	-1.33007105593829e+18	-5.833512203399273e+20
-0.0	-9.999424536905286e+18	-5.903803295252084e+20
-0.0	2.4035309723617358e+19	-5.6999921874414856e+20
-0.0	3.787887104799054e+18	-5.926663693604412e+20
-0.0	-6.774424021187201e+19	-5.8840294155776976e+20
-0.0	4.189300087942621e+20	-4.457035639492628e+20
-0.0	-2.913385652903274e+20	-7.247222203135391e+20
-0.0	8.3864930796395e+20	1.228184236236136e+20
-0.0	-5.6968609448317275e+20	-1.4530724618087304e+21
-0.0	-4.8087060707078196e+20	864263265766572.5
-0.0	3.5456044718605815e+20	-619844384677152.6
-0.0	-2.250529984788748e+19	8.433193402851741e+20
-0.0	-3.147041032829997e+20	6.901876245702366e+18
-0.0	1.1486317410177342e+20	3.988426387362686e+20
-0.0	-1.8634084799167732e+20	2.745455924355828e+20
-0.0	3.522612439065349e+19	3.293166042722649e+20
-0.0	-4.638801248844317e+18	3.37801815373787e+20
-0.0	-6.722365124176157e+18	3.225562284463443e+20
-0.0	1.9230743907845048e+18	3.360008340313314e+20
-0.0	1.5374161233736402e+18	3.308762692151253e+20
-0.0	8.695190226694618e+17	3.328731096070569e+20
-0.0	-4.7179543025072006e+17	3.317578816900313e+20
-0.0	1.8018372170265836e+18	3.323164824560338e+20
-0.0	-7.554721123198556e+17	3.3178730655229634e+20
-0.0	3.227067911486213e+17	3.3191176197038336e+20
-0.0	-1.9169393681815786e+17	3.318637838468631e+20
-0.0	7165426204333767.0	3.3187526454920086e+20
-0.0	-6.235476243814106e+16	3.318749822159624e+20
-0.0	1.1274760053815502e+16	3.3187465676869874e+20
-0.0	-5475027763422770.0	3.318780133687561e+20
-0.0	5475027742741190.0	3.318780133688679e+20
-0.0	-1.1274759900208996e+16	3.318746567687024e+20
-0.0	6.235476232343401e+16	3.318749822157256e+20
-0.0	-7165426191370066.0	3.318752645491497e+20
-0.0	1.916939367488345e+17	3.318637838468998e+20
-0.0	-3.227067911091645e+17	3.3191176197036795e+20
-0.0	7.554721122200563e+17	3.317873065523034e+20
-0.0	-1.8018372170487196e+18	3.3231648245582974e+20
-0.0	4.717954303335971e+17	3.3175788168988525e+20
-0.0	-8.695190226964541e+17	3.328731096071927e+20
-0.0	-1.5374161233427185e+18	3.308762692151695e+20
-0.0	-1.9230743908806636e+18	3.360008340313457e+20
-0.0	6.72236512437758e+18	3.225562284464624e+20
-0.0	4.638801248504958e+18	3.3780181537383966e+20
-0.0	-3.5226124390543987e+19	3.2931660427241954e+20
-0.0	1.8634084799244314e+20	2.745455924360002e+20
-0.0	-1.148631741023596e+20	3.9884263873605416e+20
-0.0	3.147041032834071e+20	6.901876245756618e+18
-0.0	2.2505299847368724e+19	8.433193402852945e+20
-0.0	-3.54560447186027e+20	-619844382966970.2
-0.0	1.353513623253374e+20	-1168305030490110.5
-0.0	-6.803166917644685e+19	-4.549428346935627e+20
-0.0	-7.925385666028605e+19	-4.655316130717725e+19
-0.0	3.054923786362109e+19	-2.0519133433643863e+20
-0.0	-5.533941904113215e+19	-1.570135634300107e+20
-0.0	1.167417918138636e+19	-1.7239801996993675e+20
-0.0	-2.056983230007598e+18	-1.7998827640568303e+20
-0.0	-1.118841658175632e+18	-1.706926737854374e+20
-0.0	9569868210133240.0	-1.7876699950132632e+20
-0.0	6.729887635366267e+17	-1.754781161015166e+20
-0.0	9.010032596092437e+16	-1.7681606138448157e+20
-0.0	-1.4178937727650501e+17	-1.761441301159854e+20
-0.0	5.09329752101158e+17	-1.76414054843311e+20
-0.0	-2.346433863124563e+17	-1.7616444731412457e+20
-0.0	1.0160314874010352e+17	-1.7620644158237422e+20
-0.0	-6.1267483453869336e+16	-1.7619242743269468e+20
-0.0	3523074982572136.0	-1.7619354202515607e+20
-0.0	-2.053082423936247e+16	-1.7619541062146333e+20
-0.0	5331119477013566.0	-1.761928715164074e+20
-0.0	-2811424698333976.0	-1.7619551562367654e+20
-0.0	2811424707209277.0	-1.7619551562362408e+20
-0.0	-5331119445525658.0	-1.7619287151642627e+20
-0.0	2.053082417105169e+16	-1.7619541062150944e+20
-0.0	-3523074924634738.5	-1.7619354202517045e+20
-0.0	6.12674834239536e+16	-1.7619242743266293e+20
-0.0	-1.0160314873672002e+17	-1.7620644158236862e+20
-0.0	2.3464338627708854e+17	-1.7616444731411975e+20
-0.0	-5.093297521289192e+17	-1.764140548433406e+20
-0.0	1.4178937732066408e+17	-1.761441301160182e+20
-0.0	-9.0100325960252e+16	-1.7681606138445332e+20
-0.0	-6.729887635276676e+17	-1.754781161014873e+20
-0.0	-9569868246249204.0	-1.787669995013087e+20
-0.0	1.1188416582675421e+18	-1.706926737854167e+20
-0.0	2.0569832298667464e+18	-1.7998827640563683e+20
-0.0	-1.167417918134557e+19	-1.723980199698121e+20
-0.0	5.533941904140345e+19	-1.5701356342994538e+20
-0.0	-3.0549237863866847e+19	-2.0519133433649254e+20
-0.0	7.925385666046191e+19	-4.655316130716823e+19
-0.0	6.803166917617511e+19	-4.5494283469345744e+20
-0.0	-1.3535136232532984e+20	-1168305028819272.8
-0.0	3.5002762724267053e+19	-2967507123788759.0
-0.0	-2.6833980097824825e+19	2.2793408738064967e+20
-0.0	-1.3733160184496527e+19	4.7925081660508496e+19
-0.0	5.77107116508268e+18	9.762200810430856e+19
-0.0	-1.1869697739653208e+19	8.36464827447847e+19
-0.0	2.7526294859647503e+18	8.368231529203007e+19
-0.0	-5.769693652181961e+17	8.912380019060993e+19
-0.0	-7.075559894244022e+16	8.388627009483406e+19
-0.0	-1.0570277945184856e+17	8.837947984120182e+19
-0.0	1.8821340792366317e+17	8.645044158792457e+19
-0.0	-1.2418132650796148e+16	8.725924988497366e+19
-0.0	-3.059847779626356e+16	8.688368964738428e+19
-0.0	1.0565080514291355e+17	8.700476324199655e+19
-0.0	-5.247373436402427e+16	8.689801224857931e+19
-0.0	2.3289859854673844e+16	8.690627646271167e+19
-0.0	-1.3858875898411658e+16	8.690578199422737e+19
-0.0	1248261274358274.5	8.690355804546117e+19
-0.0	-4746023814205179.0	8.690555991855886e+19
-0.0	1576338123639727.8	8.690323693338155e+19
-0.0	-817756575134625.6	8.690517395687635e+19
-0.0	817756593738486.2	8.69051739568596e+19
-0.0	-1576338134175583.2	8.690323693339355e+19
-0.0	4746023779863691.0	8.690555991857573e+19
-0.0	-1248261222574267.5	8.690355804547505e+19
-0.0	1.3858875888482986e+16	8.690578199423235e+19
-0.0	-2.328985986643791e+16	8.690627646270126e+19
-0.0	5.247373435731516e+16	8.689801224856356e+19
-0.0	-1.0565080515755646e+17	8.700476324198821e+19
-0.0	3.0598477815274464e+16	8.688368964740193e+19
-0.0	1.241813264723125e+16	8.725924988498683e+19
-0.0	-1.8821340792209133e+17	8.645044158794084e+19
-0.0	1.0570277943780357e+17	8.837947984120157e+19
-0.0	7.0755598980146504e+16	8.388627009482005e+19
-0.0	5.769693651636544e+17	8.912380019061293e+19
-0.0	-2.75262948595014e+18	8.36823152920667e+19
-0.0	1.1869697739725752e+19	8.364648274482007e+19
-0.0	-5.771071165169656e+18	9.762200810428622e+19
-0.0	1.3733160184556399e+19	4.792508166052516e+19
-0.0	2.683398009770837e+19	2.2793408738062788e+20
-0.0	-3.5002762724265837e+19	-2967507123616397.0
-0.0	6.818585048275269e+18	-2263409832722236.5
-0.0	-6.418208081260143e+18	-1.0463207679348795e+20
-0.0	-1.4368095057495772e+18	-3.678671682059068e+19
-0.0	7.757533742276436e+17	-4.169600447880527e+19
-0.0	-1.9039644605613473e+18	-4.1170431932724085e+19
-0.0	4.8536782467432186e+17	-3.6710817228074336e+19
-0.0	-1.1465102779943733e+17	-4.016686409319152e+19
-0.0	1.6399484740710598e+16	-3.7414813893615485e+19
-0.0	-3.35863553128941e+16	-3.974513775300666e+19
-0.0	3.794591266014083e+16	-3.869279811181799e+19
-0.0	-6305503495686763.0	-3.914526795758917e+19
-0.0	-4479904768771303.5	-3.89507377877883e+19
-0.0	1.6903498373367308e+16	-3.899745712264773e+19
-0.0	-8443833008833498.0	-3.8958966059102175e+19
-0.0	4361478049002258.5	-3.895535313890198e+19
-0.0	-2013137446272746.8	-3.8958692974352966e+19
-0.0	544412458050723.8	-3.895616144559253e+19
-0.0	-708937083690099.6	-3.89577388815556e+19
-0.0	361814338661685.7	-3.895594721921488e+19
-0.0	-157353613011024.38	-3.895698457245479e+19
-0.0	157353624328813.72	-3.89569845724605e+19
-0.0	-361814348846087.1	-3.895594721922429e+19
-0.0	708937071034344.8	-3.8957738881545224e+19
-0.0	-544412433593004.8	-3.8956161445590835e+19
-0.0	2013137440572260.8	-3.8958692974355366e+19
-0.0	-4361478056464565.0	-3.895535313890365e+19
-0.0	8443833007192086.0	-3.895896605910554e+19
-0.0	-1.690349837649338e+16	-3.899745712263381e+19
-0.0	4479904773161767.5	-3.895073778776404e+19
-0.0	6305503493936797.0	-3.914526795758156e+19
-0.0	-3.794591265857699e+16	-3.869279811181716e+19
-0.0	3.3586355310588748e+16	-3.974513775299444e+19
-0.0	-1.6399484731512478e+16	-3.741481389362472e+19
-0.0	1.1465102778906118e+17	-4.016686409318089e+19
-0.0	-4.853678246731038e+17	-3.671081722805516e+19
-0.0	1.9039644605733356e+18	-4.117043193274357e+19
-0.0	-7.757533742441498e+17	-4.16960044788144e+19
-0.0	1.4368095057649073e+18	-3.6786716820591505e+19
-0.0	6.418208081230444e+18	-1.0463207679346393e+20
-0.0	-6.81858504827478e+18	-2263409832756742.0
-0.0	1.2234284510524165e+18	-3524312284417572.0
-0.0	-1.0868315602339722e+18	4.240802458370585e+19
-0.0	1.1297102545380726e+16	2.432799029064504e+19
-0.0	7.816695225859035e+16	1.4757170179500702e+19
-0.0	-2.3981839565842746e+17	1.826774560622281e+19
-0.0	6.794939016832557e+16	1.3613881109818352e+19
-0.0	-1.6879127624641242e+16	1.562759490477886e+19
-0.0	6803626854957858.0	1.4283813836889154e+19
-0.0	-5620508542090979.0	1.54036340095426e+19
-0.0	6211488136557768.0	1.487035240130014e+19
-0.0	-732210787533137.4	1.5105802502166096e+19
-0.0	-13853336557869.39	1.501236097907673e+19
-0.0	2474532320128268.5	1.5026409826869293e+19
-0.0	-692030974568665.8	1.5016838142481377e+19
-0.0	977186714796817.4	1.501094633044351e+19
-0.0	112066903981415.73	1.5014513658944913e+19
-0.0	371352311022294.7	1.5012537757746397e+19
-0.0	38579206668414.79	1.501351649142692e+19
-0.0	107458937189955.03	1.5012473208611928e+19
-0.0	-15066148877601.32	1.5013157594086281e+19
-0.0	15066156051522.855	1.5013157594079486e+19
-0.0	-107458942777699.16	1.501247320860772e+19
-0.0	-38579213856421.0	1.5013516491439632e+19
-0.0	-371352298464690.9	1.5012537757744056e+19
-0.0	-112066905416920.73	1.5014513658937737e+19
-0.0	-977186720989856.8	1.5010946330442547e+19
-0.0	692030975571485.6	1.501683814248353e+19
-0.0	-2474532321617491.0	1.5026409826868406e+19
-0.0	13853337019590.4	1.5012360979087534e+19
-0.0	732210786610673.8	1.5105802502169317e+19
-0.0	-6211488136250039.0	1.4870352401302157e+19
-0.0	5620508541196248.0	1.5403634009546752e+19
-0.0	-6803626851968234.0	1.4283813836889412e+19
-0.0	1.6879127625419926e+16	1.5627594904774519e+19
-0.0	-6.794939017016061e+16	1.3613881109808763e+19
-0.0	2.3981839565822205e+17	1.8267745606232201e+19
-0.0	-7.816695226035352e+16	1.475717017951176e+19
-0.0	-1.129710253983933e+16	2.4327990290647753e+19
-0.0	1.0868315602315027e+18	4.24080245837003e+19
-0.0	-1.2234284510521608e+18	-3524312284406993.5
-0.0	3.587220648913985e+17	-2791993375814061.0
-0.0	-1.1522639005629003e+17	-1.3577961149071014e+19
-0.0	4.5942680623196776e+16	-1.4497928677435435e+19
-0.0	1.435160302466754e+16	-3.032289974442941e+18
-0.0	-2.8251651716480996e+16	-6.834481285551476e+18
-0.0	9210284912692282.0	-3.2858237747839027e+18
-0.0	-1557645073813458.0	-4.378596937868815e+18
-0.0	2042301961582775.2	-3.778713479312184e+18
-0.0	-22060592868499.984	-4.2675927059944965e+18
-0.0	1329436791935646.8	-4.018150415791003e+18
-0.0	488101073483717.6	-4.1316697606358103e+18
-0.0	514135098025654.25	-4.090572622022019e+18
-0.0	668303237760559.0	-4.0917074385157883e+18
-0.0	304738749333908.06	-4.09298357687024e+18
-0.0	494435691365305.6	-4.0878531435431537e+18
-0.0	367778638757153.3	-4.090568375540382e+18
-0.0	312814334116027.56	-4.0893204310323727e+18
-0.0	129219502594988.23	-4.0899737707847864e+18
-0.0	59113699908162.92	-4.0893074998702776e+18
-0.0	9665735713044.904	-4.0895522706595497e+18
-0.0	-9665732495654.574	-4.0895522706626463e+18
-0.0	-59113702071588.38	-4.0893074998732283e+18
-0.0	-129219507212598.64	-4.0899737707838966e+18
-0.0	-312814326635410.2	-4.0893204310329754e+18
-0.0	-367778639720359.1	-4.0905683755451965e+18
-0.0	-494435694224188.75	-4.0878531435448346e+18
-0.0	-304738748741467.6	-4.09298357687237e+18
-0.0	-668303238910248.4	-4.0917074385146624e+18
-0.0	-514135096920965.75	-4.090572622020241e+18
-0.0	-488101074041924.94	-4.1316697606365783e+18
-0.0	-1329436791755405.5	-4.0181504157884206e+18
-0.0	22060592648443.977	-4.267592705990606e+18
-0.0	-2042301959753872.0	-3.7787134793141263e+18
-0.0	1557645072176269.2	-4.378596937867357e+18
-0.0	-9210284912582096.0	-3.2858237747787735e+18
-0.0	2.825165171667061e+16	-6.834481285558636e+18
-0.0	-1.4351603027743736e+16	-3.0322899744419666e+18
-0.0	-4.594268062078124e+16	-1.4497928677438036e+19
-0.0	1.152263900503985e+17	-1.357796114906731e+19
-0.0	-3.587220648912168e+17	-2791993375814569.0
-0.0	2.2014582383545094e+17	-3667582461371132.0
-0.0	1.3605559097505468e+16	1.718987526981816e+18
-0.0	1.7147229805633162e+16	7.840111785271558e+18
-0.0	9285951491268766.0	-1.281469976255845e+18
-0.0	-3855790597149984.0	1.6473541953260972e+18
-0.0	2062397576576149.8	-6.864356203210157e+17
-0.0	475037861216837.1	-1.3488102821447022e+17
-0.0	1027949238424773.6	-3.6888823205198496e+17
-0.0	752750233915618.0	-1.8447921836513568e+17
-0.0	762483471120846.8	-2.899177797486964e+17
-0.0	639038291929506.6	-2.4036648496460822e+17
-0.0	531798585117750.4	-2.559169817534197e+17
-0.0	452489182327153.94	-2.5866448796308957e+17
-0.0	369687450999009.4	-2.548161003106945e+17
-0.0	413443214276029.56	-2.5824674451684125e+17
-0.0	360311472570509.2	-2.5654073247794986e+17
-0.0	286086798354923.06	-2.573329101578034e+17
-0.0	137035730021130.38	-2.570858829819282e+17
-0.0	57093875628781.3	-2.5738969731366006e+17
-0.0	17967616980544.406	-2.5718407152599062e+17
-0.0	-17967615784041.17	-2.571840715256266e+17
-0.0	-57093876681366.16	-2.5738969731464074e+17
-0.0	-137035732269527.53	-2.570858829853474e+17
-0.0	-286086794461405.9	-2.573329101571679e+17
-0.0	-360311473587832.06	-2.565407324798318e+17
-0.0	-413443214730521.25	-2.5824674451682643e+17
-0.0	-369687451038273.9	-2.548161003106423e+17
-0.0	-452489183650294.75	-2.586644879639806e+17
-0.0	-531798583686345.56	-2.5591698175250083e+17
-0.0	-639038291931739.6	-2.403664849637216e+17
-0.0	-762483471521834.6	-2.8991777974830125e+17
-0.0	-752750234017736.9	-1.84479218365001e+17
-0.0	-1027949237488822.8	-3.688882320522892e+17
-0.0	-475037862679732.75	-1.3488102821500902e+17
-0.0	-2062397575988324.5	-6.864356203215375e+17
-0.0	3855790597489090.5	1.6473541953273692e+18
-0.0	-9285951493208998.0	-1.2814699762541645e+18
-0.0	-1.714722980534348e+16	7.840111785272437e+18
-0.0	-1.360555910013721e+16	1.7189875269826565e+18
-0.0	-2.2014582383533504e+17	-3667582461368030.0
-0.0	1.721743471256573e+17	-3177765657069497.5
-0.0	1.940935825630571e+16	2.1942328636123085e+18
-0.0	1.0353985917861458e+16	-3.84483434354864e+18
-0.0	6983666014564397.0	2.2950599748651428e+18
-0.0	277883646026744.12	3.529855671436693e+17
-0.0	1070524957155760.6	1.7497809785131256e+18
-0.0	736122368535519.8	1.4927047555689864e+18
-0.0	849316053780250.0	1.5635497935566044e+18
-0.0	807935202328658.2	1.5131358121721981e+18
-0.0	687569574534695.8	1.5502579863164644e+18
-0.0	617343629552362.8	1.531370612221656e+18
-0.0	491038942594843.5	1.5358288290304817e+18
-0.0	385760135472433.0	1.538954830898646e+18
-0.0	331852209163114.3	1.5353202475281702e+18
-0.0	366618886867035.56	1.537494513337536e+18
-0.0	316263876791291.9	1.5364330954465254e+18
-0.0	249852513177518.12	1.5367929363828398e+18
-0.0	122063589226431.17	1.5365385396693215e+18
-0.0	54069155531491.68	1.5367100026774825e+18
-0.0	17697122672010.65	1.5366913390287089e+18
-0.0	-17697122283432.098	1.5366913390284316e+18
-0.0	-54069156248914.52	1.5367100026762235e+18
-0.0	-122063589440793.44	1.5365385396698176e+18
-0.0	-249852512124666.22	1.5367929363826644e+18
-0.0	-316263877926393.3	1.536433095444817e+18
-0.0	-366618886238158.1	1.5374945133371287e+18
-0.0	-331852209085056.94	1.5353202475279695e+18
-0.0	-385760136548095.0	1.538954830898988e+18
-0.0	-491038941433659.06	1.5358288290312453e+18
-0.0	-617343629715180.1	1.5313706122224305e+18
-0.0	-687569574489725.0	1.5502579863162675e+18
-0.0	-807935202243542.4	1.5131358121723095e+18
-0.0	-849316052813563.5	1.5635497935564124e+18
-0.0	-736122369887083.5	1.492704755568457e+18
-0.0	-1070524956680953.8	1.7497809785136845e+18
-0.0	-277883645736892.6	3.5298556714288326e+17
-0.0	-6983666016472668.0	2.2950599748652716e+18
-0.0	-1.0353985916899562e+16	-3.844834343548921e+18
-0.0	-1.9409358258986364e+16	2.1942328636114568e+18
-0.0	-1.7217434712558518e+17	-3177765657064046.0
-0.0	1.3772431193795323e+17	-3134678205897845.0
-0.0	1.4493336695572396e+16	-2.8148971393873997e+18
-0.0	9408560936212058.0	1.6181106679517934e+18
-0.0	5434807258790460.0	-2.0756415091260713e+18
-0.0	1342682793642696.0	-9.154436373187468e+17
-0.0	865500926855700.6	-1.6867913086533932e+18
-0.0	726498415362615.6	-1.5813783157441119e+18
-0.0	773590000805535.4	-1.5866109174697096e+18
-0.0	751247554644946.0	-1.587283016649439e+18
-0.0	633114270419150.9	-1.595823544629888e+18
-0.0	563915718553964.9	-1.5903956716863775e+18
-0.0	434052290978597.06	-1.590554214956641e+18
-0.0	319548764602454.2	-1.5931561337910003e+18
-0.0	274009963292887.2	-1.59064684463353e+18
-0.0	305735611965606.7	-1.5917901111188e+18
-0.0	266004543568085.5	-1.5912771887548006e+18
-0.0	203993092283433.78	-1.591551446427512e+18
-0.0	103837883055728.3	-1.5915840350868685e+18
-0.0	45575384521575.57	-1.5916590492454116e+18
-0.0	14070232776551.572	-1.5916041091113777e+18
-0.0	-14070232922728.176	-1.5916041091115612e+18
-0.0	-45575384489465.61	-1.5916590492460198e+18
-0.0	-103837882894753.47	-1.5915840350865782e+18
-0.0	-203993092515314.56	-1.591551446427783e+18
-0.0	-266004544407964.66	-1.5912771887555482e+18
-0.0	-305735610956353.56	-1.5917901111192456e+18
-0.0	-274009963195708.94	-1.5906468446336292e+18
-0.0	-319548765413567.3	-1.593156133790869e+18
-0.0	-434052290118652.56	-1.5905542149569106e+18
-0.0	-563915718692379.1	-1.5903956716863485e+18
-0.0	-633114270332955.0	-1.5958235446299382e+18
-0.0	-751247554540197.4	-1.587283016649868e+18
-0.0	-773589999968022.8	-1.5866109174698644e+18
-0.0	-726498416480897.1	-1.5813783157441943e+18
-0.0	-865500926584622.1	-1.6867913086531738e+18
-0.0	-1342682793534532.5	-9.15443637319152e+17
-0.0	-5434807260124203.0	-2.075641509125943e+18
-0.0	-9408560935431004.0	1.6181106679516746e+18
-0.0	-1.4493336696938116e+16	-2.8148971393875436e+18
-0.0	-1.3772431193789486e+17	-3134678205896915.5
-0.0	1.1003626919561768e+17	-2356497123529673.5
-0.0	1.122641881794553e+16	2.2975689979972099e+18
-0.0	8439976038963638.0	-5.396584207414292e+17
-0.0	4482120653924838.0	1.5183956446842798e+18
-0.0	1506413164698819.8	8.706023136875706e+17
-0.0	753284120706941.5	1.2685261252786015e+18
-0.0	637770110397429.4	1.2324898458563116e+18
-0.0	689594216729958.1	1.2181941526948283e+18
-0.0	672262270337561.8	1.2323756562635346e+18
-0.0	568187335807189.2	1.230750382704333e+18
-0.0	501554828346476.4	1.2305803414369405e+18
-0.0	370060048136120.1	1.2293639657793608e+18
-0.0	268445014201010.7	1.2309982204396846e+18
-0.0	226317458472425.4	1.229320286539908e+18
-0.0	248828025368356.56	1.2299685501383805e+18
-0.0	212630873639129.2	1.2296564192929034e+18
-0.0	162698448037487.84	1.229675337637611e+18
-0.0	79959358509634.44	1.2295366282831962e+18
-0.0	36386771185285.1	1.229544383712089e+18
-0.0	14240508725527.396	1.2295638689938788e+18
-0.0	-14240509113053.795	1.2295638689938301e+18
-0.0	-36386770885146.7	1.229544383712313e+18
-0.0	-79959358113377.88	1.229536628283272e+18
-0.0	-162698448802691.03	1.2296753376375432e+18
-0.0	-212630874054696.7	1.2296564192927788e+18
-0.0	-248828024460092.3	1.2299685501384532e+18
-0.0	-226317458534496.53	1.2293202865403287e+18
-0.0	-268445014731841.12	1.2309982204399844e+18
-0.0	-370060047582087.0	1.2293639657794836e+18
-0.0	-501554828296724.1	1.230580341436872e+18
-0.0	-568187335896266.1	1.2307503827042842e+18
-0.0	-672262270195601.0	1.2323756562634117e+18
-0.0	-689594216420495.5	1.218194152694594e+18
-0.0	-637770111054301.8	1.2324898458564736e+18
-0.0	-753284120507696.5	1.2685261252786033e+18
-0.0	-1506413164525575.2	8.706023136873755e+17
-0.0	-4482120654560635.5	1.518395644683993e+18
-0.0	-8439976038324937.0	-5.396584207415361e+17
-0.0	-1.122641881872457e+16	2.2975689979967793e+18
-0.0	-1.1003626919557282e+17	-2356497123529385.5
-0.0	8.758914246074792e+16	-1734723273700325.5
-0.0	8905131591983650.0	-1.566121005845906e+18
-0.0	7357298991826245.0	5.08458701256197e+16
-0.0	3823679515551988.5	-9.799746096726185e+17
-0.0	1436947013243519.0	-6.50843459608777e+17
-0.0	694300857269426.1	-8.361462453565321e+17
-0.0	584797923594844.6	-8.283262245190943e+17
-0.0	629274813835863.9	-8.114603208081371e+17
-0.0	585703710836628.2	-8.26028134007373e+17
-0.0	502875151772094.56	-8.217794107354705e+17
-0.0	439493845878467.25	-8.231896822169957e+17
-0.0	307206327404592.9	-8.221668464670836e+17
-0.0	215739178497123.7	-8.232306514706159e+17
-0.0	171089089723860.44	-8.223861971965618e+17
-0.0	194357329662598.53	-8.226294257830428e+17
-0.0	169057974123759.03	-8.225543527112229e+17
-0.0	122336593315972.38	-8.226678046664265e+17
-0.0	58766370800134.88	-8.227584101204993e+17
-0.0	30022985992395.438	-8.227903026634149e+17
-0.0	11620599509759.658	-8.227827863079592e+17
-0.0	-11620599813112.352	-8.227827863078152e+17
-0.0	-30022985699806.746	-8.227903026634305e+17
-0.0	-58766370499598.695	-8.227584101205761e+17
-0.0	-122336593964704.08	-8.226678046662845e+17
-0.0	-169057974436476.28	-8.225543527106025e+17
-0.0	-194357329004549.47	-8.22629425782768e+17
-0.0	-171089089745186.84	-8.223861971964314e+17
-0.0	-215739178888459.0	-8.232306514704689e+17
-0.0	-307206327004719.94	-8.22166846466815e+17
-0.0	-439493845852752.56	-8.231896822169128e+17
-0.0	-502875151792295.6	-8.217794107354906e+17
-0.0	-585703710759354.4	-8.260281340075264e+17
-0.0	-629274813572224.6	-8.11460320808133e+17
-0.0	-584797924041987.0	-8.283262245192376e+17
-0.0	-694300857132698.1	-8.361462453562309e+17
-0.0	-1436947013151325.5	-6.508434596087898e+17
-0.0	-3823679515996912.0	-9.799746096725037e+17
-0.0	-7357298991342278.0	5.084587012570371e+16
-0.0	-8905131592584560.0	-1.5661210058459845e+18
-0.0	-8.758914246071542e+16	-1734723273700432.0
-0.0	6.958682038218972e+16	-857485808268412.6
-0.0	7751885658607320.0	9.785977841561623e+17
-0.0	6156141864597889.0	1.0979934474526675e+17
-0.0	3340721716457268.0	6.041176400235094e+17
-0.0	1349201729214864.0	4.425134831260012e+17
-0.0	645338441048165.9	5.2253816018789664e+17
-0.0	534321060907677.3	5.252826177683462e+17
-0.0	560500030444728.25	5.126231035502733e+17
-0.0	509442197022286.3	5.230667569426278e+17
-0.0	440222242220927.1	5.19147488645987e+17
-0.0	380332268100387.2	5.204996961971282e+17
-0.0	267038489998484.1	5.1962143619277984e+17
-0.0	178316510115994.0	5.2006275569583834e+17
-0.0	142747273797762.0	5.1951255826683437e+17
-0.0	154956869515182.8	5.196668983729072e+17
-0.0	129185558841086.33	5.195779697398846e+17
-0.0	90221266250891.1	5.195211987827671e+17
-0.0	44895276852281.305	5.194350376434994e+17
-0.0	21412206631366.633	5.194043636871497e+17
-0.0	8109327669823.772	5.194046842282449e+17
-0.0	-8109327854217.794	5.194046842284222e+17
-0.0	-21412206458084.34	5.194043636872422e+17
-0.0	-44895276669145.984	5.194350376434403e+17
-0.0	-90221266624406.9	5.195211987827958e+17
-0.0	-129185559009782.81	5.195779697403831e+17
-0.0	-154956869146087.53	5.1966689837318886e+17
-0.0	-142747273816686.44	5.195125582668951e+17
-0.0	-178316510321601.75	5.200627556959852e+17
-0.0	-267038489788625.03	5.1962143619290746e+17
-0.0	-380332268088362.56	5.204996961971797e+17
-0.0	-440222242242568.75	5.1914748864599955e+17
-0.0	-509442196987804.56	5.2306675694256205e+17
-0.0	-560500030290599.94	5.126231035501259e+17
-0.0	-534321061126682.1	5.252826177682103e+17
-0.0	-645338440991039.5	5.2253816018783904e+17
-0.0	-1349201729181673.0	4.425134831260069e+17
-0.0	-3340721716692751.0	6.041176400236791e+17
-0.0	-6156141864360916.0	1.0979934474524853e+17
-0.0	-7751885658907064.0	9.785977841558947e+17
-0.0	-6.958682038216959e+16	-857485808267520.6
-0.0	5.680394353932893e+16	-281176601334673.72
-0.0	6614688490746887.0	-5.517788786540843e+17
-0.0	5164618911819465.0	-1.3830979103724336e+17
-0.0	2977476589547595.0	-3.3420594659768966e+17
-0.0	1244101984853479.0	-2.6795978001056387e+17
-0.0	596177918519575.1	-2.9457084594214496e+17
-0.0	484844320032570.75	-2.992559253209555e+17
-0.0	501052272895793.4	-2.9122316650283354e+17
-0.0	472854895189597.5	-2.976151304288813e+17
-0.0	409829829707221.06	-2.95050312192412e+17
-0.0	337380113594776.2	-2.9620889234310304e+17
-0.0	226816800680930.97	-2.957776979426244e+17
-0.0	149209176701579.72	-2.961693779594062e+17
-0.0	107844441373376.81	-2.960165986855524e+17
-0.0	114304905193820.88	-2.9603214540450106e+17
-0.0	91462811552542.12	-2.960609529839937e+17
-0.0	61744164482471.336	-2.9612114598788026e+17
-0.0	31547228902744.902	-2.961815582755218e+17
-0.0	13568732648615.953	-2.962104000646303e+17
-0.0	4872521816484.6045	-2.962184442133771e+17
-0.0	-4872521888857.9375	-2.9621844421332397e+17
-0.0	-13568732591475.246	-2.962104000645843e+17
-0.0	-31547228835130.652	-2.9618155827557235e+17
-0.0	-61744164614056.9	-2.9612114598788256e+17
-0.0	-91462811597927.12	-2.96060952983686e+17
-0.0	-114304905049046.53	-2.960321454043886e+17
-0.0	-107844441389376.9	-2.960165986855549e+17
-0.0	-149209176814537.06	-2.961693779592441e+17
-0.0	-226816800593901.06	-2.9577769794245894e+17
-0.0	-337380113556454.06	-2.962088923430044e+17
-0.0	-409829829755139.06	-2.9505031219244595e+17
-0.0	-472854895158423.25	-2.976151304289319e+17
-0.0	-501052272858960.2	-2.912231665028376e+17
-0.0	-484844320103246.1	-2.9925592532103354e+17
-0.0	-596177918498875.6	-2.9457084594205094e+17
-0.0	-1244101984839219.2	-2.6795978001069984e+17
-0.0	-2977476589594456.5	-3.342059465976734e+17
-0.0	-5164618911672210.0	-1.3830979103727e+17
-0.0	-6614688490839862.0	-5.517788786541374e+17
-0.0	-5.6803943539317e+16	-281176601334158.38
-0.0	5.004359403690629e+16	-335323196331062.7
-0.0	5625305200141137.0	2.922174686919125e+17
-0.0	4523201247238337.0	8.662088638476475e+16
-0.0	2754961561698438.0	1.679963801631437e+17
-0.0	1208748417948580.2	1.4109959784747816e+17
-0.0	594507191333567.1	1.511833506228751e+17
-0.0	470952954721248.8	1.5403773310882448e+17
-0.0	466895656371498.75	1.492291053029109e+17
-0.0	446325072580979.06	1.528815918263441e+17
-0.0	365548555525649.9	1.5122440643683622e+17
-0.0	288896534752577.0	1.5184623540406624e+17
-0.0	183382448075742.47	1.5139021019006195e+17
-0.0	119350102402273.05	1.514529878231188e+17
-0.0	74475621167423.69	1.5129015372298934e+17
-0.0	76831668650283.8	1.5131384440316902e+17
-0.0	57501730053891.695	1.5127661880935363e+17
-0.0	36063383053481.555	1.512314216965218e+17
-0.0	17073352091172.766	1.5119472963738845e+17
-0.0	7535913357793.187	1.5117479430688806e+17
-0.0	2389464162277.7896	1.5116916737140234e+17
-0.0	-2389464173692.007	1.511691673714591e+17
-0.0	-7535913355156.8955	1.511747943069351e+17
-0.0	-17073352081945.514	1.5119472963731997e+17
-0.0	-36063383059121.93	1.5123142169651987e+17
-0.0	-57501730078386.51	1.5127661880947635e+17
-0.0	-76831668608971.64	1.5131384440322387e+17
-0.0	-74475621177885.86	1.5129015372297942e+17
-0.0	-119350102439258.64	1.5145298782315037e+17
-0.0	-183382448034261.78	1.513902101900884e+17
-0.0	-288896534746535.5	1.518462354040876e+17
-0.0	-365548555537389.56	1.5122440643681866e+17
-0.0	-446325072569729.25	1.5288159182629642e+17
-0.0	-466895656347244.1	1.4922910530294698e+17
-0.0	-470952954756316.94	1.5403773310876106e+17
-0.0	-594507191328674.0	1.5118335062286195e+17
-0.0	-1208748417946196.8	1.4109959784750907e+17
-0.0	-2754961561730108.0	1.6799638016313488e+17
-0.0	-4523201247215390.0	8.662088638477075e+16
-0.0	-5625305200184948.0	2.922174686918262e+17
-0.0	-5.0043594036896824e+16	-335323196330922.3
-0.0	4.484518998466851e+16	-543497002326860.4
-0.0	4944690088602097.0	-1.4343882811105976e+17
-0.0	4065323824280085.5	-8.628548917249725e+16
-0.0	2681834087876731.5	-8.768276393068334e+16
-0.0	1233771542941323.2	-8.567253907189835e+16
-0.0	570114181158884.8	-8.424168970009168e+16
-0.0	441269709762217.5	-8.748109943160736e+16
-0.0	455528014489119.06	-8.412551133782317e+16
-0.0	413972182420525.94	-8.613859018041522e+16
-0.0	330167464003389.4	-8.535646532671739e+16
-0.0	261493644712474.8	-8.581156472708859e+16
-0.0	170649993165812.88	-8.574912597183381e+16
-0.0	97483518616339.53	-8.59226629827336e+16
-0.0	52023530534557.86	-8.596027693207094e+16
-0.0	49096324621929.55	-8.595208043008165e+16
-0.0	33082342300421.76	-8.598733556558595e+16
-0.0	18231579257469.863	-8.601543603775816e+16
-0.0	7121984230743.224	-8.603979377465973e+16
-0.0	2401894876600.3105	-8.604797279964211e+16
-0.0	605142476609.5862	-8.605194016596904e+16
-0.0	-605142466628.4025	-8.605194016596587e+16
-0.0	-2401894893339.5527	-8.604797279962338e+16
-0.0	-7121984238039.074	-8.603979377467634e+16
-0.0	-18231579233254.742	-8.601543603776032e+16
-0.0	-33082342310699.168	-8.59873355655332e+16
-0.0	-49096324617166.09	-8.595208043003342e+16
-0.0	-52023530540241.82	-8.596027693206168e+16
-0.0	-97483518634788.4	-8.592266298271114e+16
-0.0	-170649993150253.12	-8.574912597180576e+16
-0.0	-261493644710551.62	-8.581156472709074e+16
-0.0	-330167464008626.1	-8.535646532672789e+16
-0.0	-413972182418062.1	-8.613859018042342e+16
-0.0	-455528014473911.6	-8.41255113378439e+16
-0.0	-441269709776578.44	-8.748109943164926e+16
-0.0	-570114181159219.8	-8.424168970007216e+16
-0.0	-1233771542941267.8	-8.567253907191797e+16
-0.0	-2681834087892796.5	-8.768276393067382e+16
-0.0	-4065323824261225.5	-8.628548917250512e+16
-0.0	-4944690088629234.0	-1.434388281110643e+17
-0.0	-4.484518998466279e+16	-543497002326829.75
-0.0	3.375388057760189e+16	209619198432109.97
-0.0	4060977329372103.0	8.335111706564966e+16
-0.0	3102825783067465.0	3.525800730799167e+16
-0.0	1968400653583213.2	5.072992098383695e+16
-0.0	960453414978639.8	4.564080944366966e+16
-0.0	426342613259451.94	4.738010276426786e+16
-0.0	350415348753103.06	4.925912414401842e+16
-0.0	334028644586317.0	4.791532380835098e+16
-0.0	289118820928890.06	4.883202773850814e+16
-0.0	224421099885653.62	4.82895982315354e+16
-0.0	175018117825164.72	4.842659381557599e+16
-0.0	111636367338175.44	4.824083117879244e+16
-0.0	65010533913492.516	4.8178242615119416e+16
-0.0	39996226901397.06	4.812170265680544e+16
-0.0	31510614756580.69	4.8108882089077656e+16
-0.0	18285063794194.168	4.808206099692106e+16
-0.0	8444427723133.404	4.805879407351125e+16
-0.0	2493620485859.699	4.8046812212994536e+16
-0.0	386491450082.0314	4.804190128561008e+16
-0.0	-37729468596.88958	4.804099589002962e+16
-0.0	37729472208.891846	4.804099589003e+16
-0.0	-386491456789.7866	4.804190128561183e+16
-0.0	-2493620489514.6206	4.804681221299505e+16
-0.0	-8444427710429.291	4.805879407350448e+16
-0.0	-18285063795183.68	4.8082060996925224e+16
-0.0	-31510614761048.01	4.8108882089081384e+16
-0.0	-39996226900432.734	4.8121702656808296e+16
-0.0	-65010533914253.15	4.8178242615122744e+16
-0.0	-111636367338161.55	4.8240831178799416e+16
-0.0	-175018117823925.03	4.8426593815580856e+16
-0.0	-224421099886388.12	4.8289598231531976e+16
-0.0	-289118820929155.75	4.883202773851289e+16
-0.0	-334028644586112.44	4.791532380834431e+16
-0.0	-350415348752675.25	4.925912414401273e+16
-0.0	-426342613260344.3	4.7380102764267704e+16
-0.0	-960453414980215.2	4.564080944367694e+16
-0.0	-1968400653581939.8	5.0729920983843816e+16
-0.0	-3102825783070567.0	3.5258007307991936e+16
-0.0	-4060977329373047.5	8.335111706562168e+16
-0.0	-3.3753880577596732e+16	209619198432650.38
-0.0	1.8094897419913156e+16	1160834142607327.2
-0.0	3436765557263016.5	-9189315785456498.0
-0.0	2101094497971823.2	-3.992788598953387e+16
-0.0	1345399645817051.5	-2.0007327110634196e+16
-0.0	595736960954051.9	-2.6537130586280576e+16
-0.0	356299731412701.0	-2.204094592987616e+16
-0.0	247525770005856.7	-2.390508827511191e+16
-0.0	216672547824298.72	-2.3005783416245964e+16
-0.0	178248817374708.9	-2.355298843093838e+16
-0.0	131455171693936.14	-2.343841458869536e+16
-0.0	98641529052383.14	-2.3585513300981016e+16
-0.0	58057230654304.266	-2.365583054361315e+16
-0.0	30829881679494.33	-2.3730690985336572e+16
-0.0	16753225953873.908	-2.3767647208855064e+16
-0.0	12306381370015.148	-2.37744432925738e+16
-0.0	6154233339822.359	-2.3793404973352816e+16
-0.0	2209605368054.496	-2.380325974414794e+16
-0.0	321222785060.779	-2.3808174449840956e+16
-0.0	-157737324937.91953	-2.380901337465598e+16
-0.0	-115886382358.62292	-2.380906294574217e+16
-0.0	115886386243.36346	-2.380906294573948e+16
-0.0	157737318388.4299	-2.3809013374660852e+16
-0.0	-321222789143.38824	-2.380817444983571e+16
-0.0	-2209605357233.808	-2.3803259744152924e+16
-0.0	-6154233338236.351	-2.379340497335117e+16
-0.0	-12306381376024.938	-2.3774443292575944e+16
-0.0	-16753225953310.156	-2.3767647208857924e+16
-0.0	-30829881678594.54	-2.3730690985334044e+16
-0.0	-58057230655826.05	-2.365583054360963e+16
-0.0	-98641529051882.84	-2.358551330098239e+16
-0.0	-131455171694664.88	-2.3438414588695e+16
-0.0	-178248817374853.44	-2.355298843093355e+16
-0.0	-216672547825409.66	-2.3005783416245704e+16
-0.0	-247525770004153.62	-2.3905088275108516e+16
-0.0	-356299731413235.44	-2.2040945929871964e+16
-0.0	-595736960954081.5	-2.653713058628667e+16
-0.0	-1345399645814713.0	-2.000732711063785e+16
-0.0	-2101094497974341.5	-3.9927885989533544e+16
-0.0	-3436765557261778.0	-9189315785442200.0
-0.0	-1.8094897419909504e+16	1160834142607806.2
-0.0	7269971782523820.0	-1210870562828406.5
-0.0	3225633058799248.0	-1.333440922320381e+16
-0.0	1890911150086047.8	-1.298847140660058e+16
-0.0	891419697682488.2	-6848782706618003.0
-0.0	407336731380312.5	-3091447738882266.0
-0.0	188152485272895.56	-2851500422812438.0
-0.0	128733731875225.67	-3134024694656365.0
-0.0	118038296334049.33	-3153742983513219.0
-0.0	95927705921573.28	-3169469133016475.0
-0.0	70354520227817.6	-3225663203234727.5
-0.0	50971612119034.26	-3221495494394366.5
-0.0	26860685411991.508	-3259876558719781.5
-0.0	11386684261854.656	-3283502154945375.5
-0.0	5086038154188.794	-3290584137878024.5
-0.0	3545605201509.574	-3292378443235735.0
-0.0	1317820675860.145	-3301513529271704.5
-0.0	124482488776.18703	-3306553762787289.0
-0.0	-137387030135.73087	-3307568819481016.5
-0.0	-93084191859.6412	-3307682989020571.5
-0.0	-34034361717.276352	-3307775832450788.0
-0.0	34034361724.340996	-3307775832450788.0
-0.0	93084191543.69774	-3307682989019970.5
-0.0	137387030155.27905	-3307568819480035.0
-0.0	-124482488330.8672	-3306553762787115.0
-0.0	-1317820675929.188	-3301513529272147.0
-0.0	-3545605201598.7524	-3292378443235922.0
-0.0	-5086038154158.798	-3290584137877832.0
-0.0	-11386684261959.855	-3283502154944773.0
-0.0	-26860685411851.15	-3259876558719470.0
-0.0	-50971612119007.586	-3221495494394441.5
-0.0	-70354520227891.6	-3225663203234911.0
-0.0	-95927705921503.64	-3169469133016736.0
-0.0	-118038296334116.84	-3153742983513024.0
-0.0	-128733731875634.98	-3134024694655811.5
-0.0	-188152485272478.88	-2851500422811889.0
-0.0	-407336731380138.9	-3091447738883341.5
-0.0	-891419697682927.6	-6848782706618690.0
-0.0	-1890911150086261.8	-1.2988471406600354e+16
-0.0	-3225633058799997.5	-1.3334409223203218e+16
-0.0	-7269971782521780.0	-1210870562826528.0
