1600
-0.0	-4.59743726613921e+26	-4.597437266197183e+26
-0.0	1.3643084772675023e+26	-1.401557447104876e+27
-0.0	-4.16748482977322e+25	-1.1756012237513146e+27
-0.0	1.4050186734406135e+25	-1.273683215297561e+27
-0.0	-7.969090821650509e+24	-1.2003058480104406e+27
-0.0	-7.402431128700639e+23	-1.3063707396744898e+27
-0.0	1.3801503364730048e+24	-1.35921444456892e+27
-0.0	-2.239010135682173e+24	-1.3794709278519628e+27
-0.0	1.3419265299125505e+24	-1.382990923551425e+27
-0.0	-4.578539200929742e+23	-1.3800195778261872e+27
-0.0	4.3125660771204333e+23	-1.379516158941796e+27
-0.0	-4.9134095478982e+22	-1.3793184066422597e+27
-0.0	1.4824586167466578e+23	-1.37952312977566e+27
-0.0	-1.9659926896810163e+22	-1.3792049320558882e+27
-0.0	6.441452703174704e+21	-1.3792029554522724e+27
-0.0	4.831745157143982e+20	-1.3791142062919248e+27
-0.0	-2.4726778262153535e+21	-1.3791263287467533e+27
-0.0	2.2801474972291957e+21	-1.3791319118806356e+27
-0.0	-4.4318117689900553e+21	-1.379146616032502e+27
-0.0	3.0798252399880663e+21	-1.3791515518999627e+27
-0.0	-3.07982530946081e+21	-1.379151551899975e+27
-0.0	4.431811694884614e+21	-1.3791466160325286e+27
-0.0	-2.280147557881893e+21	-1.3791319118806488e+27
-0.0	2.4726777644906767e+21	-1.3791263287467618e+27
-0.0	-4.831745827296306e+20	-1.3791142062919347e+27
-0.0	-6.441452778507726e+21	-1.3792029554522653e+27
-0.0	1.965992683875274e+22	-1.3792049320559013e+27
-0.0	-1.4824586173967707e+23	-1.3795231297756642e+27
-0.0	4.91340954146009e+22	-1.3793184066422783e+27
-0.0	-4.312566077922348e+23	-1.3795161589418331e+27
-0.0	4.5785392001963624e+23	-1.3800195778261795e+27
-0.0	-1.3419265299595453e+24	-1.382990923551401e+27
-0.0	2.2390101355986112e+24	-1.3794709278519573e+27
-0.0	-1.3801503365420837e+24	-1.3592144445688992e+27
-0.0	7.402431128264883e+23	-1.3063707396744626e+27
-0.0	7.969090821527518e+24	-1.200305848010424e+27
-0.0	-1.4050186734428086e+25	-1.273683215297434e+27
-0.0	4.167484829764872e+25	-1.1756012237511634e+27
-0.0	-1.364308477267916e+26	-1.401557447104685e+27
-0.0	4.597437266138417e+26	-4.597437266196521e+26
-0.0	-3.546325393311552e+26	5.55972879709139e+25
-0.0	-1.8034617759452575e+26	2.0029351363601084e+29
-0.0	1.0093547680990497e+25	-5.566970600316656e+28
-0.0	5.444362453430578e+25	6.7416688988326e+28
-0.0	-2.499661372979986e+25	1.040642092062688e+28
-0.0	2.17830312067569e+25	4.093699434121505e+28
-0.0	-9.125295611147558e+24	3.2916747850985885e+28
-0.0	4.361028221221761e+24	3.5427850700451966e+28
-0.0	-2.2026593085659092e+24	3.4501023885954467e+28
-0.0	1.0158556609352091e+24	3.4978940992736063e+28
-0.0	-1.533996685319679e+23	3.4808557256541385e+28
-0.0	-1.2876857786143028e+23	3.478813927122101e+28
-0.0	3.1277611380178386e+23	3.488088228049387e+28
-0.0	-1.8228197172974847e+23	3.479654435757528e+28
-0.0	9.192034944471066e+22	3.4841877718932224e+28
-0.0	-5.154960279165067e+22	3.481916450947063e+28
-0.0	1.091875296902905e+22	3.482923784149542e+28
-0.0	-1.3064059090542577e+22	3.4824955370353196e+28
-0.0	1.0785126130190413e+21	3.4828014739381462e+28
-0.0	6.205084896298175e+20	3.4826892420698503e+28
-0.0	-6.205085664461403e+20	3.482689242069781e+28
-0.0	-1.07851266352704e+21	3.4828014739384097e+28
-0.0	1.3064058949978844e+22	3.4824955370357577e+28
-0.0	-1.091875309577858e+22	3.4829237841493133e+28
-0.0	5.154960268200068e+22	3.481916450946877e+28
-0.0	-9.192034947563854e+22	3.4841877718931784e+28
-0.0	1.8228197156043395e+23	3.4796544357577046e+28
-0.0	-3.127761139281977e+23	3.4880882280496204e+28
-0.0	1.2876857777151493e+23	3.4788139271222864e+28
-0.0	1.5339966851658863e+23	3.4808557256540162e+28
-0.0	-1.015855660999673e+24	3.4978940992737224e+28
-0.0	2.2026593083540006e+24	3.4501023885952057e+28
-0.0	-4.361028221203331e+24	3.542785070044721e+28
-0.0	9.125295610954898e+24	3.291674785099309e+28
-0.0	-2.1783031206887336e+25	4.093699434121775e+28
-0.0	2.4996613730129627e+25	1.0406420920615967e+28
-0.0	-5.444362453528781e+25	6.741668898831937e+28
-0.0	-1.0093547681057835e+25	-5.56697060031688e+28
-0.0	1.8034617759257405e+26	2.0029351363598576e+29
-0.0	3.546325393311662e+26	5.55972879709068e+25
-0.0	3.0202769638161818e+26	-1.7577575903112794e+25
-0.0	-9.698570674063682e+25	-5.433053267063449e+28
-0.0	8.108253828892294e+23	5.206622220280105e+27
-0.0	-1.0892575207467539e+25	-1.5045407758411436e+28
-0.0	1.980006759329835e+25	-1.1205272007083677e+28
-0.0	8.930840561935054e+23	-1.295393698057324e+28
-0.0	-1.214248119018442e+24	-1.4658768311134998e+28
-0.0	1.1709229440268148e+24	-1.3422403127482712e+28
-0.0	-5.6503943570166054e+23	-1.431653924967846e+28
-0.0	2.944104872446309e+23	-1.3890045580491018e+28
-0.0	-1.2290653556154481e+23	-1.408735133230959e+28
-0.0	5.103358897968416e+22	-1.3995411316520974e+28
-0.0	-6.876076666123382e+21	-1.4026949529820824e+28
-0.0	-5.255864162838737e+21	-1.4009072345067269e+28
-0.0	2.780588503409593e+21	-1.4009336295792488e+28
-0.0	-2.3320964524032632e+21	-1.4010789758633102e+28
-0.0	-2.1962862064632067e+20	-1.4009199872777029e+28
-0.0	-1.087276088645512e+21	-1.4010373942802222e+28
-0.0	-1.3586139346993178e+21	-1.4009309670846626e+28
-0.0	1.52001457806445e+21	-1.4009924447341212e+28
-0.0	-1.520014583267043e+21	-1.400992444734126e+28
-0.0	1.3586139404670914e+21	-1.40093096708471e+28
-0.0	1.0872760824037902e+21	-1.4010373942801816e+28
-0.0	2.196285992294712e+20	-1.4009199872777823e+28
-0.0	2.3320964557716324e+21	-1.4010789758633992e+28
-0.0	-2.7805885035575404e+21	-1.4009336295791369e+28
-0.0	5.25586415582119e+21	-1.4009072345068074e+28
-0.0	6.876076666019997e+21	-1.4026949529820149e+28
-0.0	-5.103358898823436e+22	-1.399541131652153e+28
-0.0	1.2290653556220164e+23	-1.4087351332310652e+28
-0.0	-2.9441048724587766e+23	-1.3890045580490818e+28
-0.0	5.65039435691504e+23	-1.4316539249677593e+28
-0.0	-1.1709229440354486e+24	-1.3422403127484559e+28
-0.0	1.214248119035613e+24	-1.4658768311133958e+28
-0.0	-8.930840562168609e+23	-1.2953936980569025e+28
-0.0	-1.9800067593274667e+25	-1.1205272007086903e+28
-0.0	1.0892575207345463e+25	-1.504540775841189e+28
-0.0	-8.108253828935768e+23	5.206622220280031e+27
-0.0	9.69857067404045e+25	-5.433053267062569e+28
-0.0	-3.020276963815206e+26	-1.7577575903108344e+25
-0.0	2.9330104360440403e+26	1.5188466087155089e+24
-0.0	-9.5377348785889e+25	6.1081627315857645e+28
-0.0	1.3250743359396355e+26	-1.4309906700594377e+28
-0.0	-4.610818505842741e+25	3.0251414125174607e+28
-0.0	7.591255839285495e+25	1.143833179628484e+28
-0.0	-9.034530498261858e+24	2.4684222333453656e+28
-0.0	-5.519430860211199e+24	2.339121646323402e+28
-0.0	6.134324420046915e+24	2.3050430478170546e+28
-0.0	-3.4058565328656266e+24	2.331728639869846e+28
-0.0	1.2373405188073147e+24	2.3262484058629643e+28
-0.0	-1.255773528185172e+24	2.3292250418282235e+28
-0.0	4.113065885942766e+23	2.323841489096098e+28
-0.0	-6.598500560773445e+23	2.3297512993614636e+28
-0.0	1.624674211444143e+23	2.3247639517240617e+28
-0.0	-6.791404561803832e+22	2.3271131753758285e+28
-0.0	2.878466942913746e+22	2.325994491296563e+28
-0.0	-8.407219139798204e+19	2.3264680239478994e+28
-0.0	2.575641808737134e+21	2.32627790024986e+28
-0.0	5.013926199641354e+21	2.326411661464835e+28
-0.0	-4.2678053094646575e+21	2.3263660349568075e+28
-0.0	4.2678053120443605e+21	2.3263660349568168e+28
-0.0	-5.013926184430462e+21	2.3264116614649513e+28
-0.0	-2.5756418068760803e+21	2.3262779002499008e+28
-0.0	8.407215833890739e+19	2.3264680239478787e+28
-0.0	-2.8784669403570344e+22	2.3259944912965842e+28
-0.0	6.791404562207672e+22	2.327113175375733e+28
-0.0	-1.6246742114476883e+23	2.324763951724166e+28
-0.0	6.598500560908221e+23	2.329751299361463e+28
-0.0	-4.1130658861404234e+23	2.3238414890961333e+28
-0.0	1.2557735282010923e+24	2.329225041828253e+28
-0.0	-1.2373405188009643e+24	2.3262484058629796e+28
-0.0	3.4058565328576664e+24	2.331728639869811e+28
-0.0	-6.134324420069554e+24	2.3050430478170203e+28
-0.0	5.519430860293852e+24	2.3391216463234932e+28
-0.0	9.034530498208154e+24	2.468422233345091e+28
-0.0	-7.591255839290283e+25	1.143833179628435e+28
-0.0	4.610818505843412e+25	3.0251414125174e+28
-0.0	-1.3250743359399059e+26	-1.4309906700595045e+28
-0.0	9.537734878583576e+25	6.108162731585508e+28
-0.0	-2.933010436043063e+26	1.5188466087162645e+24
-0.0	1.048591308315734e+26	3.824594013929971e+22
-0.0	-3.050779264758083e+26	7.77878257172073e+27
-0.0	1.4836903254417442e+26	-9.75824867296172e+27
-0.0	-5.0231215030751885e+25	1.052511483638076e+28
-0.0	5.6822728660962705e+25	4.552792442250699e+26
-0.0	-8.534136458769946e+24	7.594912629818629e+27
-0.0	-3.035604136954001e+24	6.171247061923861e+27
-0.0	5.409124109425299e+24	6.467320941721928e+27
-0.0	-2.7843135384013105e+24	6.181780017964465e+27
-0.0	1.0389527931661152e+24	6.360703719623531e+27
-0.0	-9.083275998954028e+23	6.273111388329813e+27
-0.0	4.170103549323305e+23	6.295517264003351e+27
-0.0	-6.566635546445796e+23	6.326929645993518e+27
-0.0	1.5621597738229017e+23	6.300520546137955e+27
-0.0	-6.4818169736603e+22	6.317281919957476e+27
-0.0	2.7024791947639033e+22	6.308885567549232e+27
-0.0	5.128254424524518e+20	6.31279272763124e+27
-0.0	1.786570235404975e+21	6.311011712845089e+27
-0.0	7.048624331914842e+21	6.312276030328961e+27
-0.0	-6.09186075680452e+21	6.311766125941631e+27
-0.0	6.091860756039165e+21	6.311766125941595e+27
-0.0	-7.048624320932411e+21	6.312276030329724e+27
-0.0	-1.7865702320110373e+21	6.31101171284659e+27
-0.0	-5.128254813694313e+20	6.312792727630339e+27
-0.0	-2.7024791918648226e+22	6.3088855675479e+27
-0.0	6.481816973241504e+22	6.317281919957252e+27
-0.0	-1.5621597737721097e+23	6.3005205461383e+27
-0.0	6.566635546606713e+23	6.326929645994246e+27
-0.0	-4.1701035495845525e+23	6.295517264003491e+27
-0.0	9.083275999053483e+23	6.273111388329012e+27
-0.0	-1.0389527931632214e+24	6.36070371962366e+27
-0.0	2.784313538401464e+24	6.181780017964463e+27
-0.0	-5.40912410946245e+24	6.467320941720214e+27
-0.0	3.035604137041275e+24	6.17124706192453e+27
-0.0	8.534136458721095e+24	7.594912629820255e+27
-0.0	-5.682272866108949e+25	4.552792442219294e+26
-0.0	5.0231215030822915e+25	1.0525114836379986e+28
-0.0	-1.4836903254428284e+26	-9.758248672962365e+27
-0.0	3.050779264758055e+26	7.778782571724069e+27
-0.0	-1.0485913083153555e+26	3.824594013989431e+22
-0.0	8.742975597537344e+25	-6.803207383876254e+21
-0.0	-5.518809574779255e+26	2.952537205029255e+28
-0.0	1.7610172097189105e+26	-1.0276697324115392e+28
-0.0	-4.903105258668353e+25	2.0256737794555013e+28
-0.0	3.3356023411899165e+25	6.648756436196032e+27
-0.0	9.873541179345243e+23	1.4972892744963136e+28
-0.0	-4.118532478916388e+24	1.4013280946512936e+28
-0.0	6.132266569754831e+24	1.3904523613805076e+28
-0.0	-3.9393759622866553e+24	1.4018615689839521e+28
-0.0	1.303433972832168e+24	1.4086461463586707e+28
-0.0	-1.2086684435481012e+24	1.4050877883088651e+28
-0.0	1.309828679753556e+23	1.40488525694611e+28
-0.0	-5.0293688723124595e+23	1.4089625960283573e+28
-0.0	4.8795888916218e+22	1.4051026224362938e+28
-0.0	-9.123184249657122e+21	1.406945877120107e+28
-0.0	7.664527265904565e+20	1.4060756640299704e+28
-0.0	9.706892141540223e+21	1.406457604878513e+28
-0.0	-2.956215614797327e+21	1.40629092670563e+28
-0.0	1.2681647534785654e+22	1.4064088065867345e+28
-0.0	-9.290906485466145e+21	1.4063700317948246e+28
-0.0	9.290906535348321e+21	1.4063700317948565e+28
-0.0	-1.2681647482164377e+22	1.4064088065868156e+28
-0.0	2.9562156435122306e+21	1.4062909267056522e+28
-0.0	-9.706892107513185e+21	1.4064576048785025e+28
-0.0	-7.664526881294318e+20	1.4060756640299603e+28
-0.0	9.123184309170456e+21	1.406945877120028e+28
-0.0	-4.8795888890913915e+22	1.4051026224363919e+28
-0.0	5.029368872642758e+23	1.408962596028333e+28
-0.0	-1.309828679303499e+23	1.4048852569461059e+28
-0.0	1.208668443609287e+24	1.4050877883089095e+28
-0.0	-1.3034339727804293e+24	1.4086461463586753e+28
-0.0	3.939375962296379e+24	1.4018615689839176e+28
-0.0	-6.132266569681884e+24	1.3904523613805357e+28
-0.0	4.1185324789536587e+24	1.4013280946513835e+28
-0.0	-9.873541179204378e+23	1.4972892744961566e+28
-0.0	-3.335602341185452e+25	6.648756436195143e+27
-0.0	4.903105258664918e+25	2.025673779455374e+28
-0.0	-1.7610172097200887e+26	-1.0276697324116074e+28
-0.0	5.518809574779108e+26	2.952537205029525e+28
-0.0	-8.742975597536464e+25	-6.803207382974159e+21
-0.0	1.773032249416517e+26	-1.8591505281594922e+23
-0.0	-6.926582524425439e+26	1.9759339656473783e+28
-0.0	2.0262103873750598e+26	-1.0107701298495418e+28
-0.0	-5.3379512563193265e+25	1.6525924868814947e+28
-0.0	2.487573935478362e+25	4.5441350995898503e+27
-0.0	5.822747965735038e+24	1.208593780384868e+28
-0.0	-5.310507489858974e+24	1.106105380322565e+28
-0.0	8.00985034957911e+24	1.1018822600043435e+28
-0.0	-4.909745017708835e+24	1.1035016846202775e+28
-0.0	1.636568254194135e+24	1.1119648573118697e+28
-0.0	-1.536646771536102e+24	1.105177046136925e+28
-0.0	-7.718179565583228e+21	1.1061418273769561e+28
-0.0	-4.945159652452025e+23	1.109446072900074e+28
-0.0	8.722369724261943e+20	1.1062204417473465e+28
-0.0	1.07378150296431e+22	1.107827304716817e+28
-0.0	-1.644376158121728e+22	1.107084466235231e+28
-0.0	9.412155401861612e+21	1.1073997768363102e+28
-0.0	-9.994866419125025e+21	1.1072679843207692e+28
-0.0	1.589029908509719e+22	1.1073839530057725e+28
-0.0	-1.1043310466999523e+22	1.107344088082825e+28
-0.0	1.104331047208252e+22	1.107344088082817e+28
-0.0	-1.5890299072411546e+22	1.1073839530058213e+28
-0.0	9.994866395411376e+21	1.1072679843208348e+28
-0.0	-9.412155413333682e+21	1.1073997768362752e+28
-0.0	1.6443761569462439e+22	1.1070844662352193e+28
-0.0	-1.0737815003195454e+22	1.1078273047167704e+28
-0.0	-8.722370087667873e+20	1.1062204417473977e+28
-0.0	4.9451596522280305e+23	1.1094460729001092e+28
-0.0	7.718179571570542e+21	1.1061418273770001e+28
-0.0	1.536646771567104e+24	1.1051770461369398e+28
-0.0	-1.6365682541863365e+24	1.1119648573118727e+28
-0.0	4.909745017648203e+24	1.1035016846202436e+28
-0.0	-8.00985034952775e+24	1.1018822600043015e+28
-0.0	5.310507489820767e+24	1.1061053803226415e+28
-0.0	-5.822747965765435e+24	1.2085937803848512e+28
-0.0	-2.487573935465083e+25	4.544135099588281e+27
-0.0	5.337951256303233e+25	1.6525924868813735e+28
-0.0	-2.026210387375816e+26	-1.0107701298496027e+28
-0.0	6.926582524424157e+26	1.97593396564768e+28
-0.0	-1.7730322494164615e+26	-1.8591505281564646e+23
-0.0	2.3695831506964407e+26	3.436759276428618e+23
-0.0	-7.577351347401158e+26	1.756505965033709e+28
-0.0	2.212922658048316e+26	-7.804446102772108e+27
-0.0	-5.640003288901017e+25	1.3613034890247191e+28
-0.0	2.463116579243692e+25	3.93236475880022e+27
-0.0	6.627647416289923e+24	1.000005121109603e+28
-0.0	-6.707517306350257e+24	9.158360935357959e+27
-0.0	8.823547518955578e+24	9.114700037884095e+27
-0.0	-5.855110869771966e+24	9.171783332064239e+27
-0.0	1.7873073261711052e+24	9.238061608750722e+27
-0.0	-1.7638621045522827e+24	9.191716004795839e+27
-0.0	7.161033373308136e+20	9.193850867752812e+27
-0.0	-4.805024829299635e+23	9.220387276949014e+27
-0.0	8.843001204260085e+21	9.193147472456746e+27
-0.0	1.1453779498846021e+22	9.205655631471812e+27
-0.0	-1.9800858821702302e+22	9.199855622770859e+27
-0.0	1.105916327120973e+22	9.202253122114818e+27
-0.0	-1.1715275212413462e+22	9.201311521733528e+27
-0.0	1.7335041360836176e+22	9.202327346623777e+27
-0.0	-1.182877776850661e+22	9.201983332956915e+27
-0.0	1.182877781042469e+22	9.201983332957012e+27
-0.0	-1.7335041302975172e+22	9.202327346624268e+27
-0.0	1.1715275218922877e+22	9.201311521734036e+27
-0.0	-1.1059163252919751e+22	9.20225312211458e+27
-0.0	1.9800858853457177e+22	9.199855622770854e+27
-0.0	-1.145377942687197e+22	9.205655631471403e+27
-0.0	-8.843001211488434e+21	9.193147472457293e+27
-0.0	4.8050248294306604e+23	9.220387276949117e+27
-0.0	-7.161033005339348e+20	9.193850867753082e+27
-0.0	1.7638621046294662e+24	9.19171600479573e+27
-0.0	-1.7873073261174256e+24	9.238061608750786e+27
-0.0	5.855110869740108e+24	9.171783332064177e+27
-0.0	-8.823547518853564e+24	9.114700037883631e+27
-0.0	6.707517306339602e+24	9.158360935358463e+27
-0.0	-6.627647416289772e+24	1.0000051211095624e+28
-0.0	-2.4631165792227592e+25	3.9323647587994795e+27
-0.0	5.640003288884674e+25	1.3613034890246976e+28
-0.0	-2.2129226580490292e+26	-7.804446102772446e+27
-0.0	7.57735134740021e+26	1.7565059650338032e+28
-0.0	-2.3695831506962813e+26	3.436759276432413e+23
-0.0	2.4389141541099692e+26	-2.0702105047121822e+23
-0.0	-7.721114801207441e+26	1.3090367749273357e+28
-0.0	2.341890326153441e+26	-6.7146228465168e+27
-0.0	-5.899301597790461e+25	1.0899097593076666e+28
-0.0	2.9702941645937243e+25	2.862084308186472e+27
-0.0	7.509005248181055e+24	7.974498117577736e+27
-0.0	-6.259067346887723e+24	7.230814430121229e+27
-0.0	9.810411888165861e+24	7.252975811349906e+27
-0.0	-5.83939950662286e+24	7.257598309135523e+27
-0.0	1.9696975725849164e+24	7.332347015532642e+27
-0.0	-1.7686250575043103e+24	7.285621700736344e+27
-0.0	6.502980440901707e+22	7.287794449316524e+27
-0.0	-5.1157856843731636e+23	7.309489469087822e+27
-0.0	2.065333088364864e+22	7.287650989842556e+27
-0.0	1.0591827952302119e+22	7.298264028822737e+27
-0.0	-1.7557543852352307e+22	7.293124311587531e+27
-0.0	1.0670071278278298e+22	7.295026990665366e+27
-0.0	-1.304462798860041e+22	7.294268406262743e+27
-0.0	1.697278982100583e+22	7.295099371910163e+27
-0.0	-1.1725581574189e+22	7.29479313154537e+27
-0.0	1.1725581581745547e+22	7.29479313154538e+27
-0.0	-1.6972789796539036e+22	7.295099371910473e+27
-0.0	1.3044627959788595e+22	7.294268406263354e+27
-0.0	-1.0670071296401118e+22	7.295026990665284e+27
-0.0	1.7557543848371181e+22	7.293124311587632e+27
-0.0	-1.059182792008572e+22	7.298264028822633e+27
-0.0	-2.0653330923122367e+22	7.287650989842963e+27
-0.0	5.115785684164777e+23	7.309489469088043e+27
-0.0	-6.5029804407610535e+22	7.287794449316926e+27
-0.0	1.7686250575431583e+24	7.28562170073632e+27
-0.0	-1.9696975725702956e+24	7.332347015532869e+27
-0.0	5.839399506553456e+24	7.257598309135524e+27
-0.0	-9.810411888099154e+24	7.252975811349364e+27
-0.0	6.259067346848768e+24	7.230814430121747e+27
-0.0	-7.509005248214783e+24	7.97449811757742e+27
-0.0	-2.970294164575512e+25	2.8620843081857403e+27
-0.0	5.899301597770724e+25	1.089909759307633e+28
-0.0	-2.3418903261542442e+26	-6.714622846517166e+27
-0.0	7.721114801206036e+26	1.3090367749274151e+28
-0.0	-2.4389141541097792e+26	-2.0702105047001244e+23
-0.0	2.2383570237511965e+26	6.802692818169934e+22
-0.0	-7.246129470349324e+26	9.65930325357861e+27
-0.0	2.2252919448604465e+26	-4.983498310493957e+27
-0.0	-5.659635179018273e+25	8.177782797014112e+27
-0.0	2.944952145515533e+25	2.154882173908669e+27
-0.0	6.667773155418261e+24	6.020742255505343e+27
-0.0	-5.913582863921273e+24	5.449241343377975e+27
-0.0	9.349462005320226e+24	5.472881389192344e+27
-0.0	-5.556839101541526e+24	5.47760036051641e+27
-0.0	1.7412945453409031e+24	5.53170693651347e+27
-0.0	-1.721177873641183e+24	5.495392571434211e+27
-0.0	4.220344677715992e+22	5.49790196566605e+27
-0.0	-5.2131839492789186e+23	5.513218632201349e+27
-0.0	1.9291681825212382e+22	5.49681215461031e+27
-0.0	9.425586587540821e+21	5.504962710896133e+27
-0.0	-1.2389732698784138e+22	5.500982911473254e+27
-0.0	1.1126246974638986e+22	5.502510963114316e+27
-0.0	-1.141608977794517e+22	5.501955443478126e+27
-0.0	1.7079916157789322e+22	5.502591467387706e+27
-0.0	-1.067477910872047e+22	5.502350567217545e+27
-0.0	1.0674779114943262e+22	5.502350567217461e+27
-0.0	-1.7079916131302794e+22	5.502591467387962e+27
-0.0	1.1416089750070456e+22	5.501955443478648e+27
-0.0	-1.1126246993646483e+22	5.502510963114242e+27
-0.0	1.2389732698295202e+22	5.500982911473216e+27
-0.0	-9.425586558009462e+21	5.504962710896042e+27
-0.0	-1.9291681862478274e+22	5.496812154610628e+27
-0.0	5.2131839491129255e+23	5.513218632201538e+27
-0.0	-4.220344677544602e+22	5.497901965666479e+27
-0.0	1.7211778736792114e+24	5.495392571434211e+27
-0.0	-1.741294545324712e+24	5.531706936513646e+27
-0.0	5.556839101479734e+24	5.47760036051637e+27
-0.0	-9.349462005257485e+24	5.472881389191902e+27
-0.0	5.913582863888694e+24	5.449241343378318e+27
-0.0	-6.667773155450352e+24	6.02074225550519e+27
-0.0	-2.9449521454991645e+25	2.154882173908127e+27
-0.0	5.659635179000469e+25	8.177782797013882e+27
-0.0	-2.225291944861239e+26	-4.983498310494237e+27
-0.0	7.246129470348076e+26	9.659303253579257e+27
-0.0	-2.2383570237509914e+26	6.802692818227928e+22
-0.0	1.9412708954628245e+26	-5.385108899287702e+22
-0.0	-6.449423083539222e+26	6.309949178805772e+27
-0.0	2.0064825425588556e+26	-3.6083364760398927e+27
-0.0	-5.153044272998468e+25	5.68327494505156e+27
-0.0	2.791603133137423e+25	1.391275371757494e+27
-0.0	5.616418238245088e+24	4.160177982551718e+27
-0.0	-5.213424317190504e+24	3.726897613602599e+27
-0.0	8.423971338849945e+24	3.761717705756192e+27
-0.0	-4.980588703199174e+24	3.750395863154939e+27
-0.0	1.5632260619950335e+24	3.7946722093804004e+27
-0.0	-1.5100342740904886e+24	3.766918577723805e+27
-0.0	6.00170604240288e+22	3.769981868048414e+27
-0.0	-4.758155004160989e+23	3.7802966926368974e+27
-0.0	2.329252013034876e+22	3.7690317722460583e+27
-0.0	5.584560303676423e+20	3.7748321895962526e+27
-0.0	-1.1047003361774058e+22	3.772060440048711e+27
-0.0	8.103171507691694e+21	3.773184485538024e+27
-0.0	-1.0317872413754666e+22	3.7727684520889124e+27
-0.0	1.5101551156798035e+22	3.7732288334805904e+27
-0.0	-9.733453799576975e+21	3.773046065203807e+27
-0.0	9.733453791196843e+21	3.7730460652037737e+27
-0.0	-1.510155114837974e+22	3.7732288334807554e+27
-0.0	1.0317872378730999e+22	3.7727684520892335e+27
-0.0	-8.103171537949029e+21	3.773184485537916e+27
-0.0	1.1047003348380137e+22	3.772060440048737e+27
-0.0	-5.5845601534540494e+20	3.774832189596162e+27
-0.0	-2.3292520179651098e+22	3.7690317722462755e+27
-0.0	4.758155003884964e+23	3.7802966926370926e+27
-0.0	-6.001706043718593e+22	3.769981868048649e+27
-0.0	1.5100342741090332e+24	3.7669185777238594e+27
-0.0	-1.563226061995734e+24	3.794672209380598e+27
-0.0	4.980588703130118e+24	3.750395863154989e+27
-0.0	-8.423971338814103e+24	3.7617177057557883e+27
-0.0	5.21342431715025e+24	3.7268976136028797e+27
-0.0	-5.616418238291049e+24	4.160177982551734e+27
-0.0	-2.791603133124297e+25	1.391275371757065e+27
-0.0	5.153044272981903e+25	5.683274945051439e+27
-0.0	-2.0064825425596084e+26	-3.6083364760401263e+27
-0.0	6.44942308353801e+26	6.309949178806369e+27
-0.0	-1.9412708954626434e+26	-5.385108899169577e+22
-0.0	1.5718771188373754e+26	4.998490100639031e+21
-0.0	-5.305500666266105e+26	3.645820611967945e+27
-0.0	1.6702886740127604e+26	-2.332901366233967e+27
-0.0	-4.318090713292748e+25	3.5609654494073036e+27
-0.0	2.4158647242383114e+25	8.114066677837038e+26
-0.0	4.415995229837952e+24	2.6062875246428915e+27
-0.0	-4.306779180474177e+24	2.315552157074949e+27
-0.0	6.995151877852882e+24	2.3470390829819076e+27
-0.0	-4.130066822179637e+24	2.3300878544614798e+27
-0.0	1.2859186053080122e+24	2.3629226742624772e+27
-0.0	-1.255860565968918e+24	2.34337497591767e+27
-0.0	4.4341009586715665e+22	2.3459635462871977e+27
-0.0	-4.046299113410297e+23	2.35235965865882e+27
-0.0	2.0715041685051196e+22	2.3451781722023134e+27
-0.0	-2.9206347362179476e+21	2.3489061154721416e+27
-0.0	-7.101412597283875e+21	2.3471170021814085e+27
-0.0	7.173231148894712e+21	2.347833218072601e+27
-0.0	-7.441255187208736e+21	2.347551434003751e+27
-0.0	1.263836920564375e+22	2.3478558134836694e+27
-0.0	-8.053097417571156e+21	2.3477330240754433e+27
-0.0	8.05309738664969e+21	2.347733024075443e+27
-0.0	-1.263836922659387e+22	2.347855813483842e+27
-0.0	7.441255133446084e+21	2.3475514340039164e+27
-0.0	-7.173231196892135e+21	2.347833218072587e+27
-0.0	7.101412561899098e+21	2.3471170021813593e+27
-0.0	2.9206347204430686e+21	2.3489061154721163e+27
-0.0	-2.071504175319938e+22	2.3451781722024555e+27
-0.0	4.0462991129210335e+23	2.3523596586588744e+27
-0.0	-4.434100962761265e+22	2.345963546287296e+27
-0.0	1.2558605659592694e+24	2.3433749759176308e+27
-0.0	-1.2859186053322546e+24	2.3629226742625368e+27
-0.0	4.130066822095144e+24	2.3300878544614003e+27
-0.0	-6.995151877848033e+24	2.3470390829817578e+27
-0.0	4.30677918041701e+24	2.3155521570750835e+27
-0.0	-4.4159952299021787e+24	2.606287524642913e+27
-0.0	-2.4158647242296386e+25	8.114066677833959e+26
-0.0	4.318090713276441e+25	3.560965449407163e+27
-0.0	-1.670288674013242e+26	-2.3329013662341098e+27
-0.0	5.305500666264859e+26	3.6458206119684174e+27
-0.0	-1.5718771188372514e+26	4.998490101211356e+21
-0.0	1.1455569836109906e+26	-1.134510191435073e+22
-0.0	-3.949578353841279e+26	1.7104046919892598e+27
-0.0	1.2623155046002383e+26	-1.3398912385899544e+27
-0.0	-3.3003918181955462e+25	1.9337682218636466e+27
-0.0	1.902604552419579e+25	3.833573200335186e+26
-0.0	3.0594825977995377e+24	1.41055342928506e+27
-0.0	-3.1879161302970136e+24	1.2346406586775607e+27
-0.0	5.25759291788568e+24	1.2614910923298493e+27
-0.0	-3.0922148231903227e+24	1.2440661923989487e+27
-0.0	9.43814434729504e+23	1.265996684333872e+27
-0.0	-9.490560539860025e+23	1.2532681061777002e+27
-0.0	3.1347710843246973e+22	1.255405021865461e+27
-0.0	-3.158966097893477e+23	1.2589059517217358e+27
-0.0	2.0065986218820683e+22	1.2550058984662237e+27
-0.0	-4.527088747266064e+21	1.2571381856855952e+27
-0.0	-4.780820018525296e+21	1.2561200477112797e+27
-0.0	5.35002154149455e+21	1.2565393232575393e+27
-0.0	-5.137271055347206e+21	1.2563768206374037e+27
-0.0	9.117713553191145e+21	1.2565568712247392e+27
-0.0	-6.040946835043288e+21	1.2564836681683333e+27
-0.0	6.040946832989602e+21	1.2564836681683072e+27
-0.0	-9.117713547060267e+21	1.2565568712247788e+27
-0.0	5.137271036488436e+21	1.2563768206374738e+27
-0.0	-5.350021555729071e+21	1.2565393232575626e+27
-0.0	4.780820011982725e+21	1.2561200477113314e+27
-0.0	4.527088754723222e+21	1.2571381856855837e+27
-0.0	-2.006598624644405e+22	1.2550058984662817e+27
-0.0	3.1589660977456975e+23	1.2589059517217666e+27
-0.0	-3.134771085016932e+22	1.2554050218655117e+27
-0.0	9.490560540016376e+23	1.2532681061777007e+27
-0.0	-9.438144347281555e+23	1.2659966843339032e+27
-0.0	3.0922148231508546e+24	1.2440661923989498e+27
-0.0	-5.257592917861035e+24	1.2614910923297237e+27
-0.0	3.187916130276632e+24	1.234640658677662e+27
-0.0	-3.0594825978238225e+24	1.410553429285098e+27
-0.0	-1.9026045524120196e+25	3.833573200333844e+26
-0.0	3.3003918181859964e+25	1.933768221863614e+27
-0.0	-1.2623155046006768e+26	-1.3398912385900347e+27
-0.0	3.949578353840599e+26	1.710404691989494e+27
-0.0	-1.1455569836108899e+26	-1.134510191382129e+22
-0.0	7.172730308135624e+25	1.0540139080576321e+21
-0.0	-2.5488781961506472e+26	5.292429497899517e+26
-0.0	8.32158251675688e+25	-6.339429135943659e+26
-0.0	-2.19586537884658e+25	8.353927039368725e+26
-0.0	1.321315147647907e+25	1.2033538211906343e+26
-0.0	1.7693050908711663e+24	6.04819493093716e+26
-0.0	-2.0119809018919598e+24	5.149094181439968e+26
-0.0	3.417700306263897e+24	5.3403488943358696e+26
-0.0	-1.9948907178568844e+24	5.2009393704330344e+26
-0.0	5.972028059125007e+23	5.3293893697746144e+26
-0.0	-6.135554508363507e+23	5.258990423990453e+26
-0.0	2.168737100763226e+22	5.2737195643591524e+26
-0.0	-2.1271332309420886e+23	5.288708058603109e+26
-0.0	1.808054604604991e+22	5.2718581399433905e+26
-0.0	-5.059222515663229e+21	5.2817693545358106e+26
-0.0	-1.890706594274602e+21	5.276955355447862e+26
-0.0	3.570890287530551e+21	5.278958131537848e+26
-0.0	-2.8188112818540585e+21	5.2781494411914555e+26
-0.0	5.863475868586524e+21	5.279028236506906e+26
-0.0	-3.80708855323953e+21	5.2786534648447745e+26
-0.0	3.8070885528652344e+21	5.2786534648446845e+26
-0.0	-5.863475864758496e+21	5.279028236507352e+26
-0.0	2.8188112673401057e+21	5.278149441191504e+26
-0.0	-3.570890297579471e+21	5.278958131538202e+26
-0.0	1.8907065899681495e+21	5.276955355447286e+26
-0.0	5.059222521328474e+21	5.281769354535666e+26
-0.0	-1.808054606148502e+22	5.271858139943527e+26
-0.0	2.1271332308438738e+23	5.288708058603225e+26
-0.0	-2.1687371015116466e+22	5.27371956435893e+26
-0.0	6.135554508444945e+23	5.258990423990345e+26
-0.0	-5.9720280590967394e+23	5.3293893697745175e+26
-0.0	1.9948907178309187e+24	5.200939370432744e+26
-0.0	-3.4177003062473066e+24	5.340348894335492e+26
-0.0	2.0119809018826038e+24	5.149094181440044e+26
-0.0	-1.7693050908911287e+24	6.048194930937778e+26
-0.0	-1.3213151476437294e+25	1.2033538211896468e+26
-0.0	2.1958653788409016e+25	8.353927039368442e+26
-0.0	-8.321582516759782e+25	-6.339429135943979e+26
-0.0	2.5488781961502518e+26	5.292429497900716e+26
-0.0	-7.172730308135061e+25	1.0540139082375813e+21
-0.0	3.6066860844897023e+25	-2.817299265000695e+20
-0.0	-1.345768042644351e+26	1.931263628037036e+25
-0.0	4.537058539078177e+25	-2.22239053462098e+26
-0.0	-1.202546727390884e+25	2.4595827361410645e+26
-0.0	7.649118085985254e+24	6.411930380141793e+24
-0.0	7.605405686788258e+23	1.754634881189416e+26
-0.0	-1.0209660442282095e+24	1.3992679346335868e+26
-0.0	1.8006987651994993e+24	1.5046716217929464e+26
-0.0	-1.0413453009963578e+24	1.4220719616348192e+26
-0.0	3.0048977392289716e+23	1.4818681274646731e+26
-0.0	-3.214739734634453e+23	1.450987899098265e+26
-0.0	1.3566848931329366e+22	1.4590742127593415e+26
-0.0	-1.190821348245516e+23	1.4633856654071559e+26
-0.0	1.303068186038276e+22	1.4583674973970081e+26
-0.0	-4.531558884517364e+21	1.4617469004178026e+26
-0.0	-1.961198423183011e+19	1.4600804090534231e+26
-0.0	1.7157557547056373e+21	1.4608006491817733e+26
-0.0	-1.1412910443763452e+21	1.4605030255658306e+26
-0.0	2.9544368131119183e+21	1.4608312073672641e+26
-0.0	-1.9443987220402188e+21	1.460684215996135e+26
-0.0	1.9443987237784513e+21	1.4606842159960975e+26
-0.0	-2.954436809433564e+21	1.4608312073672871e+26
-0.0	1.1412910403438379e+21	1.4605030255659416e+26
-0.0	-1.7157557576970176e+21	1.4608006491817513e+26
-0.0	1.961198419399761e+19	1.4600804090533738e+26
-0.0	4.5315588891531527e+21	1.4617469004178197e+26
-0.0	-1.3030681866257094e+22	1.4583674973970342e+26
-0.0	1.1908213482202164e+23	1.4633856654071782e+26
-0.0	-1.3566848932127921e+22	1.4590742127593022e+26
-0.0	3.214739734694089e+23	1.4509878990982385e+26
-0.0	-3.0048977391977344e+23	1.4818681274647087e+26
-0.0	1.0413453009862068e+24	1.4220719616348376e+26
-0.0	-1.8006987651900518e+24	1.5046716217927071e+26
-0.0	1.0209660442251899e+24	1.3992679346337743e+26
-0.0	-7.605405686852671e+23	1.754634881189728e+26
-0.0	-7.649118085964823e+24	6.411930380105236e+24
-0.0	1.202546727388352e+25	2.459582736140951e+26
-0.0	-4.537058539080077e+25	-2.2223905346210966e+26
-0.0	1.3457680426441959e+26	1.9312636280436773e+25
-0.0	-3.6066860844893385e+25	-2.8172992637522942e+20
-0.0	1.2584195139594755e+25	3.617949133407444e+19
-0.0	-5.149022533968807e+25	-6.6102073655777455e+25
-0.0	1.8315150935082763e+25	-4.447150433046712e+25
-0.0	-4.8033577858053594e+24	2.974212936831796e+25
-0.0	3.288113785678984e+24	-1.370352672633935e+25
-0.0	1.6203292450060917e+23	1.9911751392951213e+25
-0.0	-3.513528286520935e+23	1.1090632707466683e+25
-0.0	6.688210503919749e+23	1.4831633297184256e+25
-0.0	-3.7819357233927976e+23	1.1748115370511128e+25
-0.0	1.0082058183425996e+23	1.3565198179935576e+25
-0.0	-1.1756658003124862e+23	1.2686125767541735e+25
-0.0	6.650125407018326e+21	1.297229215550756e+25
-0.0	-4.915131801640544e+22	1.3018080276442273e+25
-0.0	7.58629146703737e+21	1.2954989604641805e+25
-0.0	-2.8232418649467844e+21	1.3019286477248001e+25
-0.0	8.124005588594114e+20	1.298657891207663e+25
-0.0	6.166336503460907e+20	1.300156242385998e+25
-0.0	-1.4710447348935274e+20	1.2994967922128565e+25
-0.0	1.0122380459264142e+21	1.300232681650692e+25
-0.0	-6.614213679570037e+20	1.2998688202078405e+25
-0.0	6.614213684375405e+20	1.2998688202078146e+25
-0.0	-1.0122380442124316e+21	1.3002326816505881e+25
-0.0	1.4710447242515934e+20	1.2994967922129458e+25
-0.0	-6.166336519385551e+20	1.3001562423858069e+25
-0.0	-8.124005585823126e+20	1.2986578912076964e+25
-0.0	2.823241866434489e+21	1.3019286477250662e+25
-0.0	-7.586291468838517e+21	1.2954989604641846e+25
-0.0	4.9151318016069525e+22	1.30180802764437e+25
-0.0	-6.65012540764144e+21	1.2972292155504476e+25
-0.0	1.1756658003296827e+23	1.2686125767538026e+25
-0.0	-1.0082058183333055e+23	1.3565198179937021e+25
-0.0	3.781935723360993e+23	1.174811537051257e+25
-0.0	-6.688210503892934e+23	1.4831633297173731e+25
-0.0	3.5135282865194824e+23	1.1090632707472698e+25
-0.0	-1.620329245031226e+23	1.9911751392968715e+25
-0.0	-3.288113785674625e+24	-1.3703526726353848e+25
-0.0	4.803357785799065e+24	2.9742129368312984e+25
-0.0	-1.8315150935093067e+25	-4.4471504330470745e+25
-0.0	5.149022533968596e+25	-6.610207365575394e+25
-0.0	-1.2584195139593191e+25	3.6179491409598976e+19
-0.0	1.491018473917646e+24	2.8139408600162554e+17
-0.0	-9.11314607478526e+24	-1.5288162702100764e+25
-0.0	3.790095243241115e+24	-1.8738449670202882e+24
-0.0	-8.75853591773399e+23	-2.0888168245400512e+24
-0.0	7.060240670817706e+23	-3.1678083592416e+24
-0.0	-5.671604394351287e+22	-1.7521328981657674e+24
-0.0	-2.808199477573578e+22	-2.43834258065799e+24
-0.0	8.94480643430238e+22	-1.9871864890047795e+24
-0.0	-4.415802915905333e+22	-2.3741191428403237e+24
-0.0	5.952059753951666e+21	-2.185224224688545e+24
-0.0	-1.434202727470744e+22	-2.2698609983928418e+24
-0.0	1.9329056908826003e+21	-2.2354213198361927e+24
-0.0	-9.98421906894529e+21	-2.2406261661907153e+24
-0.0	2.9003169026437876e+21	-2.2366491508628306e+24
-0.0	-1.2093298037626178e+21	-2.2344819989004538e+24
-0.0	6.413448828233025e+20	-2.2357874855045002e+24
-0.0	4.930668660892265e+19	-2.2350336722808308e+24
-0.0	1.6079857447965855e+20	-2.2354413199139852e+24
-0.0	7.084753429752717e+19	-2.2349788203499584e+24
-0.0	-4.849882051539329e+19	-2.2352591521761517e+24
-0.0	4.849882051676201e+19	-2.2352591521760513e+24
-0.0	-7.084753415816942e+19	-2.2349788203503573e+24
-0.0	-1.6079857432213674e+20	-2.2354413199140526e+24
-0.0	-4.930668709660431e+19	-2.2350336722811967e+24
-0.0	-6.413448826494626e+20	-2.2357874855044506e+24
-0.0	1.2093298037208245e+21	-2.2344819988999833e+24
-0.0	-2.9003169026173106e+21	-2.2366491508629238e+24
-0.0	9.984219069309e+21	-2.240626166190716e+24
-0.0	-1.9329056911178526e+21	-2.235421319836897e+24
-0.0	1.4342027274645915e+22	-2.2698609983935435e+24
-0.0	-5.95205975385769e+21	-2.185224224688625e+24
-0.0	4.41580291589733e+22	-2.3741191428400195e+24
-0.0	-8.944806434325727e+22	-1.987186489005818e+24
-0.0	2.808199477630172e+22	-2.438342580657461e+24
-0.0	5.671604394320839e+22	-1.7521328981639927e+24
-0.0	-7.060240670833009e+23	-3.167808359243784e+24
-0.0	8.758535917746131e+23	-2.088816824540402e+24
-0.0	-3.7900952432442895e+24	-1.8738449670206876e+24
-0.0	9.113146074786535e+24	-1.528816270209764e+25
-0.0	-1.4910184739172023e+24	2.8139408250090848e+17
-0.0	-1.2756110232587405e+24	2.883243499013478e+18
-0.0	3.6787801464113167e+24	2.0056780013508502e+24
-0.0	-1.0693482702891934e+24	-3.2239703328093306e+23
-0.0	4.205974245848676e+23	8.510185092172859e+23
-0.0	-2.5797876536918214e+23	4.212408298976863e+23
-0.0	-6.1788800159119e+22	6.434134053472842e+23
-0.0	5.119713701757292e+22	6.460474166812551e+23
-0.0	-7.65012653186164e+22	6.141385326294631e+23
-0.0	4.734900942097782e+22	6.433899985030874e+23
-0.0	-1.6144347306232331e+22	6.336499637804363e+23
-0.0	1.434556995910323e+22	6.370699386304648e+23
-0.0	-1.1607927393008098e+20	6.346239252565319e+23
-0.0	3.5896000689147614e+21	6.362954499154824e+23
-0.0	2.621681599437392e+20	6.34616062510123e+23
-0.0	-1.7716698470469757e+20	6.351371277330653e+23
-0.0	2.2821668442867797e+20	6.349109887787713e+23
-0.0	-8.970329606172934e+19	6.349841940431318e+23
-0.0	1.2723515419676793e+20	6.349659960768167e+23
-0.0	-1.541815918057261e+20	6.34983914825592e+23
-0.0	9.955457758037898e+19	6.349849542121643e+23
-0.0	-9.955457761581254e+19	6.34984954212042e+23
-0.0	1.5418159161885046e+20	6.349839148255397e+23
-0.0	-1.2723515385768439e+20	6.349659960767774e+23
-0.0	8.97032961041462e+19	6.349841940429845e+23
-0.0	-2.2821668433049656e+20	6.349109887788732e+23
-0.0	1.7716698435823537e+20	6.351371277330438e+23
-0.0	-2.621681595320472e+20	6.34616062510237e+23
-0.0	-3.589600068572814e+21	6.362954499156941e+23
-0.0	1.1607927392206019e+20	6.346239252563802e+23
-0.0	-1.4345569959576036e+22	6.370699386298585e+23
-0.0	1.6144347306063703e+22	6.336499637804921e+23
-0.0	-4.7349009420384735e+22	6.433899985031072e+23
-0.0	7.650126531796053e+22	6.141385326293838e+23
-0.0	-5.11971370171482e+22	6.460474166811535e+23
-0.0	6.178880015939571e+22	6.434134053463495e+23
-0.0	2.5797876536736483e+23	4.2124082989668935e+23
-0.0	-4.205974245826787e+23	8.510185092174917e+23
-0.0	1.0693482702890065e+24	-3.2239703328094554e+23
-0.0	-3.6787801464099563e+24	2.0056780013508875e+24
-0.0	1.2756110232587078e+24	2.8832434933551775e+18
-0.0	-7.509578970721904e+23	-2.4919366064369597e+18
-0.0	3.133657248417144e+24	-1.275674286972714e+24
-0.0	-1.1846800317865632e+24	1.1386963394145769e+23
-0.0	3.970473619967784e+23	-4.720301072670207e+23
-0.0	-2.9820994722037224e+23	-2.822549513467777e+23
-0.0	-1.5702537260280377e+22	-3.6405886202332743e+23
-0.0	2.99254371270886e+22	-3.784650559455108e+23
-0.0	-5.450933907324398e+22	-3.5415323261717915e+23
-0.0	3.159761848465693e+22	-3.758837153564182e+23
-0.0	-8.928955067237223e+21	-3.675036611384489e+23
-0.0	9.726847990864349e+21	-3.7079384107746396e+23
-0.0	-4.5025126635987416e+20	-3.6894753421801484e+23
-0.0	3.7319814191236556e+21	-3.6985986031562487e+23
-0.0	-4.66786438894614e+20	-3.6896975088543266e+23
-0.0	1.6186694252393234e+20	-3.6918031439474134e+23
-0.0	-2.2349011050982015e+19	-3.690973727050042e+23
-0.0	-5.2286635751630045e+19	-3.6911743603363256e+23
-0.0	2.7200617713109717e+19	-3.691166704806868e+23
-0.0	-8.739827286788312e+19	-3.691164837034193e+23
-0.0	5.698894564327228e+19	-3.6912226109068447e+23
-0.0	-5.698894566799778e+19	-3.691222610907705e+23
-0.0	8.739827275623145e+19	-3.691164837035325e+23
-0.0	-2.7200617562431054e+19	-3.6911667048067594e+23
-0.0	5.228663585412575e+19	-3.691174360336683e+23
-0.0	2.2349011100254306e+19	-3.6909737270508374e+23
-0.0	-1.6186694271019463e+20	-3.691803143947862e+23
-0.0	4.6678643905441825e+20	-3.689697508854482e+23
-0.0	-3.731981418972699e+21	-3.698598603155682e+23
-0.0	4.5025126638340964e+20	-3.6894753421817093e+23
-0.0	-9.726847991087488e+21	-3.7079384107779776e+23
-0.0	8.928955067139e+21	-3.675036611384257e+23
-0.0	-3.159761848437888e+22	-3.75883715356369e+23
-0.0	5.450933907295526e+22	-3.54153232617309e+23
-0.0	-2.992543712702029e+22	-3.7846505594552894e+23
-0.0	1.570253726050427e+22	-3.6405886202364466e+23
-0.0	2.982099472198022e+23	-2.822549513471901e+23
-0.0	-3.9704736199589283e+23	-4.720301072669937e+23
-0.0	1.1846800317868597e+24	1.1386963394151555e+23
-0.0	-3.1336572484166585e+24	-1.2756742869723918e+24
-0.0	7.509578970721013e+23	-2.4919366090684324e+18
-0.0	-4.754426316557475e+21	5.820780544688949e+16
-0.0	5.1351835713262235e+23	6.996443000917687e+23
-0.0	-3.168825917748713e+23	-2.518538331986962e+22
-0.0	1.0811429484832169e+23	2.3712003493924272e+23
-0.0	-9.917373879454636e+22	1.6283695912390163e+23
-0.0	7.860564139790397e+21	1.8630360476966784e+23
-0.0	2.1670943169301156e+21	1.987962314832788e+23
-0.0	-7.834126260081564e+21	1.8397636157107124e+23
-0.0	3.8441484905478205e+21	1.9705910988642904e+23
-0.0	-4.190286940234452e+20	1.916622997315996e+23
-0.0	1.2037905662011546e+21	1.938711660351168e+23
-0.0	-1.8868483489124463e+20	1.92749443081009e+23
-0.0	9.229479957908902e+20	1.9319851835440584e+23
-0.0	-2.8910864158774736e+20	1.927715841313888e+23
-0.0	1.2138618523016004e+20	1.92844687241964e+23
-0.0	-6.658236317156509e+19	1.928198583382709e+23
-0.0	-3.357213245905463e+18	1.9282195484556327e+23
-0.0	-1.7876293493013807e+19	1.928251431863285e+23
-0.0	-4.497257862073676e+18	1.9282099890395512e+23
-0.0	3.15400550037678e+18	1.9282602995721683e+23
-0.0	-3.154005497481687e+18	1.9282602995720475e+23
-0.0	4.497257856881768e+18	1.9282099890395532e+23
-0.0	1.7876293489856741e+19	1.9282514318631974e+23
-0.0	3.3572132696890383e+18	1.9282195484558307e+23
-0.0	6.658236317695245e+19	1.928198583382684e+23
-0.0	-1.2138618525791245e+20	1.9284468724193986e+23
-0.0	2.891086415848968e+20	1.927715841313761e+23
-0.0	-9.229479957711026e+20	1.9319851835435393e+23
-0.0	1.886848348859574e+20	1.927494430809619e+23
-0.0	-1.2037905662156166e+21	1.9387116603513178e+23
-0.0	4.1902869402162004e+20	1.9166229973159745e+23
-0.0	-3.8441484905454156e+21	1.970591098864223e+23
-0.0	7.834126260086144e+21	1.8397636157108486e+23
-0.0	-2.1670943169512386e+21	1.98796231483268e+23
-0.0	-7.860564139770068e+21	1.8630360476960076e+23
-0.0	9.917373879469386e+22	1.628369591240368e+23
-0.0	-1.0811429484832815e+23	2.3712003493928553e+23
-0.0	3.168825917750287e+23	-2.5185383319852475e+22
-0.0	-5.135183571326292e+23	6.996443000917296e+23
-0.0	4.754426316517607e+21	5.82078055974262e+16
-0.0	2.0611197257911898e+23	4.693111725664788e+17
-0.0	-5.3978908437667495e+23	-3.567799912060473e+23
-0.0	1.16335873303561e+23	-9.164178627120916e+21
-0.0	-3.563940924581377e+22	-1.0938883545503737e+23
-0.0	1.7720870949920153e+22	-8.752097495575809e+22
-0.0	8.509924102812867e+21	-8.78822211313607e+22
-0.0	-6.735244253617424e+21	-9.675483111565606e+22
-0.0	1.030894279887719e+22	-8.836817675623225e+22
-0.0	-6.366856853216823e+21	-9.569090143955064e+22
-0.0	2.1752782859250015e+21	-9.25013947866156e+22
-0.0	-1.9703890021976737e+21	-9.384837354949799e+22
-0.0	1.7135311531010472e+19	-9.32163262193694e+22
-0.0	-5.0002252309472503e+20	-9.341786432988107e+22
-0.0	-3.4679878994754753e+19	-9.323270978705114e+22
-0.0	2.392302471028341e+19	-9.324726613443307e+22
-0.0	-3.124066661316977e+19	-9.32458791280384e+22
-0.0	1.2401329152228252e+19	-9.324212227218851e+22
-0.0	-1.743877034135356e+19	-9.324577382748606e+22
-0.0	2.129743364770084e+19	-9.324146161162663e+22
-0.0	-1.3785311253908648e+19	-9.324499316877761e+22
-0.0	1.3785311264725537e+19	-9.324499316877567e+22
-0.0	-2.1297433619491398e+19	-9.324146161163586e+22
-0.0	1.7438770298542442e+19	-9.324577382750049e+22
-0.0	-1.2401329159667198e+19	-9.324212227217659e+22
-0.0	3.1240666609463624e+19	-9.324587912805787e+22
-0.0	-2.3923024685395386e+19	-9.324726613443308e+22
-0.0	3.4679878945128305e+19	-9.323270978706484e+22
-0.0	5.000225230850239e+20	-9.341786432993553e+22
-0.0	-1.7135311544060764e+19	-9.321632621940117e+22
-0.0	1.9703890022392427e+21	-9.384837354942028e+22
-0.0	-2.1752782859019823e+21	-9.250139478660233e+22
-0.0	6.366856853137171e+21	-9.569090143953268e+22
-0.0	-1.030894279880544e+22	-8.836817675620841e+22
-0.0	6.73524425360162e+21	-9.675483111563198e+22
-0.0	-8.509924102863878e+21	-8.788222113124052e+22
-0.0	-1.7720870949692876e+22	-8.752097495562675e+22
-0.0	3.563940924561056e+22	-1.0938883545505994e+23
-0.0	-1.1633587330356815e+23	-9.164178627114716e+21
-0.0	5.397890843765918e+23	-3.5677999120602105e+23
-0.0	-2.0611197257912452e+23	4.6931117316986176e+17
-0.0	1.3935462789241275e+23	-4.8602476349945216e+17
-0.0	-4.718130478555499e+23	1.6745860801116314e+23
-0.0	1.4495628746079865e+23	1.7894246534004894e+22
-0.0	-4.717021824315924e+22	4.452440427362172e+22
-0.0	3.4721687012938957e+22	4.35390399041962e+22
-0.0	3.614497974971297e+21	3.693067117514568e+22
-0.0	-4.994743606182333e+21	4.256133533792892e+22
-0.0	8.847486279169802e+21	3.812934414825674e+22
-0.0	-5.221277500779514e+21	4.195661949429843e+22
-0.0	1.5595658166757803e+21	4.019961342804599e+22
-0.0	-1.626685585100508e+21	4.096172014823428e+22
-0.0	5.906780267580069e+19	4.062906697456315e+22
-0.0	-5.695363154548471e+20	4.0708836662895415e+22
-0.0	4.97266840128021e+19	4.063987570829528e+22
-0.0	-1.4591020673833937e+19	4.063387731487377e+22
-0.0	-4.173912421840698e+18	4.063951101648331e+22
-0.0	9.170697727105548e+18	4.0635062104290385e+22
-0.0	-7.189599328340319e+18	4.063787361998775e+22
-0.0	1.5460371595850682e+19	4.0634616683944395e+22
-0.0	-1.0059905115500986e+19	4.063684700558828e+22
-0.0	1.005990512408938e+19	4.063684700558662e+22
-0.0	-1.5460371575878375e+19	4.063461668394507e+22
-0.0	7.18959930179888e+18	4.063787361998205e+22
-0.0	-9.170697732827916e+18	4.063506210428449e+22
-0.0	4.173912420765519e+18	4.063951101647297e+22
-0.0	1.4591020689610658e+19	4.0633877314866405e+22
-0.0	-4.9726684042203234e+19	4.063987570829994e+22
-0.0	5.695363154445025e+20	4.070883666286872e+22
-0.0	-5.906780268418343e+19	4.0629066974552274e+22
-0.0	1.6266855851307271e+21	4.0961720148284e+22
-0.0	-1.5595658166601573e+21	4.019961342804432e+22
-0.0	5.221277500725154e+21	4.195661949430019e+22
-0.0	-8.847486279122929e+21	3.812934414827668e+22
-0.0	4.994743606184741e+21	4.256133533792976e+22
-0.0	-3.614497975022252e+21	3.6930671175187965e+22
-0.0	-3.4721687012834263e+22	4.353903990429244e+22
-0.0	4.717021824304179e+22	4.452440427360774e+22
-0.0	-1.4495628746084486e+23	1.789424653399794e+22
-0.0	4.718130478555201e+23	1.6745860801115452e+23
-0.0	-1.3935462789240887e+23	-4.8602476315062317e+17
-0.0	5.522284004235862e+22	4.638309305163111e+16
-0.0	-2.066534492503257e+23	-7.024172869199882e+22
-0.0	7.04383750485194e+22	-1.6353210230909337e+22
-0.0	-2.3383593371173883e+22	-1.4184723871507488e+22
-0.0	1.8837105986994975e+22	-1.9619370387688024e+22
-0.0	8.514715676598255e+20	-1.2555687847468414e+22
-0.0	-2.0433214622770557e+21	-1.584989310919102e+22
-0.0	3.910828043933709e+21	-1.3671787628316783e+22
-0.0	-2.260286978608532e+21	-1.55276625861755e+22
-0.0	6.291369295846015e+20	-1.4626014245830768e+22
-0.0	-7.079496169750578e+20	-1.502802930214487e+22
-0.0	3.484828296960525e+19	-1.4866005337601259e+22
-0.0	-2.8003178402277884e+20	-1.4890013971024108e+22
-0.0	3.7734143956498915e+19	-1.487249241676047e+22
-0.0	-1.3398297174847425e+19	-1.4861900353731796e+22
-0.0	2.6477180741540086e+18	-1.4868360983783517e+22
-0.0	3.781546792440911e+18	-1.4864691566740821e+22
-0.0	-1.6508648399227617e+18	-1.4866622616819475e+22
-0.0	6.297161898976427e+18	-1.486447764703852e+22
-0.0	-4.1034687428125307e+18	-1.4865751908244815e+22
-0.0	4.103468748826209e+18	-1.4865751908248308e+22
-0.0	-6.29716189489854e+18	-1.4864477647041263e+22
-0.0	1.6508648277461268e+18	-1.4866622616812242e+22
-0.0	-3.7815467953679816e+18	-1.486469156673883e+22
-0.0	-2.6477180754162514e+18	-1.4868360983790706e+22
-0.0	1.3398297180103408e+19	-1.4861900353735311e+22
-0.0	-3.77341439660167e+19	-1.48724924167623e+22
-0.0	2.8003178401671155e+20	-1.4890013971032691e+22
-0.0	-3.4848282974906958e+19	-1.4866005337594304e+22
-0.0	7.07949616988439e+20	-1.50280293021269e+22
-0.0	-6.291369295769905e+20	-1.4626014245832165e+22
-0.0	2.2602869785862144e+21	-1.5527662586172291e+22
-0.0	-3.9108280439147714e+21	-1.3671787628312715e+22
-0.0	2.0433214622828231e+21	-1.584989310918894e+22
-0.0	-8.514715676840631e+20	-1.2555687847448552e+22
-0.0	-1.8837105986969933e+22	-1.9619370387667073e+22
-0.0	2.3383593371136105e+22	-1.4184723871510007e+22
-0.0	-7.043837504854973e+22	-1.635321023091285e+22
-0.0	2.0665344925032222e+23	-7.0241728692017774e+22
-0.0	-5.522284004235517e+22	4.638309327854606e+16
-0.0	1.5769451994617657e+22	-2.9293956663872976e+16
-0.0	-6.114270055366744e+22	2.420582876390784e+22
-0.0	2.210473949980199e+22	1.1905549333111641e+22
-0.0	-7.425555620418235e+21	1.5450305388871187e+21
-0.0	6.340863748203559e+21	7.543627954743214e+21
-0.0	8.717829638377257e+19	2.068543382447563e+21
-0.0	-5.735631204106315e+20	3.866150820766037e+21
-0.0	1.168663996351832e+21	2.88668935022915e+21
-0.0	-6.647187551961954e+20	3.707316368213236e+21
-0.0	1.7465624958370952e+20	3.278631216494268e+21
-0.0	-2.090946407965707e+20	3.4763677978173474e+21
-0.0	1.2371980630153654e+19	3.403853344748391e+21
-0.0	-9.007245361833545e+19	3.405596174303472e+21
-0.0	1.4828296158570932e+19	3.40719112746428e+21
-0.0	-5.585520951826488e+18	3.3980088303829485e+21
-0.0	1.7832150895224622e+18	3.402935751489233e+21
-0.0	1.0752540815320332e+18	3.400485544028632e+21
-0.0	-1.5545067579181037e+17	3.4016571485572594e+21
-0.0	1.7551319281216207e+18	3.4003751677577045e+21
-0.0	-1.1532813864131615e+18	3.4010576494711244e+21
-0.0	1.1532813888446344e+18	3.4010576494695746e+21
-0.0	-1.755131927191118e+18	3.4003751677581753e+21
-0.0	1.5545067310556576e+17	3.4016571485594253e+21
-0.0	-1.075254081314623e+18	3.4004855440279664e+21
-0.0	-1.783215090555001e+18	3.4029357514857324e+21
-0.0	5.585520952799013e+18	3.3980088303819733e+21
-0.0	-1.4828296161139479e+19	3.4071911274626506e+21
-0.0	9.007245361750349e+19	3.405596174299864e+21
-0.0	-1.2371980630307744e+19	3.403853344747855e+21
-0.0	2.0909464079871017e+20	3.4763677978208586e+21
-0.0	-1.7465624958166263e+20	3.2786312164955107e+21
-0.0	6.64718755190027e+20	3.7073163682134816e+21
-0.0	-1.1686639963456784e+21	2.886689350227118e+21
-0.0	5.735631204122171e+20	3.8661508207637257e+21
-0.0	-8.717829639064805e+19	2.068543382449143e+21
-0.0	-6.340863748200088e+21	7.543627954758384e+21
-0.0	7.425555620408712e+21	1.5450305388902154e+21
-0.0	-2.2104739499818638e+22	1.190554933311116e+22
-0.0	6.114270055367156e+22	2.4205828763893033e+22
-0.0	-1.5769451994615535e+22	-2.9293956584488944e+16
-0.0	3.543388041221863e+21	-3.2307221172787636e+16
-0.0	-1.324188163678748e+22	-4.65401209652752e+21
-0.0	4.933594105010545e+21	-7.611126726373293e+21
-0.0	-1.6690436547570888e+21	2.6902741383034883e+21
-0.0	1.4973666249976017e+21	-2.0000653670790878e+21
-0.0	-1.1316098418638096e+19	1.6625401446676177e+21
-0.0	-1.1811912017555625e+20	7.480071775241242e+20
-0.0	2.547100545943628e+20	1.1334590837202323e+21
-0.0	-1.4266564518361117e+20	8.195446374281195e+20
-0.0	3.5456716085252887e+19	1.003283100309184e+21
-0.0	-4.49955808593149e+19	9.147399349392503e+20
-0.0	3.1084826557426534e+18	9.430011774271799e+20
-0.0	-2.0809665696298025e+19	9.480977600499987e+20
-0.0	3.896419660014191e+18	9.412766168524655e+20
-0.0	-1.5120006445019e+18	9.478316870308748e+20
-0.0	5.85137393711514e+17	9.444910183411902e+20
-0.0	2.235596230655054e+17	9.460006588461525e+20
-0.0	3.5461054877778176e+16	9.453480737281541e+20
-0.0	3.603713477163353e+17	9.460612229650025e+20
-0.0	-2.3693506477110986e+17	9.457200118232133e+20
-0.0	2.369350653404697e+17	9.457200118240767e+20
-0.0	-3.6037134751348563e+17	9.460612229644774e+20
-0.0	-3.546105514559304e+16	9.453480737283466e+20
-0.0	-2.235596233017255e+17	9.460006588425137e+20
-0.0	-5.851373942838883e+17	9.444910183395036e+20
-0.0	1.5120006444262287e+18	9.47831687029935e+20
-0.0	-3.896419660356244e+18	9.412766168535094e+20
-0.0	2.080966569707296e+19	9.480977600496106e+20
-0.0	-3.108482656049476e+18	9.430011774238457e+20
-0.0	4.499558085876318e+19	9.147399349380997e+20
-0.0	-3.5456716084591178e+19	1.003283100308439e+21
-0.0	1.4266564518240902e+20	8.19544637429481e+20
-0.0	-2.5471005459308092e+20	1.1334590837193171e+21
-0.0	1.1811912017660061e+20	7.480071775231746e+20
-0.0	1.1316098416906609e+19	1.6625401446667966e+21
-0.0	-1.497366624997867e+21	-2.0000653670779307e+21
-0.0	1.669043654755512e+21	2.690274138304917e+21
-0.0	-4.933594105017554e+21	-7.611126726374779e+21
-0.0	1.3241881636790352e+22	-4.6540120965310033e+21
-0.0	-3.5433880412208607e+21	-3.2307221157840696e+16
-0.0	6.363335675907691e+20	7616825033712492.0
-0.0	-2.1373439911049883e+21	-2.264949967323117e+21
-0.0	7.900144233255536e+20	4.4016841104865147e+21
-0.0	-2.7178709417550794e+20	-3.3607606848813264e+21
-0.0	2.5817302722699136e+20	-2.0996747836372268e+20
-0.0	-5.78329684470926e+18	-2.438111896067569e+21
-0.0	-1.8509318451136164e+19	-2.0079754334634967e+21
-0.0	4.188072123540974e+19	-2.1239110338840476e+21
-0.0	-2.30130607696907e+19	-2.0360889719973313e+21
-0.0	5.402602791871702e+18	-2.10293993538264e+21
-0.0	-7.286651467292103e+18	-2.0680731186683587e+21
-0.0	5.59546623527573e+17	-2.0763661576825998e+21
-0.0	-3.592029880775383e+18	-2.0822098862033734e+21
-0.0	7.37280374233169e+17	-2.0755740908132895e+21
-0.0	-2.9662076867561126e+17	-2.0796995900930822e+21
-0.0	1.2180753408921648e+17	-2.0776886505411432e+21
-0.0	3.300217405009272e+16	-2.0785400557265218e+21
-0.0	1.4943237676366918e+16	-2.0781976596501456e+21
-0.0	5.506223867538618e+16	-2.0785648455377447e+21
-0.0	-3.699566758484427e+16	-2.0784088457672356e+21
-0.0	3.699566783959146e+16	-2.078408845766702e+21
-0.0	-5.506223875980141e+16	-2.078564845538196e+21
-0.0	-1.4943237769893006e+16	-2.0781976596508086e+21
-0.0	-3.30021739647659e+16	-2.078540055726731e+21
-0.0	-1.2180753408159198e+17	-2.0776886505411474e+21
-0.0	2.966207683822532e+17	-2.0796995900928552e+21
-0.0	-7.372803742729489e+17	-2.0755740908131194e+21
-0.0	3.592029881285743e+18	-2.0822098862047704e+21
-0.0	-5.5954662377332774e+17	-2.0763661576841032e+21
-0.0	7.286651466954394e+18	-2.0680731186686643e+21
-0.0	-5.40260279176446e+18	-2.1029399353834104e+21
-0.0	2.3013060769441686e+19	-2.0360889719976215e+21
-0.0	-4.188072123539468e+19	-2.1239110338832472e+21
-0.0	1.8509318451221844e+19	-2.007975433463849e+21
-0.0	5.783296844512741e+18	-2.4381118960674186e+21
-0.0	-2.581730272271222e+20	-2.0996747836255938e+20
-0.0	2.717870941755027e+20	-3.3607606848801137e+21
-0.0	-7.900144233273712e+20	4.401684110486514e+21
-0.0	2.1373439911054654e+21	-2.264949967325286e+21
-0.0	-6.363335675904187e+20	7616825037469452.0
-0.0	7.467460527041993e+19	-1.2387184536501346e+16
-0.0	-2.3498723129635642e+20	3.7383688111914264e+21
-0.0	8.074485791738e+19	-2.3155339633073473e+21
-0.0	-3.147971541906124e+19	2.773282300882073e+21
-0.0	3.3350398614219297e+19	8.529506145613658e+20
-0.0	-1.0762805605534651e+18	2.109113107688172e+21
-0.0	-2.2599218554120904e+18	1.9272881744039717e+21
-0.0	5.268802010083953e+18	1.9357685535634725e+21
-0.0	-2.813260317658369e+18	1.9356750092081294e+21
-0.0	6.214378014331589e+17	1.9517123984167663e+21
-0.0	-8.987429370731201e+17	1.9412164326433324e+21
-0.0	7.640792077247328e+16	1.9416795619741262e+21
-0.0	-4.7083578255451226e+17	1.9462641062452632e+21
-0.0	1.053947734903382e+17	1.9413556850475173e+21
-0.0	-4.1954199816999736e+16	1.9437561785227886e+21
-0.0	1.8984900270285108e+16	1.9426246903726167e+21
-0.0	4324028543980468.0	1.9430700669774203e+21
-0.0	3101758327214320.5	1.9429031331383138e+21
-0.0	6471043004088434.0	1.943077497918757e+21
-0.0	-4338526822888875.5	1.9430135735938966e+21
-0.0	4338526995433730.0	1.9430135735938557e+21
-0.0	-6471043065095583.0	1.9430774979187494e+21
-0.0	-3101758553034446.0	1.9429031331385136e+21
-0.0	-4324028277445992.0	1.9430700669775367e+21
-0.0	-1.898490020948151e+16	1.9426246903724308e+21
-0.0	4.195419952519155e+16	1.9437561785222646e+21
-0.0	-1.053947735056737e+17	1.9413556850477176e+21
-0.0	4.7083578279690714e+17	1.946264106244849e+21
-0.0	-7.640792087811797e+16	1.9416795619741377e+21
-0.0	8.987429369693562e+17	1.9412164326430254e+21
-0.0	-6.214378014842734e+17	1.951712398417289e+21
-0.0	2.813260317548302e+18	1.9356750092081126e+21
-0.0	-5.268802010047285e+18	1.9357685535635656e+21
-0.0	2.259921855497265e+18	1.9272881744040553e+21
-0.0	1.0762805605843039e+18	2.1091131076888394e+21
-0.0	-3.3350398614195294e+19	8.5295061456077e+20
-0.0	3.1479715419052716e+19	2.7732823008821594e+21
-0.0	-8.074485791796929e+19	-2.3155339633075424e+21
-0.0	2.3498723129589075e+20	3.738368811191164e+21
-0.0	-7.467460527033482e+19	-1.2387184536396474e+16
-0.0	-2.861473334287645e+18	-2609852499336980.5
-0.0	-6.369291407517e+18	-3.254293939148255e+21
-0.0	1.4315537719631142e+18	1.0906100958309043e+21
-0.0	-2.5811389703901466e+18	-1.9461837492796593e+21
-0.0	3.7011849378750566e+18	-8.607666548401722e+20
-0.0	-1.5673097730322102e+17	-1.521714634768821e+21
-0.0	-2.0382969453538618e+17	-1.4575965802825332e+21
-0.0	4.899888435819392e+17	-1.4324146969587818e+21
-0.0	-2.5140437155958608e+17	-1.4580259660327622e+21
-0.0	5.349289830909088e+16	-1.455290141661552e+21
-0.0	-8.427657672354514e+16	-1.4544654441916743e+21
-0.0	8498537249634234.0	-1.452549315408733e+21
-0.0	-4.734585388537042e+16	-1.455643092826798e+21
-0.0	1.1589503906288344e+16	-1.4524458378172836e+21
-0.0	-4212130048802300.0	-1.4537422950195032e+21
-0.0	2467414983183083.0	-1.4531545333447094e+21
-0.0	596836774478529.6	-1.453373723860455e+21
-0.0	481667008143459.2	-1.453300704641666e+21
-0.0	581582611501880.2	-1.4533765295187176e+21
-0.0	-400894599754867.0	-1.4533550534784013e+21
-0.0	400894617267841.06	-1.4533550534785156e+21
-0.0	-581582501195365.1	-1.453376529519035e+21
-0.0	-481667202957598.1	-1.4533007046417659e+21
-0.0	-596836702405461.1	-1.453373723860442e+21
-0.0	-2467414834473643.0	-1.4531545333450702e+21
-0.0	4212129875199329.0	-1.453742295019454e+21
-0.0	-1.1589503911338342e+16	-1.4524458378172008e+21
-0.0	4.734585405283793e+16	-1.455643092826466e+21
-0.0	-8498537481213869.0	-1.4525493154087735e+21
-0.0	8.42765767904725e+16	-1.454465444191814e+21
-0.0	-5.349289828918223e+16	-1.4552901416617147e+21
-0.0	2.514043714934609e+17	-1.4580259660326788e+21
-0.0	-4.8998884372298797e+17	-1.4324146969589422e+21
-0.0	2.038296948926676e+17	-1.4575965802828042e+21
-0.0	1.5673097716059818e+17	-1.5217146347686556e+21
-0.0	-3.7011849380057907e+18	-8.607666548399884e+20
-0.0	2.581138970811465e+18	-1.9461837492793917e+21
-0.0	-1.431553772369164e+18	1.0906100958311999e+21
-0.0	6.369291408244522e+18	-3.254293939148621e+21
-0.0	2.8614733342886897e+18	-2609852499368607.0
-0.0	-3.2271623301645773e+18	-9949829618422868.0
-0.0	3.7584048014952596e+18	2.300727517540406e+21
-0.0	-8.552801753455348e+17	-4.369430527994013e+20
-0.0	-3.131741891096115e+17	1.231364139301046e+21
-0.0	5.989225442310292e+17	6.603500593107768e+20
-0.0	-4.177415335305859e+16	9.824467410078975e+20
-0.0	-721443951831678.1	9.687375525658046e+20
-0.0	2.014066489099259e+16	9.400525337064632e+20
-0.0	-1.0749422367444492e+16	9.666670912563275e+20
-0.0	3909161942681420.0	9.592509993250686e+20
-0.0	-5357688865649189.0	9.61463580106663e+20
-0.0	1110428590406472.0	9.593459451356618e+20
-0.0	-3286428941445317.5	9.612172166880306e+20
-0.0	1250508888038636.8	9.593326962719204e+20
-0.0	-32063835271857.79	9.599784598523386e+20
-0.0	527641494210141.94	9.59692199552919e+20
-0.0	300090336059740.0	9.597904456997002e+20
-0.0	149857732934791.03	9.597616331089375e+20
-0.0	73972485099202.69	9.597892468330353e+20
-0.0	-22206552186341.11	9.597854352830885e+20
-0.0	22206517158374.766	9.597854352832019e+20
-0.0	-73972239560632.0	9.597892468329385e+20
-0.0	-149857893517120.1	9.597616331088598e+20
-0.0	-300090334953964.94	9.597904456998036e+20
-0.0	-527641380918150.2	9.596921995529169e+20
-0.0	32063665908012.684	9.599784598523897e+20
-0.0	-1250508874795046.2	9.593326962720351e+20
-0.0	3286429092061180.0	9.612172166880296e+20
-0.0	-1110428775539530.5	9.59345945135637e+20
-0.0	5357688863328901.0	9.614635801067275e+20
-0.0	-3909161919025809.0	9.59250999325192e+20
-0.0	1.07494223675152e+16	9.666670912563256e+20
-0.0	-2.0140664986393504e+16	9.400525337066587e+20
-0.0	721444227316451.2	9.687375525656616e+20
-0.0	4.177415321731672e+16	9.8244674100771e+20
-0.0	-5.989225443386717e+17	6.603500593107917e+20
-0.0	3.131741894315127e+17	1.2313641393010358e+21
-0.0	8.552801751790318e+17	-4.369430527994843e+20
-0.0	-3.758404800956774e+18	2.3007275175402277e+21
-0.0	3.227162330151783e+18	-9949829618424440.0
-0.0	3.447223953603993e+17	-7420253904756717.0
-0.0	3.289619601076208e+17	-1.4556564693618168e+21
-0.0	2.3618195744672704e+17	1.2302447781111674e+20
-0.0	-1.2510851497600794e+17	-7.266457515136597e+20
-0.0	1.719271259501065e+17	-4.465183696896074e+20
-0.0	-1.5797802282230016e+16	-5.896530627589221e+20
-0.0	7667098077878304.0	-5.938568366114629e+20
-0.0	-5941260463445753.0	-5.713650622750096e+20
-0.0	2320568153358527.0	-5.917433687818678e+20
-0.0	993083237202515.1	-5.847719655838027e+20
-0.0	368444219583650.0	-5.8728000777341665e+20
-0.0	594458583748199.4	-5.856313013706828e+20
-0.0	228606782678709.4	-5.867024565725271e+20
-0.0	458172475485531.56	-5.856719976467649e+20
-0.0	378313871536856.0	-5.8597397991727006e+20
-0.0	395347822583606.1	-5.858489999718304e+20
-0.0	318291566390625.1	-5.858889522836179e+20
-0.0	135741632478468.53	-5.858809959063868e+20
-0.0	43513790791709.48	-5.858876322459741e+20
-0.0	6377929007998.615	-5.858894216338484e+20
-0.0	-6377903343038.661	-5.8588942163378156e+20
-0.0	-43513737543841.01	-5.858876322459984e+20
-0.0	-135741752564465.11	-5.8588099590648824e+20
-0.0	-318291472261158.2	-5.858889522836894e+20
-0.0	-395347729578183.7	-5.858489999717926e+20
-0.0	-378314016161088.25	-5.859739799172636e+20
-0.0	-458172462549962.2	-5.8567199764678384e+20
-0.0	-228606679861678.7	-5.8670245657263623e+20
-0.0	-594458710987198.0	-5.856313013708315e+20
-0.0	-368444192964114.6	-5.872800077734336e+20
-0.0	-993083233268336.6	-5.847719655837642e+20
-0.0	-2320568178010251.5	-5.917433687818127e+20
-0.0	5941260376744577.0	-5.713650622750856e+20
-0.0	-7667097846941285.0	-5.9385683661138e+20
-0.0	1.5797802148315466e+16	-5.896530627588517e+20
-0.0	-1.7192712604853014e+17	-4.465183696896356e+20
-0.0	1.2510851524959838e+17	-7.266457515137131e+20
-0.0	-2.361819576567377e+17	1.2302447781112549e+20
-0.0	-3.28961959600966e+17	-1.4556564693614996e+21
-0.0	-3.4472239536946515e+17	-7420253904737992.0
-0.0	1.1387928619528118e+18	-1.1196959766364128e+16
-0.0	-3.834914892663922e+17	8.409500199389566e+20
-0.0	2.7829769892792717e+17	7.007354507560457e+18
-0.0	-3.577307545841105e+16	3.9717713517008906e+20
-0.0	4.623575844609257e+16	2.734581991077904e+20
-0.0	-3989199456544453.0	3.280048290665918e+20
-0.0	3514821427061368.0	3.366633091398505e+20
-0.0	-2275144533496994.0	3.214933229611277e+20
-0.0	1534055159332510.0	3.34898387342738e+20
-0.0	875605207383839.9	3.298482811420033e+20
-0.0	723838993748617.2	3.318138066190742e+20
-0.0	579578636429580.9	3.306996270732747e+20
-0.0	480478180033400.44	3.31259578629528e+20
-0.0	418834742259148.5	3.3072734734801686e+20
-0.0	426626466022703.44	3.3084982892669324e+20
-0.0	402090173110389.0	3.308026756988223e+20
-0.0	334683511180217.8	3.308147012061119e+20
-0.0	147244708412420.88	3.308151641132259e+20
-0.0	44263529139892.266	3.3081479633750065e+20
-0.0	3534068111205.2876	3.3081791679042657e+20
-0.0	-3534010949921.8145	3.3081791679042506e+20
-0.0	-44263571994279.88	3.3081479633748866e+20
-0.0	-147244772470481.8	3.30815164113247e+20
-0.0	-334683391314440.3	3.308147012061087e+20
-0.0	-402090131004509.5	3.30802675698862e+20
-0.0	-426626578065422.4	3.308498289266814e+20
-0.0	-418834737330112.7	3.3072734734805264e+20
-0.0	-480478129706671.1	3.3125957862955326e+20
-0.0	-579578732450440.9	3.306996270733213e+20
-0.0	-723838963063133.2	3.3181380661910503e+20
-0.0	-875605202897507.2	3.298482811419914e+20
-0.0	-1534055180363637.8	3.348983873427386e+20
-0.0	2275144465556582.0	3.2149332296116745e+20
-0.0	-3514821224662788.5	3.3666330913982585e+20
-0.0	3989199341026405.5	3.28004829066512e+20
-0.0	-4.623575853749935e+16	2.7345819910788612e+20
-0.0	3.5773075682204176e+16	3.9717713517016875e+20
-0.0	-2.7829769908961568e+17	7.007354507560103e+18
-0.0	3.834914896333072e+17	8.40950019938939e+20
-0.0	-1.1387928619579615e+18	-1.1196959766375408e+16
-0.0	9.188311862100049e+17	-8652205455270429.0
-0.0	-2.083885984504977e+17	-4.588246986851696e+20
-0.0	1.3978649234561992e+17	-4.7036117593938305e+19
-0.0	3065865627344103.5	-2.0784459150071077e+20
-0.0	8481806462185118.0	-1.5898987224785814e+20
-0.0	157595560565260.2	-1.7486066337085034e+20
-0.0	1515609022613951.2	-1.8249738021052223e+20
-0.0	-77584928004547.56	-1.7328802796356177e+20
-0.0	1053606829608988.2	-1.8128821787964916e+20
-0.0	862032113413311.0	-1.7802403414503958e+20
-0.0	759489431627478.4	-1.7937178449714515e+20
-0.0	598656059077212.1	-1.7870104116253927e+20
-0.0	524376998582512.2	-1.78981808568087e+20
-0.0	440055668910874.5	-1.7873184090955268e+20
-0.0	454167556802025.7	-1.787763627661274e+20
-0.0	415315567497139.56	-1.7876350120286834e+20
-0.0	343780513214522.7	-1.7876424437206693e+20
-0.0	148675937825214.06	-1.7876623241650176e+20
-0.0	48059503671904.586	-1.7876388636746003e+20
-0.0	10907975108958.697	-1.787661907729407e+20
-0.0	-10907931498025.863	-1.7876619077295846e+20
-0.0	-48059536834648.086	-1.787638863674742e+20
-0.0	-148675987599502.75	-1.7876623241649645e+20
-0.0	-343780399068549.1	-1.787642443720737e+20
-0.0	-415315563698829.4	-1.787635012028894e+20
-0.0	-454167641264717.75	-1.787763627661506e+20
-0.0	-440055659153005.3	-1.78731840909584e+20
-0.0	-524376957502269.7	-1.7898180856811038e+20
-0.0	-598656088549732.8	-1.787010411625214e+20
-0.0	-759489451526758.2	-1.7937178449709905e+20
-0.0	-862032103669021.8	-1.7802403414502415e+20
-0.0	-1053606841925185.8	-1.812882178796594e+20
-0.0	77584924011309.86	-1.7328802796354018e+20
-0.0	-1515608962548579.5	-1.8249738021054438e+20
-0.0	-157595601993515.97	-1.7486066337083425e+20
-0.0	-8481806497314694.0	-1.5898987224784775e+20
-0.0	-3065865565892935.5	-2.078445915006793e+20
-0.0	-1.3978649241316928e+17	-4.703611759393783e+19
-0.0	2.083885985303478e+17	-4.588246986850782e+20
-0.0	-9.188311862128826e+17	-8652205455264546.0
-0.0	6.377331701737938e+17	-1.0824208825960574e+16
-0.0	-3.3446630505191324e+16	2.2347031893525568e+20
-0.0	6.263089655856423e+16	4.678969801498426e+19
-0.0	1.0413552056803036e+16	9.46807260494751e+19
-0.0	4915235098802581.0	8.103708060543404e+19
-0.0	23138035849915.62	8.104442505910768e+19
-0.0	1297756643317156.5	8.61920171726616e+19
-0.0	544482145047268.6	8.104970776529782e+19
-0.0	1059730311894327.5	8.53656021416825e+19
-0.0	762626644567609.6	8.343316230168666e+19
-0.0	787982537902620.8	8.422562844404821e+19
-0.0	608909741587378.9	8.385567918762811e+19
-0.0	492662152521501.9	8.397048090265575e+19
-0.0	450106434823445.3	8.38623775427454e+19
-0.0	445976491866768.2	8.387252945725465e+19
-0.0	420754415090279.75	8.387217664063667e+19
-0.0	332918418122166.2	8.387004904625542e+19
-0.0	147392276732555.66	8.38718871256228e+19
-0.0	57444748751487.55	8.38698742972724e+19
-0.0	14724473566345.582	8.387167771524348e+19
-0.0	-14724445370397.607	8.387167771524219e+19
-0.0	-57444773568619.07	8.386987429726498e+19
-0.0	-147392311209003.56	8.387188712564666e+19
-0.0	-332918342788608.0	8.387004904621005e+19
-0.0	-420754407144950.56	8.387217664058994e+19
-0.0	-445976544466153.6	8.387252945722912e+19
-0.0	-450106429635300.44	8.386237754275144e+19
-0.0	-492662124321532.6	8.397048090264915e+19
-0.0	-608909766066523.1	8.385567918758796e+19
-0.0	-787982548887454.4	8.422562844401767e+19
-0.0	-762626640213511.6	8.343316230169728e+19
-0.0	-1059730322867472.5	8.536560214169299e+19
-0.0	-544482146959032.2	8.10497077652601e+19
-0.0	-1297756602077529.8	8.619201717266276e+19
-0.0	-23138060443161.24	8.10444250591165e+19
-0.0	-4915235122260516.0	8.103708060542194e+19
-0.0	-1.0413552024239234e+16	9.468072604949147e+19
-0.0	-6.263089660671406e+16	4.678969801498031e+19
-0.0	3.34466305648237e+16	2.234703189352526e+20
-0.0	-6.377331701750587e+17	-1.082420882595481e+16
-0.0	4.692170644703127e+17	-8248001418670730.0
-0.0	9763887511651646.0	-1.0757519267161958e+20
-0.0	4.743880487622298e+16	-3.7536582232273805e+19
-0.0	1.063065572922977e+16	-4.380362538750019e+19
-0.0	2811451063383214.5	-4.243099869292318e+19
-0.0	923687190602259.1	-3.800500002943451e+19
-0.0	793319619852231.9	-4.1352307727845564e+19
-0.0	980092514838985.9	-3.866501668816055e+19
-0.0	803878432537383.9	-4.094002873162925e+19
-0.0	830246339796081.4	-3.989705688794917e+19
-0.0	707444640908286.5	-4.03556301055461e+19
-0.0	593905776401986.0	-4.016269905030149e+19
-0.0	495608789018120.7	-4.02106404912874e+19
-0.0	431588236918974.06	-4.0167358685981e+19
-0.0	437491906446330.6	-4.016329561585807e+19
-0.0	392989787126137.94	-4.016693500628638e+19
-0.0	320525019356637.3	-4.0164410943919505e+19
-0.0	152150605581757.44	-4.016594749397799e+19
-0.0	62203286480838.64	-4.0164321994775994e+19
-0.0	16286213213973.258	-4.016529291197214e+19
-0.0	-16286195071072.998	-4.016529291198035e+19
-0.0	-62203301807535.445	-4.016432199478982e+19
-0.0	-152150624647011.0	-4.016594749396085e+19
-0.0	-320524973632141.06	-4.016441094393207e+19
-0.0	-392989781893376.94	-4.016693500632006e+19
-0.0	-437491939526105.4	-4.0163295615881e+19
-0.0	-431588234639381.44	-4.016735868599089e+19
-0.0	-495608772761568.0	-4.0210640491293295e+19
-0.0	-593905789941764.5	-4.0162699050296525e+19
-0.0	-707444647722894.0	-4.03556301055419e+19
-0.0	-830246338257443.1	-3.9897056887944495e+19
-0.0	-803878435988697.8	-4.0940028731622965e+19
-0.0	-980092519957692.1	-3.86650166881497e+19
-0.0	-793319599718594.1	-4.1352307727846736e+19
-0.0	-923687202408992.1	-3.800500002945143e+19
-0.0	-2811451072775288.5	-4.243099869291134e+19
-0.0	-1.0630655710887538e+16	-4.380362538750503e+19
-0.0	-4.743880490379702e+16	-3.753658223227188e+19
-0.0	-9763887481569118.0	-1.0757519267160601e+20
-0.0	-4.692170644704366e+17	-8248001418666710.0
-0.0	3.9323850483692774e+17	-1.1293913228413752e+16
-0.0	9614895106842136.0	3.908799118570439e+19
-0.0	3.989509706709328e+16	2.3563420631086703e+19
-0.0	7080016532320155.0	1.3548007887209765e+19
-0.0	4177296538368015.5	1.7293848170829396e+19
-0.0	1017291192609904.1	1.243694993466395e+19
-0.0	504600464791456.94	1.4260761403161592e+19
-0.0	1308870028011580.8	1.2994108155442897e+19
-0.0	649166647395820.9	1.400197857561943e+19
-0.0	897149797299858.2	1.347219546523747e+19
-0.0	662711102526329.5	1.3698501603300096e+19
-0.0	592189006598249.1	1.3604815375250192e+19
-0.0	474726063407665.1	1.3620521868134736e+19
-0.0	419399941137214.44	1.3612078840858386e+19
-0.0	423360098557388.2	1.360492829090578e+19
-0.0	383470418416517.06	1.3609037743224396e+19
-0.0	319374866393168.4	1.3606742325399376e+19
-0.0	168498781461681.7	1.3607905168562326e+19
-0.0	72458406214657.33	1.360700913920685e+19
-0.0	20356597965598.152	1.3607604399989662e+19
-0.0	-20356589000343.53	1.360760439998363e+19
-0.0	-72458413551762.88	1.3607009139199316e+19
-0.0	-168498790509444.4	1.3607905168568758e+19
-0.0	-319374839313709.25	1.3606742325384964e+19
-0.0	-383470423779354.56	1.3609037743196164e+19
-0.0	-423360113760353.94	1.3604928290893036e+19
-0.0	-419399939379039.1	1.3612078840861006e+19
-0.0	-474726055078119.75	1.3620521868128668e+19
-0.0	-592189004890639.0	1.360481537522364e+19
-0.0	-662711115524267.6	1.3698501603283737e+19
-0.0	-897149794316294.8	1.3472195465243843e+19
-0.0	-649166649998684.8	1.4001978575625888e+19
-0.0	-1308870020315397.2	1.2994108155432657e+19
-0.0	-504600471748522.6	1.4260761403158774e+19
-0.0	-1017291191025399.6	1.2436949934661624e+19
-0.0	-4177296537452149.0	1.7293848170834002e+19
-0.0	-7080016545129453.0	1.3548007887215686e+19
-0.0	-3.989509707191403e+16	2.3563420631092494e+19
-0.0	-9614895125761740.0	3.90879911856913e+19
-0.0	-3.932385048364917e+17	-1.1293913228415188e+16
-0.0	3.732916497821064e+17	-1.7519095837987572e+16
-0.0	-3.4708830649351864e+16	-1.8694404995961197e+19
-0.0	4.01431260480151e+16	-1.2924542522529034e+19
-0.0	2176836567619823.2	-6.557484366221594e+18
-0.0	7057924578466312.0	-8.695783879064433e+18
-0.0	946565482236408.2	-6.198588470707769e+18
-0.0	280112175550206.0	-7.134956370284571e+18
-0.0	1828436870238070.0	-6.502198340321847e+18
-0.0	547464302649589.75	-7.009690729136519e+18
-0.0	1023458456527264.9	-6.772564585908107e+18
-0.0	636321378379700.1	-6.880155583477022e+18
-0.0	642552491726528.2	-6.835046994045728e+18
-0.0	475523289164753.44	-6.839932067730365e+18
-0.0	443817888016325.5	-6.839099864029566e+18
-0.0	441003075656435.9	-6.834017382062442e+18
-0.0	402182480725228.3	-6.836866200689124e+18
-0.0	336860084334745.7	-6.835380431803209e+18
-0.0	193025546052679.12	-6.836226456878643e+18
-0.0	101430657590981.45	-6.835636489607924e+18
-0.0	30675001794910.69	-6.835846970969021e+18
-0.0	-30674998239118.246	-6.835846970972229e+18
-0.0	-101430660754470.61	-6.835636489614153e+18
-0.0	-193025548442888.4	-6.836226456873298e+18
-0.0	-336860076658274.5	-6.835380431808307e+18
-0.0	-402182479207781.25	-6.83686620070738e+18
-0.0	-441003083118998.5	-6.834017382069049e+18
-0.0	-443817887039426.94	-6.839099864027991e+18
-0.0	-475523284316241.94	-6.839932067733667e+18
-0.0	-642552494779856.1	-6.835046994053293e+18
-0.0	-636321380895833.8	-6.880155583484681e+18
-0.0	-1023458455557250.2	-6.772564585906399e+18
-0.0	-547464303284745.6	-7.009690729134098e+18
-0.0	-1828436871777352.0	-6.502198340327552e+18
-0.0	-280112174692322.9	-7.13495637028285e+18
-0.0	-946565480572203.4	-6.198588470700391e+18
-0.0	-7057924577061071.0	-8.69578387907097e+18
-0.0	-2176836567536514.8	-6.55748436622261e+18
-0.0	-4.014312605234971e+16	-1.2924542522528051e+19
-0.0	3.470883064851854e+16	-1.869440499595371e+19
-0.0	-3.73291649781598e+17	-1.7519095837982138e+16
-0.0	3.4477876598490406e+17	-2.721884613737692e+16
-0.0	6.593088652121475e+16	-2.2004860264785605e+18
-0.0	-1326832981175759.5	7.74559024236106e+18
-0.0	1.363957645241566e+16	-2.490024068047901e+18
-0.0	-4192305076768492.0	1.0410237193309471e+18
-0.0	2112127416148951.5	-1.6730624786287186e+18
-0.0	1258752242533959.0	-1.1202320879735136e+18
-0.0	789648054746332.5	-1.3897327788183132e+18
-0.0	1253339994904905.2	-1.230824675154113e+18
-0.0	844141015601785.5	-1.3138199536371361e+18
-0.0	883293718425073.1	-1.2775844041377705e+18
-0.0	618016109095505.5	-1.287657667471619e+18
-0.0	568824892221353.6	-1.289979114197832e+18
-0.0	399252308527826.3	-1.2863862221900908e+18
-0.0	417267339361951.8	-1.290016752795741e+18
-0.0	360799500966753.2	-1.2881551249937303e+18
-0.0	290737964415425.4	-1.2890761256032714e+18
-0.0	163359698023026.84	-1.2887532539854052e+18
-0.0	83901295465121.08	-1.289008521229711e+18
-0.0	27003617098055.516	-1.2888525843789256e+18
-0.0	-27003616353834.36	-1.2888525843806188e+18
-0.0	-83901295960755.03	-1.2890085212320957e+18
-0.0	-163359698747221.03	-1.288753253983916e+18
-0.0	-290737962673176.56	-1.2890761256047631e+18
-0.0	-360799500123376.5	-1.288155125002856e+18
-0.0	-417267342074866.6	-1.2900167528018734e+18
-0.0	-399252308110418.3	-1.2863862221885586e+18
-0.0	-568824890088139.2	-1.2899791142002317e+18
-0.0	-618016110468443.6	-1.2876576674774193e+18
-0.0	-883293719717175.2	-1.277584404138558e+18
-0.0	-844141015108487.0	-1.3138199536359421e+18
-0.0	-1253339995262357.8	-1.2308246751530348e+18
-0.0	-789648055660247.6	-1.3897327788172232e+18
-0.0	-1258752241890460.5	-1.1202320879685866e+18
-0.0	-2112127415444216.8	-1.673062478627732e+18
-0.0	4192305077139046.5	1.0410237193290671e+18
-0.0	-1.3639576452271802e+16	-2.4900240680506737e+18
-0.0	1326832978645050.2	7.745590242362488e+18
-0.0	-6.593088652130843e+16	-2.2004860264713603e+18
-0.0	-3.44778765984604e+17	-2.7218846137374388e+16
-0.0	2.330481586937615e+17	-2.8794239302859668e+16
-0.0	4.928503204934752e+16	-6.243735557848732e+18
-0.0	1.0199450456765084e+16	-4.637195575822566e+18
-0.0	1.0027258821486576e+16	-3.470413641443007e+18
-0.0	1812659189810004.8	-4.1206479278416297e+18
-0.0	1135999155368591.0	-3.6054711361775227e+18
-0.0	1171790546434078.0	-3.9492991447861484e+18
-0.0	949543806830130.2	-3.749228645627648e+18
-0.0	1025782456787983.0	-3.87672284668235e+18
-0.0	800125025728694.9	-3.8170908416843986e+18
-0.0	732337311257828.5	-3.8424881126858977e+18
-0.0	578811220317286.8	-3.8337100165456973e+18
-0.0	480314286884620.0	-3.834308032070429e+18
-0.0	393250911498155.6	-3.8350101317427057e+18
-0.0	379754786149020.3	-3.833683892148735e+18
-0.0	322062318137963.75	-3.834528050640365e+18
-0.0	251577129991690.38	-3.8341567329919764e+18
-0.0	145062074626880.22	-3.834470164566481e+18
-0.0	76759028861574.31	-3.8343151374731556e+18
-0.0	25023008537996.22	-3.834351763935646e+18
-0.0	-25023009007810.883	-3.8343517639357635e+18
-0.0	-76759028207234.64	-3.834315137473322e+18
-0.0	-145062074159005.28	-3.8344701645662986e+18
-0.0	-251577131327609.2	-3.8341567329920184e+18
-0.0	-322062317950539.8	-3.834528050641733e+18
-0.0	-379754785782085.2	-3.8336838921494323e+18
-0.0	-393250911586209.44	-3.835010131742825e+18
-0.0	-480314286630506.4	-3.8343080320711967e+18
-0.0	-578811220458766.9	-3.8337100165464776e+18
-0.0	-732337311396036.2	-3.842488112686636e+18
-0.0	-800125025678698.6	-3.8170908416841073e+18
-0.0	-1025782456758117.1	-3.8767228466822835e+18
-0.0	-949543807030641.9	-3.749228645627215e+18
-0.0	-1171790546392595.8	-3.949299144785298e+18
-0.0	-1135999155275121.8	-3.605471136177829e+18
-0.0	-1812659189640026.2	-4.120647927842256e+18
-0.0	-1.0027258821456818e+16	-3.470413641443265e+18
-0.0	-1.019945045670232e+16	-4.637195575822793e+18
-0.0	-4.928503204891428e+16	-6.243735557846399e+18
-0.0	-2.3304815869368314e+17	-2.8794239302850696e+16
-0.0	4.888914482760372e+16	-3.0880885487376868e+16
-0.0	-6.072887769407119e+16	-8.197202250653338e+18
-0.0	5.836750826343797e+16	1.8987667964186803e+18
-0.0	-2453183187013521.5	-3.9721725358619167e+18
-0.0	8641574041332521.0	-1.8305750672048294e+18
-0.0	674520789800987.4	-2.965282911728151e+18
-0.0	484113472534741.9	-2.712424933316659e+18
-0.0	1489475602423931.2	-2.7684577440802483e+18
-0.0	209269286754640.6	-2.7595851915029233e+18
-0.0	728093201124279.0	-2.7646144867971446e+18
-0.0	305670654746292.56	-2.764053624900621e+18
-0.0	396671952938266.4	-2.761026725914974e+18
-0.0	228751729701974.62	-2.7647507694981806e+18
-0.0	235980019693473.88	-2.761740645002644e+18
-0.0	214662601707715.5	-2.7630755730806226e+18
-0.0	182778312878574.62	-2.7624852576387144e+18
-0.0	140841333821021.1	-2.762802684905166e+18
-0.0	78298197955699.78	-2.7627980533491005e+18
-0.0	42373889991721.14	-2.7628624450221317e+18
-0.0	13021076725014.902	-2.762829753411343e+18
-0.0	-13021077133785.584	-2.7628297534114345e+18
-0.0	-42373889421996.734	-2.7628624450220283e+18
-0.0	-78298197570605.97	-2.7627980533492813e+18
-0.0	-140841334866936.38	-2.762802684904991e+18
-0.0	-182778312916046.84	-2.7624852576392125e+18
-0.0	-214662601179593.28	-2.7630755730804444e+18
-0.0	-235980019750194.97	-2.761740645002905e+18
-0.0	-228751729759391.34	-2.764750769497958e+18
-0.0	-396671952806445.44	-2.761026725915577e+18
-0.0	-305670654729808.8	-2.7640536249004165e+18
-0.0	-728093201058737.8	-2.7646144867973816e+18
-0.0	-209269286725360.56	-2.7595851915030093e+18
-0.0	-1489475602395070.8	-2.7684577440798925e+18
-0.0	-484113472773784.75	-2.712424933317274e+18
-0.0	-674520789682277.2	-2.9652829117271567e+18
-0.0	-8641574041201439.0	-1.8305750672049572e+18
-0.0	2453183186801819.0	-3.9721725358615854e+18
-0.0	-5.836750826322328e+16	1.8987667964189914e+18
-0.0	6.072887769409057e+16	-8.197202250652335e+18
-0.0	-4.888914482761473e+16	-3.0880885487368656e+16
-0.0	-5962155225410738.0	4323507445384087.5
-0.0	3.693069978130056e+16	6202470342703403.0
-0.0	1.3793150205122888e+16	1.527557228846906e+16
-0.0	6683849654420089.0	1.0047274655989989e+17
-0.0	2149571515243290.0	1.3922159059099197e+17
-0.0	654850247963167.2	1.465711352450239e+17
-0.0	865765630722184.4	1.4570646905753885e+17
-0.0	488418978672623.7	1.4557364660599594e+17
-0.0	640792754327155.2	1.4606717769143818e+17
-0.0	393500987459812.94	1.457860353644847e+17
-0.0	370908982605861.94	1.464007015718613e+17
-0.0	245970115704964.62	1.4682351128078534e+17
-0.0	174646758041699.38	1.4722391312417904e+17
-0.0	133120086025311.58	1.474499420738861e+17
-0.0	131440915514960.9	1.4769868413000333e+17
-0.0	110038389474270.61	1.4769412140016787e+17
-0.0	80358923548062.3	1.476660949406322e+17
-0.0	41922164681763.125	1.476281625670035e+17
-0.0	20463028036243.223	1.4767235511829898e+17
-0.0	7130771945260.408	1.4771700754213565e+17
-0.0	-7130771945862.482	1.4771700754213062e+17
-0.0	-20463028038928.945	1.476723551182908e+17
-0.0	-41922164681274.31	1.4762816256700336e+17
-0.0	-80358923545969.53	1.4766609494064522e+17
-0.0	-110038389474480.77	1.4769412140018874e+17
-0.0	-131440915516766.28	1.4769868413001766e+17
-0.0	-133120086023884.83	1.4744994207388723e+17
-0.0	-174646758041951.94	1.472239131241807e+17
-0.0	-245970115704904.53	1.4682351128079267e+17
-0.0	-370908982608079.94	1.464007015718609e+17
-0.0	-393500987460952.75	1.4578603536446806e+17
-0.0	-640792754325046.8	1.4606717769140112e+17
-0.0	-488418978675413.75	1.4557364660595805e+17
-0.0	-865765630721595.9	1.457064690575165e+17
-0.0	-654850247961108.5	1.4657113524501706e+17
-0.0	-2149571515256460.8	1.3922159059098459e+17
-0.0	-6683849654413122.0	1.0047274655989896e+17
-0.0	-1.3793150205127516e+16	1.5275572288453282e+16
-0.0	-3.693069978129387e+16	6202470342668760.0
-0.0	5962155225414975.0	4323507445385832.0
