1600
-0.0	-1.4367121403734677e+30	-1.436712140373373e+30
-0.0	3.6771449250156016e+29	-4.047212450312789e+30
-0.0	-1.0301204803209155e+29	-3.118114176683979e+30
-0.0	3.634233442228106e+28	-2.865767370000299e+30
-0.0	-2.640756260976439e+28	-2.3027623294013708e+30
-0.0	7.967952124973671e+26	-2.4076874156510535e+30
-0.0	2.476259583165267e+27	-2.5070144437852854e+30
-0.0	-5.103269658500118e+27	-2.5749003016434154e+30
-0.0	3.0123753114275776e+27	-2.587540468955217e+30
-0.0	-9.551992474570407e+26	-2.5825051324060414e+30
-0.0	9.965355771427847e+26	-2.5797048741852576e+30
-0.0	-1.4729180717056114e+26	-2.5794945708071643e+30
-0.0	4.12871175628903e+26	-2.580091178095584e+30
-0.0	-8.621261618718316e+25	-2.5795538312032723e+30
-0.0	3.4062193827257407e+25	-2.579646309043061e+30
-0.0	-1.162789215072147e+25	-2.5794552852288536e+30
-0.0	-3.950417804299638e+24	-2.5794934726206155e+30
-0.0	1.0169642324770677e+24	-2.579507826054366e+30
-0.0	-8.391059273403012e+24	-2.579553317414983e+30
-0.0	5.811311967222334e+24	-2.5795666977417093e+30
-0.0	-5.811312089870018e+24	-2.5795666977417414e+30
-0.0	8.391059142901977e+24	-2.5795533174150487e+30
-0.0	-1.0169643399664891e+24	-2.579507826054404e+30
-0.0	3.950417697683029e+24	-2.5794934726206036e+30
-0.0	1.1627892033872354e+25	-2.579455285228845e+30
-0.0	-3.406219396312864e+25	-2.5796463090430275e+30
-0.0	8.621261608358656e+25	-2.579553831203321e+30
-0.0	-4.128711757449123e+26	-2.5800911780956294e+30
-0.0	1.4729180705605302e+26	-2.5794945708072313e+30
-0.0	-9.96535577284648e+26	-2.5797048741853156e+30
-0.0	9.5519924731928e+26	-2.5825051324060037e+30
-0.0	-3.0123753115005313e+27	-2.587540468955134e+30
-0.0	5.103269658354505e+27	-2.574900301643398e+30
-0.0	-2.476259583301518e+27	-2.5070144437852936e+30
-0.0	-7.96795212563117e+26	-2.407687415650985e+30
-0.0	2.640756260954413e+28	-2.302762329401121e+30
-0.0	-3.634233442234171e+28	-2.865767369999674e+30
-0.0	1.0301204803186326e+29	-3.1181141766833704e+30
-0.0	-3.677144925017003e+29	-4.0472124503121753e+30
-0.0	1.436712140373214e+30	-1.4367121403731597e+30
-0.0	-4.6085256944086984e+29	1.1216853480078104e+29
-0.0	-4.6073234688096605e+30	6.768774625093798e+32
-0.0	-3.209162087849304e+29	-1.6234784656216723e+32
-0.0	-1.7193037236396435e+29	1.2743376937445883e+32
-0.0	1.3348883975480039e+29	-6.2116628057656615e+31
-0.0	5.65181764879737e+28	4.097884662549861e+31
-0.0	-3.6251202831912453e+28	5.88668271178214e+30
-0.0	3.541243904850344e+28	2.0656268741762474e+31
-0.0	-2.0633069434463924e+28	1.296288818358388e+31
-0.0	8.69389962415698e+27	1.6717407712262042e+31
-0.0	-5.293883811826594e+27	1.5179519382814837e+31
-0.0	8.321532947672395e+26	1.5551124218659888e+31
-0.0	-8.082309663478773e+26	1.571027724565723e+31
-0.0	-1.7306672868672735e+26	1.5517590520258727e+31
-0.0	1.4445817162766474e+26	1.5661901116992742e+31
-0.0	-1.3855689506432364e+26	1.5583632744050339e+31
-0.0	5.080398241537793e+25	1.5621694271100147e+31
-0.0	-6.25736818068134e+25	1.5603868496969765e+31
-0.0	4.082667277130901e+25	1.5617492046937348e+31
-0.0	-2.5892356882462723e+25	1.5611662278336033e+31
-0.0	2.589235658275975e+25	1.56116622783334e+31
-0.0	-4.0826672963044355e+25	1.5617492046944032e+31
-0.0	6.257368130993871e+25	1.5603868496986996e+31
-0.0	-5.080398289707927e+25	1.5621694271089847e+31
-0.0	1.3855689465650886e+26	1.55836327440398e+31
-0.0	-1.4445817175703965e+26	1.5661901116994294e+31
-0.0	1.7306672810359143e+26	1.5517590520261823e+31
-0.0	8.082309659056141e+26	1.5710277245668205e+31
-0.0	-8.321532950982113e+26	1.5551124218665335e+31
-0.0	5.293883811739088e+27	1.517951938280637e+31
-0.0	-8.693899624371624e+27	1.6717407712264557e+31
-0.0	2.063306943366792e+28	1.2962888183580798e+31
-0.0	-3.5412439048489975e+28	2.0656268741738442e+31
-0.0	3.6251202831447386e+28	5.886682711811653e+30
-0.0	-5.651817648868968e+28	4.09788466255338e+31
-0.0	-1.334888397543407e+29	-6.211662805771382e+31
-0.0	1.719303723603552e+29	1.274337693744244e+32
-0.0	3.2091620878475385e+29	-1.623478465621795e+32
-0.0	4.6073234688006764e+30	6.768774625093151e+32
-0.0	4.608525694410083e+29	1.1216853480077789e+29
-0.0	1.8791034856540274e+30	-5.866316904835592e+28
-0.0	-1.0400497104349791e+30	-1.5880018588046724e+32
-0.0	2.6133383803550303e+29	2.636099241113552e+31
-0.0	-1.0951632383813154e+29	-2.8849994303745067e+31
-0.0	1.590424838164198e+29	-4.2223888476776427e+30
-0.0	-1.0648167630871726e+28	-1.7305456250767281e+31
-0.0	-1.0792460816687947e+27	-1.819897644312625e+31
-0.0	5.972478425046028e+27	-1.679053168734966e+31
-0.0	-3.5236490580122386e+27	-1.8051872266202393e+31
-0.0	1.475335347729358e+27	-1.7454171449333785e+31
-0.0	-1.458778427937055e+27	-1.7756030469024696e+31
-0.0	6.694073233182821e+26	-1.7564193879817184e+31
-0.0	-7.862377424948204e+26	-1.767409378215909e+31
-0.0	2.891641970506645e+26	-1.7592651768706664e+31
-0.0	-1.2744359396709192e+26	-1.7619752587479618e+31
-0.0	5.483417760152629e+25	-1.7608831095435926e+31
-0.0	-1.020561565611885e+25	-1.7611918310850847e+31
-0.0	7.225682144166909e+24	-1.7611592612427348e+31
-0.0	2.210622333636941e+24	-1.7611271697104543e+31
-0.0	-2.5708477436866085e+24	-1.761192735022689e+31
-0.0	2.5708478583270026e+24	-1.7611927350226582e+31
-0.0	-2.210622226651263e+24	-1.7611271697105793e+31
-0.0	-7.225681999910562e+24	-1.7611592612428159e+31
-0.0	1.0205615791479268e+25	-1.7611918310851133e+31
-0.0	-5.4834177496854985e+25	-1.760883109543629e+31
-0.0	1.2744359404829307e+26	-1.761975258747782e+31
-0.0	-2.8916419687602485e+26	-1.7592651768707808e+31
-0.0	7.862377426431647e+26	-1.767409378215849e+31
-0.0	-6.694073231765623e+26	-1.756419387981788e+31
-0.0	1.458778428007019e+27	-1.775603046902538e+31
-0.0	-1.4753353476092734e+27	-1.7454171449334227e+31
-0.0	3.5236490581828273e+27	-1.805187226620119e+31
-0.0	-5.972478425007128e+27	-1.679053168734961e+31
-0.0	1.07924608183059e+27	-1.8198976443127677e+31
-0.0	1.064816763105591e+28	-1.7305456250764786e+31
-0.0	-1.590424838165715e+29	-4.2223888476766373e+30
-0.0	1.0951632383797833e+29	-2.8849994303742797e+31
-0.0	-2.6133383803560398e+29	2.6360992411137655e+31
-0.0	1.0400497104340575e+30	-1.5880018588045577e+32
-0.0	-1.8791034856535576e+30	-5.866316904835102e+28
-0.0	1.6977143801539042e+30	8.054016585676889e+27
-0.0	-3.511005900370156e+29	1.1724224646356037e+32
-0.0	3.3473875685590256e+29	-2.771733785892975e+31
-0.0	-1.5381291863913051e+29	6.153422585580672e+31
-0.0	2.8064321317455127e+29	1.090672370293368e+31
-0.0	-4.0464686290281545e+28	4.665174747587052e+31
-0.0	-1.2551864142545534e+28	4.17153148107269e+31
-0.0	1.7259745184971084e+28	4.211745232049236e+31
-0.0	-9.304934648564417e+27	4.201490893831802e+31
-0.0	3.117967025210808e+27	4.227356493196453e+31
-0.0	-3.7726856626764126e+27	4.216752395505117e+31
-0.0	1.4879303609043406e+27	4.210341158223596e+31
-0.0	-2.38716334378048e+27	4.223938067785234e+31
-0.0	7.544563927643951e+26	4.211539167185257e+31
-0.0	-3.341279385737409e+26	4.218521505510565e+31
-0.0	1.6592340227800712e+26	4.215073345709432e+31
-0.0	-1.974619464532562e+25	4.2166147524659385e+31
-0.0	3.1967004798093305e+25	4.2159539382307485e+31
-0.0	6.208129209036825e+24	4.216430521184084e+31
-0.0	-8.130113757500618e+24	4.216247915933714e+31
-0.0	8.130113745437893e+24	4.216247915933679e+31
-0.0	-6.20812919841825e+24	4.216430521184302e+31
-0.0	-3.1967004765170053e+25	4.215953938230897e+31
-0.0	1.9746194600599806e+25	4.216614752465744e+31
-0.0	-1.6592340224896922e+26	4.2150733457093755e+31
-0.0	3.341279385402569e+26	4.218521505510333e+31
-0.0	-7.544563927152586e+26	4.211539167185377e+31
-0.0	2.3871633438346696e+27	4.2239380677852025e+31
-0.0	-1.4879303609248124e+27	4.210341158223636e+31
-0.0	3.7726856626675456e+27	4.216752395505124e+31
-0.0	-3.1179670252033247e+27	4.227356493196632e+31
-0.0	9.304934648595984e+27	4.201490893831748e+31
-0.0	-1.7259745185101143e+28	4.211745232048894e+31
-0.0	1.255186414272817e+28	4.171531481073011e+31
-0.0	4.046468629025737e+28	4.665174747586841e+31
-0.0	-2.8064321317484942e+29	1.090672370292812e+31
-0.0	1.5381291863916227e+29	6.153422585580405e+31
-0.0	-3.347387568559595e+29	-2.7717337858931774e+31
-0.0	3.511005900367343e+29	1.172422464635695e+32
-0.0	-1.6977143801533927e+30	8.054016585687102e+27
-0.0	5.969457524898837e+29	-3.8187677371457985e+27
-0.0	-4.758934291851073e+29	-5.382717460873135e+31
-0.0	9.023679249897583e+28	-4.023250440254306e+30
-0.0	-1.0581032359706544e+29	1.0088689952431502e+31
-0.0	1.3926249572545616e+29	-7.912796994573057e+30
-0.0	-2.9753127608775624e+28	6.130507202085482e+30
-0.0	-2.4290298005032995e+27	2.1494449551071316e+30
-0.0	7.228219682264922e+27	3.840323708639236e+30
-0.0	-2.8835908694751083e+27	2.3738502152700125e+30
-0.0	1.0847767359953168e+27	3.1525832934582166e+30
-0.0	-9.305766381202542e+26	2.784393004512448e+30
-0.0	1.0869566091938878e+27	2.9207989557166795e+30
-0.0	-1.5611230835285217e+27	2.9562259283963683e+30
-0.0	5.692499411959522e+26	2.9191918404394446e+30
-0.0	-2.6198398009698526e+26	2.957021380515833e+30
-0.0	1.3902417002505545e+26	2.937015505450339e+30
-0.0	-2.440179344715389e+25	2.9470417619140054e+30
-0.0	3.171716319405531e+25	2.9421326983053043e+30
-0.0	6.118976540110013e+23	2.9457418909301074e+30
-0.0	-3.558029418645275e+24	2.944117587898384e+30
-0.0	3.5580294105381503e+24	2.9441175878983635e+30
-0.0	-6.118976530914752e+23	2.945741890931207e+30
-0.0	-3.1717163164115663e+25	2.942132698308514e+30
-0.0	2.4401793390463606e+25	2.9470417619115836e+30
-0.0	-1.3902416996663676e+26	2.937015505447292e+30
-0.0	2.619839800601566e+26	2.9570213805160585e+30
-0.0	-5.6924994115467346e+26	2.919191840439618e+30
-0.0	1.5611230835793802e+27	2.956225928398013e+30
-0.0	-1.0869566092380676e+27	2.9207989557167364e+30
-0.0	9.305766381064453e+26	2.784393004510227e+30
-0.0	-1.0847767360020511e+27	3.152583293458626e+30
-0.0	2.883590869525621e+27	2.373850215270267e+30
-0.0	-7.228219682390481e+27	3.8403237086345136e+30
-0.0	2.4290298006972223e+27	2.149444955109438e+30
-0.0	2.9753127608726454e+28	6.130507202091381e+30
-0.0	-1.3926249572589999e+29	-7.912796994580564e+30
-0.0	1.0581032359733756e+29	1.008868995242885e+31
-0.0	-9.023679249910278e+28	-4.0232504402550056e+30
-0.0	4.758934291852717e+29	-5.382717460871147e+31
-0.0	-5.969457524896698e+29	-3.8187677371414015e+27
-0.0	1.1056986857760861e+29	-2.318725630854531e+26
-0.0	-1.3327982027529095e+30	2.7882333561321173e+31
-0.0	2.35774905445711e+29	-1.393203566568167e+31
-0.0	-1.1429337644645624e+29	3.819062609810105e+31
-0.0	8.369801544331631e+28	5.103463793568394e+30
-0.0	-1.5160098606652626e+27	2.586717557921502e+31
-0.0	-6.989254280155573e+27	2.2680606876913787e+31
-0.0	1.2323624755245918e+28	2.3084813067053947e+31
-0.0	-7.483163402459569e+27	2.281232325778231e+31
-0.0	2.391528271280388e+27	2.3275847103951135e+31
-0.0	-2.3512794538277117e+27	2.306049917800277e+31
-0.0	3.357679773893285e+26	2.311109053259721e+31
-0.0	-1.2396551275325892e+27	2.3200394032642496e+31
-0.0	2.1724632677141175e+26	2.31118813006541e+31
-0.0	-7.531698460630065e+25	2.3161599413543224e+31
-0.0	3.773701513686995e+25	2.313741459135063e+31
-0.0	1.3315059091593718e+25	2.31484692917009e+31
-0.0	4.936041722768859e+24	2.3143457786085763e+31
-0.0	2.476889951320128e+25	2.3147097104270264e+31
-0.0	-1.8627465351835315e+25	2.3145689947139045e+31
-0.0	1.8627465427872113e+25	2.3145689947139423e+31
-0.0	-2.476889942913614e+25	2.3147097104271476e+31
-0.0	-4.936041677983395e+24	2.3143457786087047e+31
-0.0	-1.331505904683623e+25	2.3148469291699623e+31
-0.0	-3.7737015071276786e+25	2.3137414591349957e+31
-0.0	7.531698469613496e+25	2.316159941354148e+31
-0.0	-2.1724632673213476e+26	2.311188130065559e+31
-0.0	1.2396551275876494e+27	2.320039403264238e+31
-0.0	-3.357679773256677e+26	2.311109053259769e+31
-0.0	2.3512794539230792e+27	2.306049917800309e+31
-0.0	-2.3915282711991535e+27	2.3275847103951527e+31
-0.0	7.483163402472419e+27	2.2812323257781485e+31
-0.0	-1.232362475513856e+28	2.3084813067053443e+31
-0.0	6.989254280241333e+27	2.26806068769173e+31
-0.0	1.5160098606700458e+27	2.5867175579215015e+31
-0.0	-8.369801544341965e+28	5.103463793563345e+30
-0.0	1.1429337644642696e+29	3.8190626098095206e+31
-0.0	-2.3577490544599235e+29	-1.3932035665683098e+31
-0.0	1.3327982027530753e+30	2.7882333561341606e+31
-0.0	-1.1056986857760299e+29	-2.3187256308370182e+26
-0.0	2.414738112053406e+29	-2.693240503202869e+26
-0.0	-1.8538021926228223e+30	-8.685474636098383e+29
-0.0	3.990316871735078e+29	-1.2539433913985347e+31
-0.0	-1.4649738589694577e+29	2.922145838120721e+31
-0.0	7.96782736824429e+28	1.0699509611849898e+30
-0.0	9.68963771862806e+27	1.947037413227145e+31
-0.0	-1.2101325548370098e+28	1.6092407944678263e+31
-0.0	1.959862954884393e+28	1.669884434266296e+31
-0.0	-1.1954929607022948e+28	1.611521472134249e+31
-0.0	3.732519379836069e+27	1.6624960329622724e+31
-0.0	-3.7397571952972897e+27	1.632244396799198e+31
-0.0	4.135340406743238e+25	1.6403970689238075e+31
-0.0	-1.4595366734701785e+27	1.6472732297354192e+31
-0.0	1.1280237270800412e+26	1.6404889637160217e+31
-0.0	-2.247037945780504e+25	1.6446979937397036e+31
-0.0	-1.072676579343186e+25	1.6426790772351535e+31
-0.0	2.0573891266087065e+25	1.6435776875513504e+31
-0.0	-1.6176919958273209e+25	1.6431854869314443e+31
-0.0	3.977317225028713e+25	1.6435457776740494e+31
-0.0	-2.8071506746843156e+25	1.6434008103776334e+31
-0.0	2.807150675272889e+25	1.6434008103776197e+31
-0.0	-3.97731722213871e+25	1.643545777674137e+31
-0.0	1.617691991121183e+25	1.6431854869315988e+31
-0.0	-2.057389130325258e+25	1.6435776875512031e+31
-0.0	1.0726765777980981e+25	1.642679077235096e+31
-0.0	2.247037950712272e+25	1.6446979937396095e+31
-0.0	-1.1280237278094856e+26	1.6404889637161115e+31
-0.0	1.4595366734328333e+27	1.6472732297354938e+31
-0.0	-4.135340406944003e+25	1.6403970689238897e+31
-0.0	3.7397571953633307e+27	1.6322443967991928e+31
-0.0	-3.7325193798175366e+27	1.662496032962282e+31
-0.0	1.1954929606891936e+28	1.6115214721341557e+31
-0.0	-1.959862954875314e+28	1.6698844342661494e+31
-0.0	1.2101325548347932e+28	1.6092407944681389e+31
-0.0	-9.689637718724454e+27	1.9470374132273745e+31
-0.0	-7.967827368230505e+28	1.069950961179379e+30
-0.0	1.4649738589666591e+29	2.9221458381201685e+31
-0.0	-3.9903168717369124e+29	-1.2539433913986584e+31
-0.0	1.853802192622894e+30	-8.68547463588745e+29
-0.0	-2.4147381120541506e+29	-2.6932405032090412e+26
-0.0	4.386343261946017e+29	8.62145293865401e+26
-0.0	-2.1455694068448926e+30	6.065457195131218e+30
-0.0	4.957607161971097e+29	-9.678671275809584e+30
-0.0	-1.6368114495693325e+29	2.463039569752688e+31
-0.0	8.95044097270792e+28	1.8518700133016282e+30
-0.0	1.1420411502516195e+28	1.6476952847122627e+31
-0.0	-1.6130020026518862e+28	1.3793375717290174e+31
-0.0	2.331120768547036e+28	1.4221117695084107e+31
-0.0	-1.5214852510174703e+28	1.3902537991826676e+31
-0.0	4.3189653923270084e+27	1.429344436068104e+31
-0.0	-4.6540428069752447e+27	1.408251767893596e+31
-0.0	6.53017652536556e+25	1.4131058304695095e+31
-0.0	-1.5566196477068465e+27	1.418764216636573e+31
-0.0	1.5417038855426179e+26	1.4128611634744427e+31
-0.0	-2.3911293898816786e+25	1.416062919147082e+31
-0.0	-1.715121165438493e+25	1.4145122455100554e+31
-0.0	2.9301609639487417e+25	1.415188503296927e+31
-0.0	-2.006923544847535e+25	1.41490866334964e+31
-0.0	4.568347897911969e+25	1.415215343898466e+31
-0.0	-3.1780312045081794e+25	1.4150954208766613e+31
-0.0	3.17803121334044e+25	1.4150954208766745e+31
-0.0	-4.568347884939352e+25	1.4152153438985624e+31
-0.0	2.00692354683852e+25	1.4149086633497326e+31
-0.0	-2.930160960112658e+25	1.4151885032968452e+31
-0.0	1.7151211729223071e+25	1.414512245510022e+31
-0.0	2.3911294045978196e+25	1.416062919146992e+31
-0.0	-1.5417038856586389e+26	1.4128611634745201e+31
-0.0	1.5566196477496665e+27	1.4187642166365681e+31
-0.0	-6.530176517489176e+25	1.4131058304695174e+31
-0.0	4.6540428071507454e+27	1.4082517678935624e+31
-0.0	-4.318965392206671e+27	1.429344436068141e+31
-0.0	1.5214852510109805e+28	1.3902537991826388e+31
-0.0	-2.3311207685271395e+28	1.4221117695082473e+31
-0.0	1.6130020026546156e+28	1.379337571729225e+31
-0.0	-1.1420411502535683e+28	1.6476952847123496e+31
-0.0	-8.950440972675251e+28	1.8518700132984832e+30
-0.0	1.6368114495662077e+29	2.4630395697524817e+31
-0.0	-4.957607161973335e+29	-9.678671275810354e+30
-0.0	2.145569406845006e+30	6.065457195142488e+30
-0.0	-4.386343261946704e+29	8.62145293865269e+26
-0.0	4.918877047942379e+29	-5.2137898761230175e+26
-0.0	-2.174315972866848e+30	-5.0978182842483765e+29
-0.0	5.161700259249764e+29	-8.238069889257562e+30
-0.0	-1.7225151800983426e+29	1.9271073847978712e+31
-0.0	1.048150095030881e+29	4.0012695560039556e+29
-0.0	1.3525762854209285e+28	1.275467447020864e+31
-0.0	-1.4814112076655548e+28	1.033987978491889e+31
-0.0	2.604033119629266e+28	1.0881280162883538e+31
-0.0	-1.5185815534136488e+28	1.046456342598784e+31
-0.0	4.743762162924651e+27	1.0853855223704568e+31
-0.0	-4.702749205404939e+27	1.0648453538531286e+31
-0.0	2.585310099762216e+26	1.069272564419864e+31
-0.0	-1.6734806367172474e+27	1.0737429698749173e+31
-0.0	1.9645974706310438e+26	1.0690692158899232e+31
-0.0	-4.0206773538083885e+25	1.0718064456480176e+31
-0.0	-9.422882742598007e+24	1.0704177635600093e+31
-0.0	2.7869618743670805e+25	1.0709608093313822e+31
-0.0	-2.364736183021637e+25	1.0707289840165914e+31
-0.0	4.396453275733402e+25	1.070986257465587e+31
-0.0	-3.1197591861438282e+25	1.0708797253401174e+31
-0.0	3.119759187189954e+25	1.0708797253401072e+31
-0.0	-4.396453270109372e+25	1.0709862574656463e+31
-0.0	2.3647361771953318e+25	1.0707289840167402e+31
-0.0	-2.7869618791073303e+25	1.070960809331331e+31
-0.0	9.422882740515818e+24	1.070417763559991e+31
-0.0	4.020677359620936e+25	1.0718064456479953e+31
-0.0	-1.9645974714651708e+26	1.0690692158899777e+31
-0.0	1.6734806366854963e+27	1.0737429698749625e+31
-0.0	-2.5853100998128234e+26	1.069272564419917e+31
-0.0	4.7027492054927314e+27	1.0648453538530925e+31
-0.0	-4.743762162891726e+27	1.085385522370521e+31
-0.0	1.518581553399118e+28	1.0464563425987887e+31
-0.0	-2.6040331196175693e+28	1.0881280162881673e+31
-0.0	1.4814112076621837e+28	1.0339879784920295e+31
-0.0	-1.3525762854304212e+28	1.275467447020948e+31
-0.0	-1.0481500950281802e+29	4.0012695559742325e+29
-0.0	1.7225151800945328e+29	1.9271073847977453e+31
-0.0	-5.161700259251959e+29	-8.238069889258343e+30
-0.0	2.1743159728668166e+30	-5.097818284164139e+29
-0.0	-4.9188770479428435e+29	-5.2137898760974016e+26
-0.0	4.501117134551458e+29	1.5882050393440437e+26
-0.0	-2.0146074728705697e+30	-6.1150626337799306e+29
-0.0	4.8026100367325284e+29	-5.986155681369412e+30
-0.0	-1.622688681294746e+29	1.450182482709739e+31
-0.0	1.0028191885229707e+29	4.2019913770343385e+29
-0.0	1.161379431770212e+28	9.721042581501116e+30
-0.0	-1.3817871868925427e+28	7.893687547144669e+30
-0.0	2.4452790265693266e+28	8.308841503079603e+30
-0.0	-1.433036696352649e+28	8.00823133010908e+30
-0.0	4.074151435446185e+27	8.288610723317741e+30
-0.0	-4.5264247977466127e+27	8.13466733104209e+30
-0.0	1.6816433778003638e+26	8.169576959919758e+30
-0.0	-1.6591782389322228e+27	8.200783828450537e+30
-0.0	1.8552325361517248e+26	8.165786280572433e+30
-0.0	-3.793334031095765e+25	8.186883017402074e+30
-0.0	6.752026815576531e+24	8.176183024893028e+30
-0.0	2.967279036804302e+25	8.180483810471544e+30
-0.0	-1.934708743356996e+25	8.178784968356624e+30
-0.0	4.3768086946847195e+25	8.180744590428262e+30
-0.0	-2.7822395471800744e+25	8.179911994496969e+30
-0.0	2.782239548084371e+25	8.179911994496783e+30
-0.0	-4.376808688801852e+25	8.18074459042878e+30
-0.0	1.9347087378443902e+25	8.178784968357673e+30
-0.0	-2.9672790413514743e+25	8.180483810471149e+30
-0.0	-6.752026811346785e+24	8.176183024892772e+30
-0.0	3.79333403641177e+25	8.186883017401916e+30
-0.0	-1.855232536928905e+26	8.165786280572896e+30
-0.0	1.659178238908844e+27	8.200783828450805e+30
-0.0	-1.6816433778136273e+26	8.169576959920351e+30
-0.0	4.5264247978321156e+27	8.134667331041932e+30
-0.0	-4.0741514354094767e+27	8.288610723318243e+30
-0.0	1.4330366963399815e+28	8.008231330108993e+30
-0.0	-2.4452790265583065e+28	8.30884150307824e+30
-0.0	1.381787186889883e+28	7.893687547145668e+30
-0.0	-1.1613794317788005e+28	9.72104258150181e+30
-0.0	-1.0028191885206015e+29	4.2019913770129464e+29
-0.0	1.6226886812913565e+29	1.4501824827096595e+31
-0.0	-4.8026100367346085e+29	-5.986155681369992e+30
-0.0	2.0146074728705536e+30	-6.115062633712053e+29
-0.0	-4.501117134551586e+29	1.5882050393504168e+26
-0.0	3.7986902152172225e+29	-1.383557682226655e+26
-0.0	-1.7692718532228423e+30	-2.4062395388601023e+30
-0.0	4.249422230602855e+29	-4.2294517224683717e+30
-0.0	-1.4666489092798053e+29	9.917526983194973e+30
-0.0	9.281880995958847e+28	-4.153467452675437e+28
-0.0	9.227995195155038e+27	6.580432179793463e+30
-0.0	-1.1978037022655054e+28	5.209588629344885e+30
-0.0	2.182100900452646e+28	5.558265116810239e+30
-0.0	-1.2703233374270433e+28	5.299661844441754e+30
-0.0	3.6327524087966534e+27	5.516946194459664e+30
-0.0	-3.923342263321832e+27	5.401717529648336e+30
-0.0	2.1176831519350313e+26	5.430227100496306e+30
-0.0	-1.4951062955663984e+27	5.450417732084206e+30
-0.0	1.8680181654935393e+26	5.426842058678277e+30
-0.0	-5.478794099910253e+25	5.441717755236194e+30
-0.0	7.225458497954022e+24	5.43433527694236e+30
-0.0	2.0391414273674993e+25	5.437481333209133e+30
-0.0	-1.7239121323124137e+25	5.43622982806234e+30
-0.0	3.8298291175410006e+25	5.437649289183997e+30
-0.0	-2.4964103598457007e+25	5.437021491011928e+30
-0.0	2.4964103574240912e+25	5.437021491011854e+30
-0.0	-3.8298291157581606e+25	5.43764928918428e+30
-0.0	1.7239121251291018e+25	5.436229828063032e+30
-0.0	-2.039141434288782e+25	5.437481333208749e+30
-0.0	-7.225458524197546e+24	5.434335276942204e+30
-0.0	5.478794101955664e+25	5.441717755236025e+30
-0.0	-1.8680181665213144e+26	5.426842058678543e+30
-0.0	1.4951062955174267e+27	5.450417732084517e+30
-0.0	-2.1176831522793887e+26	5.430227100496566e+30
-0.0	3.9233422633632117e+27	5.4017175296483e+30
-0.0	-3.632752408798696e+27	5.51694619446012e+30
-0.0	1.270323337412648e+28	5.299661844441781e+30
-0.0	-2.1821009004473694e+28	5.558265116809131e+30
-0.0	1.1978037022606964e+28	5.209588629345628e+30
-0.0	-9.227995195268474e+27	6.580432179794058e+30
-0.0	-9.281880995941517e+28	-4.153467452836254e+28
-0.0	1.4666489092766878e+29	9.91752698319454e+30
-0.0	-4.2494222306046186e+29	-4.229451722468834e+30
-0.0	1.7692718532228035e+30	-2.4062395388550608e+30
-0.0	-3.79869021521718e+29	-1.3835576822071758e+26
-0.0	2.9945457091692768e+29	1.7275495831702543e+25
-0.0	-1.436561911486753e+30	-2.8487396865278123e+30
-0.0	3.4913522383388e+29	-2.622457930431198e+30
-0.0	-1.2183260607734685e+29	6.125490661999166e+30
-0.0	7.875810326961018e+28	-1.8988189547568755e+29
-0.0	6.947826845050279e+27	4.0640509577945953e+30
-0.0	-9.865191910453837e+27	3.156104854586424e+30
-0.0	1.7982639815971495e+28	3.4039509291779083e+30
-0.0	-1.0466747252823107e+28	3.2124845740092887e+30
-0.0	2.9543538257994243e+27	3.363282897815944e+30
-0.0	-3.2540137667068396e+27	3.2849335961828105e+30
-0.0	1.518131274740333e+26	3.304847418967907e+30
-0.0	-1.2649321707319625e+27	3.317137174860714e+30
-0.0	1.5615976596155247e+26	3.3022868605745606e+30
-0.0	-5.568098926585585e+25	3.311784768088798e+30
-0.0	1.0689673644725377e+25	3.3070753262283094e+30
-0.0	1.773403422037118e+25	3.309063485982684e+30
-0.0	-1.1033778030856648e+25	3.308227157400916e+30
-0.0	3.184130995345719e+25	3.309153406137148e+30
-0.0	-2.0446398513462014e+25	3.308735387632643e+30
-0.0	2.044639844863683e+25	3.3087353876326327e+30
-0.0	-3.184130999172817e+25	3.309153406137473e+30
-0.0	1.1033777925115021e+25	3.308227157401269e+30
-0.0	-1.7734034321012651e+25	3.309063485982517e+30
-0.0	-1.0689673711913479e+25	3.307075326228114e+30
-0.0	5.5680989228207e+25	3.3117847680887695e+30
-0.0	-1.5615976609869e+26	3.302286860574747e+30
-0.0	1.264932170641931e+27	3.317137174860803e+30
-0.0	-1.5181312756043213e+26	3.304847418967984e+30
-0.0	3.254013766693197e+27	3.284933596182642e+30
-0.0	-2.954353825845776e+27	3.3632828978161226e+30
-0.0	1.0466747252652373e+28	3.2124845740091265e+30
-0.0	-1.798263981597646e+28	3.403950929177385e+30
-0.0	9.86519191037224e+27	3.1561048545869114e+30
-0.0	-6.947826845197447e+27	4.0640509577951453e+30
-0.0	-7.875810326950238e+28	-1.8988189547681067e+29
-0.0	1.2183260607704662e+29	6.12549066199856e+30
-0.0	-3.491352238339784e+29	-2.6224579304314745e+30
-0.0	1.4365619114867632e+30	-2.848739686524392e+30
-0.0	-2.994545709169271e+29	1.727549583322026e+25
-0.0	2.11690920824961e+29	-3.5490734518704046e+25
-0.0	-1.0526701413740902e+30	-2.7520045599740435e+30
-0.0	2.5955688738109674e+29	-1.4300675613896766e+30
-0.0	-9.228542960104117e+28	3.2435051695642007e+30
-0.0	6.070548941248716e+28	-2.6909083020062222e+29
-0.0	4.5150585968153087e+27	2.139040242895862e+30
-0.0	-7.247741735939146e+27	1.5985607506925492e+30
-0.0	1.3422134832568702e+28	1.763189342291898e+30
-0.0	-7.790158270451063e+27	1.633362815229309e+30
-0.0	2.1433620771421968e+27	1.7275915770558303e+30
-0.0	-2.439914595167116e+27	1.678876119468036e+30
-0.0	1.1188223723590087e+26	1.6920386621366926e+30
-0.0	-9.743136785387535e+26	1.6985552798706527e+30
-0.0	1.3063073134483368e+26	1.6907553606919783e+30
-0.0	-4.7000336037295304e+25	1.6961311456610246e+30
-0.0	1.0171141190144627e+25	1.6934748874163872e+30
-0.0	1.3551888203977774e+25	1.6946323448960626e+30
-0.0	-6.738055014000808e+24	1.6941540539448147e+30
-0.0	2.271501847758096e+25	1.6946948718845274e+30
-0.0	-1.5173916642663448e+25	1.6944497353766667e+30
-0.0	1.5173916636572838e+25	1.6944497353766282e+30
-0.0	-2.271501846358224e+25	1.6946948718845795e+30
-0.0	6.738054978241332e+24	1.6941540539449256e+30
-0.0	-1.3551888234073182e+25	1.6946323448960472e+30
-0.0	-1.0171141203886055e+25	1.6934748874165026e+30
-0.0	4.700033604685555e+25	1.696131145661e+30
-0.0	-1.3063073139986546e+26	1.6907553606920472e+30
-0.0	9.743136785133404e+26	1.6985552798706713e+30
-0.0	-1.1188223725131941e+26	1.6920386621367064e+30
-0.0	2.4399145952015166e+27	1.6788761194679928e+30
-0.0	-2.143362077138186e+27	1.7275915770559395e+30
-0.0	7.790158270371814e+27	1.6333628152292949e+30
-0.0	-1.342213483253072e+28	1.7631893422915558e+30
-0.0	7.247741735916944e+27	1.5985607506928242e+30
-0.0	-4.5150585968720017e+27	2.1390402428961784e+30
-0.0	-6.070548941239358e+28	-2.6909083020119893e+29
-0.0	9.228542960086713e+28	3.24350516956404e+30
-0.0	-2.5955688738120025e+29	-1.430067561389833e+30
-0.0	1.0526701413741005e+30	-2.752004559972131e+30
-0.0	-2.116909208249601e+29	-3.5490734518002983e+25
-0.0	1.266925144694902e+29	5.331850607623584e+24
-0.0	-6.628554643344837e+29	-2.1277956963875217e+30
-0.0	1.6662852425704444e+29	-6.1361309471378414e+29
-0.0	-6.048660547258822e+28	1.3357927083535387e+30
-0.0	4.084340888213589e+28	-2.4464510444251293e+29
-0.0	2.3427359407213753e+27	8.686572687819891e+29
-0.0	-4.502603258948002e+27	5.990545266025317e+29
-0.0	8.630932190301437e+27	6.930679040962597e+29
-0.0	-4.964146407384965e+27	6.169962171706512e+29
-0.0	1.3321956492463196e+27	6.67684448967278e+29
-0.0	-1.5595159650374624e+27	6.421786739460378e+29
-0.0	7.551462436875443e+25	6.495939107262116e+29
-0.0	-6.460750328598882e+26	6.521934906366606e+29
-0.0	9.745612657511954e+25	6.490178749710904e+29
-0.0	-3.6471645317360592e+25	6.514646629291557e+29
-0.0	9.797264768165774e+24	6.502313998916096e+29
-0.0	8.891477288093265e+24	6.507763674061408e+29
-0.0	-2.8253204293667706e+24	6.505422660964814e+29
-0.0	1.4436122902683203e+25	6.508018619333265e+29
-0.0	-9.396579887717907e+24	6.50679066735827e+29
-0.0	9.396579885705575e+24	6.5067906673581e+29
-0.0	-1.443612289239326e+25	6.508018619333869e+29
-0.0	2.8253204029754394e+24	6.505422660965389e+29
-0.0	-8.891477309675361e+24	6.507763674061936e+29
-0.0	-9.797264775802338e+24	6.502313998915135e+29
-0.0	3.647164532620088e+25	6.514646629291382e+29
-0.0	-9.745612660533474e+25	6.490178749710968e+29
-0.0	6.460750328437767e+26	6.521934906367104e+29
-0.0	-7.551462438556173e+25	6.495939107261729e+29
-0.0	1.5595159650558622e+27	6.4217867394599e+29
-0.0	-1.332195649240783e+27	6.676844489672666e+29
-0.0	4.964146407333719e+27	6.169962171705981e+29
-0.0	-8.63093219027639e+27	6.930679040961234e+29
-0.0	4.5026032589466476e+27	5.9905452660262376e+29
-0.0	-2.342735940768248e+27	8.68657268782204e+29
-0.0	-4.084340888209374e+28	-2.4464510444283705e+29
-0.0	6.048660547249337e+28	1.3357927083533934e+30
-0.0	-1.666285242571181e+29	-6.136130947138329e+29
-0.0	6.628554643345258e+29	-2.1277956963866804e+30
-0.0	-1.266925144694945e+29	5.331850607828221e+24
-0.0	5.887302811642929e+28	-1.3051136606241495e+24
-0.0	-3.367506971571667e+29	-1.234762679891023e+30
-0.0	8.713353066031116e+28	-1.7976831824743887e+29
-0.0	-3.233116726872588e+28	3.5156280624772526e+29
-0.0	2.2605997897246495e+28	-1.5475675525244391e+29
-0.0	7.746716585131884e+26	2.210201323810305e+29
-0.0	-2.229653349016873e+27	1.1791344933465967e+29
-0.0	4.475231333897636e+27	1.6055012085982573e+29
-0.0	-2.54194707658595e+27	1.2521834609905402e+29
-0.0	6.497120085472425e+26	1.466515376828606e+29
-0.0	-8.019127288115959e+26	1.3620677676656594e+29
-0.0	4.5091464584762774e+25	1.3956558315584913e+29
-0.0	-3.5415975676197966e+26	1.4018335620379368e+29
-0.0	6.044010837353515e+25	1.3935626436460231e+29
-0.0	-2.4082218182472407e+25	1.401630900317402e+29
-0.0	7.989300209088305e+24	1.397493116278645e+29
-0.0	4.169500947833988e+24	1.399401757740819e+29
-0.0	-4.155127619000296e+23	1.3985645379261396e+29
-0.0	7.083671189941523e+24	1.3995085784594498e+29
-0.0	-4.6689797479918427e+24	1.3990424281892675e+29
-0.0	4.66897975055784e+24	1.399042428189221e+29
-0.0	-7.083671182178309e+24	1.3995085784594056e+29
-0.0	4.155127550726638e+23	1.3985645379263391e+29
-0.0	-4.1695009536171854e+24	1.3994017577407119e+29
-0.0	-7.98930020956263e+24	1.3974931162785875e+29
-0.0	2.408221818950432e+25	1.40163090031745e+29
-0.0	-6.044010838426444e+25	1.3935626436459895e+29
-0.0	3.541597567586784e+26	1.4018335620379472e+29
-0.0	-4.509146458664251e+25	1.3956558315583657e+29
-0.0	8.01912728823869e+26	1.3620677676655547e+29
-0.0	-6.497120085407653e+26	1.4665153768286965e+29
-0.0	2.541947076566758e+27	1.25218346099063e+29
-0.0	-4.4752313338836686e+27	1.6055012085976553e+29
-0.0	2.22965334901778e+27	1.1791344933471226e+29
-0.0	-7.746716585280091e+26	2.210201323811303e+29
-0.0	-2.260599789722956e+28	-1.5475675525256218e+29
-0.0	3.2331167268686593e+28	3.515628062476866e+29
-0.0	-8.713353066035379e+28	-1.797683182474587e+29
-0.0	3.36750697157196e+29	-1.2347626798906625e+30
-0.0	-5.887302811643119e+28	-1.3051136604186326e+24
-0.0	1.6975564900437803e+28	2.7777975480694196e+23
-0.0	-1.1934573384875121e+29	-4.5384278836095286e+29
-0.0	3.237580924899814e+28	-2.099853029326597e+28
-0.0	-1.228744297847237e+28	2.1558759912938507e+28
-0.0	8.99177726824082e+27	-6.001823149254571e+28
-0.0	-2.9205750136415953e+25	9.28786641583094e+27
-0.0	-7.279643616238766e+26	-1.4998384260541968e+28
-0.0	1.6104007566103503e+27	-2.3350686501135717e+27
-0.0	-8.869449767045177e+26	-1.3088465590708412e+28
-0.0	2.022075960933213e+26	-7.260252104960555e+27
-0.0	-2.8205388058261794e+26	-9.982716992654096e+27
-0.0	2.0652485261978884e+25	-8.987584424533225e+27
-0.0	-1.4103561844117094e+26	-8.990174308126403e+27
-0.0	2.9648988273773874e+25	-9.034487777420595e+27
-0.0	-1.1924308283272163e+25	-8.892970261359625e+27
-0.0	5.283551946435032e+24	-8.968730922512009e+27
-0.0	1.4508491597778014e+24	-8.93117422340004e+27
-0.0	6.749325230691126e+23	-8.948874155691817e+27
-0.0	2.2769601043674468e+24	-8.928728469659764e+27
-0.0	-1.4816790445100742e+24	-8.939643861744954e+27
-0.0	1.4816790449189696e+24	-8.939643861745014e+27
-0.0	-2.2769601012676312e+24	-8.928728469664641e+27
-0.0	-6.74932524598707e+23	-8.948874155689109e+27
-0.0	-1.4508491625834737e+24	-8.931174223405134e+27
-0.0	-5.28355194572803e+24	-8.968730922513744e+27
-0.0	1.1924308284987685e+25	-8.892970261353326e+27
-0.0	-2.964898827659349e+25	-9.034487777422975e+27
-0.0	1.4103561844141863e+26	-8.990174308121885e+27
-0.0	-2.0652485263637833e+25	-8.987584424540109e+27
-0.0	2.8205388058606814e+26	-9.982716992665076e+27
-0.0	-2.0220759609151544e+26	-7.260252104957135e+27
-0.0	8.869449766991642e+26	-1.3088465590705085e+28
-0.0	-1.610400756607542e+27	-2.3350686501377544e+27
-0.0	7.279643616271613e+26	-1.4998384260530493e+28
-0.0	2.9205750130571464e+25	9.287866415872591e+27
-0.0	-8.991777268242821e+27	-6.001823149258642e+28
-0.0	1.2287442978467256e+28	2.1558759912928427e+28
-0.0	-3.2375809249018095e+28	-2.099853029327083e+28
-0.0	1.1934573384877786e+29	-4.538427883608737e+29
-0.0	-1.6975564900438845e+28	2.777797548004165e+23
-0.0	-5.632534900758448e+26	-3.8693036127205935e+21
-0.0	-1.4836330846087554e+28	-5.623882978951741e+28
-0.0	4.741407503103251e+27	1.653178144607266e+27
-0.0	-1.763361490586165e+27	-7.546338405939421e+27
-0.0	1.4433178810720598e+27	-7.602114470180226e+27
-0.0	-2.0446124917045122e+26	-5.628806917460624e+27
-0.0	-3.0541951445743796e+25	-7.329447077605864e+27
-0.0	1.807026968870884e+26	-6.051931822775059e+27
-0.0	-7.76272964346421e+25	-7.167406971064295e+27
-0.0	-3.411086948877539e+23	-6.64260756241559e+27
-0.0	-2.6476011032148305e+25	-6.872959643997791e+27
-0.0	5.260689348688535e+24	-6.772965463608272e+27
-0.0	-2.5425519430956603e+25	-6.795248251736784e+27
-0.0	8.87670392575395e+24	-6.775626471276417e+27
-0.0	-3.7924841110314416e+24	-6.773070643794487e+27
-0.0	2.203744450171337e+24	-6.77513488335063e+27
-0.0	6.52158572872917e+22	-6.773590039076833e+27
-0.0	6.34144157459347e+23	-6.774546628629495e+27
-0.0	4.49621797411819e+22	-6.773439115202842e+27
-0.0	-3.1073098010598857e+22	-6.774189586825715e+27
-0.0	3.1073097856473276e+22	-6.774189586825459e+27
-0.0	-4.496217963955139e+22	-6.773439115203838e+27
-0.0	-6.341441568984873e+23	-6.7745466286293e+27
-0.0	-6.521585803005969e+22	-6.773590039077547e+27
-0.0	-2.203744449797555e+24	-6.775134883350611e+27
-0.0	3.79248411062315e+24	-6.773070643793264e+27
-0.0	-8.87670392533842e+24	-6.775626471276625e+27
-0.0	2.5425519431876512e+25	-6.795248251736254e+27
-0.0	-5.260689349184432e+24	-6.772965463609233e+27
-0.0	2.6476011031832526e+25	-6.872959643999766e+27
-0.0	3.411086949707743e+23	-6.642607562415949e+27
-0.0	7.76272964349911e+25	-7.167406971063523e+27
-0.0	-1.8070269688825636e+26	-6.051931822777229e+27
-0.0	3.0541951447492457e+25	-7.329447077604864e+27
-0.0	2.044612491699165e+26	-5.628806917457307e+27
-0.0	-1.4433178810773482e+27	-7.602114470185541e+27
-0.0	1.7633614905916028e+27	-7.546338405939706e+27
-0.0	-4.741407503108053e+27	1.653178144606789e+27
-0.0	1.4836330846099383e+28	-5.62388297895082e+28
-0.0	5.632534900755548e+26	-3.8693036146394467e+21
-0.0	-3.2845237027283883e+27	5.50831936718386e+21
-0.0	1.231703359638733e+28	4.2812973735838395e+27
-0.0	-3.242134764800077e+27	-7.062273754159916e+26
-0.0	1.424656663419064e+27	1.7867116315715688e+27
-0.0	-1.0389769293911363e+27	5.903418985798734e+26
-0.0	-1.0265019618145716e+26	1.238396475892683e+27
-0.0	1.2132165826006506e+26	1.2080241659131169e+27
-0.0	-2.0439542940861916e+26	1.1485290752707982e+27
-0.0	1.2691645485821179e+26	1.2050827998071012e+27
-0.0	-3.988135584463475e+25	1.1897785567553221e+27
-0.0	3.92514096067526e+25	1.1940868622067857e+27
-0.0	-8.182649419289808e+23	1.1894261161261767e+27
-0.0	1.2244788696372406e+25	1.1937042769704065e+27
-0.0	-4.5193822114013096e+23	1.1892717167529012e+27
-0.0	4.616259853773236e+22	1.1908638624334488e+27
-0.0	3.0095472875118105e+23	1.1901431844095914e+27
-0.0	-2.396201343531234e+23	1.1903993895216952e+27
-0.0	2.540151402678247e+23	1.1903211342790139e+27
-0.0	-4.157664844618407e+23	1.1904034348109739e+27
-0.0	2.690164374532199e+23	1.1903880048326026e+27
-0.0	-2.6901643753362396e+23	1.1903880048324207e+27
-0.0	4.157664840539415e+23	1.1904034348109145e+27
-0.0	-2.5401513956444364e+23	1.1903211342788921e+27
-0.0	2.396201344397495e+23	1.1903993895214401e+27
-0.0	-3.0095472850936003e+23	1.190143184409833e+27
-0.0	-4.616259916507883e+22	1.1908638624334007e+27
-0.0	4.519382220351925e+23	1.1892717167531651e+27
-0.0	-1.2244788695753302e+25	1.193704276970826e+27
-0.0	8.182649418817448e+23	1.1894261161259018e+27
-0.0	-3.9251409607761885e+25	1.1940868622055043e+27
-0.0	3.988135584424757e+25	1.1897785567554933e+27
-0.0	-1.2691645485693009e+26	1.2050827998071377e+27
-0.0	2.0439542940732764e+26	1.1485290752706242e+27
-0.0	-1.2132165825933256e+26	1.2080241659129507e+27
-0.0	1.0265019618208161e+26	1.2383964758907805e+27
-0.0	1.0389769293883324e+27	5.9034189857837935e+26
-0.0	-1.4246566634140933e+27	1.7867116315720204e+27
-0.0	3.242134764800622e+27	-7.062273754160055e+26
-0.0	-1.2317033596383804e+28	4.281297373584345e+27
-0.0	3.284523702728206e+27	5.508319353390558e+21
-0.0	-1.2819046090075056e+27	-4.3654439322760826e+21
-0.0	7.846130277984408e+27	-3.1936047573492605e+27
-0.0	-2.4706616127050435e+27	3.9598298795834677e+26
-0.0	1.124914489874414e+27	-1.0523223166686065e+27
-0.0	-8.980647001542433e+26	-4.611385839449704e+26
-0.0	8.637704997209489e+23	-7.449156052086333e+26
-0.0	6.2969239447185596e+25	-7.625770618312634e+26
-0.0	-1.336000549776827e+26	-7.084278651381983e+26
-0.0	7.669171316654352e+25	-7.578945828872858e+26
-0.0	-1.9087048563097778e+25	-7.40219953979198e+26
-0.0	2.4053141007595575e+25	-7.467824924207145e+26
-0.0	-1.4644113923972292e+24	-7.425698795520558e+26
-0.0	1.097593877980444e+25	-7.451085262940596e+26
-0.0	-2.0234970884858314e+24	-7.425529662576571e+26
-0.0	7.926205589367916e+23	-7.432862067652438e+26
-0.0	-3.052553680998176e+23	-7.429759037820037e+26
-0.0	-1.2631697885585537e+23	-7.430695331202803e+26
-0.0	-9.929823378703527e+21	-7.430505293341961e+26
-0.0	-2.0578258462821218e+23	-7.430695659762077e+26
-0.0	1.3369116970316408e+23	-7.430761587655695e+26
-0.0	-1.3369116974029623e+23	-7.430761587657287e+26
-0.0	2.0578258439849028e+23	-7.430695659764211e+26
-0.0	9.929823635769097e+21	-7.430505293341988e+26
-0.0	1.2631697904567073e+23	-7.430695331203596e+26
-0.0	3.0525536821740603e+23	-7.429759037821764e+26
-0.0	-7.926205592256826e+23	-7.432862067653294e+26
-0.0	2.0234970887633153e+24	-7.425529662577079e+26
-0.0	-1.097593877957738e+25	-7.451085262939877e+26
-0.0	1.4644113924201705e+24	-7.425698795523407e+26
-0.0	-2.405314100799754e+25	-7.46782492421304e+26
-0.0	1.908704856290889e+25	-7.402199539791506e+26
-0.0	-7.669171316602527e+25	-7.578945828871881e+26
-0.0	1.3360005497723896e+26	-7.084278651384249e+26
-0.0	-6.296923944721439e+25	-7.625770618312858e+26
-0.0	-8.637704992763822e+23	-7.449156052092006e+26
-0.0	8.980647001540987e+26	-4.61138583945186e+26
-0.0	-1.124914489872935e+27	-1.0523223166685741e+27
-0.0	2.470661612705958e+27	3.959829879585101e+26
-0.0	-7.846130277984225e+27	-3.193604757348688e+27
-0.0	1.2819046090074248e+27	-4.365443935640846e+21
-0.0	2.0066155771835066e+26	-6.5984104993501995e+19
-0.0	6.1319148995560934e+26	1.9221140403079094e+27
-0.0	-4.838639117502837e+26	-1.955393771502865e+26
-0.0	2.6211238769926523e+26	5.54440925836787e+26
-0.0	-2.3731068414213316e+26	2.897619046310624e+26
-0.0	2.728586048198249e+25	3.996021923789658e+26
-0.0	1.2241917615947947e+24	4.227289081163038e+26
-0.0	-1.5262577395081663e+25	3.869299302570893e+26
-0.0	6.672728722435869e+24	4.191426726477145e+26
-0.0	3.367900767174136e+23	4.0650249017911856e+26
-0.0	2.0846937816701574e+24	4.115077815851047e+26
-0.0	-5.06458275853412e+23	4.0872329592530926e+26
-0.0	2.3045408119299035e+24	4.100616679165357e+26
-0.0	-8.656666362411684e+23	4.087419531406742e+26
-0.0	3.711141957264044e+23	4.090464588343333e+26
-0.0	-2.2096609606558537e+23	4.089258255300922e+26
-0.0	-2.487420973912999e+21	4.089539414887636e+26
-0.0	-6.661656959580573e+22	4.089536038441402e+26
-0.0	2.2576583604528234e+21	4.0895235765792994e+26
-0.0	-1.2870383913575058e+21	4.089620964793509e+26
-0.0	1.287038404389556e+21	4.089620964793336e+26
-0.0	-2.2576583646667512e+21	4.0895235765796835e+26
-0.0	6.661656956322913e+22	4.089536038441419e+26
-0.0	2.4874210065385165e+21	4.089539414888194e+26
-0.0	2.20966096086963e+23	4.0892582553009474e+26
-0.0	-3.711141957451787e+23	4.090464588342696e+26
-0.0	8.656666361974489e+23	4.087419531406433e+26
-0.0	-2.3045408119162216e+24	4.100616679164114e+26
-0.0	5.064582758300469e+23	4.0872329592522865e+26
-0.0	-2.0846937816528033e+24	4.115077815852162e+26
-0.0	-3.367900767098784e+23	4.065024901791195e+26
-0.0	-6.672728722472379e+24	4.191426726476962e+26
-0.0	1.5262577395137309e+25	3.869299302571242e+26
-0.0	-1.224191761666546e+24	4.227289081163022e+26
-0.0	-2.7285860481975096e+25	3.9960219237889675e+26
-0.0	2.3731068414278012e+26	2.8976190463154084e+26
-0.0	-2.6211238769953135e+26	5.544409258368214e+26
-0.0	4.8386391175061315e+26	-1.9553937715025655e+26
-0.0	-6.131914899559852e+26	1.922114040307857e+27
-0.0	-2.0066155771837853e+26	-6.598410376675284e+19
-0.0	4.4867116739090986e+26	9.138261268055941e+20
-0.0	-1.6968301669888113e+27	-1.0718456031081241e+27
-0.0	3.223339378740938e+26	8.43861104980636e+25
-0.0	-1.2364052639856378e+26	-2.7153959405170345e+26
-0.0	8.931735359126709e+25	-1.6867419199016372e+26
-0.0	1.4727713838237088e+25	-1.9966105622287253e+26
-0.0	-1.5912131489242453e+25	-2.1883879785109226e+26
-0.0	2.7286073544528656e+25	-1.971799851212975e+26
-0.0	-1.679798590173429e+25	-2.1644430820384288e+26
-0.0	5.306275174191226e+24	-2.0837527787975526e+26
-0.0	-5.359643853791111e+24	-2.117028150006991e+26
-0.0	1.1574131587412695e+23	-2.100206429924263e+26
-0.0	-1.6995565988244334e+24	-2.1067478049551737e+26
-0.0	6.67587744172151e+22	-2.1004519446041248e+26
-0.0	-8.144022742643378e+21	-2.101476774536035e+26
-0.0	-4.061442267255754e+22	-2.101137031797619e+26
-0.0	3.310964705324572e+22	-2.1011535701318293e+26
-0.0	-3.4679859726136723e+22	-2.1012097972189395e+26
-0.0	5.73426751726054e+22	-2.1011384291431782e+26
-0.0	-3.721214693737701e+22	-2.101220573636554e+26
-0.0	3.721214695298647e+22	-2.1012205736364388e+26
-0.0	-5.734267510668044e+22	-2.101138429143405e+26
-0.0	3.467985964020515e+22	-2.1012097972192075e+26
-0.0	-3.310964707405061e+22	-2.1011535701314926e+26
-0.0	4.061442266152808e+22	-2.1011370317980067e+26
-0.0	8.144022788989081e+21	-2.1014767745360026e+26
-0.0	-6.67587745268755e+22	-2.100451944604371e+26
-0.0	1.6995565988146186e+24	-2.1067478049563062e+26
-0.0	-1.1574131590085286e+23	-2.1002064299248418e+26
-0.0	5.359643853886688e+24	-2.1170281500052777e+26
-0.0	-5.306275174138292e+24	-2.0837527787973118e+26
-0.0	1.679798590156666e+25	-2.1644430820380192e+26
-0.0	-2.7286073544399258e+25	-1.9717998512124546e+26
-0.0	1.591213148923893e+25	-2.1883879785104845e+26
-0.0	-1.4727713838355305e+25	-1.996610562226062e+26
-0.0	-8.931735359084658e+25	-1.6867419198992437e+26
-0.0	1.2364052639808566e+26	-2.7153959405175448e+26
-0.0	-3.223339378741558e+26	8.438611049806695e+25
-0.0	1.6968301669887336e+27	-1.0718456031080759e+27
-0.0	-4.4867116739091316e+26	9.138261281347181e+20
-0.0	2.4932123009598555e+26	-8.746215006088335e+20
-0.0	-1.2363078421888406e+27	5.5606664473778186e+26
-0.0	3.073818338379184e+26	-2.8561506576435015e+25
-0.0	-1.376873627313939e+26	1.210033613775912e+26
-0.0	1.1418489314171792e+26	9.147783911972779e+25
-0.0	2.689351719124109e+24	9.124842652837153e+25
-0.0	-1.0776841748037641e+25	1.0460984633388507e+26
-0.0	2.1975762064887643e+25	9.241534218250679e+25
-0.0	-1.2861558142420503e+25	1.0315047409181621e+26
-0.0	3.453843130747131e+24	9.839627657555511e+25
-0.0	-4.121692295731517e+24	1.0041699199308154e+26
-0.0	2.0527699995310816e+23	9.947071048339708e+25
-0.0	-1.72509982418152e+24	9.976374454618069e+25
-0.0	2.634244222226881e+23	9.949131030447533e+25
-0.0	-9.923704771747456e+22	9.950917930747996e+25
-0.0	2.852415482352175e+22	9.95086941699305e+25
-0.0	2.2855962188034894e+22	9.950225876597456e+25
-0.0	-6.457626679760189e+21	9.950805943172108e+25
-0.0	3.80178492224362e+22	9.950102174701199e+25
-0.0	-2.4681519795587328e+22	9.950683640291307e+25
-0.0	2.4681519810966255e+22	9.950683640291063e+25
-0.0	-3.8017849185888085e+22	9.950102174701709e+25
-0.0	6.457626634959615e+21	9.950805943171421e+25
-0.0	-2.2855962200728767e+22	9.950225876596461e+25
-0.0	-2.8524154826810915e+22	9.950869416990391e+25
-0.0	9.923704774122443e+22	9.950917930746465e+25
-0.0	-2.6342442227841046e+23	9.94913103044857e+25
-0.0	1.725099824167227e+24	9.976374454612894e+25
-0.0	-2.0527699997077303e+23	9.9470710483371e+25
-0.0	4.1216922957962033e+24	1.0041699199317424e+26
-0.0	-3.453843130716209e+24	9.839627657555053e+25
-0.0	1.2861558142317149e+25	1.0315047409181705e+26
-0.0	-2.197576206481793e+25	9.24153421825448e+25
-0.0	1.0776841748070584e+25	1.0460984633387758e+26
-0.0	-2.68935171922726e+24	9.124842652844492e+25
-0.0	-1.1418489314161094e+26	9.14778391198604e+25
-0.0	1.3768736273117493e+26	1.2100336137756871e+26
-0.0	-3.073818338380522e+26	-2.856150657646153e+25
-0.0	1.2363078421889494e+27	5.560666447377615e+26
-0.0	-2.4932123009598373e+26	-8.74621500341807e+20
-0.0	8.733881962618188e+25	-7.923592003092698e+19
-0.0	-4.9308634074032605e+26	-2.6651516217296922e+26
-0.0	1.3561116149156755e+26	3.868954019086336e+24
-0.0	-6.496849903518494e+25	-4.644654139778124e+25
-0.0	5.70053205478937e+25	-4.600610425936009e+25
-0.0	-8.296059752777273e+23	-3.6450901296125887e+25
-0.0	-4.1665561599871686e+24	-4.484407181917514e+25
-0.0	9.417737929594562e+24	-3.842798874961438e+25
-0.0	-5.371930365332902e+24	-4.401305888524308e+25
-0.0	1.309318811426422e+24	-4.140443168559729e+25
-0.0	-1.7313248754879448e+24	-4.2544484670529255e+25
-0.0	1.1164234668658409e+23	-4.204895308003319e+25
-0.0	-8.168068963260716e+23	-4.216252743478818e+25
-0.0	1.574071215313254e+23	-4.206375615667516e+25
-0.0	-6.217640773936206e+22	-4.205204544830911e+25
-0.0	2.5241572821090217e+22	-4.206212490227504e+25
-0.0	9.045523217070672e+21	-4.20545252591707e+25
-0.0	1.7271326678546606e+21	-4.205920660994897e+25
-0.0	1.4654007844206205e+22	-4.205386811492171e+25
-0.0	-9.489843435041446e+21	-4.205748114350425e+25
-0.0	9.48984344743743e+21	-4.205748114351572e+25
-0.0	-1.465400784228334e+22	-4.205386811492704e+25
-0.0	-1.7271326854033449e+21	-4.205920660992719e+25
-0.0	-9.045523222464008e+21	-4.205452525916552e+25
-0.0	-2.5241572823382723e+22	-4.206212490229104e+25
-0.0	6.21764077468766e+22	-4.205204544831445e+25
-0.0	-1.5740712154667864e+23	-4.2063756156678515e+25
-0.0	8.168068963150019e+23	-4.216252743479773e+25
-0.0	-1.1164234669804615e+23	-4.204895308001479e+25
-0.0	1.7313248755173476e+24	-4.2544484670499774e+25
-0.0	-1.309318811413214e+24	-4.140443168560221e+25
-0.0	5.371930365292095e+24	-4.401305888523785e+25
-0.0	-9.417737929569683e+24	-3.8427988749610575e+25
-0.0	4.1665561600142344e+24	-4.484407181917234e+25
-0.0	8.296059752304679e+23	-3.6450901296090492e+25
-0.0	-5.700532054790291e+25	-4.600610425935881e+25
-0.0	6.496849903513266e+25	-4.644654139777653e+25
-0.0	-1.3561116149164909e+26	3.8689540190761777e+24
-0.0	4.930863407404103e+26	-2.6651516217302836e+26
-0.0	-8.733881962617843e+25	-7.923591957382811e+19
-0.0	2.3292444499069343e+25	-2.9720236236150493e+19
-0.0	-1.3466602821882404e+26	1.1521785375234852e+26
-0.0	3.920271871721685e+25	4.93009678119438e+24
-0.0	-1.992098062768248e+25	1.2658423495654381e+25
-0.0	1.8320197278420061e+25	2.102480823405296e+25
-0.0	-6.973626134161666e+23	1.0959016618668074e+25
-0.0	-1.1119332421366116e+24	1.583814442221129e+25
-0.0	2.7468380002925036e+24	1.2699056721347952e+25
-0.0	-1.534103138576521e+24	1.5397799487667176e+25
-0.0	3.429144921807058e+23	1.4060099985858011e+25
-0.0	-4.970691159422105e+23	1.4662758599086064e+25
-0.0	3.804743809593631e+22	1.4420495217958577e+25
-0.0	-2.564047167539437e+23	1.4452759823650254e+25
-0.0	5.627369442330465e+22	1.4428961600928623e+25
-0.0	-2.2774792935964227e+22	1.44115339036438e+25
-0.0	1.034082293431995e+22	1.4421831783422621e+25
-0.0	2.482963070735933e+21	1.4415968994002805e+25
-0.0	1.520911697840531e+21	1.4419079324186673e+25
-0.0	3.875769586990596e+21	1.4415561894593307e+25
-0.0	-2.5296309798466554e+21	1.441766026233679e+25
-0.0	2.529630983608323e+21	1.4417660262331496e+25
-0.0	-3.8757695862544096e+21	1.441556189459533e+25
-0.0	-1.5209116995059528e+21	1.4419079324192778e+25
-0.0	-2.4829630728217155e+21	1.4415968994002268e+25
-0.0	-1.0340822935654229e+22	1.4421831783414749e+25
-0.0	2.2774792937158824e+22	1.441153390364188e+25
-0.0	-5.62736944267624e+22	1.4428961600925387e+25
-0.0	2.5640471675372655e+23	1.4452759823644688e+25
-0.0	-3.804743809757304e+22	1.4420495217959056e+25
-0.0	4.9706911594682414e+23	1.4662758599091748e+25
-0.0	-3.4291449217707677e+23	1.406009998585924e+25
-0.0	1.5341031385663035e+24	1.5397799487667073e+25
-0.0	-2.7468380002860515e+24	1.2699056721343442e+25
-0.0	1.1119332421462774e+24	1.583814442220615e+25
-0.0	6.973626134027531e+23	1.0959016618666283e+25
-0.0	-1.8320197278433981e+25	2.102480823407013e+25
-0.0	1.992098062767569e+25	1.2658423495662361e+25
-0.0	-3.920271871725072e+25	4.930096781192487e+24
-0.0	1.3466602821887637e+26	1.1521785375230476e+26
-0.0	-2.3292444499066663e+25	-2.9720236012587536e+19
-0.0	5.279211543447276e+24	-9.112500771670406e+19
-0.0	-2.6907789376764414e+25	-4.2138338784950966e+25
-0.0	7.927475711038122e+24	-6.540463236100352e+24
-0.0	-4.332297156129972e+24	6.645067027751628e+23
-0.0	4.1900759747333106e+24	-8.301095441145044e+24
-0.0	-2.3146867171136967e+23	-5.1457096117729627e+23
-0.0	-2.179518816804284e+23	-3.162276192357704e+24
-0.0	5.855629225077013e+23	-1.7631918829924824e+24
-0.0	-3.201847960853183e+23	-2.9458799841987097e+24
-0.0	6.531754414918394e+22	-2.3126491788067518e+24
-0.0	-1.0417855797641893e+23	-2.607595990131993e+24
-0.0	9.283169594634287e+21	-2.4997243373209585e+24
-0.0	-5.811921951981957e+22	-2.500475759496124e+24
-0.0	1.399094260884672e+22	-2.5048308519273924e+24
-0.0	-5.731742927726502e+21	-2.48980864357305e+24
-0.0	2.811692271076003e+21	-2.4979181574467823e+24
-0.0	5.016346498532575e+20	-2.493908937409084e+24
-0.0	5.3725871839896745e+20	-2.4957832719522833e+24
-0.0	7.544484124823122e+20	-2.4936614713033375e+24
-0.0	-4.9258131826798186e+20	-2.494799779661253e+24
-0.0	4.9258131829279916e+20	-2.4947997796589e+24
-0.0	-7.544484114902841e+20	-2.493661471304929e+24
-0.0	-5.372587172365239e+20	-2.4957832719527585e+24
-0.0	-5.016346526018075e+20	-2.4939089374161585e+24
-0.0	-2.8116922719031756e+21	-2.497918157449959e+24
-0.0	5.731742927989792e+21	-2.489808643574239e+24
-0.0	-1.3990942609185723e+22	-2.5048308519247375e+24
-0.0	5.811921952195887e+22	-2.500475759496424e+24
-0.0	-9.283169595803863e+21	-2.4997243373277424e+24
-0.0	1.0417855797567622e+23	-2.6075959901345113e+24
-0.0	-6.531754414796127e+22	-2.3126491788088843e+24
-0.0	3.201847960838028e+23	-2.945879984196474e+24
-0.0	-5.855629225072446e+23	-1.763191882993355e+24
-0.0	2.179518816846919e+23	-3.162276192359861e+24
-0.0	2.3146867170799168e+23	-5.1457096117987224e+23
-0.0	-4.190075974739077e+24	-8.301095441146887e+24
-0.0	4.3322971561314294e+24	6.645067027795937e+23
-0.0	-7.927475711048804e+24	-6.540463236103614e+24
-0.0	2.6907789376786675e+25	-4.213833878495457e+25
-0.0	-5.279211543445744e+24	-9.1125007695072e+19
-0.0	9.748709521864211e+23	3.5833518344427196e+19
-0.0	-3.95779331822126e+24	1.015733102850726e+25
-0.0	1.092370701285086e+24	5.475279987269983e+24
-0.0	-6.855275969826828e+23	-4.6055801931464933e+24
-0.0	7.115688453838545e+23	2.3674788687456585e+24
-0.0	-4.792825092566e+22	-2.8567282080814506e+24
-0.0	-3.253899584484763e+22	-1.5152057644685478e+24
-0.0	9.404119552320344e+22	-2.0562983013487286e+24
-0.0	-5.009056621653325e+22	-1.6123302253109817e+24
-0.0	9.211576520872713e+21	-1.8828751342832232e+24
-0.0	-1.644741195197242e+22	-1.750622820470693e+24
-0.0	1.638062341523456e+21	-1.7920980889836776e+24
-0.0	-9.873890206477485e+21	-1.801051062009905e+24
-0.0	2.5466238992698573e+21	-1.7893862193211012e+24
-0.0	-1.0696772758551156e+21	-1.7999669223847585e+24
-0.0	5.333681942233535e+20	-1.794584160540561e+24
-0.0	6.953594655396855e+19	-1.7970361005368094e+24
-0.0	1.1561667366391574e+20	-1.795974613497485e+24
-0.0	1.0846465704180364e+20	-1.7971601347401629e+24
-0.0	-7.285130141804991e+19	-1.7965870088989355e+24
-0.0	7.285130130893499e+19	-1.7965870088977152e+24
-0.0	-1.0846465669127471e+20	-1.7971601347404869e+24
-0.0	-1.1561667321584329e+20	-1.7959746134991472e+24
-0.0	-6.95359475666766e+19	-1.7970361005372086e+24
-0.0	-5.333681939570637e+20	-1.7945841605404786e+24
-0.0	1.0696772756739153e+21	-1.7999669223842442e+24
-0.0	-2.546623899262049e+21	-1.7893862193206075e+24
-0.0	9.87389020754615e+21	-1.8010510620129696e+24
-0.0	-1.6380623421445893e+21	-1.7920980889875036e+24
-0.0	1.6447411951468578e+22	-1.7506228204716162e+24
-0.0	-9.211576520743144e+21	-1.8828751342846531e+24
-0.0	5.0090566216191545e+22	-1.6123302253119937e+24
-0.0	-9.404119552362285e+22	-2.0562983013468635e+24
-0.0	3.253899584551601e+22	-1.515205764469776e+24
-0.0	4.792825092529327e+22	-2.8567282080820755e+24
-0.0	-7.115688453849484e+23	2.367478868748674e+24
-0.0	6.855275969835788e+23	-4.6055801931434933e+24
-0.0	-1.0923707012876986e+24	5.475279987270278e+24
-0.0	3.957793318226222e+24	1.015733102849878e+25
-0.0	-9.748709521859105e+23	3.5833518345028055e+19
-0.0	7.583648674058218e+22	-1.2131869168880382e+19
-0.0	-3.684199879304881e+23	1.7629917477687105e+24
-0.0	8.423295339309092e+22	-3.8076109422342513e+24
-0.0	-8.141163493190198e+22	4.72088727030897e+24
-0.0	9.548616529097438e+22	3.9960389159780585e+22
-0.0	-7.050689140054576e+21	3.2296205917216615e+24
-0.0	-3.674524737976461e+21	2.6031283235968625e+24
-0.0	1.1330537525677235e+22	2.7580608526162787e+24
-0.0	-5.849873707115522e+21	2.6413048581563713e+24
-0.0	9.514440957823911e+20	2.7378845341860997e+24
-0.0	-1.97624035183805e+21	2.6863066123065165e+24
-0.0	2.1861738400724543e+20	2.6981305178449837e+24
-0.0	-1.2768729698383839e+21	2.707675801120135e+24
-0.0	3.520932986994522e+20	2.6967643888661824e+24
-0.0	-1.4760421981566252e+20	2.703468085915605e+24
-0.0	7.636814782404521e+19	2.700177663986947e+24
-0.0	8.368239911451867e+18	2.7015637923764656e+24
-0.0	1.7831099049468279e+19	2.700999166538521e+24
-0.0	1.1788015543303195e+19	2.7016147053625484e+24
-0.0	-7.954808222165462e+18	2.701347317738117e+24
-0.0	7.954808175261657e+18	2.7013473177383535e+24
-0.0	-1.178801537970601e+19	2.7016147053627707e+24
-0.0	-1.7831099095239756e+19	2.700999166538268e+24
-0.0	-8.368240052421731e+18	2.7015637923767437e+24
-0.0	-7.636814764420561e+19	2.7001776639869455e+24
-0.0	1.47604219597272e+20	2.703468085914671e+24
-0.0	-3.520932987754863e+20	2.696764388866413e+24
-0.0	1.276872970343355e+21	2.7076758011194016e+24
-0.0	-2.1861738421590173e+20	2.6981305178444377e+24
-0.0	1.9762403516989115e+21	2.6863066123058754e+24
-0.0	-9.514440958856753e+20	2.7378845341869587e+24
-0.0	5.849873706965044e+21	2.641304858156055e+24
-0.0	-1.1330537525757088e+22	2.758060852616397e+24
-0.0	3.6745247380846165e+21	2.603128323597239e+24
-0.0	7.050689140196525e+21	3.229620591723396e+24
-0.0	-9.548616529088342e+22	3.996038915824359e+22
-0.0	8.141163493195964e+22	4.7208872703085556e+24
-0.0	-8.423295339391282e+22	-3.807610942234849e+24
-0.0	3.6841998792970406e+23	1.7629917477694863e+24
-0.0	-7.583648674050111e+22	-1.2131869168347955e+19
-0.0	-3.6336386783775755e+22	2.1015515213618217e+18
-0.0	5.512932334252527e+21	-4.860758611163104e+24
-0.0	1.0156990033372677e+21	2.362241824288147e+24
-0.0	-9.379533706098864e+21	-3.660161329662466e+24
-0.0	1.2751479996679748e+22	-7.945399286184158e+23
-0.0	-1.0011590343411184e+21	-2.6071046198330366e+24
-0.0	-1.9301530572067245e+20	-2.3450874219861464e+24
-0.0	8.852472693386539e+20	-2.3472464709934108e+24
-0.0	-4.6379077950210585e+20	-2.3563685918340172e+24
-0.0	6.752333519183758e+19	-2.3778841711987262e+24
-0.0	-1.8142066792034992e+20	-2.3626919785609683e+24
-0.0	2.275682831900859e+19	-2.3629037880805434e+24
-0.0	-1.2782272318884104e+20	-2.3703477472429307e+24
-0.0	3.710104327824412e+19	-2.3622531108865678e+24
-0.0	-1.533503666609598e+19	-2.3661746471647018e+24
-0.0	8.448261632499171e+18	-2.3643245468484495e+24
-0.0	7.285612630665174e+17	-2.3650647720268573e+24
-0.0	2.0298255315786967e+18	-2.3647919938835015e+24
-0.0	9.226442193256718e+17	-2.365092200621298e+24
-0.0	-6.73104680857692e+17	-2.3649808948201937e+24
-0.0	6.731045557751427e+17	-2.3649808948202614e+24
-0.0	-9.226439216955465e+17	-2.3650922006217588e+24
-0.0	-2.0298256486962122e+18	-2.3647919938837004e+24
-0.0	-7.285615016062836e+17	-2.3650647720268154e+24
-0.0	-8.448261320049457e+18	-2.364324546848905e+24
-0.0	1.5335036497071024e+19	-2.3661746471644736e+24
-0.0	-3.710104331484011e+19	-2.3622531108863136e+24
-0.0	1.278227235423405e+20	-2.37034774724236e+24
-0.0	-2.2756828782249185e+19	-2.3629037880806446e+24
-0.0	1.814206680634048e+20	-2.3626919785612164e+24
-0.0	-6.752333516322563e+19	-2.3778841711991896e+24
-0.0	4.637907793966134e+20	-2.3563685918340362e+24
-0.0	-8.852472696704373e+20	-2.347246470993563e+24
-0.0	1.9301530643062938e+20	-2.3450874219866943e+24
-0.0	1.0011590340823649e+21	-2.607104619832963e+24
-0.0	-1.275147999684988e+22	-7.94539928617664e+23
-0.0	9.37953370704857e+21	-3.660161329661972e+24
-0.0	-1.0156990036146482e+21	2.3622418242886153e+24
-0.0	-5.512932331948062e+21	-4.860758611164764e+24
-0.0	3.633638678373779e+22	2.101551521175504e+18
-0.0	-1.7266204617356087e+22	8.028829233644187e+16
-0.0	8.835292362499361e+21	4.5534427511707606e+24
-0.0	1.328877534987802e+21	-1.324696245359231e+24
-0.0	-1.978327342456232e+21	2.4640787450577414e+24
-0.0	2.436615432104219e+21	8.415169884810543e+23
-0.0	-2.525500138253205e+20	1.799289096374391e+24
-0.0	7.936209949864637e+19	1.709930775279628e+24
-0.0	-3.197052539634261e+19	1.6662989206787146e+24
-0.0	-5.472667700048677e+18	1.7102409998407482e+24
-0.0	3.450129292113583e+18	1.7045531171983752e+24
-0.0	-1.2994809439815107e+19	1.703956677218375e+24
-0.0	1.6651878528391444e+18	1.7006858511994518e+24
-0.0	-9.86559424030846e+18	1.7056299586847464e+24
-0.0	2.923900932853971e+18	1.700393169018508e+24
-0.0	-1.2733862128047316e+18	1.7025050224554908e+24
-0.0	6.921175628582885e+17	1.70152555370358e+24
-0.0	3.391303006237469e+16	1.70188938490428e+24
-0.0	1.694498491295197e+17	1.7017646469246744e+24
-0.0	5.929833614595042e+16	1.7018949413331693e+24
-0.0	-4.315381931408212e+16	1.7018562350099752e+24
-0.0	4.315370052731891e+16	1.7018562350101688e+24
-0.0	-5.929785682980068e+16	1.7018949413330676e+24
-0.0	-1.694500206890057e+17	1.7017646469247098e+24
-0.0	-3.3913216532938476e+16	1.701889384904428e+24
-0.0	-6.921173126064023e+17	1.70152555370369e+24
-0.0	1.2733859370852045e+18	1.7025050224555547e+24
-0.0	-2.923900907898661e+18	1.700393169018703e+24
-0.0	9.865594568936727e+18	1.7056299586847896e+24
-0.0	-1.6651882475964462e+18	1.700685851199345e+24
-0.0	1.2994809435258733e+19	1.703956677218458e+24
-0.0	-3.45012923060808e+18	1.7045531171985856e+24
-0.0	5.47266770476372e+18	1.7102409998407014e+24
-0.0	3.1970525187020575e+19	1.6662989206790496e+24
-0.0	-7.936209894412311e+19	1.7099307752794743e+24
-0.0	2.5255001355898382e+20	1.7992890963740894e+24
-0.0	-2.436615432272689e+21	8.415169884809808e+23
-0.0	1.97832734316807e+21	2.4640787450575046e+24
-0.0	-1.328877534977943e+21	-1.324696245359389e+24
-0.0	-8.835292361012554e+21	4.55344275117063e+24
-0.0	1.7266204617312685e+22	8.028829225749483e+16
-0.0	-2.4360651298478794e+21	-6.665992443078989e+17
-0.0	1.9741000694541947e+19	-3.351005060416486e+24
-0.0	1.185079566543872e+21	6.799174481648037e+23
-0.0	-5.684683613730647e+20	-1.5285158476366174e+24
-0.0	5.5560296999552385e+20	-6.645356278850711e+23
-0.0	-8.614367903762597e+19	-1.1370038393756463e+24
-0.0	4.320161048514301e+19	-1.1197979756483426e+24
-0.0	-3.75234066242122e+19	-1.0736072337054753e+24
-0.0	6.182709979104992e+18	-1.1174121516749921e+24
-0.0	9.948465699213747e+17	-1.1049302026280482e+24
-0.0	-1.1061111360751016e+18	-1.1086689729755039e+24
-0.0	1.0004289324338707e+17	-1.1051845825993034e+24
-0.0	-6.229951639367533e+17	-1.1082553568896554e+24
-0.0	1.9081790291089635e+17	-1.1051575501131207e+24
-0.0	-7.971262420704334e+16	-1.1062407069538085e+24
-0.0	4.684643921815608e+16	-1.1057620185532636e+24
-0.0	2213384845524724.2	-1.1059329182125921e+24
-0.0	1.0596706925371864e+16	-1.1058859874400834e+24
-0.0	3349529738863414.0	-1.1059344942193415e+24
-0.0	-2629294849934849.5	-1.1059261643944939e+24
-0.0	2629320345423721.5	-1.1059261643943676e+24
-0.0	-3349401686637199.0	-1.105934494219344e+24
-0.0	-1.0596905756097056e+16	-1.1058859874402602e+24
-0.0	-2213273173469030.5	-1.1059329182127052e+24
-0.0	-4.684621878577342e+16	-1.1057620185531317e+24
-0.0	7.971233929500406e+16	-1.1062407069537517e+24
-0.0	-1.9081788358105846e+17	-1.1051575501131451e+24
-0.0	6.229953979195507e+17	-1.1082553568898457e+24
-0.0	-1.0004317404728394e+17	-1.1051845825995732e+24
-0.0	1.1061111902432869e+18	-1.1086689729755841e+24
-0.0	-9.948465648290304e+17	-1.1049302026279909e+24
-0.0	-6.182710026333506e+18	-1.1174121516748795e+24
-0.0	3.752340642813135e+19	-1.0736072337055876e+24
-0.0	-4.320161001195681e+19	-1.119797975648221e+24
-0.0	8.614367877780411e+19	-1.137003839375565e+24
-0.0	-5.5560297015564435e+20	-6.645356278850516e+23
-0.0	5.68468361996623e+20	-1.528515847636652e+24
-0.0	-1.1850795666626416e+21	6.79917448164871e+23
-0.0	-1.974099926121965e+19	-3.3510050604159503e+24
-0.0	2.4360651298183756e+21	-6.665992443246552e+17
-0.0	9.742154506642276e+20	-3.8107852866222266e+17
-0.0	-1.2010325685730877e+21	2.153192415367485e+24
-0.0	3.939611759134072e+20	-3.028997140363923e+23
-0.0	-1.1049655069025686e+20	8.7195413891736e+23
-0.0	7.739620665917266e+19	4.5204338715555096e+23
-0.0	-2.19152207558193e+19	6.613124906278733e+23
-0.0	1.3451831198105967e+19	6.710900979837242e+23
-0.0	-1.2076038314186123e+19	6.34936155149809e+23
-0.0	1.1445778367038132e+18	6.679429793345576e+23
-0.0	7.386133986149713e+17	6.565729803745648e+23
-0.0	-2.6858526448667552e+17	6.607000720232383e+23
-0.0	-2.8916125201398548e+16	6.579410847628296e+23
-0.0	4.159971312590062e+16	6.596806828156613e+23
-0.0	-2.851069227424569e+16	6.579487539840998e+23
-0.0	1.2799791781009246e+16	6.58446572770823e+23
-0.0	-7183268935140589.0	6.582332099725586e+23
-0.0	862381809392325.0	6.582996190227995e+23
-0.0	-2360398560969844.5	6.582886348209733e+23
-0.0	1010141364076137.5	6.583021517301219e+23
-0.0	-467172795756036.4	6.583050762057348e+23
-0.0	467278955068008.5	6.583050762057371e+23
-0.0	-1010217938800179.1	6.583021517301411e+23
-0.0	2360279558113415.5	6.582886348209821e+23
-0.0	-862160881522131.2	6.582996190228026e+23
-0.0	7183384957494828.0	6.582332099726664e+23
-0.0	-1.28000379386147e+16	6.584465727708078e+23
-0.0	2.8510695889155196e+16	6.579487539841633e+23
-0.0	-4.159958469773465e+16	6.596806828156822e+23
-0.0	2.8915915333605372e+16	6.579410847629061e+23
-0.0	2.685853243517284e+17	6.607000720232957e+23
-0.0	-7.386133950858004e+17	6.565729803745624e+23
-0.0	-1.1445778783746158e+18	6.679429793345761e+23
-0.0	1.207603815733828e+19	6.349361551498739e+23
-0.0	-1.3451830788420874e+19	6.710900979837168e+23
-0.0	2.191522053898581e+19	6.613124906277321e+23
-0.0	-7.739620679695784e+19	4.520433871557159e+23
-0.0	1.1049655118748993e+20	8.719541389174802e+23
-0.0	-3.939611760143737e+20	-3.028997140363752e+23
-0.0	1.2010325695248421e+21	2.1531924153675876e+24
-0.0	-9.742154506837257e+20	-3.8107852866541824e+17
-0.0	7.726413134630633e+20	3.044788413086446e+17
-0.0	-6.70211486259257e+20	-1.2884340336506777e+24
-0.0	6.287802326643815e+19	1.1680155395783146e+23
-0.0	-2.5309334866889664e+17	-4.799133484156813e+23
-0.0	-1.6362015078588086e+19	-2.8618534524481704e+23
-0.0	-2.0631183109629714e+18	-3.704735586638222e+23
-0.0	2.946326722106363e+18	-3.8497910815130185e+23
-0.0	-3.2253591291924275e+18	-3.6084741563146256e+23
-0.0	-3.604784787898697e+16	-3.82377721110045e+23
-0.0	3.7129970058025504e+17	-3.741182637027542e+23
-0.0	-7.05749673712451e+16	-3.7742648652997556e+23
-0.0	-5.24214280885583e+16	-3.7558389683689606e+23
-0.0	1.2110639358276307e+17	-3.765452241860177e+23
-0.0	-5.31951676402757e+16	-3.7564760577499264e+23
-0.0	2.459797024608101e+16	-3.7586711317293364e+23
-0.0	-1.2685904155542066e+16	-3.757846797037673e+23
-0.0	1040931993705564.1	-3.75803459204969e+23
-0.0	-4117837860917893.5	-3.7580285148116285e+23
-0.0	1258727906853740.0	-3.758033596831935e+23
-0.0	-556062014943000.8	-3.7580813992373e+23
-0.0	556157097751716.6	-3.7580813992375123e+23
-0.0	-1258800501617524.8	-3.7580335968323324e+23
-0.0	4117731527674714.0	-3.7580285148116204e+23
-0.0	-1040695671513165.1	-3.75803459204974e+23
-0.0	1.2685933328358772e+16	-3.757846797038002e+23
-0.0	-2.4598163918009176e+16	-3.758671131729693e+23
-0.0	5.319518778935356e+16	-3.756476057750662e+23
-0.0	-1.2110629388033152e+17	-3.7654522418607005e+23
-0.0	5.242134729256716e+16	-3.755838968368692e+23
-0.0	7.0574930102203256e+16	-3.774264865298938e+23
-0.0	-3.712996788340824e+17	-3.7411826370273225e+23
-0.0	3.604781898065741e+16	-3.823777211100538e+23
-0.0	3.225359106516507e+18	-3.6084741563140504e+23
-0.0	-2.9463265812932347e+18	-3.8497910815136547e+23
-0.0	2.0631182277876828e+18	-3.704735586637998e+23
-0.0	1.6362015016139223e+19	-2.8618534524478586e+23
-0.0	2.530935004550957e+17	-4.799133484155865e+23
-0.0	-6.2878023372145476e+19	1.1680155395785183e+23
-0.0	6.70211486538219e+20	-1.288434033650487e+24
-0.0	-7.726413134753846e+20	3.0447884131364045e+17
-0.0	2.8225036005138733e+20	-4.627135108177378e+17
-0.0	-1.3148715530044796e+20	6.830031625164465e+23
-0.0	-2.5643393813173563e+19	-2.3581268222149623e+22
-0.0	7.547266930179639e+18	2.277304930631226e+23
-0.0	-7.204187349828785e+18	1.5652951521740198e+23
-0.0	-2.0944838839536783e+18	1.784880111303368e+23
-0.0	2.0255614869640502e+18	1.9026230199078912e+23
-0.0	-1.8795991352755937e+18	1.7572472396040507e+23
-0.0	8.3727226970914e+17	1.8821319720355084e+23
-0.0	-2.5941137214736688e+17	1.8284113133676743e+23
-0.0	2.2754188910471894e+17	1.849977029302929e+23
-0.0	2496944373950832.5	1.8390989797490607e+23
-0.0	3.1205414229670976e+16	1.8433819299705643e+23
-0.0	1.5328640224142102e+16	1.8391361253631507e+23
-0.0	-8147670585129569.0	1.839888284441078e+23
-0.0	7322207832397166.0	1.8396698310209178e+23
-0.0	-1414782359943831.2	1.839687456092481e+23
-0.0	3224062882825324.0	1.8397136450589308e+23
-0.0	-2359824652138788.0	1.8396829112597756e+23
-0.0	1479957220444547.0	1.8397292209886862e+23
-0.0	-1479894662429222.2	1.83972922098857e+23
-0.0	2359768416167232.0	1.8396829112596874e+23
-0.0	-3224136426636949.0	1.839713645059373e+23
-0.0	1414942068150767.5	1.8396874560916098e+23
-0.0	-7322178715990772.0	1.839669831019825e+23
-0.0	8147548741709769.0	1.8398882844405025e+23
-0.0	-1.5328630122899454e+16	1.8391361253631987e+23
-0.0	-3.1205346480479172e+16	1.843381929970337e+23
-0.0	-2497006176162488.0	1.839098979748243e+23
-0.0	-2.2754190932972726e+17	1.849977029302363e+23
-0.0	2.5941138086149725e+17	1.8284113133679085e+23
-0.0	-8.372722926691738e+17	1.882131972035771e+23
-0.0	1.879599120212565e+18	1.757247239603345e+23
-0.0	-2.0255613926109535e+18	1.902623019908027e+23
-0.0	2.0944838344463276e+18	1.784880111303372e+23
-0.0	7.204187310047303e+18	1.5652951521739114e+23
-0.0	-7.547266846509706e+18	2.277304930631446e+23
-0.0	2.5643393735970734e+19	-2.3581268222166195e+22
-0.0	1.3148715550776579e+20	6.830031625164646e+23
-0.0	-2.8225036005735966e+20	-4.6271351081948717e+17
-0.0	7.266161401847215e+19	-9.175550385191742e+16
-0.0	-1.0258768729549708e+20	-3.671317381890389e+23
-0.0	5.138035202901766e+19	-8.198616176016176e+21
-0.0	-2.4105615267921644e+18	-1.1640570120893489e+23
-0.0	6.185340645777411e+18	-9.08768624019341e+22
-0.0	-9.762033715228548e+17	-9.170555943825706e+22
-0.0	9.227143401347426e+16	-1.003319634695261e+23
-0.0	2.318144000422255e+17	-9.20295460464358e+22
-0.0	-1.772586531031079e+17	-9.917538935386857e+22
-0.0	4.001609986930287e+16	-9.59966810494182e+22
-0.0	-5.157533662207914e+16	-9.735937615864604e+22
-0.0	1.431317570750027e+16	-9.67458471974689e+22
-0.0	-4.19914361713396e+16	-9.695876588816425e+22
-0.0	9600218693120470.0	-9.675525287307435e+22
-0.0	-3503072172615796.0	-9.676957791733096e+22
-0.0	936901940387634.1	-9.676899401133394e+22
-0.0	-59679384850730.914	-9.676567175144915e+22
-0.0	-190310023734121.16	-9.676863981123808e+22
-0.0	611756327004724.4	-9.676484465055358e+22
-0.0	-473655166649254.5	-9.676816682212954e+22
-0.0	473696024430062.5	-9.676816682215266e+22
-0.0	-611791755652282.9	-9.67648446505836e+22
-0.0	190267598480809.75	-9.676863981120402e+22
-0.0	59777768234277.09	-9.67656717514727e+22
-0.0	-936883569430039.4	-9.67689940114185e+22
-0.0	3502995496439212.5	-9.676957791738307e+22
-0.0	-9600213757495770.0	-9.675525287309504e+22
-0.0	4.199147549434016e+16	-9.695876588818049e+22
-0.0	-1.4313210609802044e+16	-9.674584719746461e+22
-0.0	5.1575324147731384e+16	-9.735937615864082e+22
-0.0	-4.001609598857652e+16	-9.599668104941211e+22
-0.0	1.7725864519531437e+17	-9.91753893538542e+22
-0.0	-2.3181441670475296e+17	-9.202954604640776e+22
-0.0	-9.227138665783909e+16	-1.0033196346952281e+23
-0.0	9.76203347821716e+17	-9.170555943828404e+22
-0.0	-6.185340661489792e+18	-9.08768624019214e+22
-0.0	2.410561574912283e+18	-1.1640570120894906e+23
-0.0	-5.13803520671815e+19	-8.198616176014545e+21
-0.0	1.025876874014448e+20	-3.67131738188977e+23
-0.0	-7.2661614019983114e+19	-9.175550385013541e+16
-0.0	6.692452869831995e+19	-1.3459622030211851e+17
-0.0	-1.1525449126719957e+20	1.5639988007866537e+23
-0.0	8.646614619099413e+19	1.8942958987562436e+22
-0.0	-1.7919109273696588e+19	4.1176597088778764e+22
-0.0	1.893356469725693e+19	4.186186468380714e+22
-0.0	-1.1286919970997907e+18	3.3821197821266037e+22
-0.0	-1.1753954544493678e+18	3.901183173356271e+22
-0.0	2.097606615603836e+18	3.4827137731534466e+22
-0.0	-1.1105081262002765e+18	3.825032050417289e+22
-0.0	3.8383606723339475e+17	3.6508450651396356e+22
-0.0	-3.1426914093850854e+17	3.725737517892785e+22
-0.0	7.1984122797082344e+16	3.692865875866405e+22
-0.0	-1.655286488981594e+17	3.701521725747381e+22
-0.0	3.0194712663587256e+16	3.695361921754728e+22
-0.0	-1.041456713987217e+16	3.6941785145085706e+22
-0.0	4182366979895743.0	3.695018082251652e+22
-0.0	836628588495880.5	3.6944570902446055e+22
-0.0	295273329121631.4	3.694795553475548e+22
-0.0	1945863936035897.8	3.6945225560885587e+22
-0.0	-1410045906863800.8	3.6947179964033323e+22
-0.0	1410064982407927.8	3.694717996402024e+22
-0.0	-1945879533455194.0	3.6945225560870206e+22
-0.0	-295292357581233.06	3.694795553476885e+22
-0.0	-836574835121929.0	3.6944570902420516e+22
-0.0	-4182374243846271.5	3.695018082245291e+22
-0.0	1.0414533667775668e+16	3.6941785145057613e+22
-0.0	-3.0194708795728172e+16	3.6953619217552383e+22
-0.0	1.6552866886948656e+17	3.7015217257455347e+22
-0.0	-7.198412405310664e+16	3.6928658758609106e+22
-0.0	3.142691162538572e+17	3.7257375178894954e+22
-0.0	-3.8383605970856915e+17	3.650845065140965e+22
-0.0	1.1105081200248795e+18	3.825032050418633e+22
-0.0	-2.0976066036256924e+18	3.48271377315165e+22
-0.0	1.1753954459157865e+18	3.901183173356352e+22
-0.0	1.1286919989210002e+18	3.3821197821258047e+22
-0.0	-1.893356469711812e+19	4.186186468382249e+22
-0.0	1.7919109250855733e+19	4.117659708878768e+22
-0.0	-8.64661462176869e+19	1.89429589875661e+22
-0.0	1.152544912387463e+20	1.5639988007865067e+23
-0.0	-6.692452869771372e+19	-1.3459622030218909e+17
-0.0	1.1807697908943495e+20	-6.543368511339885e+17
-0.0	-1.9242439278224697e+20	-8.27240786599825e+22
-0.0	6.060276200190495e+19	-6.531867154862523e+21
-0.0	-3.1306269510872297e+19	-2.1818934439853072e+22
-0.0	2.6029601377162273e+19	-2.093261067272874e+22
-0.0	-2.473554665876867e+18	-1.8280678945885044e+22
-0.0	-2.4464992309499515e+18	-2.063852467323415e+22
-0.0	3.4386599721916124e+18	-1.8515980948265933e+22
-0.0	-1.742072972191483e+18	-2.022479483297822e+22
-0.0	6.697405330118764e+17	-1.9440379849252954e+22
-0.0	-5.1492347640794944e+17	-1.9798125366746263e+22
-0.0	1.7376829868618003e+17	-1.9632507288459325e+22
-0.0	-2.556093819270402e+17	-1.9679249866794815e+22
-0.0	4.3434448168065624e+16	-1.965277134443786e+22
-0.0	-1.5736895969716738e+16	-1.964500640092668e+22
-0.0	5376955111381805.0	-1.96504358140821e+22
-0.0	1717044054463337.0	-1.9646846695831205e+22
-0.0	-628880242952390.6	-1.9649007509568425e+22
-0.0	2780990118330285.5	-1.964733653504648e+22
-0.0	-2076922864705093.0	-1.9648258315543453e+22
-0.0	2076928611301779.2	-1.964825831555139e+22
-0.0	-2780994829803124.5	-1.9647336535058626e+22
-0.0	628876271595618.9	-1.9649007509555934e+22
-0.0	-1717032804131328.5	-1.964684669583773e+22
-0.0	-5376951283655714.0	-1.96504358141162e+22
-0.0	1.573688255838293e+16	-1.964500640093886e+22
-0.0	-4.343444606741115e+16	-1.965277134443545e+22
-0.0	2.5560939131610413e+17	-1.9679249866801463e+22
-0.0	-1.737683058727771e+17	-1.963250728847192e+22
-0.0	5.149234724934224e+17	-1.9798125366758867e+22
-0.0	-6.69740530825971e+17	-1.9440379849249124e+22
-0.0	1.7420729705136927e+18	-2.0224794832970573e+22
-0.0	-3.438659975988139e+18	-1.8515980948276832e+22
-0.0	2.44649923472404e+18	-2.063852467322777e+22
-0.0	2.473554667978921e+18	-1.8280678945873468e+22
-0.0	-2.6029601375914844e+19	-2.093261067273881e+22
-0.0	3.1306269513287725e+19	-2.18189344398527e+22
-0.0	-6.060276200328735e+19	-6.531867154865189e+21
-0.0	1.9242439278775153e+20	-8.272407865995673e+22
-0.0	-1.1807697908848052e+20	-6.543368511258401e+17
-0.0	1.0080930626254663e+20	-6.066773282269966e+17
-0.0	9.402175042748944e+19	1.143438531274656e+22
-0.0	7.63908220753372e+18	1.5467505550367457e+22
-0.0	6.302879178233169e+18	-1.5556353447699735e+21
-0.0	-1.3237556241659376e+19	7.466032418440796e+21
-0.0	2.9318551856467236e+18	2.909250189597447e+20
-0.0	-1.0214204651141464e+18	2.3045952157367644e+21
-0.0	2.9589744314684544e+17	1.0502859836360167e+21
-0.0	-1.3744508875865646e+17	1.820330860154892e+21
-0.0	1.1185307747562558e+17	1.4289600168697696e+21
-0.0	5.020602656087433e+16	1.6056870814648948e+21
-0.0	-5.981588639419735e+16	1.5415174421761326e+21
-0.0	1.1361017084283546e+17	1.5476200146716404e+21
-0.0	-5.717233163182219e+16	1.5505527617978496e+21
-0.0	2.823560046820785e+16	1.5386428849854745e+21
-0.0	-1.4878527240744576e+16	1.5451970040836643e+21
-0.0	3411662974320553.5	1.5418032075606555e+21
-0.0	-3574574255428145.5	1.543503252263414e+21
-0.0	610548290007760.4	1.5422640634698148e+21
-0.0	31759883298288.395	1.5428459357583004e+21
-0.0	-31758886816846.44	1.5428459357548375e+21
-0.0	-610548496156981.8	1.5422640634643363e+21
-0.0	3574573212241319.0	1.543503252267081e+21
-0.0	-3411660669029345.0	1.541803207557805e+21
-0.0	1.4878529395418386e+16	1.5451970040636034e+21
-0.0	-2.823560597962138e+16	1.5386428849712847e+21
-0.0	5.717233272631662e+16	1.5505527618005476e+21
-0.0	-1.1361016580534725e+17	1.5476200146660667e+21
-0.0	5.981588295904653e+16	1.5415174421634951e+21
-0.0	-5.020602914402428e+16	1.6056870814633665e+21
-0.0	-1.1185307625389035e+17	1.4289600168726278e+21
-0.0	1.3744508794551054e+17	1.8203308601574377e+21
-0.0	-2.958974455865856e+17	1.0502859836391192e+21
-0.0	1.0214204671677413e+18	2.3045952157484615e+21
-0.0	-2.931855184250776e+18	2.9092501896064336e+20
-0.0	1.3237556242284173e+19	7.466032418439529e+21
-0.0	-6.302879177263596e+18	-1.5556353447761352e+21
-0.0	-7.639082211143426e+18	1.5467505550369659e+22
-0.0	-9.40217504248839e+19	1.14343853127638e+22
-0.0	-1.0080930626199357e+20	-6.066773282349252e+17
-0.0	-3.899820898937336e+19	3.0090369245206344e+18
-0.0	5.930334923833725e+19	-2.6486652488588477e+22
-0.0	-1.509022839938167e+19	3.3503572983802484e+21
-0.0	7.691146346047913e+18	-8.837794538728748e+21
-0.0	-4.553108183618173e+18	-5.606378648477227e+21
-0.0	-2.7485513034700832e+17	-7.236920740878669e+21
-0.0	4.31876353843849e+17	-7.844468402047248e+21
-0.0	-5.456682606582502e+17	-7.334027111959385e+21
-0.0	3.2320468584977056e+17	-7.717620859239824e+21
-0.0	-1.2378470601051226e+17	-7.536040841940754e+21
-0.0	1.029987841504596e+17	-7.621573222215537e+21
-0.0	-2.7127180580126484e+16	-7.57865504821415e+21
-0.0	3.850512336872384e+16	-7.596517232160542e+21
-0.0	-9024393898087652.0	-7.585264939134791e+21
-0.0	5052417621693145.0	-7.587202115637042e+21
-0.0	-600543191200518.0	-7.586971482464998e+21
-0.0	568931630504214.9	-7.586647675614251e+21
-0.0	326143814882519.8	-7.587003252231346e+21
-0.0	-232560923250812.75	-7.5866472936967e+21
-0.0	341686661727809.7	-7.58687672356399e+21
-0.0	-341687214334441.0	-7.586876723563904e+21
-0.0	232561847949724.06	-7.586647293697002e+21
-0.0	-326143283850804.2	-7.587003252231331e+21
-0.0	-568933480141766.5	-7.586647675612906e+21
-0.0	600543289716461.5	-7.58697148246559e+21
-0.0	-5052416955668724.0	-7.58720211563733e+21
-0.0	9024393735351908.0	-7.58526493913559e+21
-0.0	-3.850512334561998e+16	-7.59651723216084e+21
-0.0	2.712718062938995e+16	-7.578655048214924e+21
-0.0	-1.0299878435019643e+17	-7.621573222216292e+21
-0.0	1.2378470608899533e+17	-7.536040841940369e+21
-0.0	-3.2320468580305754e+17	-7.717620859240693e+21
-0.0	5.4566826064863034e+17	-7.334027111958135e+21
-0.0	-4.318763540733421e+17	-7.844468402046627e+21
-0.0	2.7485513054829088e+17	-7.236920740878464e+21
-0.0	4.553108183832867e+18	-5.606378648478316e+21
-0.0	-7.691146346397952e+18	-8.837794538729334e+21
-0.0	1.5090228400371681e+19	3.35035729838067e+21
-0.0	-5.93033492384006e+19	-2.64866524885803e+22
-0.0	3.899820898937338e+19	3.009036924531571e+18
-0.0	-2.5219774756000694e+20	-2.524581560203674e+19
-0.0	-3.5701884648221206e+20	-2.6664440679869587e+22
-0.0	7.362747240488874e+19	1.273036236782919e+22
-0.0	-2.925583402015449e+19	-7.17006868917272e+21
-0.0	2.7455618606758744e+19	1.6417430827091603e+21
-0.0	-5.297340530646995e+18	-3.3108300845322653e+21
-0.0	1.5271880812671263e+18	-1.838745985692839e+21
-0.0	5.4896890327346534e+17	-2.3981877441047377e+21
-0.0	-4.7878774981195155e+17	-2.1341561205125273e+21
-0.0	1.5349755883409904e+17	-2.262037659474497e+21
-0.0	-3.034908733766598e+17	-2.2116755158552202e+21
-0.0	1.3411648245853662e+17	-2.2194489099911577e+21
-0.0	-2.1148642540191395e+17	-2.229292293178496e+21
-0.0	8.183823048049573e+16	-2.2190830034885757e+21
-0.0	-3.609637632987579e+16	-2.2254386436742133e+21
-0.0	1.807656192301796e+16	-2.222156578278721e+21
-0.0	-1979089701763951.5	-2.2236752880895908e+21
-0.0	3076166937621700.0	-2.2230061968994934e+21
-0.0	1613950579139131.0	-2.223492387249099e+21
-0.0	-1425255584061445.5	-2.223301259385726e+21
-0.0	1425254198615563.5	-2.2233012593862343e+21
-0.0	-1613948476072127.0	-2.2234923872482804e+21
-0.0	-3076165524858935.0	-2.2230061969008202e+21
-0.0	1979086053772070.5	-2.2236752880885212e+21
-0.0	-1.807656221946526e+16	-2.2221565782800285e+21
-0.0	3.609637829217594e+16	-2.2254386436735377e+21
-0.0	-8.183823064539307e+16	-2.2190830034887518e+21
-0.0	2.114864251675385e+17	-2.2292922931783876e+21
-0.0	-1.341164819247564e+17	-2.2194489099929935e+21
-0.0	3.0349087334763885e+17	-2.2116755158546464e+21
-0.0	-1.5349755858058064e+17	-2.2620376594752146e+21
-0.0	4.7878774993915814e+17	-2.13415612051335e+21
-0.0	-5.4896890305758483e+17	-2.398187744103672e+21
-0.0	-1.5271880820446193e+18	-1.8387459856947479e+21
-0.0	5.297340531048638e+18	-3.31083008453107e+21
-0.0	-2.7455618606544232e+19	1.6417430827102201e+21
-0.0	2.9255834019321704e+19	-7.170068689171196e+21
-0.0	-7.362747240408276e+19	1.2730362367829392e+22
-0.0	3.570188464820859e+20	-2.6664440679868202e+22
-0.0	2.521977475598234e+20	-2.5245815602025038e+19
-0.0	-1.3873846860166377e+20	1.3873697549679354e+20
-0.0	4.1751673797699215e+19	4.218547533907459e+20
-0.0	-1.1476417406231749e+19	3.580865823641867e+20
-0.0	4.310037719920202e+18	3.82205669627101e+20
-0.0	-1.797190843425993e+18	3.658455421234148e+20
-0.0	-3.622411073924005e+17	4.0134112877161166e+20
-0.0	4.5686868496661696e+17	4.2238989209848e+20
-0.0	-5.917188584800786e+17	4.29583488803906e+20
-0.0	3.6119557597026016e+17	4.306761986893817e+20
-0.0	-1.2704876039940642e+17	4.291745182582101e+20
-0.0	1.0939385014629918e+17	4.287936466648303e+20
-0.0	-7542656204447236.0	4.285851356076729e+20
-0.0	2.8158601430033376e+16	4.286105202372872e+20
-0.0	1840467469848842.5	4.285479142579068e+20
-0.0	634405088174310.2	4.2856041901816e+20
-0.0	2824011493347248.5	4.2855379762183504e+20
-0.0	209965212328653.78	4.2855968792317284e+20
-0.0	1399216116219628.0	4.285628465324565e+20
-0.0	-790953632525795.5	4.285666537457486e+20
-0.0	702144429071240.1	4.2856920299973575e+20
-0.0	-702144430169996.5	4.285692029997265e+20
-0.0	790953630096815.1	4.285666537457221e+20
-0.0	-1399216115320707.0	4.285628465324289e+20
-0.0	-209965212197044.44	4.285596879231776e+20
-0.0	-2824011494066520.0	4.285537976218736e+20
-0.0	-634405091080168.8	4.285604190181876e+20
-0.0	-1840467466656839.5	4.2854791425790063e+20
-0.0	-2.8158601430043344e+16	4.2861052023727915e+20
-0.0	7542656203311534.0	4.2858513560768604e+20
-0.0	-1.0939385015150634e+17	4.2879364666483815e+20
-0.0	1.2704876039813813e+17	4.291745182581896e+20
-0.0	-3.61195575965813e+17	4.306761986893188e+20
-0.0	5.91718858475528e+17	4.295834888038292e+20
-0.0	-4.568686849666268e+17	4.223898920984268e+20
-0.0	3.622411073953309e+17	4.0134112877159344e+20
-0.0	1.7971908434031293e+18	3.6584554212341875e+20
-0.0	-4.310037719907877e+18	3.822056696270869e+20
-0.0	1.147641740622501e+19	3.5808658236409525e+20
-0.0	-4.175167379768368e+19	4.2185475339057804e+20
-0.0	1.387384686015981e+20	1.3873697549672256e+20
