1600
-0.0	-6.572860035254621e+27	-6.572860035248071e+27
-0.0	1.149623837790904e+27	-2.400254056721728e+28
-0.0	2.25335712536017e+26	-2.5853707777814603e+28
-0.0	3.0939852969270475e+25	-2.8333482192860697e+28
-0.0	9.04013263775825e+25	-2.9850634520989577e+28
-0.0	-6.168320165698422e+25	-3.2020050211442566e+28
-0.0	3.4092275959214605e+25	-3.3261413559716e+28
-0.0	-3.203853898516495e+25	-3.3537011802242006e+28
-0.0	1.9627506897260707e+25	-3.3681718380462802e+28
-0.0	-8.337602074079539e+24	-3.3637167025885904e+28
-0.0	5.472402899005818e+24	-3.365739864246588e+28
-0.0	-3.4619979489023724e+22	-3.364540958558289e+28
-0.0	3.9451817308584685e+23	-3.364253496788424e+28
-0.0	5.657676843957217e+23	-3.3633081410340296e+28
-0.0	-2.9765970195599775e+23	-3.3629660103089047e+28
-0.0	2.458321360480937e+23	-3.362767973034527e+28
-0.0	-6.184912921100525e+22	-3.362752840184184e+28
-0.0	1.067995148343064e+23	-3.362775676062406e+28
-0.0	-8.00448738186307e+22	-3.362788345876722e+28
-0.0	5.36035590696392e+22	-3.3627999749360476e+28
-0.0	-5.360356090702805e+22	-3.3627999749360476e+28
-0.0	8.004487187334476e+22	-3.362788345876728e+28
-0.0	-1.0679951645265374e+23	-3.3627756760624066e+28
-0.0	6.184912757570903e+22	-3.36275284018421e+28
-0.0	-2.4583213785868455e+23	-3.362767973034577e+28
-0.0	2.9765969995252926e+23	-3.3629660103088906e+28
-0.0	-5.65767685921233e+23	-3.3633081410340225e+28
-0.0	-3.945181748028903e+23	-3.3642534967883758e+28
-0.0	3.4619977791035146e+22	-3.3645409585583124e+28
-0.0	-5.472402901145199e+24	-3.3657398642466925e+28
-0.0	8.337602072164414e+24	-3.363716702588621e+28
-0.0	-1.9627506898552242e+25	-3.368171838046237e+28
-0.0	3.2038538982967626e+25	-3.353701180224122e+28
-0.0	-3.4092275961165254e+25	-3.3261413559714743e+28
-0.0	6.168320165592732e+25	-3.20200502114423e+28
-0.0	-9.040132638080457e+25	-2.985063452099089e+28
-0.0	-3.0939852969959327e+25	-2.8333482192860314e+28
-0.0	-2.2533571253782847e+26	-2.585370777781306e+28
-0.0	-1.1496238377919919e+27	-2.400254056721405e+28
-0.0	6.572860035253018e+27	-6.572860035246664e+27
-0.0	-1.156852300046311e+28	9.378501398714883e+26
-0.0	5.26778060673388e+28	3.2869336014451364e+30
-0.0	3.608867204277565e+27	-3.465174476534697e+29
-0.0	3.072596883967307e+27	1.9314195998899726e+30
-0.0	-9.529634038750856e+26	1.1321659916359933e+30
-0.0	3.993881721615086e+26	1.50368652091234e+30
-0.0	-1.3028313885755165e+26	1.4917712175976836e+30
-0.0	4.5582649387324975e+24	1.4517147649966024e+30
-0.0	2.5491419156016097e+24	1.4930483922774045e+30
-0.0	-8.070928304378201e+23	1.4748031413493488e+30
-0.0	1.0410470663938401e+25	1.4835600676758865e+30
-0.0	-5.203599933200318e+24	1.4781253180021034e+30
-0.0	8.738358798472464e+24	1.4813115485986475e+30
-0.0	-3.294401000143947e+24	1.4789342850747312e+30
-0.0	1.5012797888462202e+24	1.479753655946561e+30
-0.0	-6.476417516761528e+23	1.479404266757434e+30
-0.0	8.635161362010405e+22	1.4795242860356076e+30
-0.0	-7.014430704481509e+22	1.479490597552356e+30
-0.0	-1.021451166055132e+23	1.4795068470256936e+30
-0.0	9.312474216964228e+22	1.4795097189680086e+30
-0.0	-9.312474342074381e+22	1.479509718967996e+30
-0.0	1.0214511566289947e+23	1.4795068470257294e+30
-0.0	7.014430489682368e+22	1.4794905975523337e+30
-0.0	-8.63516154471e+22	1.4795242860356295e+30
-0.0	6.476417501148995e+23	1.4794042667574886e+30
-0.0	-1.5012797895061183e+24	1.4797536559465049e+30
-0.0	3.294400997445982e+24	1.4789342850747754e+30
-0.0	-8.738358800297553e+24	1.481311548598604e+30
-0.0	5.203599931460827e+24	1.4781253180021327e+30
-0.0	-1.0410470664053418e+25	1.4835600676759496e+30
-0.0	8.07092829500184e+23	1.474803141349366e+30
-0.0	-2.5491419190607517e+24	1.4930483922772857e+30
-0.0	-4.558264938472497e+24	1.4517147649967178e+30
-0.0	1.302831388541341e+26	1.4917712175976183e+30
-0.0	-3.9938817216291866e+26	1.5036865209119494e+30
-0.0	9.529634038830501e+26	1.132165991636209e+30
-0.0	-3.0725968839795166e+27	1.9314195998900517e+30
-0.0	-3.608867204279337e+27	-3.465174476534717e+29
-0.0	-5.26778060673485e+28	3.286933601444401e+30
-0.0	1.1568523000462214e+28	9.37850139871302e+26
-0.0	-3.4067001201805834e+27	-3.8283884203861814e+26
-0.0	3.6847217846967164e+27	-3.441028802765493e+29
-0.0	-1.5575257859778032e+27	-2.773784416124323e+28
-0.0	8.636705187982872e+25	-9.484684736203135e+28
-0.0	7.0729615523442035e+25	-1.638899668267416e+29
-0.0	1.0456866228357108e+26	-1.2225874654542896e+29
-0.0	-6.576462283260802e+25	-1.5358239590990495e+29
-0.0	5.337571652394807e+25	-1.3542261526240775e+29
-0.0	-2.760336886906902e+25	-1.472099265841695e+29
-0.0	1.1586196092958976e+25	-1.4149872883894774e+29
-0.0	-6.000711596149676e+24	-1.4398786825412705e+29
-0.0	1.12813113575483e+24	-1.4313042142995203e+29
-0.0	-8.184330152348403e+23	-1.431608642212652e+29
-0.0	-3.9674345517866484e+22	-1.4325241375737747e+29
-0.0	7.108267538135203e+22	-1.4309886819506919e+29
-0.0	-5.330286504213911e+22	-1.4319521330027902e+29
-0.0	3.0148062865768235e+22	-1.4314150608939028e+29
-0.0	-1.543193123877726e+22	-1.4316978501462126e+29
-0.0	-7.693625545465909e+21	-1.4314784332264482e+29
-0.0	1.5028541465469848e+22	-1.431578035210287e+29
-0.0	-1.502854262479594e+22	-1.4315780352102937e+29
-0.0	7.693624781630914e+21	-1.4314784332264633e+29
-0.0	1.5431929869957926e+22	-1.4316978501460793e+29
-0.0	-3.014806440214889e+22	-1.4314150608940228e+29
-0.0	5.3302864090239276e+22	-1.4319521330029334e+29
-0.0	-7.108267617754235e+22	-1.4309886819505633e+29
-0.0	3.967434388051245e+22	-1.4325241375738482e+29
-0.0	8.184330140572185e+23	-1.4316086422125305e+29
-0.0	-1.1281311369901185e+24	-1.4313042142995664e+29
-0.0	6.000711595589507e+24	-1.4398786825414346e+29
-0.0	-1.158619609389398e+25	-1.4149872883894413e+29
-0.0	2.7603368867269797e+25	-1.4720992658415879e+29
-0.0	-5.337571652461359e+25	-1.354226152624407e+29
-0.0	6.576462283159374e+25	-1.5358239590988464e+29
-0.0	-1.0456866228550978e+26	-1.2225874654536972e+29
-0.0	-7.072961552121756e+25	-1.63889966826802e+29
-0.0	-8.636705188302686e+25	-9.484684736204552e+28
-0.0	1.5575257859775783e+27	-2.7737844161250797e+28
-0.0	-3.684721784698173e+27	-3.441028802764498e+29
-0.0	3.406700120181578e+27	-3.828388420385238e+26
-0.0	-1.5056519437841509e+27	7.294699835592269e+25
-0.0	3.401660895748789e+26	1.7563584270529905e+30
-0.0	4.2480401685479004e+26	-9.04078083620458e+28
-0.0	-6.042766637510341e+26	5.566694566004412e+29
-0.0	4.913824254086903e+26	3.541456850148428e+29
-0.0	6.967653960307178e+25	4.778484920378554e+29
-0.0	-2.4294530600746512e+26	5.009032192856573e+29
-0.0	1.968190510813419e+26	4.602850794555968e+29
-0.0	-1.1316216923560352e+26	4.8671656811891166e+29
-0.0	4.500051872522733e+25	4.750358958577702e+29
-0.0	-3.4491575047892805e+25	4.804707779411067e+29
-0.0	6.167017715232844e+24	4.774705274039168e+29
-0.0	-1.0793049289462298e+25	4.790258653592287e+29
-0.0	-9.862811229523477e+22	4.779265847273831e+29
-0.0	3.4599935031479446e+23	4.781523802567491e+29
-0.0	-4.377059291647407e+23	4.780692184378122e+29
-0.0	3.137350222929052e+23	4.780869090419225e+29
-0.0	-2.5631199199711768e+23	4.7808955055845345e+29
-0.0	2.5536678913569506e+23	4.780859431192719e+29
-0.0	-1.748139224057155e+23	4.780920446212875e+29
-0.0	1.7481392281061665e+23	4.780920446212849e+29
-0.0	-2.553667883859175e+23	4.780859431192943e+29
-0.0	2.563119914528217e+23	4.7808955055842685e+29
-0.0	-3.137350227347686e+23	4.780869090419363e+29
-0.0	4.377059292789998e+23	4.780692184378427e+29
-0.0	-3.4599934935799104e+23	4.781523802567149e+29
-0.0	9.862811119658249e+22	4.7792658472740554e+29
-0.0	1.0793049289138047e+25	4.7902586535919954e+29
-0.0	-6.167017715198672e+24	4.7747052740391936e+29
-0.0	3.4491575049321045e+25	4.804707779411401e+29
-0.0	-4.50005187246612e+25	4.75035895857773e+29
-0.0	1.1316216923395767e+26	4.867165681188865e+29
-0.0	-1.968190510796827e+26	4.602850794556458e+29
-0.0	2.429453060068393e+26	5.0090321928564025e+29
-0.0	-6.967653960415076e+25	4.7784849203772096e+29
-0.0	-4.913824254024738e+26	3.541456850149399e+29
-0.0	6.042766637470254e+26	5.566694566004514e+29
-0.0	-4.248040168546042e+26	-9.04078083620506e+28
-0.0	-3.401660895751573e+26	1.756358427052802e+30
-0.0	1.5056519437850893e+27	7.294699835591014e+25
-0.0	2.2191648737823186e+26	-1.579547589830182e+25
-0.0	-6.976632118667199e+27	9.419425533376867e+29
-0.0	2.3215570830029643e+27	-1.43295914813536e+29
-0.0	-7.901697696226093e+26	3.274954825718073e+29
-0.0	5.3638033211009666e+26	1.4196834854887985e+29
-0.0	3.7993504418661947e+25	2.4259280162719638e+29
-0.0	-1.1430937062597845e+26	2.3958236708339696e+29
-0.0	1.5175637741821941e+26	2.2514794030143512e+29
-0.0	-8.697806398813674e+25	2.3600420359599885e+29
-0.0	3.2324986833628084e+25	2.3182635740227605e+29
-0.0	-2.7683396057581674e+25	2.3364479312539146e+29
-0.0	4.299403747197047e+24	2.3247083222583016e+29
-0.0	-8.693041459946405e+24	2.3348241664810822e+29
-0.0	-2.4513246843001035e+23	2.3274990503489207e+29
-0.0	3.6663102278243155e+23	2.329777754038344e+29
-0.0	-4.3635266210378535e+23	2.328778255716738e+29
-0.0	2.916077480107697e+23	2.3291418984323477e+29
-0.0	-2.635574259222194e+23	2.3290277597903092e+29
-0.0	2.6622387248282153e+23	2.329093779431415e+29
-0.0	-1.9256457724653448e+23	2.3290929721527928e+29
-0.0	1.9256457733768684e+23	2.3290929721527675e+29
-0.0	-2.6622387206655997e+23	2.329093779431549e+29
-0.0	2.6355742552029468e+23	2.329027759790288e+29
-0.0	-2.9160774851449997e+23	2.3291418984323963e+29
-0.0	4.363526621515505e+23	2.3287782557167342e+29
-0.0	-3.666310223248605e+23	2.3297777540381684e+29
-0.0	2.4513246791840157e+23	2.327499050349042e+29
-0.0	8.69304145970901e+24	2.3348241664810002e+29
-0.0	-4.2994037473775556e+24	2.324708322258344e+29
-0.0	2.768339605822249e+25	2.336447931254017e+29
-0.0	-3.232498683334174e+25	2.3182635740227327e+29
-0.0	8.697806398711878e+25	2.3600420359598453e+29
-0.0	-1.5175637741746116e+26	2.2514794030145313e+29
-0.0	1.1430937062592962e+26	2.395823670833859e+29
-0.0	-3.799350441943366e+25	2.425928016271473e+29
-0.0	-5.363803321078035e+26	1.419683485488906e+29
-0.0	7.901697696201708e+26	3.274954825718066e+29
-0.0	-2.3215570830040419e+27	-1.4329591481354427e+29
-0.0	6.976632118665031e+27	9.419425533376189e+29
-0.0	-2.2191648737775223e+26	-1.5795475898295037e+25
-0.0	2.622594853052842e+27	4.727701583857093e+24
-0.0	-1.0179851773350483e+28	1.1285751449744818e+30
-0.0	2.4513617327486472e+27	-9.913500933009265e+28
-0.0	-4.328496278116647e+26	3.9877597499214584e+29
-0.0	1.4319809144593634e+25	2.171982693167787e+29
-0.0	1.1040034558673007e+26	2.9306787550582908e+29
-0.0	-8.217909872303568e+25	3.0406271624386248e+29
-0.0	7.552238584808595e+25	2.8348503609626717e+29
-0.0	-6.2720314563908485e+25	3.0076571490503945e+29
-0.0	2.1995472161349148e+25	2.9363019764824952e+29
-0.0	-1.8577495895062885e+25	2.9662639242551132e+29
-0.0	-3.158104257418878e+23	2.950619530948359e+29
-0.0	-2.0846721064661567e+24	2.960284065663636e+29
-0.0	-1.8810775008353542e+24	2.9520245728416906e+29
-0.0	1.0528255920260756e+24	2.9540181616470018e+29
-0.0	-6.93619497429635e+23	2.9532037664001758e+29
-0.0	2.9616534832070467e+23	2.953471802824328e+29
-0.0	-2.6859515874664894e+23	2.9533991873529084e+29
-0.0	2.3690040109302892e+23	2.9534335052500563e+29
-0.0	-1.6040386668127268e+23	2.9534749198853394e+29
-0.0	1.604038680052989e+23	2.953474919885413e+29
-0.0	-2.369003998267425e+23	2.953433505250172e+29
-0.0	2.6859515948650134e+23	2.9533991873527163e+29
-0.0	-2.9616534716792457e+23	2.9534718028244234e+29
-0.0	6.936194982111629e+23	2.9532037664003317e+29
-0.0	-1.0528255904143094e+24	2.954018161646749e+29
-0.0	1.8810775014892165e+24	2.9520245728419256e+29
-0.0	2.0846721071889318e+24	2.9602840656633922e+29
-0.0	3.1581042710562384e+23	2.9506195309483036e+29
-0.0	1.8577495896619974e+25	2.966263924255375e+29
-0.0	-2.1995472160045934e+25	2.9363019764825167e+29
-0.0	6.272031456423449e+25	3.007657149050243e+29
-0.0	-7.552238584596097e+25	2.834850360963064e+29
-0.0	8.217909872306868e+25	3.0406271624384556e+29
-0.0	-1.1040034558566382e+26	2.930678755057277e+29
-0.0	-1.4319809140778859e+25	2.1719826931684342e+29
-0.0	4.328496278094634e+26	3.9877597499215245e+29
-0.0	-2.4513617327488754e+27	-9.913500933009886e+28
-0.0	1.0179851773348301e+28	1.128575144974388e+30
-0.0	-2.622594853052441e+27	4.727701583882018e+24
-0.0	4.680167919668882e+27	-4.6715674439217943e+24
-0.0	-1.2096000798798234e+28	9.69357773337224e+29
-0.0	2.259157867898733e+27	-1.0901995476179649e+29
-0.0	-2.5311020706838913e+26	3.640472955023196e+29
-0.0	-2.8587535836347614e+26	1.8592172007859297e+29
-0.0	1.9181915246878243e+26	2.6517624867767508e+29
-0.0	-6.94142863519543e+25	2.7280112066338996e+29
-0.0	7.320645632171343e+25	2.5495916000627175e+29
-0.0	-5.321531538252248e+25	2.7017932180220184e+29
-0.0	2.3860926185446746e+25	2.6434739919120043e+29
-0.0	-1.824748374327053e+25	2.6651969417917306e+29
-0.0	-2.4020920393694465e+24	2.6531660023373162e+29
-0.0	6.517026261671852e+23	2.661222554631588e+29
-0.0	-2.965851984485947e+24	2.653381512599952e+29
-0.0	1.383196042263163e+24	2.6554183515029533e+29
-0.0	-9.665237148206294e+23	2.6546024190218776e+29
-0.0	2.080508097519395e+23	2.654873610363071e+29
-0.0	-3.773889724366831e+23	2.6547935451171856e+29
-0.0	2.4430226117317582e+23	2.654838178929829e+29
-0.0	-1.5749927320807486e+23	2.6548679847776205e+29
-0.0	1.574992733774528e+23	2.6548679847776177e+29
-0.0	-2.4430226103894396e+23	2.654838178929899e+29
-0.0	3.773889720190682e+23	2.654793545117091e+29
-0.0	-2.0805080965023656e+23	2.6548736103631245e+29
-0.0	9.665237144098982e+23	2.6546024190220064e+29
-0.0	-1.3831960416750175e+24	2.6554183515027615e+29
-0.0	2.96585198383629e+24	2.6533815126001013e+29
-0.0	-6.517026267069634e+23	2.6612225546314938e+29
-0.0	2.4020920397339644e+24	2.6531660023373682e+29
-0.0	1.824748374381183e+25	2.665196941791927e+29
-0.0	-2.386092618530419e+25	2.643473991911974e+29
-0.0	5.3215315381496384e+25	2.701793218021845e+29
-0.0	-7.320645632046435e+25	2.549591600063002e+29
-0.0	6.941428635041289e+25	2.7280112066337128e+29
-0.0	-1.9181915246873264e+26	2.6517624867760154e+29
-0.0	2.8587535836758663e+26	1.8592172007863463e+29
-0.0	2.531102070637713e+26	3.640472955023221e+29
-0.0	-2.259157867898682e+27	-1.090199547618024e+29
-0.0	1.209600079879206e+28	9.693577733371339e+29
-0.0	-4.680167919668212e+27	-4.6715674439165915e+24
-0.0	5.488164338065272e+27	4.6880569879695385e+24
-0.0	-1.247152281669011e+28	7.918093374439586e+29
-0.0	2.0798743210588897e+27	-8.192745820726596e+28
-0.0	-1.8525195539740667e+26	2.8285857277196944e+29
-0.0	-4.2486518877043e+26	1.4676342223946387e+29
-0.0	2.1863111184218254e+26	2.0866699351970632e+29
-0.0	-9.203152801294166e+25	2.1479724429440138e+29
-0.0	7.150129763238439e+25	2.0003331245917934e+29
-0.0	-6.206579671920648e+25	2.1290733973814406e+29
-0.0	2.6360476572622797e+25	2.079848361194815e+29
-0.0	-1.8466924664672525e+25	2.0982787661843575e+29
-0.0	-2.1402606954376637e+24	2.0874765614561944e+29
-0.0	1.9913600018413985e+24	2.0936471710253253e+29
-0.0	-3.2057402528284155e+24	2.0874110636167897e+29
-0.0	1.4475985329900266e+24	2.0890627687584836e+29
-0.0	-1.1076896074321668e+24	2.088426029456568e+29
-0.0	1.5213474682800272e+23	2.0886164621268688e+29
-0.0	-4.492754235009145e+23	2.0885749792885325e+29
-0.0	2.7229612977825503e+23	2.088618450397247e+29
-0.0	-1.709094973609322e+23	2.0886411803627433e+29
-0.0	1.709094980634168e+23	2.0886411803627676e+29
-0.0	-2.7229612893237977e+23	2.0886184503973258e+29
-0.0	4.492754235365494e+23	2.088574979288464e+29
-0.0	-1.5213474626556404e+23	2.0886164621269085e+29
-0.0	1.1076896076956363e+24	2.0884260294566832e+29
-0.0	-1.4475985317429764e+24	2.0890627687583408e+29
-0.0	3.2057402526149235e+24	2.087411063616927e+29
-0.0	-1.9913600018358461e+24	2.0936471710252208e+29
-0.0	2.1402606962840074e+24	2.0874765614562433e+29
-0.0	1.8466924665889203e+25	2.0982787661844705e+29
-0.0	-2.6360476571803227e+25	2.0798483611947867e+29
-0.0	6.206579671862057e+25	2.1290733973813488e+29
-0.0	-7.150129763034298e+25	2.000333124591966e+29
-0.0	9.203152801181284e+25	2.147972442943978e+29
-0.0	-2.186311118417327e+26	2.0866699351965382e+29
-0.0	4.24865188775866e+26	1.4676342223949948e+29
-0.0	1.8525195539288435e+26	2.8285857277197468e+29
-0.0	-2.079874321058252e+27	-8.1927458207269e+28
-0.0	1.2471522816685572e+28	7.918093374439032e+29
-0.0	-5.488164338064269e+27	4.688056987981422e+24
-0.0	5.519973179581854e+27	-2.839167895671048e+24
-0.0	-1.3073157776027083e+28	6.515584769981252e+29
-0.0	2.2756790871763085e+27	-7.278804381430468e+28
-0.0	-2.262473889652723e+26	2.409842525158717e+29
-0.0	-3.985757865307178e+26	1.2291774519769872e+29
-0.0	2.37070528442109e+26	1.7839380608778026e+29
-0.0	-9.719096765626601e+25	1.8318867816581374e+29
-0.0	9.106776250747345e+25	1.715809118749648e+29
-0.0	-6.793701766696488e+25	1.8205049294136645e+29
-0.0	3.150406043722796e+25	1.7828175375831097e+29
-0.0	-1.9561151339170185e+25	1.7973777256067323e+29
-0.0	-1.775818635434923e+24	1.7884614183163767e+29
-0.0	1.546410653657453e+24	1.7938755200416754e+29
-0.0	-3.122404789342053e+24	1.788735355823776e+29
-0.0	1.7098846037507433e+24	1.7901747098446716e+29
-0.0	-1.0830473594575529e+24	1.7895913875406646e+29
-0.0	1.6032274361159673e+23	1.789749544368181e+29
-0.0	-4.602008155177428e+23	1.7897198168553066e+29
-0.0	2.9200122851827983e+23	1.7897529278878387e+29
-0.0	-1.8234998103708497e+23	1.789765461820755e+29
-0.0	1.8234998120385375e+23	1.7897654618207418e+29
-0.0	-2.9200122817300214e+23	1.789752927887897e+29
-0.0	4.6020081494470703e+23	1.789719816855301e+29
-0.0	-1.603227436458699e+23	1.789749544368249e+29
-0.0	1.083047359134919e+24	1.7895913875407635e+29
-0.0	-1.7098846030795497e+24	1.790174709844583e+29
-0.0	3.1224047885526427e+24	1.7887353558238808e+29
-0.0	-1.5464106542239523e+24	1.7938755200416202e+29
-0.0	1.775818635741164e+24	1.78846141831644e+29
-0.0	1.9561151339820013e+25	1.79737772560685e+29
-0.0	-3.1504060436978e+25	1.782817537583125e+29
-0.0	6.793701766569313e+25	1.820504929413595e+29
-0.0	-9.106776250585243e+25	1.7158091187497704e+29
-0.0	9.719096765456343e+25	1.8318867816580948e+29
-0.0	-2.3707052844217436e+26	1.7839380608773635e+29
-0.0	3.985757865359454e+26	1.2291774519772422e+29
-0.0	2.2624738895980973e+26	2.4098425251587535e+29
-0.0	-2.2756790871761386e+27	-7.2788043814308395e+28
-0.0	1.3073157776020944e+28	6.515584769980722e+29
-0.0	-5.519973179580946e+27	-2.839167895645167e+24
-0.0	5.190457984454026e+27	1.1872298300258264e+24
-0.0	-1.2498685239464333e+28	4.885366947241203e+29
-0.0	2.2274539591913028e+27	-5.436390319988322e+28
-0.0	-2.4974760164144272e+26	1.8046175143407664e+29
-0.0	-3.479801243802224e+26	9.176073336132893e+28
-0.0	2.2210702653627757e+26	1.3353710546953155e+29
-0.0	-9.469937777855048e+25	1.3708924762035087e+29
-0.0	9.110904459526197e+25	1.2830826697689128e+29
-0.0	-6.520107096780236e+25	1.362961272881054e+29
-0.0	2.9758335004028995e+25	1.334414192827492e+29
-0.0	-1.9500470776634674e+25	1.3450721403971994e+29
-0.0	-1.4104572766444992e+24	1.3383439207953407e+29
-0.0	7.878842910194293e+23	1.3422799509110293e+29
-0.0	-3.016847475832162e+24	1.3383579385853474e+29
-0.0	1.5907414465478097e+24	1.3394284476701367e+29
-0.0	-1.0623205645161931e+24	1.3389758446206835e+29
-0.0	1.5086318771424619e+23	1.3391116391327822e+29
-0.0	-4.272085361456032e+23	1.3390940208116096e+29
-0.0	2.9522218110144744e+23	1.3391177814449407e+29
-0.0	-1.7189506829479336e+23	1.3391284489450397e+29
-0.0	1.718950684282684e+23	1.3391284489450097e+29
-0.0	-2.952221807283093e+23	1.339117781444993e+29
-0.0	4.272085355618104e+23	1.3390940208116133e+29
-0.0	-1.5086318779505549e+23	1.3391116391328317e+29
-0.0	1.0623205642568823e+24	1.3389758446207287e+29
-0.0	-1.590741445921196e+24	1.3394284476700727e+29
-0.0	3.0168474750501513e+24	1.3383579385854359e+29
-0.0	-7.878842915318153e+23	1.3422799509109943e+29
-0.0	1.4104572769347912e+24	1.3383439207954189e+29
-0.0	1.9500470777277218e+25	1.3450721403972925e+29
-0.0	-2.975833500376874e+25	1.334414192827508e+29
-0.0	6.520107096661382e+25	1.3629612728809957e+29
-0.0	-9.110904459371528e+25	1.283082669768988e+29
-0.0	9.469937777697286e+25	1.3708924762034588e+29
-0.0	-2.221070265363504e+26	1.3353710546950043e+29
-0.0	3.479801243851042e+26	9.176073336134793e+28
-0.0	2.4974760163631676e+26	1.804617514340802e+29
-0.0	-2.2274539591912226e+27	-5.436390319988602e+28
-0.0	1.2498685239458631e+28	4.8853669472407725e+29
-0.0	-5.19045798445326e+27	1.1872298300435794e+24
-0.0	4.6530658216839177e+27	-6.694679168394752e+23
-0.0	-1.1410336174334475e+28	3.465758479858385e+29
-0.0	2.0955040140263814e+27	-4.032988359958914e+28
-0.0	-2.504891031613488e+26	1.3040370418872483e+29
-0.0	-2.7860547053215837e+26	6.517550241668086e+28
-0.0	1.9888859186526718e+26	9.629069624123964e+28
-0.0	-8.696542581284915e+25	9.838550291490863e+28
-0.0	8.620701822530355e+25	9.228585735150522e+28
-0.0	-6.098464274564666e+25	9.786637718445144e+28
-0.0	2.694868440432706e+25	9.588245535413118e+28
-0.0	-1.7942129371843894e+25	9.661513485025514e+28
-0.0	-1.0284678913303355e+24	9.615276430850477e+28
-0.0	2.273270605650267e+23	9.643541514064314e+28
-0.0	-2.690871654654657e+24	9.615701337102569e+28
-0.0	1.285342963129105e+24	9.623683845434606e+28
-0.0	-9.614172906712635e+23	9.62035297671351e+28
-0.0	1.3360741902615333e+23	9.621412647521911e+28
-0.0	-3.8594839735563046e+23	9.621219742640396e+28
-0.0	2.661305196909412e+23	9.621400708762887e+28
-0.0	-1.634139102057634e+23	9.621464293174343e+28
-0.0	1.6341391010334467e+23	9.621464293174241e+28
-0.0	-2.6613051959581448e+23	9.621400708763206e+28
-0.0	3.8594839665161425e+23	9.621219742640267e+28
-0.0	-1.3360741932783562e+23	9.621412647522165e+28
-0.0	9.614172902145199e+23	9.62035297671414e+28
-0.0	-1.2853429627305934e+24	9.623683845434057e+28
-0.0	2.690871653656015e+24	9.6157013371032e+28
-0.0	-2.2732706125308504e+23	9.643541514064231e+28
-0.0	1.0284678913525614e+24	9.615276430850854e+28
-0.0	1.7942129372167655e+25	9.661513485026364e+28
-0.0	-2.6948684404335097e+25	9.588245535413342e+28
-0.0	6.098464274431249e+25	9.786637718444878e+28
-0.0	-8.620701822421342e+25	9.228585735151017e+28
-0.0	8.696542581120981e+25	9.838550291490516e+28
-0.0	-1.9888859186564434e+26	9.629069624121932e+28
-0.0	2.7860547053638063e+26	6.517550241669483e+28
-0.0	2.5048910315651343e+26	1.304037041887299e+29
-0.0	-2.0955040140265108e+27	-4.032988359959158e+28
-0.0	1.141033617432894e+28	3.465758479858096e+29
-0.0	-4.6530658216832866e+27	-6.694679168167373e+23
-0.0	3.8873250999340217e+27	3.4936766341762274e+21
-0.0	-9.616669419740158e+27	2.2133123441781512e+29
-0.0	1.798629858448131e+27	-2.680669952256067e+28
-0.0	-2.2933848228523296e+26	8.463908333722247e+28
-0.0	-2.113272402817264e+26	4.159588569585216e+28
-0.0	1.6461103252693736e+26	6.249013471784546e+28
-0.0	-7.238283797286183e+25	6.364873372049883e+28
-0.0	7.4513618988944216e+25	5.977772345499629e+28
-0.0	-5.193535726037696e+25	6.329494513231411e+28
-0.0	2.2908786238683056e+25	6.2059216402518865e+28
-0.0	-1.5068748595170473e+25	6.251420038990641e+28
-0.0	-7.198186867731407e+23	6.222167889471928e+28
-0.0	7.189085314243533e+22	6.24028282362731e+28
-0.0	-2.1668326036127474e+24	6.222067340519261e+28
-0.0	1.0551340481527634e+24	6.2273199562043405e+28
-0.0	-7.517137556397537e+23	6.225055251391265e+28
-0.0	1.275657490658305e+23	6.225758183958731e+28
-0.0	-3.104054523584005e+23	6.2256029445659115e+28
-0.0	2.273207813010857e+23	6.225746493810662e+28
-0.0	-1.3964165141824e+23	6.225782834710384e+28
-0.0	1.3964165071485915e+23	6.225782834710392e+28
-0.0	-2.2732078192256598e+23	6.225746493811009e+28
-0.0	3.104054511476342e+23	6.2256029445658245e+28
-0.0	-1.2756574988784361e+23	6.225758183958959e+28
-0.0	7.51713754637467e+23	6.225055251391571e+28
-0.0	-1.0551340485129447e+24	6.2273199562040625e+28
-0.0	2.1668326020918745e+24	6.222067340519723e+28
-0.0	-7.189085436861045e+22	6.2402828236270834e+28
-0.0	7.198186860848128e+23	6.222167889472188e+28
-0.0	1.506874859482409e+25	6.251420038991061e+28
-0.0	-2.2908786239305595e+25	6.205921640251951e+28
-0.0	5.193535725858899e+25	6.3294945132310375e+28
-0.0	-7.451361898865844e+25	5.977772345500125e+28
-0.0	7.238283797087262e+25	6.364873372049641e+28
-0.0	-1.646110325278597e+26	6.249013471783135e+28
-0.0	2.1132724028469074e+26	4.159588569586193e+28
-0.0	2.2933848228039167e+26	8.463908333722335e+28
-0.0	-1.7986298584483652e+27	-2.680669952256214e+28
-0.0	9.616669419734288e+27	2.2133123441780027e+29
-0.0	-3.8873250999335456e+27	3.4936766517504246e+21
-0.0	2.943478120575619e+27	-3.118226344319064e+22
-0.0	-7.390989061168526e+27	1.2414378851988536e+29
-0.0	1.412826020297793e+27	-1.5969836236636418e+28
-0.0	-1.9381938797275328e+26	4.882023320345309e+28
-0.0	-1.4052482152681183e+26	2.339095187148e+28
-0.0	1.2260552906117206e+26	3.5990121862519204e+28
-0.0	-5.511399352952874e+25	3.6447387106963106e+28
-0.0	5.857983984563928e+25	3.4323725357016887e+28
-0.0	-4.014151844214569e+25	3.6259935074788954e+28
-0.0	1.7425908839202892e+25	3.5593342623241773e+28
-0.0	-1.1894353800496764e+25	3.583234182500083e+28
-0.0	-6.480976116695874e+23	3.5671170084691466e+28
-0.0	-2.6162523667492513e+23	3.5775805420458956e+28
-0.0	-1.6099483308129946e+24	3.567037662144826e+28
-0.0	7.446895716723203e+23	3.570191495270303e+28
-0.0	-5.754719982608219e+23	3.56884334691624e+28
-0.0	8.931613438813843e+22	3.5692734891593376e+28
-0.0	-2.352940202105958e+23	3.569174482341038e+28
-0.0	1.7008295664505756e+23	3.5692770151816546e+28
-0.0	-1.0878281826247741e+23	3.569289142776662e+28
-0.0	1.087828182450951e+23	3.5692891427766575e+28
-0.0	-1.7008295658843348e+23	3.5692770151818873e+28
-0.0	2.3529401977802943e+23	3.5691744823409686e+28
-0.0	-8.931613459759509e+22	3.569273489159466e+28
-0.0	5.754719980378696e+23	3.568843346916427e+28
-0.0	-7.446895714760906e+23	3.5701914952701278e+28
-0.0	1.6099483301856115e+24	3.5670376621450155e+28
-0.0	2.6162523627050272e+23	3.577580542045814e+28
-0.0	6.480976116503403e+23	3.5671170084692363e+28
-0.0	1.1894353800783522e+25	3.5832341825003507e+28
-0.0	-1.7425908839187918e+25	3.5593342623241716e+28
-0.0	4.0141518441295325e+25	3.6259935074787357e+28
-0.0	-5.857983984493798e+25	3.432372535701842e+28
-0.0	5.511399352859989e+25	3.644738710696222e+28
-0.0	-1.2260552906140625e+26	3.599012186251261e+28
-0.0	1.4052482152940982e+26	2.339095187148571e+28
-0.0	1.938193879697877e+26	4.882023320345404e+28
-0.0	-1.4128260202978702e+27	-1.5969836236637327e+28
-0.0	7.390989061165179e+27	1.241437885198764e+29
-0.0	-2.9434781205752084e+27	-3.1182263432739264e+22
-0.0	1.9494869322830137e+27	-2.6722301629060545e+22
-0.0	-4.993301866720489e+27	5.666558966410468e+28
-0.0	9.835243614152261e+26	-8.002243117445549e+27
-0.0	-1.4606207776316824e+26	2.324004353880183e+28
-0.0	-7.377131603529418e+25	1.0666773499962535e+28
-0.0	7.863367297920957e+25	1.707968898275007e+28
-0.0	-3.6507531782100656e+25	1.714784941872766e+28
-0.0	4.041199519810243e+25	1.6217546935009423e+28
-0.0	-2.7324205124510665e+25	1.7072085887621365e+28
-0.0	1.1578685508944204e+25	1.6790166974958848e+28
-0.0	-8.093625925733337e+24	1.688797233553474e+28
-0.0	-3.989559758731553e+23	1.681711898362234e+28
-0.0	-3.948135695098055e+23	1.686653203056836e+28
-0.0	-9.711434751654521e+23	1.681643018631042e+28
-0.0	4.6762603943336034e+23	1.6832247332052938e+28
-0.0	-3.5854230038150486e+23	1.682536792042927e+28
-0.0	6.4272957954819954e+22	1.6827593694343952e+28
-0.0	-1.4938998342411929e+23	1.6827011001469852e+28
-0.0	1.1359294461587192e+23	1.6827604357999288e+28
-0.0	-7.1990958193325875e+22	1.6827605793189463e+28
-0.0	7.199095820245428e+22	1.682760579318964e+28
-0.0	-1.1359294462523683e+23	1.6827604358001076e+28
-0.0	1.4938998308387586e+23	1.6827011001468562e+28
-0.0	-6.4272958062685676e+22	1.6827593694345308e+28
-0.0	3.585423001960182e+23	1.6825367920428733e+28
-0.0	-4.6762603929972975e+23	1.6832247332052072e+28
-0.0	9.711434747716347e+23	1.6816430186311036e+28
-0.0	3.9481356920862636e+23	1.6866532030567674e+28
-0.0	3.9895597584749323e+23	1.68171189836222e+28
-0.0	8.093625925860378e+24	1.6887972335536362e+28
-0.0	-1.1578685508928817e+25	1.6790166974958454e+28
-0.0	2.7324205123943703e+25	1.7072085887620074e+28
-0.0	-4.0411995197619936e+25	1.6217546935011101e+28
-0.0	3.6507531781479085e+25	1.7147849418726391e+28
-0.0	-7.863367297942112e+25	1.707968898274688e+28
-0.0	7.3771316036938965e+25	1.0666773499965249e+28
-0.0	1.4606207776119048e+26	2.3240043538801916e+28
-0.0	-9.835243614152254e+26	-8.002243117445908e+27
-0.0	4.993301866718251e+27	5.666558966410008e+28
-0.0	-1.949486932282762e+27	-2.6722301624195622e+22
-0.0	1.0715521324956694e+27	7.134931603853729e+21
-0.0	-2.8251111091753566e+27	1.8638850383677906e+28
-0.0	5.8046956277081053e+26	-3.061831986653089e+27
-0.0	-9.415770622988066e+25	8.24648347180922e+27
-0.0	-2.4706839151078435e+25	3.5164288884305867e+27
-0.0	4.063489425101207e+25	6.03655620531845e+27
-0.0	-1.995920775499676e+25	5.973887556023161e+27
-0.0	2.320966142481263e+25	5.691454115382457e+27
-0.0	-1.5476252135385076e+25	5.954261320651994e+27
-0.0	6.310704385848634e+24	5.875540589900916e+27
-0.0	-4.6060745062161116e+24	5.900410219686363e+27
-0.0	-1.8239098758970268e+23	5.87888929966538e+27
-0.0	-3.975823270487151e+23	5.896330791847035e+27
-0.0	-4.684792479419792e+23	5.878530676281359e+27
-0.0	2.2235331252169375e+23	5.884576294438743e+27
-0.0	-1.8257164142306017e+23	5.881887198938992e+27
-0.0	3.347950526899651e+22	5.88280931858588e+27
-0.0	-7.783921361667179e+22	5.882538999480874e+27
-0.0	6.159464138694219e+22	5.882819260194012e+27
-0.0	-3.9660436433572825e+22	5.882784455471819e+27
-0.0	3.966043648730287e+22	5.882784455471779e+27
-0.0	-6.15946413270076e+22	5.882819260194391e+27
-0.0	7.783921350857339e+22	5.88253899948078e+27
-0.0	-3.347950529963371e+22	5.882809318586023e+27
-0.0	1.825716413920318e+23	5.88188719893904e+27
-0.0	-2.2235331239668245e+23	5.884576294438517e+27
-0.0	4.684792477818124e+23	5.878530676281644e+27
-0.0	3.975823269519209e+23	5.896330791846835e+27
-0.0	1.823909876269796e+23	5.8788892996653e+27
-0.0	4.606074506346186e+24	5.900410219686784e+27
-0.0	-6.310704385781265e+24	5.875540589900946e+27
-0.0	1.5476252135134763e+25	5.954261320651654e+27
-0.0	-2.3209661424514686e+25	5.691454115382714e+27
-0.0	1.9959207754724657e+25	5.973887556023049e+27
-0.0	-4.063489425105281e+25	6.036556205317558e+27
-0.0	2.4706839151978403e+25	3.516428888431474e+27
-0.0	9.415770622889637e+25	8.246483471809173e+27
-0.0	-5.8046956277086695e+26	-3.061831986653234e+27
-0.0	2.825111109174255e+27	1.863885038367684e+28
-0.0	-1.0715521324955193e+27	7.134931608887951e+21
-0.0	4.4229384047409094e+26	-2.1446695050431994e+21
-0.0	-1.2207476604828057e+27	3.2240852028589356e+27
-0.0	2.672265539280071e+26	-7.207554329055284e+26
-0.0	-4.768449077995285e+25	1.6970895724510805e+27
-0.0	7.378119297026511e+23	6.114691901089075e+26
-0.0	1.4453493545604416e+25	1.2316095777138667e+27
-0.0	-7.913520679641265e+24	1.182583817295306e+27
-0.0	1.002283130015655e+25	1.1442815513263349e+27
-0.0	-6.504863780634258e+24	1.1815227253771736e+27
-0.0	2.484009930267501e+24	1.1741635107273786e+27
-0.0	-1.9507673631027216e+24	1.1751967765709434e+27
-0.0	-4.35778238360432e+22	1.172293495534967e+27
-0.0	-2.8437072143757605e+23	1.1758316784499376e+27
-0.0	-1.40138268543297e+23	1.172151119685163e+27
-0.0	6.881027691961291e+22	1.1735839909083494e+27
-0.0	-6.039571610620288e+22	1.1729295496976645e+27
-0.0	1.359483590050615e+22	1.1731712284675309e+27
-0.0	-2.724154706794778e+22	1.1730918560538759e+27
-0.0	2.4576354935896317e+22	1.1731776146426342e+27
-0.0	-1.578185866602592e+22	1.1731549025314712e+27
-0.0	1.578185868448045e+22	1.1731549025314561e+27
-0.0	-2.4576354899018654e+22	1.1731776146427128e+27
-0.0	2.724154703031949e+22	1.1730918560538495e+27
-0.0	-1.3594835921088232e+22	1.1731712284675419e+27
-0.0	6.039571609114807e+22	1.1729295496977302e+27
-0.0	-6.881027686670362e+22	1.1735839909083074e+27
-0.0	1.4013826848296836e+23	1.1721511196852419e+27
-0.0	2.8437072140753872e+23	1.1758316784498539e+27
-0.0	4.357782385304047e+22	1.1722934955349631e+27
-0.0	1.9507673631409562e+24	1.1751967765710731e+27
-0.0	-2.4840099302459577e+24	1.1741635107273726e+27
-0.0	6.504863780542559e+24	1.1815227253771365e+27
-0.0	-1.0022831300036933e+25	1.1442815513263577e+27
-0.0	7.913520679528989e+24	1.1825838172953461e+27
-0.0	-1.4453493545618295e+25	1.2316095777138322e+27
-0.0	-7.378119293818121e+23	6.114691901091061e+26
-0.0	4.768449077957097e+25	1.6970895724510192e+27
-0.0	-2.6722655392806635e+26	-7.207554329055761e+26
-0.0	1.2207476604823581e+27	3.224085202858909e+27
-0.0	-4.422938404740224e+26	-2.14466950366698e+21
-0.0	1.0114463032314836e+26	1.3500763544093791e+20
-0.0	-3.127342581423129e+26	4.804542190187243e+25
-0.0	7.802023143447953e+25	-4.871288452828652e+25
-0.0	-1.543854720785228e+25	8.247653891450683e+25
-0.0	6.674487464052566e+24	1.0941134554565474e+25
-0.0	1.47633565136763e+24	5.821548192825362e+25
-0.0	-1.3994354576686858e+24	4.96254700456335e+25
-0.0	2.315779056133717e+24	5.118693217269742e+25
-0.0	-1.3946150306292838e+24	5.008480927807743e+25
-0.0	4.317972981017792e+23	5.12587235966722e+25
-0.0	-4.260737446785247e+23	5.060184729659129e+25
-0.0	1.0221415161473817e+22	5.072533579567637e+25
-0.0	-1.331184228151722e+23	5.088677745516913e+25
-0.0	5.081529584480418e+21	5.070720355201789e+25
-0.0	-5.316730477889017e+20	5.080888018363194e+25
-0.0	-3.222633144118504e+21	5.075967904399104e+25
-0.0	2.5479299000899307e+21	5.078020285204366e+25
-0.0	-2.6899081018081673e+21	5.077202476861459e+25
-0.0	4.366686958196222e+21	5.0781008094549595e+25
-0.0	-2.83440494117113e+21	5.077724753940087e+25
-0.0	2.8344049448864275e+21	5.077724753940068e+25
-0.0	-4.3666869524236814e+21	5.078100809455039e+25
-0.0	2.68990809676628e+21	5.0772024768605e+25
-0.0	-2.5479299082111895e+21	5.078020285203871e+25
-0.0	3.2226331419049926e+21	5.075967904399422e+25
-0.0	5.316730546170273e+20	5.080888018363087e+25
-0.0	-5.081529593446017e+21	5.070720355201959e+25
-0.0	1.3311842281384638e+23	5.088677745515745e+25
-0.0	-1.0221415159164431e+22	5.072533579566001e+25
-0.0	4.260737446817847e+23	5.060184729659576e+25
-0.0	-4.3179729809707464e+23	5.125872359667397e+25
-0.0	1.3946150306137636e+24	5.0084809278076565e+25
-0.0	-2.3157790561164694e+24	5.118693217269158e+25
-0.0	1.3994354576524823e+24	4.962547004564098e+25
-0.0	-1.4763356513691113e+24	5.821548192828006e+25
-0.0	-6.674487464025519e+24	1.0941134554563913e+25
-0.0	1.5438547207796522e+25	8.247653891449412e+25
-0.0	-7.802023143451114e+25	-4.871288452829207e+25
-0.0	3.127342581422038e+26	4.804542190189005e+25
-0.0	-1.011446303231251e+26	1.350076358756269e+20
-0.0	-1.696696742104969e+25	8.819316914600101e+19
-0.0	2.622529058759588e+25	3.8038632258060133e+25
-0.0	-3.14829961210039e+23	-1.2208917982273826e+24
-0.0	-9.05635269275644e+22	9.457183840359613e+24
-0.0	3.585778238320738e+24	7.288173517029539e+24
-0.0	-1.9460263276216532e+24	7.305343307619181e+24
-0.0	7.018710544376501e+23	8.236447521059504e+24
-0.0	-5.505175950084925e+23	7.373977120765516e+24
-0.0	4.258919268168992e+23	8.131608922214208e+24
-0.0	-2.2464717010325807e+23	7.798438061854028e+24
-0.0	1.2423915054972747e+23	7.939784232320349e+24
-0.0	1.501444666681872e+22	7.873433432613249e+24
-0.0	-2.4482451409848785e+22	7.894305061558742e+24
-0.0	3.0335364000978743e+22	7.875002503159683e+24
-0.0	-1.380502556615928e+22	7.876443955716986e+24
-0.0	9.782201063737043e+21	7.87633245280396e+24
-0.0	-1.137418493350813e+21	7.875911064926843e+24
-0.0	3.7293250138910276e+21	7.876321410931838e+24
-0.0	-2.144172084176689e+21	7.875841385063326e+24
-0.0	1.378351799373551e+21	7.876230600433981e+24
-0.0	-1.3783517995316308e+21	7.87623060043131e+24
-0.0	2.1441720809306776e+21	7.875841385062295e+24
-0.0	-3.7293250085433104e+21	7.87632141093288e+24
-0.0	1.13741849434175e+21	7.875911064922909e+24
-0.0	-9.782201061924642e+21	7.876332452804763e+24
-0.0	1.3805025559853696e+22	7.876443955716386e+24
-0.0	-3.033536399361732e+22	7.875002503160838e+24
-0.0	2.448245141556317e+22	7.894305061563827e+24
-0.0	-1.5014446666897645e+22	7.873433432608896e+24
-0.0	-1.2423915055787514e+23	7.939784232308208e+24
-0.0	2.2464717010075447e+23	7.798438061854064e+24
-0.0	-4.258919268077208e+23	8.131608922214926e+24
-0.0	5.5051759499771665e+23	7.373977120761953e+24
-0.0	-7.018710544280956e+23	8.23644752105679e+24
-0.0	1.946026327624869e+24	7.305343307602645e+24
-0.0	-3.585778238369216e+24	7.288173517003166e+24
-0.0	9.056352696760345e+22	9.45718384036413e+24
-0.0	3.148299611999835e+23	-1.2208917982280198e+24
-0.0	-2.6225290587582997e+25	3.8038632258057594e+25
-0.0	1.6966967421052051e+25	8.819316906409828e+19
-0.0	-2.4194919031891757e+25	-6.029433939654425e+19
-0.0	6.2779864406901575e+25	-1.7456189692797042e+25
-0.0	-1.347861169673018e+25	-6.279843118197206e+23
-0.0	3.150354593527311e+24	-3.195609337731671e+24
-0.0	1.4740624076721523e+23	-3.519316781170914e+24
-0.0	-1.2420228529868877e+24	-2.601851885171797e+24
-0.0	6.166310980016432e+23	-3.2251654492538355e+24
-0.0	-7.210437459007504e+23	-2.770237776503847e+24
-0.0	4.819285137382331e+23	-3.164023017577119e+24
-0.0	-1.943268731135644e+23	-2.9779663152337954e+24
-0.0	1.4539792929590258e+23	-3.05992085858153e+24
-0.0	5.026961892406941e+21	-3.025101815896513e+24
-0.0	1.5528572530488135e+22	-3.0321574218163064e+24
-0.0	1.3322469235580956e+22	-3.0261874741338763e+24
-0.0	-6.430283998621229e+21	-3.024899569171438e+24
-0.0	5.27940925006585e+21	-3.0258118127051657e+24
-0.0	-1.0499641213184568e+21	-3.025201067011831e+24
-0.0	2.3085632288257425e+21	-3.025553707162183e+24
-0.0	-1.9052896228898541e+21	-3.0251498774722943e+24
-0.0	1.2279705185087584e+21	-3.02541121359554e+24
-0.0	-1.2279705192934972e+21	-3.025411213597289e+24
-0.0	1.9052896210249725e+21	-3.0251498774743634e+24
-0.0	-2.308563224948359e+21	-3.025553707159908e+24
-0.0	1.0499641226554007e+21	-3.025201067012208e+24
-0.0	-5.279409248997576e+21	-3.02581181270658e+24
-0.0	6.430283994241073e+21	-3.0248995691716416e+24
-0.0	-1.332246923079563e+22	-3.0261874741334007e+24
-0.0	-1.5528572526399058e+22	-3.0321574218126557e+24
-0.0	-5.02696189246755e+21	-3.025101815898298e+24
-0.0	-1.4539792930162846e+23	-3.0599208585907577e+24
-0.0	1.9432687311151296e+23	-2.977966315234164e+24
-0.0	-4.8192851373132316e+23	-3.1640230175763465e+24
-0.0	7.210437458924623e+23	-2.7702377765074984e+24
-0.0	-6.166310979955056e+23	-3.2251654492559084e+24
-0.0	1.2420228529898824e+24	-2.6018518851805675e+24
-0.0	-1.4740624079808501e+23	-3.519316781189488e+24
-0.0	-3.1503545934964505e+24	-3.1956093377285603e+24
-0.0	1.3478611696728781e+25	-6.2798431181988e+23
-0.0	-6.2779864406881105e+25	-1.745618969279062e+25
-0.0	2.419491903188973e+25	-6.029433947207044e+19
-0.0	-6.625679455821704e+24	9.949194977151461e+18
-0.0	2.033727578964449e+25	7.131173431520209e+24
-0.0	-5.93957301469434e+24	9.190234272805727e+23
-0.0	1.669684405291597e+24	7.408636877735307e+23
-0.0	-8.891880012348538e+23	1.5357917979558226e+24
-0.0	-1.4297753796305856e+23	6.914922882188175e+23
-0.0	1.2580972654647174e+23	1.0463008959320896e+24
-0.0	-2.0637726282434693e+23	8.293241803863363e+23
-0.0	1.2657460701075964e+23	1.0146098431412567e+24
-0.0	-3.9080921064850026e+22	9.213447075702202e+23
-0.0	3.973754764992762e+22	9.636380367427721e+23
-0.0	-1.2368549459431677e+21	9.470782693025687e+23
-0.0	1.345506014581989e+22	9.48782247231333e+23
-0.0	-9.864019950673916e+20	9.47742384885962e+23
-0.0	2.722287541446061e+20	9.462711859030241e+23
-0.0	1.5687115155404728e+20	9.47110344883167e+23
-0.0	-2.3026444749797825e+20	9.466614584635305e+23
-0.0	2.0303675685354036e+20	9.46888727642606e+23
-0.0	-3.9415635642963604e+20	9.466316229952826e+23
-0.0	2.5562318192393667e+20	9.467801412300372e+23
-0.0	-2.5562318204157726e+20	9.467801412297237e+23
-0.0	3.941563562346653e+20	9.466316229944302e+23
-0.0	-2.0303675625776067e+20	9.468887276417102e+23
-0.0	2.302644479385419e+20	9.466614584632106e+23
-0.0	-1.5687115158830265e+20	9.471103448831016e+23
-0.0	-2.722287551972722e+20	9.462711859030053e+23
-0.0	9.864019959103487e+20	9.477423848859586e+23
-0.0	-1.3455060144957757e+22	9.487822472311295e+23
-0.0	1.2368549459868333e+21	9.470782693014337e+23
-0.0	-3.973754765121628e+22	9.636380367410512e+23
-0.0	3.9080921064444285e+22	9.21344707570206e+23
-0.0	-1.2657460700952024e+23	1.0146098431411168e+24
-0.0	2.063772628231624e+23	8.293241803862586e+23
-0.0	-1.2580972654560724e+23	1.0463008959316607e+24
-0.0	1.4297753796366316e+23	6.914922882162984e+23
-0.0	8.891880012303035e+23	1.5357917979537897e+24
-0.0	-1.6696844052849205e+24	7.408636877748852e+23
-0.0	5.93957301469531e+24	9.190234272807366e+23
-0.0	-2.0337275789639635e+25	7.131173431519847e+24
-0.0	6.625679455820479e+24	9.949194966613398e+18
-0.0	2.581009500965983e+24	5.134453628011277e+18
-0.0	-5.460373283342586e+24	-2.3237900154350266e+24
-0.0	1.208900828376039e+23	-7.896107992663797e+23
-0.0	1.7832178108494782e+23	1.8588880390078236e+23
-0.0	-5.6528523522351366e+23	-5.559527688473598e+23
-0.0	2.4708701987014017e+23	6.192625958593989e+22
-0.0	-9.750854687797622e+22	-1.2679172029743169e+23
-0.0	8.416292703776282e+22	-3.3339574162871474e+22
-0.0	-6.108353783095884e+22	-1.1160214452701493e+23
-0.0	3.0960845610772276e+22	-6.864561999792165e+22
-0.0	-1.7365889441978361e+22	-8.883842101433707e+22
-0.0	-2.0613267819133162e+21	-8.173384527704936e+22
-0.0	3.313133827167289e+21	-8.141978007568499e+22
-0.0	-4.187604233841281e+21	-8.209514930736076e+22
-0.0	1.9081167044028153e+21	-8.092373992886072e+22
-0.0	-1.3524577533198496e+21	-8.15380336374934e+22
-0.0	1.5795537255955694e+20	-8.12439000414829e+22
-0.0	-5.156516321402188e+20	-8.137933413849158e+22
-0.0	2.985509104326596e+20	-8.122859007697368e+22
-0.0	-1.9182557241256038e+20	-8.130695722125175e+22
-0.0	1.9182557267535554e+20	-8.13069572214293e+22
-0.0	-2.985509100544768e+20	-8.122859007694709e+22
-0.0	5.156516313636873e+20	-8.13793341389061e+22
-0.0	-1.579553724255699e+20	-8.124390004160475e+22
-0.0	1.3524577529890102e+21	-8.15380336378005e+22
-0.0	-1.90811670385375e+21	-8.092373992884074e+22
-0.0	4.18760423293785e+21	-8.2095149307617e+22
-0.0	-3.3131338276450394e+21	-8.141978007651154e+22
-0.0	2.0613267820661844e+21	-8.173384527748205e+22
-0.0	1.7365889442724012e+22	-8.883842101291611e+22
-0.0	-3.096084561050335e+22	-6.864561999792572e+22
-0.0	6.108353782965977e+22	-1.1160214452687073e+23
-0.0	-8.41629270362231e+22	-3.3339574162426207e+22
-0.0	9.75085468767406e+22	-1.2679172029699298e+23
-0.0	-2.470870198705483e+23	6.192625958778197e+22
-0.0	5.652852352286641e+23	-5.5595276884449284e+23
-0.0	-1.7832178108869283e+23	1.858888039002398e+23
-0.0	-1.2089008283702275e+23	-7.896107992662273e+23
-0.0	5.460373283339937e+24	-2.323790015434755e+24
-0.0	-2.5810095009661954e+24	5.134453636015379e+18
-0.0	3.2064849086143094e+24	-8.613633493066402e+18
-0.0	-8.38171167702357e+24	3.319570016564106e+23
-0.0	1.4345914409318235e+24	5.574673116056671e+23
-0.0	-2.652331067559075e+23	-4.264385901169619e+23
-0.0	-1.6009283833138938e+23	1.1891066741697609e+23
-0.0	1.9825191582717872e+23	-2.8140417689157294e+23
-0.0	-9.725467360552476e+22	-1.879543391334349e+23
-0.0	1.096066956775016e+23	-2.2197205737976728e+23
-0.0	-7.319863906302194e+22	-1.9453229812822943e+23
-0.0	3.0628428950884663e+22	-2.1212074077078877e+23
-0.0	-2.1710546216510407e+22	-2.033941901064504e+23
-0.0	-1.0718207773204325e+21	-2.0596627797616093e+23
-0.0	-1.1762207825240632e+21	-2.0678778783390485e+23
-0.0	-2.5656803917954385e+21	-2.0577642548229834e+23
-0.0	1.2134269005296228e+21	-2.0656720653898858e+23
-0.0	-9.487664540092362e+20	-2.0617137521740673e+23
-0.0	1.6394531555082578e+20	-2.0634527992016193e+23
-0.0	-3.9806144324342075e+20	-2.0627071524366818e+23
-0.0	3.0042831884138126e+20	-2.0635317184471755e+23
-0.0	-1.935104863724808e+20	-2.0631452964986e+23
-0.0	1.935104865300426e+20	-2.0631452964993298e+23
-0.0	-3.004283182887556e+20	-2.0635317184477534e+23
-0.0	3.980614425569752e+20	-2.0627071524388397e+23
-0.0	-1.63945315570736e+20	-2.063452799201496e+23
-0.0	9.487664537957761e+20	-2.0617137521721275e+23
-0.0	-1.2134269000532828e+21	-2.0656720653913824e+23
-0.0	2.5656803909935306e+21	-2.057764254823655e+23
-0.0	1.1762207821160337e+21	-2.0678778783454383e+23
-0.0	1.0718207774588527e+21	-2.0596627797606037e+23
-0.0	2.1710546217094108e+22	-2.033941901049125e+23
-0.0	-3.0628428950571537e+22	-2.121207407707619e+23
-0.0	7.319863906180062e+22	-1.945322981281545e+23
-0.0	-1.096066956760726e+23	-2.219720573793706e+23
-0.0	9.725467360452462e+22	-1.8795433913315492e+23
-0.0	-1.982519158277432e+23	-2.8140417689016103e+23
-0.0	1.600928383357283e+23	1.1891066741967287e+23
-0.0	2.652331067520104e+23	-4.2643859011752693e+23
-0.0	-1.4345914409316635e+24	5.574673116057557e+23
-0.0	8.381711677020951e+24	3.3195700165634136e+23
-0.0	-3.2064849086141956e+24	-8.613633487179524e+18
-0.0	1.5879605867057987e+24	4.890455368986602e+18
-0.0	-4.3483417435705e+24	3.370319874758924e+23
-0.0	8.685795969191333e+23	-3.4882064690356e+23
-0.0	-1.9323228731827946e+23	3.9991121979045065e+23
-0.0	-7.343599655507126e+21	4.595067572956591e+22
-0.0	8.44429389015069e+22	2.8401962089427932e+23
-0.0	-4.574357268882047e+22	2.4159589520090686e+23
-0.0	5.610845955330038e+22	2.496953631053173e+23
-0.0	-3.6556542680691642e+22	2.4401316851118266e+23
-0.0	1.4364875564754349e+22	2.4977697963954268e+23
-0.0	-1.0965356685051818e+22	2.4658392487463357e+23
-0.0	-3.377023670359044e+20	2.4717747570973233e+23
-0.0	-1.3148345625651695e+21	2.479570862716854e+23
-0.0	-9.336300065942186e+20	2.4709224343118414e+23
-0.0	4.5377515604565695e+20	2.4758122905319015e+23
-0.0	-3.7834404460510085e+20	2.47344402073576e+23
-0.0	7.859684533849468e+19	2.4744259324543002e+23
-0.0	-1.676664792923008e+20	2.4740429319275006e+23
-0.0	1.4182839506095736e+20	2.4744605670146902e+23
-0.0	-9.145010053497727e+19	2.4742870904573262e+23
-0.0	9.145010060885436e+19	2.4742870904584372e+23
-0.0	-1.4182839474012686e+20	2.474460567014391e+23
-0.0	1.676664788950576e+20	2.4740429319249303e+23
-0.0	-7.859684540119872e+19	2.474425932454003e+23
-0.0	3.7834404448952884e+20	2.4734440207350742e+23
-0.0	-4.5377515587547804e+20	2.4758122905310046e+23
-0.0	9.336300062391077e+20	2.47092243431161e+23
-0.0	1.314834562419208e+21	2.4795708627119705e+23
-0.0	3.377023670814121e+20	2.4717747570962576e+23
-0.0	1.096535668525653e+22	2.4658392487521362e+23
-0.0	-1.4364875564569017e+22	2.497769796395819e+23
-0.0	3.6556542680118747e+22	2.4401316851124722e+23
-0.0	-5.61084595526238e+22	2.496953631055874e+23
-0.0	4.574357268834203e+22	2.4159589520102927e+23
-0.0	-8.444293890175975e+22	2.8401962089492377e+23
-0.0	7.343599657359525e+21	4.595067573070262e+22
-0.0	1.9323228731647648e+23	3.999112197900263e+23
-0.0	-8.685795969191135e+23	-3.488206469035511e+23
-0.0	4.348341743569283e+24	3.370319874757466e+23
-0.0	-1.587960586705688e+24	4.890455377066409e+18
-0.0	5.190904399365811e+23	-9.518146706618875e+17
-0.0	-1.438578932207986e+24	-4.508649449115216e+23
-0.0	3.0975636658029776e+23	1.979696951863695e+23
-0.0	-7.381736818188565e+22	-2.978357675123954e+23
-0.0	1.1732944481816098e+22	-8.713623022342044e+22
-0.0	2.4488223955896003e+22	-2.189127524851863e+23
-0.0	-1.430631309827395e+22	-2.0192950815412575e+23
-0.0	1.8522416432237787e+22	-2.0035705779942244e+23
-0.0	-1.1879689605652358e+22	-2.0248927195041364e+23
-0.0	4.480422405536603e+21	-2.0335501923525487e+23
-0.0	-3.585394048636483e+21	-2.0257137778807965e+23
-0.0	-7.0526464052207034e+19	-2.0244670108533862e+23
-0.0	-5.7139113118720295e+20	-2.0301632244175804e+23
-0.0	-2.3391000784135625e+20	-2.024116391867913e+23
-0.0	1.1721911424074986e+20	-2.0268722951096744e+23
-0.0	-1.0427260297999837e+20	-2.025578315143595e+23
-0.0	2.494093733937269e+19	-2.0260859763758027e+23
-0.0	-4.819771017164696e+19	-2.0259011507620232e+23
-0.0	4.439753504633663e+19	-2.0260968080506896e+23
-0.0	-2.8715721249231495e+19	-2.0260293226879774e+23
-0.0	2.8715721302425645e+19	-2.026029322687446e+23
-0.0	-4.439753497392642e+19	-2.026096808050916e+23
-0.0	4.819771001972675e+19	-2.0259011507624302e+23
-0.0	-2.4940937262736065e+19	-2.0260859763761516e+23
-0.0	1.0427260292264776e+20	-2.0255783151436214e+23
-0.0	-1.1721911421117917e+20	-2.026872295109709e+23
-0.0	2.3391000772979858e+20	-2.024116391868181e+23
-0.0	5.713911311283205e+20	-2.0301632244187723e+23
-0.0	7.0526464112625205e+19	-2.0244670108540016e+23
-0.0	3.58539404868858e+21	-2.0257137778796573e+23
-0.0	-4.480422405485529e+21	-2.0335501923519215e+23
-0.0	1.1879689605476883e+22	-2.0248927195037975e+23
-0.0	-1.852241643198533e+22	-2.0035705779942408e+23
-0.0	1.4306313098080314e+22	-2.0192950815408203e+23
-0.0	-2.44882239559601e+22	-2.1891275248493443e+23
-0.0	-1.1732944481266952e+22	-8.713623022302034e+22
-0.0	7.381736818126712e+22	-2.9783576751244457e+23
-0.0	-3.0975636658038956e+23	1.9796969518637703e+23
-0.0	1.4385789322074975e+24	-4.508649449115894e+23
-0.0	-5.190904399365244e+23	-9.518146671127241e+17
-0.0	1.2570388440941371e+23	6.113141452504116e+17
-0.0	-3.4149188606187144e+23	3.72799528688833e+23
-0.0	7.696069499572528e+22	-1.0207122594223863e+23
-0.0	-1.8904124580608543e+22	1.9654536783703787e+23
-0.0	4.985794045906928e+21	7.983891447366734e+22
-0.0	5.216131951438707e+21	1.4784177275794492e+23
-0.0	-3.2475210058849814e+21	1.4256312467930037e+23
-0.0	4.3802162829172303e+21	1.385252436496181e+23
-0.0	-2.7706236243321705e+21	1.424473090777005e+23
-0.0	1.0117678890525432e+21	1.4165372042505948e+23
-0.0	-8.387843701663349e+20	1.4177682688042772e+23
-0.0	-8.79207202337122e+18	1.4146633629917912e+23
-0.0	-1.5819734605424207e+20	1.4183733827805952e+23
-0.0	-4.2526496485542085e+19	1.4145594335672195e+23
-0.0	2.1840508127538803e+19	1.4160323100886512e+23
-0.0	-2.101972145003755e+19	1.4153625672486824e+23
-0.0	5.642362641443386e+18	1.4156059034300905e+23
-0.0	-1.0079538476830908e+19	1.4155263088770694e+23
-0.0	1.0097913487183307e+19	1.4156097713501492e+23
-0.0	-6.494606186090747e+18	1.415589029691948e+23
-0.0	6.494606222691327e+18	1.4155890296918357e+23
-0.0	-1.009791349671507e+19	1.4156097713502645e+23
-0.0	1.0079538420269642e+19	1.4155263088773415e+23
-0.0	-5.642362571719096e+18	1.4156059034297234e+23
-0.0	2.101972142674673e+19	1.4153625672485249e+23
-0.0	-2.1840508143679013e+19	1.4160323100883299e+23
-0.0	4.2526496465944855e+19	1.4145594335671586e+23
-0.0	1.5819734604422536e+20	1.4183733827803674e+23
-0.0	8.792072045292498e+18	1.414663362991509e+23
-0.0	8.387843701570315e+20	1.4177682688043787e+23
-0.0	-1.0117678890380831e+21	1.4165372042507353e+23
-0.0	2.77062362428718e+21	1.4244730907772126e+23
-0.0	-4.3802162828379905e+21	1.3852524364958621e+23
-0.0	3.2475210058201747e+21	1.4256312467929176e+23
-0.0	-5.216131951449406e+21	1.4784177275799098e+23
-0.0	-4.985794045784497e+21	7.983891447375416e+22
-0.0	1.890412458043012e+22	1.9654536783702183e+23
-0.0	-7.696069499579183e+22	-1.020712259422469e+23
-0.0	3.4149188606168776e+23	3.7279952868871916e+23
-0.0	-1.257038844093893e+23	6.113141458034744e+17
-0.0	2.3404022871724283e+22	-1.0795891425232166e+17
-0.0	-6.027968048131563e+22	-2.57650922315717e+23
-0.0	1.3785273615779617e+22	4.680014866822669e+22
-0.0	-3.412068532296256e+21	-1.1935591334171802e+23
-0.0	1.059707892484184e+21	-5.906802798442013e+22
-0.0	8.601208415545452e+20	-9.150154081562994e+22
-0.0	-5.58872428265229e+20	-9.096820197211986e+22
-0.0	7.758831412800292e+20	-8.718422916395062e+22
-0.0	-4.826377949334591e+20	-9.067525362842148e+22
-0.0	1.713836848163013e+20	-8.958921226321437e+22
-0.0	-1.4607740064540577e+20	-8.994655126757847e+22
-0.0	-6.279276445529993e+17	-8.965955401133313e+22
-0.0	-3.1063081960976806e+19	-8.987901576857036e+22
-0.0	-5.679932402838062e+18	-8.965802734457297e+22
-0.0	3.0032239050660383e+18	-8.973044118878949e+22
-0.0	-3.224387852694251e+18	-8.969865408667086e+22
-0.0	9.43679835510114e+17	-8.97093052193605e+22
-0.0	-1.6174216409485056e+18	-8.97063545203902e+22
-0.0	1.7040196125037885e+18	-8.970929496434002e+22
-0.0	-1.1046714240363941e+18	-8.97091231313346e+22
-0.0	1.1046714447222944e+18	-8.970912313133414e+22
-0.0	-1.7040196284627546e+18	-8.970929496436104e+22
-0.0	1.617421620550714e+18	-8.970635452038428e+22
-0.0	-9.436797983556316e+17	-8.970930521936168e+22
-0.0	3.224387844238253e+18	-8.969865408667517e+22
-0.0	-3.0032239202131287e+18	-8.97304411887872e+22
-0.0	5.679932399003154e+18	-8.965802734457629e+22
-0.0	3.1063081964170707e+19	-8.987901576857214e+22
-0.0	6.279276471416961e+17	-8.965955401132045e+22
-0.0	1.4607740063827263e+20	-8.994655126757208e+22
-0.0	-1.7138368481206423e+20	-8.958921226322529e+22
-0.0	4.826377949250642e+20	-9.06752536284072e+22
-0.0	-7.758831412653688e+20	-8.718422916395228e+22
-0.0	5.5887242825071487e+20	-9.096820197210962e+22
-0.0	-8.601208415565362e+20	-9.150154081559601e+22
-0.0	-1.0597078924651577e+21	-5.906802798442698e+22
-0.0	3.4120685322672795e+21	-1.193559133417126e+23
-0.0	-1.378527361579763e+22	4.680014866822542e+22
-0.0	6.027968048126458e+22	-2.5765092231571134e+23
-0.0	-2.3404022871716096e+22	-1.079589141953884e+17
-0.0	3.102993969371707e+21	-9896432674636876.0
-0.0	-7.589427977308102e+21	1.5986744444163486e+23
-0.0	1.631145728692577e+21	-1.7912858678150113e+22
-0.0	-4.1596485005217366e+20	6.76050171084029e+22
-0.0	1.1092207327211105e+20	3.8787072546409514e+22
-0.0	1.1799877682034477e+20	5.272195132111005e+22
-0.0	-7.601639676865579e+19	5.37174862660454e+22
-0.0	1.0628345332859627e+20	5.0938545682937436e+22
-0.0	-6.391305962256061e+19	5.3441004220371375e+22
-0.0	2.1986688486031016e+19	5.253720247599723e+22
-0.0	-1.926066720366709e+19	5.287590875852528e+22
-0.0	3.1813498840299684e+16	5.2666895224613424e+22
-0.0	-4.495962397797496e+18	5.278809348927967e+22
-0.0	-5.422850312447714e+17	5.266849130507888e+22
-0.0	3.2748161951145043e+17	5.270145089609394e+22
-0.0	-3.635492350673218e+17	5.2687768168051184e+22
-0.0	1.2936307802986605e+17	5.269171014653488e+22
-0.0	-1.9360590733014096e+17	5.269099002057992e+22
-0.0	2.215543221409537e+17	5.26916252892089e+22
-0.0	-1.4203952441125766e+17	5.269202906387949e+22
-0.0	1.4203953772454002e+17	5.269202906386892e+22
-0.0	-2.2155433121663184e+17	5.269162528920264e+22
-0.0	1.936058931658831e+17	5.269099002060036e+22
-0.0	-1.2936305529814467e+17	5.269171014653335e+22
-0.0	3.6354923385703974e+17	5.2687768168038534e+22
-0.0	-3.2748163309385235e+17	5.270145089608356e+22
-0.0	5.422850324289517e+17	5.26684913050854e+22
-0.0	4.4959623994064916e+18	5.278809348927121e+22
-0.0	-3.1813499746473496e+16	5.26668952246287e+22
-0.0	1.9260667200810717e+19	5.287590875852568e+22
-0.0	-2.198668848631619e+19	5.253720247600845e+22
-0.0	6.391305961939475e+19	5.34410042203765e+22
-0.0	-1.0628345332344819e+20	5.093854568294009e+22
-0.0	7.601639677107333e+19	5.371748626604043e+22
-0.0	-1.1799877682263862e+20	5.27219513211055e+22
-0.0	-1.109220732713237e+20	3.878707254641393e+22
-0.0	4.1596485004892235e+20	6.760501710842089e+22
-0.0	-1.6311457286979943e+21	-1.7912858678150484e+22
-0.0	7.589427977293877e+21	1.5986744444161845e+23
-0.0	-3.102993969369506e+21	-9896432657225096.0
-0.0	1.2153808597149694e+20	6787438390723962.0
-0.0	-4.5795444911396684e+20	-9.163596009967854e+22
-0.0	4.784541824393452e+19	4.333948608716961e+21
-0.0	-2.4823739388703314e+19	-3.5935177997160886e+22
-0.0	-4.1077895611429775e+18	-2.348532610003778e+22
-0.0	1.5108390930614776e+19	-2.8522982340226043e+22
-0.0	-8.609009031486909e+18	-2.973269238119892e+22
-0.0	1.139391883505938e+19	-2.7927935382239016e+22
-0.0	-6.359022644294018e+18	-2.9525614602186274e+22
-0.0	2.1133472906598254e+18	-2.8897687113672453e+22
-0.0	-1.9305307591342607e+18	-2.9146957537369716e+22
-0.0	1.5701338102219236e+16	-2.9012073787042222e+22
-0.0	-4.9123538627327686e+17	-2.9075033042490845e+22
-0.0	-4.086763521873982e+16	-2.901456701710914e+22
-0.0	2.5507785092576836e+16	-2.9027651505116177e+22
-0.0	-3.227862682435172e+16	-2.9022675683839847e+22
-0.0	1.2212674386186208e+16	-2.902376196429676e+22
-0.0	-1.840166281427573e+16	-2.9023851775516505e+22
-0.0	2.178830095279351e+16	-2.9023674850113636e+22
-0.0	-1.4265573784190526e+16	-2.902413916262423e+22
-0.0	1.4265578779788202e+16	-2.902413916263041e+22
-0.0	-2.1788302338745504e+16	-2.9023674850123325e+22
-0.0	1.8401652916834028e+16	-2.902385177551667e+22
-0.0	-1.2212662244882598e+16	-2.9023761964297456e+22
-0.0	3.227862772455895e+16	-2.9022675683852723e+22
-0.0	-2.55077920158557e+16	-2.9027651505117473e+22
-0.0	4.0867635988964536e+16	-2.9014567017111058e+22
-0.0	4.91235387211625e+17	-2.9075033042483845e+22
-0.0	-1.5701340134857746e+16	-2.9012073787040394e+22
-0.0	1.9305307594141632e+18	-2.914695753737339e+22
-0.0	-2.1133472900900221e+18	-2.8897687113671333e+22
-0.0	6.359022642901116e+18	-2.952561460217892e+22
-0.0	-1.1393918834596905e+19	-2.792793538224457e+22
-0.0	8.609009034796918e+18	-2.9732692381201003e+22
-0.0	-1.5108390932717666e+19	-2.8522982340215393e+22
-0.0	4.107789559292051e+18	-2.3485326100045054e+22
-0.0	2.4823739390602707e+19	-3.593517799715477e+22
-0.0	-4.784541824963912e+19	4.333948608719773e+21
-0.0	4.5795444911630595e+20	-9.163596009967833e+22
-0.0	-1.215380859711923e+20	6787438391357385.0
-0.0	-7.137683477537922e+19	-2.6573803436601532e+16
-0.0	6.498148898998017e+19	4.872953353513789e+22
-0.0	-2.715411694734054e+19	1.0022856086397063e+21
-0.0	1.0239022153297394e+18	1.7702889539331621e+22
-0.0	-2.202414259109313e+18	1.315717364264681e+22
-0.0	1.7062588949899167e+18	1.4321639651570176e+22
-0.0	-7.066921560323671e+17	1.529620739064277e+22
-0.0	7.79903985240678e+17	1.4226424764509125e+22
-0.0	-3.547271802454115e+17	1.5161588615687503e+22
-0.0	1.3108747988914166e+17	1.4770810064724566e+22
-0.0	-1.3478652544908544e+17	1.4931909089674236e+22
-0.0	2468819165090992.0	1.485261177182727e+22
-0.0	-3.8864817689076536e+16	1.4882737631110841e+22
-0.0	-1970721242054070.8	1.4854901463416574e+22
-0.0	1675259264064265.0	1.4858951938746568e+22
-0.0	-1943404359714860.2	1.485769013264734e+22
-0.0	1032454005256203.2	1.4857692742546547e+22
-0.0	-1300552682393138.8	1.4857987504659025e+22
-0.0	1714812474133613.5	1.485760697605251e+22
-0.0	-1081767712570034.8	1.4857979629033218e+22
-0.0	1081768896142293.2	1.4857979629035546e+22
-0.0	-1714810064743969.5	1.4857606976049598e+22
-0.0	1300546815474878.0	1.4857987504652683e+22
-0.0	-1032448296408115.6	1.4857692742549118e+22
-0.0	1943404649332072.8	1.4857690132644637e+22
-0.0	-1675262618398724.8	1.4858951938747297e+22
-0.0	1970721395212524.8	1.4854901463418535e+22
-0.0	3.886481814712818e+16	1.4882737631109493e+22
-0.0	-2468820007781991.0	1.4852611771828479e+22
-0.0	1.3478652541571923e+17	1.4931909089676937e+22
-0.0	-1.310874801069222e+17	1.4770810064727148e+22
-0.0	3.5472718010227706e+17	1.5161588615687604e+22
-0.0	-7.799039853908329e+17	1.4226424764511963e+22
-0.0	7.066921583244891e+17	1.529620739063974e+22
-0.0	-1.7062588962790922e+18	1.4321639651566055e+22
-0.0	2.2024142577824212e+18	1.3157173642649278e+22
-0.0	-1.0239022131943668e+18	1.7702889539333958e+22
-0.0	2.7154116944073183e+19	1.00228560863906e+21
-0.0	-6.4981488984711274e+19	4.872953353513639e+22
-0.0	7.1376834775271784e+19	-2.657380343697269e+16
-0.0	-1.4007313183356895e+19	-2.1797495511484572e+16
-0.0	1.2772003063368729e+19	-2.415398713561032e+22
-0.0	-2.22111610200408e+18	-2.492798218110896e+21
-0.0	-5.253633306337255e+17	-8.032289915705278e+21
-0.0	8.302500358604812e+17	-6.922836357699907e+21
-0.0	-1.9447950537755704e+16	-6.653560947622796e+21
-0.0	5.9468386437068904e+16	-7.317741123410245e+21
-0.0	-9.353159778974315e+16	-6.726032094695815e+21
-0.0	5.041195865302199e+16	-7.238303529955906e+21
-0.0	-2892590422806706.5	-7.012991774677043e+21
-0.0	-2831899726253985.5	-7.108413207390932e+21
-0.0	238858986643329.1	-7.064527112007364e+21
-0.0	-1941838653968592.8	-7.07791152546273e+21
-0.0	75279405833952.3	-7.066272785066064e+21
-0.0	243043015936649.66	-7.06677277667616e+21
-0.0	45349804477858.945	-7.066970505662488e+21
-0.0	196521296444642.8	-7.066637890240492e+21
-0.0	-30982936499650.836	-7.06692615805228e+21
-0.0	117272070284255.97	-7.066580730635173e+21
-0.0	-67352000227996.336	-7.066825995129981e+21
-0.0	67352982306145.87	-7.066825995129312e+21
-0.0	-117272262300162.06	-7.06658073063744e+21
-0.0	30980692540565.125	-7.066926158053189e+21
-0.0	-196518237478719.8	-7.06663789024186e+21
-0.0	-45350006301723.47	-7.066970505664375e+21
-0.0	-243044390976416.2	-7.066772776676585e+21
-0.0	-75279090031576.17	-7.066272785066661e+21
-0.0	1941838705377568.5	-7.077911525463912e+21
-0.0	-238859304598481.9	-7.06452711200864e+21
-0.0	2831899921057977.0	-7.108413207390134e+21
-0.0	2892590548877254.0	-7.012991774676745e+21
-0.0	-5.041195892306544e+16	-7.238303529954834e+21
-0.0	9.353159782114547e+16	-6.726032094697379e+21
-0.0	-5.946838470541107e+16	-7.317741123409776e+21
-0.0	1.944794911613606e+16	-6.653560947620787e+21
-0.0	-8.302500371130593e+17	-6.922836357701629e+21
-0.0	5.253633320382512e+17	-8.03228991570575e+21
-0.0	2.2211160987254042e+18	-2.4927982181111636e+21
-0.0	-1.2772003058807466e+19	-2.415398713560616e+22
-0.0	1.400731318326865e+19	-2.179749551150812e+16
-0.0	6.13774957075302e+18	-2.7401292994019344e+16
-0.0	-6.806351667194262e+18	1.0789396061074649e+22
-0.0	3.001150651455628e+18	2.3326853175070234e+21
-0.0	-5.617680247072e+17	3.0927577762004043e+21
-0.0	6.911069107929925e+17	3.286910955005731e+21
-0.0	-1.210254031686342e+17	2.6526092582821204e+21
-0.0	6.78411479176997e+16	3.060339841626809e+21
-0.0	-7.975754069229579e+16	2.757006432409717e+21
-0.0	3.333666834637396e+16	3.015811185933393e+21
-0.0	-3946407807224130.5	2.89579889085189e+21
-0.0	3077550073016914.0	2.9484978158108074e+21
-0.0	176670032265476.7	2.9258490842935953e+21
-0.0	689950485877770.9	2.930628820120278e+21
-0.0	190188433727128.53	2.926620617291042e+21
-0.0	236134356283899.3	2.9258799913640353e+21
-0.0	224318032028056.1	2.9264695276126045e+21
-0.0	192447937643357.25	2.9261257899558175e+21
-0.0	79083476825571.47	2.926344020378028e+21
-0.0	17965922521318.43	2.926106164100147e+21
-0.0	-920155358653.088	2.92625174908584e+21
-0.0	920861586357.5839	2.926251749085552e+21
-0.0	-17966556136998.52	2.926106164099039e+21
-0.0	-79084271052406.98	2.926344020378773e+21
-0.0	-192446367925718.12	2.92612578995538e+21
-0.0	-224318615872423.8	2.9264695276121306e+21
-0.0	-236134644322423.6	2.9258799913631854e+21
-0.0	-190188209262387.53	2.9266206172914867e+21
-0.0	-689950888935633.8	2.930628820120841e+21
-0.0	-176670298266921.47	2.9258490842939277e+21
-0.0	-3077549777295358.0	2.948497815811341e+21
-0.0	3946408007764414.0	2.895798890851625e+21
-0.0	-3.33366685319039e+16	3.0158111859327673e+21
-0.0	7.97575408383437e+16	2.7570064324101323e+21
-0.0	-6.784114630149812e+16	3.0603398416262827e+21
-0.0	1.2102540173576726e+17	2.6526092582812034e+21
-0.0	-6.911069121775022e+17	3.286910955006801e+21
-0.0	5.6176802622185984e+17	3.0927577762018225e+21
-0.0	-3.001150653918056e+18	2.3326853175068855e+21
-0.0	6.806351671655692e+18	1.0789396061074154e+22
-0.0	-6.137749570779798e+18	-2.7401292993998704e+16
-0.0	5.746564961832938e+18	-2.277105464619784e+16
-0.0	-4.692794012754668e+18	-4.345763855169533e+21
-0.0	1.7458582787111037e+18	-1.7628733572462847e+21
-0.0	-1.6260398768038502e+17	-9.434739447024327e+20
-0.0	2.3457316317248547e+17	-1.4622006624475734e+21
-0.0	-5.483170590902029e+16	-8.847621708300187e+20
-0.0	3.0942033201363988e+16	-1.1174777829945356e+21
-0.0	-3.5906662345099892e+16	-9.723294286975365e+20
-0.0	1.49836602062604e+16	-1.0954220371665638e+21
-0.0	-2037649363321464.5	-1.0338209419695666e+21
-0.0	2606601436480973.0	-1.0615568531988861e+21
-0.0	230187467640033.94	-1.0508515818538092e+21
-0.0	1001673873779874.4	-1.0520204005980089e+21
-0.0	216043773028667.72	-1.0512626384229334e+21
-0.0	334680096852428.56	-1.0504495299794964e+21
-0.0	283709085195894.5	-1.0509706439916732e+21
-0.0	239206544878309.16	-1.0507154311063546e+21
-0.0	103208557988345.58	-1.050852020083197e+21
-0.0	22150914667203.445	-1.0507052359688074e+21
-0.0	7898833143040.978	-1.0507835440195194e+21
-0.0	-7898697717009.235	-1.0507835440199002e+21
-0.0	-22151009088212.05	-1.0507052359686875e+21
-0.0	-103208779769173.38	-1.0508520200829609e+21
-0.0	-239205819929349.88	-1.0507154311065659e+21
-0.0	-283709658162887.4	-1.0509706439922013e+21
-0.0	-334680110026078.75	-1.0504495299797782e+21
-0.0	-216043707255528.9	-1.0512626384227955e+21
-0.0	-1001674009372567.9	-1.0520204005979108e+21
-0.0	-230187106172834.22	-1.0508515818532912e+21
-0.0	-2606601685087454.5	-1.0615568531982442e+21
-0.0	2037649386830966.5	-1.0338209419693992e+21
-0.0	-1.4983660195292238e+16	-1.0954220371669274e+21
-0.0	3.5906662746781748e+16	-9.723294286975447e+20
-0.0	-3.0942033219540264e+16	-1.1174777829946556e+21
-0.0	5.483170554965292e+16	-8.847621708297807e+20
-0.0	-2.3457316352214176e+17	-1.4622006624476796e+21
-0.0	1.6260398765405488e+17	-9.43473944702382e+20
-0.0	-1.7458582792852739e+18	-1.762873357246428e+21
-0.0	4.692794012742391e+18	-4.345763855168659e+21
-0.0	-5.746564961831673e+18	-2.277105464613276e+16
-0.0	3.0999058477491666e+18	-2.539819800857262e+16
-0.0	-2.0698842132185439e+18	1.2023748257714382e+21
-0.0	7.596085162747868e+17	1.0884416055003618e+21
-0.0	-8.162116758932411e+16	-2.250997623754791e+19
-0.0	1.354443788138404e+17	4.6083259933175e+20
-0.0	-2.4755243004320812e+16	4.7352784554571825e+19
-0.0	9222049320168712.0	1.649007332920579e+20
-0.0	-4010169435919849.0	1.0551667712354714e+20
-0.0	2385388776025155.0	1.5435951725129394e+20
-0.0	255208633916562.56	1.2670392417167057e+20
-0.0	474875069890249.1	1.3923263987557633e+20
-0.0	618559212859124.6	1.3460579853670418e+20
-0.0	-82790627697456.56	1.3434698878821376e+20
-0.0	539082206005046.3	1.3468646147484485e+20
-0.0	278327388005936.78	1.3405502588167178e+20
-0.0	373132962925742.1	1.3439760868395536e+20
-0.0	266936449608675.8	1.3422886973312559e+20
-0.0	126523486095918.02	1.3430734414819515e+20
-0.0	41207002960694.266	1.3422441260074315e+20
-0.0	4998888445250.66	1.3426509129127677e+20
-0.0	-4998879037229.673	1.3426509129147684e+20
-0.0	-41206973172333.92	1.342244126005856e+20
-0.0	-126523597347644.48	1.3430734414844353e+20
-0.0	-266936187580046.47	1.3422886973259348e+20
-0.0	-373133305377744.75	1.3439760868412026e+20
-0.0	-278327261175093.2	1.3405502588166701e+20
-0.0	-539082156029470.75	1.346864614751127e+20
-0.0	82790496877201.92	1.343469887883175e+20
-0.0	-618559007641503.4	1.346057985364206e+20
-0.0	-474875208672147.06	1.3923263987519986e+20
-0.0	-255208595776548.6	1.2670392417180434e+20
-0.0	-2385388836555051.5	1.543595172512301e+20
-0.0	4010169791648271.0	1.0551667712296595e+20
-0.0	-9222049328522350.0	1.649007332918513e+20
-0.0	2.475524281978422e+16	4.735278455516654e+19
-0.0	-1.354443790730753e+17	4.6083259933154266e+20
-0.0	8.162116740449733e+16	-2.250997623711599e+19
-0.0	-7.596085166513952e+17	1.0884416055004062e+21
-0.0	2.0698842131725033e+18	1.202374825771254e+21
-0.0	-3.0999058477401226e+18	-2.5398198008564296e+16
-0.0	2.0752381128739653e+18	-2.151868771156375e+16
-0.0	-3.1724500477236755e+17	-1.2427223723899829e+20
-0.0	3.138011738464254e+17	-6.772724436027336e+20
-0.0	-112063466041363.3	2.511473013887167e+20
-0.0	2.09360699670848e+16	-1.0421759099277214e+20
-0.0	-580928775866879.5	1.6907017702294212e+20
-0.0	208380309206484.4	1.0973836100702373e+20
-0.0	1293397997227077.8	1.3145065536950811e+20
-0.0	338368142635727.25	1.1243060663159231e+20
-0.0	1221012301507523.0	1.2377684640951452e+20
-0.0	528982425733796.6	1.1792872206259773e+20
-0.0	547786554271100.75	1.1983879443331272e+20
-0.0	538951501509994.06	1.2037246239098182e+20
-0.0	317478018528264.56	1.1984051438914485e+20
-0.0	391070826259930.6	1.2031834467438895e+20
-0.0	318011181854213.94	1.2008414676063596e+20
-0.0	276171078376989.88	1.201913790952881e+20
-0.0	121808912493394.7	1.2014328296335073e+20
-0.0	43740449135160.29	1.2018702319308777e+20
-0.0	10993556276691.238	1.201679880364837e+20
-0.0	-10993534284411.176	1.2016798803660943e+20
-0.0	-43740441357158.08	1.2018702319300801e+20
-0.0	-121808951248846.33	1.2014328296354446e+20
-0.0	-276170887849770.6	1.2019137909513147e+20
-0.0	-318011355310378.0	1.200841467608347e+20
-0.0	-391070811939305.0	1.2031834467442373e+20
-0.0	-317478009695333.0	1.1984051438907952e+20
-0.0	-538951548630556.9	1.2037246239110324e+20
-0.0	-547786455143293.56	1.1983879443358536e+20
-0.0	-528982518817867.1	1.1792872206274417e+20
-0.0	-1221012309454502.0	1.237768464096074e+20
-0.0	-338368146702874.44	1.1243060663160039e+20
-0.0	-1293397848507973.8	1.314506553694548e+20
-0.0	-208380314493625.8	1.097383610067981e+20
-0.0	580928672084748.8	1.6907017702258367e+20
-0.0	-2.0936070078965716e+16	-1.0421759099255203e+20
-0.0	112063385241385.83	2.5114730138892023e+20
-0.0	-3.138011741138958e+17	-6.77272443602722e+20
-0.0	3.172450047577957e+17	-1.2427223723930111e+20
-0.0	-2.0752381128634166e+18	-2.1518687711530932e+16
-0.0	1.8757546137570417e+18	-2.6777046525059204e+16
-0.0	-2.4273500186646045e+17	-3.6300459267576365e+20
-0.0	1.4018705540161048e+17	3.2519971513377594e+20
-0.0	-1.2808158996789466e+16	-3.128693731918722e+20
-0.0	-1.2842137612680118e+16	-8.126061864882577e+19
-0.0	1.2901233366953722e+16	-2.387895106609867e+20
-0.0	-8570354375575777.0	-2.1482141257934026e+20
-0.0	8789105901414624.0	-2.1961936117413016e+20
-0.0	-4551341912706777.0	-2.1618684946149288e+20
-0.0	2844742939412882.5	-2.1983083702794368e+20
-0.0	-560971867128261.0	-2.1819145966089264e+20
-0.0	597292615746373.2	-2.186200503604698e+20
-0.0	414696371138180.94	-2.1913508869366635e+20
-0.0	268063255329733.4	-2.186266399949398e+20
-0.0	446674206258460.0	-2.1892065089396038e+20
-0.0	319571473326919.5	-2.1877942969292446e+20
-0.0	312664586081348.75	-2.1884304851184897e+20
-0.0	139421796693206.88	-2.1881460309487262e+20
-0.0	63145687792883.36	-2.1883436162931337e+20
-0.0	10713895501436.623	-2.1882679559205372e+20
-0.0	-10713860307276.307	-2.1882679559207125e+20
-0.0	-63145718427204.234	-2.18834361629367e+20
-0.0	-139421839935552.7	-2.1881460309484415e+20
-0.0	-312664349949120.7	-2.188430485120851e+20
-0.0	-319571629845621.25	-2.187794296929163e+20
-0.0	-446674231081417.2	-2.1892065089398997e+20
-0.0	-268063251318135.56	-2.186266399949045e+20
-0.0	-414696408630911.5	-2.1913508869352033e+20
-0.0	-597292453486368.4	-2.1862005036064637e+20
-0.0	560971715622472.8	-2.1819145966101506e+20
-0.0	-2844742964024511.0	-2.1983083702789204e+20
-0.0	4551341918611756.0	-2.161868494614604e+20
-0.0	-8789105723466326.0	-2.1961936117430852e+20
-0.0	8570354151867294.0	-2.1482141257950478e+20
-0.0	-1.2901233309348694e+16	-2.3878951066087326e+20
-0.0	1.284213765042672e+16	-8.126061864893966e+19
-0.0	1.2808158711860996e+16	-3.128693731917441e+20
-0.0	-1.4018705529680962e+17	3.25199715133866e+20
-0.0	2.4273500131339782e+17	-3.6300459267612816e+20
-0.0	-1.8757546137465027e+18	-2.6777046525030096e+16
-0.0	1.6625157128045906e+18	-4.3427784979037416e+16
-0.0	-1.406866095729071e+18	1.999779879470362e+20
-0.0	2.4512950696424016e+17	-1.8220560402491867e+20
-0.0	-5.157917174468889e+16	1.3524355725079719e+20
-0.0	-1.0135167448584844e+16	2.8161946303185027e+19
-0.0	2.466583800225261e+16	1.0320524762494688e+20
-0.0	-1.4672269110270754e+16	9.048977419557413e+19
-0.0	1.78900944603474e+16	9.192780481171207e+19
-0.0	-8437359769350701.0	9.034596731829145e+19
-0.0	4497772482663890.0	9.148265067982786e+19
-0.0	-1854714398777669.5	9.092463987575844e+19
-0.0	758198244047063.1	9.099864408720205e+19
-0.0	245360748518103.72	9.134201260740469e+19
-0.0	286695999932069.06	9.106930297903104e+19
-0.0	589201891783159.5	9.121811714094105e+19
-0.0	371907367024757.0	9.114590937635345e+19
-0.0	409500360780207.1	9.117804935518395e+19
-0.0	175997681363369.47	9.116424441503739e+19
-0.0	116174541788045.48	9.11735889655681e+19
-0.0	13334495205812.86	9.117033692993087e+19
-0.0	-13334450964971.44	9.117033692995281e+19
-0.0	-116174590532835.06	9.11735889655296e+19
-0.0	-175997708910425.5	9.116424441502908e+19
-0.0	-409500240211206.1	9.117804935509282e+19
-0.0	-371907375904528.06	9.11459093762143e+19
-0.0	-589201959042703.2	9.121811714089878e+19
-0.0	-286695998101386.2	9.106930297904395e+19
-0.0	-245360718674091.0	9.134201260739055e+19
-0.0	-758198237289150.2	9.099864408711332e+19
-0.0	1854714364387113.5	9.092463987566166e+19
-0.0	-4497772482726259.5	9.148265067983023e+19
-0.0	8437359773977801.0	9.034596731826192e+19
-0.0	-1.7890094451793e+16	9.192780481166906e+19
-0.0	1.4672269074883932e+16	9.048977419551126e+19
-0.0	-2.466583796807471e+16	1.0320524762504387e+20
-0.0	1.0135167476984238e+16	2.8161946303117996e+19
-0.0	5.1579171698545464e+16	1.3524355725076652e+20
-0.0	-2.4512950703020243e+17	-1.8220560402488676e+20
-0.0	1.4068660956274824e+18	1.9997798794701314e+20
-0.0	-1.662515712795648e+18	-4.342778497907256e+16
-0.0	1.131173360815848e+18	-8.262462416348086e+16
-0.0	1.2841424920389765e+18	-3.475074169849711e+20
-0.0	-4.945115439101707e+17	4.549286473945818e+19
-0.0	1.0098713602856526e+17	-1.8369388958533812e+20
-0.0	-9.458358511524619e+16	-1.0837456840189601e+20
-0.0	4820333848038605.0	-1.6034168140825438e+20
-0.0	1.5589415579959684e+16	-1.5805654647548854e+20
-0.0	-1.1373199029602604e+16	-1.5409262574843485e+20
-0.0	9033330525308778.0	-1.567560124667862e+20
-0.0	-1817757588386089.2	-1.5575188508164928e+20
-0.0	3601839657828591.5	-1.5623423681432984e+20
-0.0	325800364439297.4	-1.558651399460905e+20
-0.0	1608436796882639.5	-1.5614084158603575e+20
-0.0	525920561396898.94	-1.559288474143604e+20
-0.0	539703278315031.3	-1.560057791585e+20
-0.0	514583035689826.75	-1.559715278908809e+20
-0.0	375379215228828.5	-1.5598445878663427e+20
-0.0	224324472139842.12	-1.5598009539746886e+20
-0.0	77341714996978.69	-1.5598274277299343e+20
-0.0	38448819275170.94	-1.559821066026936e+20
-0.0	-38448791476971.2	-1.559821066027151e+20
-0.0	-77341748608761.0	-1.5598274277300466e+20
-0.0	-224324495276612.16	-1.5598009539746824e+20
-0.0	-375379149507317.06	-1.5598445878666173e+20
-0.0	-514583038404037.7	-1.5597152789094764e+20
-0.0	-539703313935607.06	-1.5600577915852073e+20
-0.0	-525920563522352.75	-1.559288474143237e+20
-0.0	-1608436791536285.2	-1.561408415860388e+20
-0.0	-325800361441987.6	-1.5586513994614102e+20
-0.0	-3601839675557889.0	-1.5623423681434626e+20
-0.0	1817757588237760.8	-1.557518850816463e+20
-0.0	-9033330527073722.0	-1.567560124667801e+20
-0.0	1.1373199039293158e+16	-1.5409262574845382e+20
-0.0	-1.5589415592475122e+16	-1.580565464754732e+20
-0.0	-4820333837618672.0	-1.6034168140820234e+20
-0.0	9.458358512159723e+16	-1.0837456840196278e+20
-0.0	-1.0098713605111878e+17	-1.8369388958536326e+20
-0.0	4.945115438845916e+17	4.5492864739475464e+19
-0.0	-1.2841424920949724e+18	-3.4750741698484063e+20
-0.0	-1.1311733608104328e+18	-8.262462416346451e+16
-0.0	3.114107378160068e+17	-9.252783370091283e+16
-0.0	7.468896250528114e+17	1.3408600389807354e+19
-0.0	-4.4270153932341576e+16	-7.782309303647075e+19
-0.0	3.654642866525698e+16	-4.4047711008135424e+18
-0.0	4333306472533622.0	-3.5937107806838022e+19
-0.0	-3209838461407300.0	-1.6892710899834251e+19
-0.0	4796685210750027.0	-2.152913220820294e+19
-0.0	-802839184655383.4	-1.959396980842316e+19
-0.0	2956540536990789.5	-2.05811258734207e+19
-0.0	755030069179455.5	-2.0106672714431173e+19
-0.0	1463988624938960.0	-2.0276160412025995e+19
-0.0	896831863268886.1	-2.0278701094304457e+19
-0.0	793618345823675.4	-2.020874198735861e+19
-0.0	649164796553567.4	-2.0275444636624204e+19
-0.0	584930756702397.6	-2.023640181033197e+19
-0.0	525737648486345.44	-2.0256439923453915e+19
-0.0	407420241030918.8	-2.0247421698585657e+19
-0.0	224462710379740.78	-2.0251243873908425e+19
-0.0	106073263783861.34	-2.0248744305283256e+19
-0.0	32305935556964.56	-2.0249415293217624e+19
-0.0	-32305940823135.254	-2.024941529321983e+19
-0.0	-106073258015783.05	-2.0248744305284407e+19
-0.0	-224462705106977.12	-2.0251243873904157e+19
-0.0	-407420253602851.4	-2.0247421698595713e+19
-0.0	-525737645576319.9	-2.025643992347744e+19
-0.0	-584930754482542.2	-2.0236401810343166e+19
-0.0	-649164797139616.4	-2.0275444636622004e+19
-0.0	-793618341172153.1	-2.0208741987370815e+19
-0.0	-896831866448162.1	-2.027870109431264e+19
-0.0	-1463988626253172.0	-2.027616041203561e+19
-0.0	-755030068864038.0	-2.0106672714429563e+19
-0.0	-2956540536740593.0	-2.0581125873412993e+19
-0.0	802839180756273.6	-1.959396980842307e+19
-0.0	-4796685208419984.0	-2.152913220819323e+19
-0.0	3209838461668570.0	-1.6892710899843295e+19
-0.0	-4333306471040988.5	-3.5937107806841164e+19
-0.0	-3.6546428661693784e+16	-4.4047711008103593e+18
-0.0	4.4270153929604744e+16	-7.782309303647589e+19
-0.0	-7.468896250422394e+17	1.3408600389808255e+19
-0.0	-3.1141073781420774e+17	-9.2527833700879e+16
-0.0	-6.62079102988522e+17	-1.0063420858284317e+17
-0.0	1.8666262870137824e+16	-1.7418779590575977e+20
-0.0	9.078826573236919e+17	-3.3782660029072167e+19
-0.0	-3.188904428184651e+16	-1.217635408182948e+20
-0.0	4.461009555866442e+16	-9.396238703507412e+19
-0.0	2.4506356857523904e+16	-1.057647984582319e+20
-0.0	-1.7549687921260892e+16	-1.0632486530626339e+20
-0.0	2.0097671671522424e+16	-1.0415849670009908e+20
-0.0	-9780699549531412.0	-1.0606544770387403e+20
-0.0	5602337072635985.0	-1.0521322146359945e+20
-0.0	-2134755648699632.5	-1.0560785766394441e+20
-0.0	1076328294086380.8	-1.0538743313523415e+20
-0.0	6211573171037.15	-1.0550160405070355e+20
-0.0	325651337077277.56	-1.0542176560205159e+20
-0.0	459028245884441.25	-1.0544570055678545e+20
-0.0	257904782565510.34	-1.0543638813172803e+20
-0.0	290637395959569.75	-1.0543908122790342e+20
-0.0	101686751552583.9	-1.0543864377985883e+20
-0.0	90045568360884.44	-1.0543857413854924e+20
-0.0	2904908806762.1577	-1.0543880655595133e+20
-0.0	-2904909027682.2324	-1.0543880655594719e+20
-0.0	-90045570178150.78	-1.0543857413855689e+20
-0.0	-101686752461160.3	-1.054386437798501e+20
-0.0	-290637395231193.06	-1.0543908122791e+20
-0.0	-257904779988208.78	-1.0543638813173552e+20
-0.0	-459028247703257.44	-1.0544570055678453e+20
-0.0	-325651337220578.0	-1.0542176560206265e+20
-0.0	-6211572452459.489	-1.0550160405069254e+20
-0.0	-1076328295004443.4	-1.0538743313523738e+20
-0.0	2134755650011696.0	-1.0560785766394372e+20
-0.0	-5602337072849605.0	-1.0521322146360377e+20
-0.0	9780699549523984.0	-1.0606544770386502e+20
-0.0	-2.0097671673176536e+16	-1.0415849670009286e+20
-0.0	1.754968792064013e+16	-1.0632486530626865e+20
-0.0	-2.450635685719347e+16	-1.0576479845820164e+20
-0.0	-4.4610095556295464e+16	-9.396238703509219e+19
-0.0	3.188904428360065e+16	-1.217635408182955e+20
-0.0	-9.078826573234248e+17	-3.378266002906489e+19
-0.0	-1.8666262865670628e+16	-1.74187795905706e+20
-0.0	6.620791029885843e+17	-1.0063420858286726e+17
-0.0	-4.105194556576956e+17	4.0718098618858214e+17
-0.0	1.4682978408653363e+17	1.5959027895676485e+18
-0.0	1.1243541256235827e+17	2.2068102356533921e+18
-0.0	1.0189473981994456e+16	2.636865943335731e+18
-0.0	2.6009931375900324e+16	2.820981661513066e+18
-0.0	-4396138343970522.0	2.7811059744353454e+18
-0.0	4317779640533709.5	2.767027743878971e+18
-0.0	506683102651524.1	2.7481935986312653e+18
-0.0	2026372068148822.2	2.7518021584050386e+18
-0.0	686876232861927.5	2.7471673670027607e+18
-0.0	935740542270650.4	2.750794558877838e+18
-0.0	653110499409184.1	2.751828154409943e+18
-0.0	302743384292412.6	2.753230653592056e+18
-0.0	404521250355438.25	2.7539805223217516e+18
-0.0	292496231096685.7	2.7546964557246986e+18
-0.0	295315535511765.6	2.7548027733349345e+18
-0.0	205369091303632.88	2.7548765822173015e+18
-0.0	105017333524166.1	2.754965388147789e+18
-0.0	42507318702988.08	2.755240356480802e+18
-0.0	13112771431278.756	2.7554666754313344e+18
-0.0	-13112771440693.822	2.7554666754312863e+18
-0.0	-42507318727864.94	2.7552403564808945e+18
-0.0	-105017333516560.19	2.754965388148236e+18
-0.0	-205369091293357.3	2.754876582217858e+18
-0.0	-295315535517066.6	2.754802773335325e+18
-0.0	-292496231121836.1	2.754696455724939e+18
-0.0	-404521250329678.5	2.7539805223219814e+18
-0.0	-302743384291042.0	2.7532306535923267e+18
-0.0	-653110499414412.4	2.751828154410151e+18
-0.0	-935740542307971.0	2.7507945588778696e+18
-0.0	-686876232870147.2	2.747167367002664e+18
-0.0	-2026372068119165.0	2.751802158404772e+18
-0.0	-506683102691920.4	2.748193598630935e+18
-0.0	-4317779640537221.0	2.7670277438787343e+18
-0.0	4396138344010929.0	2.7811059744352097e+18
-0.0	-2.6009931376098508e+16	2.8209816615129416e+18
-0.0	-1.0189473981896426e+16	2.636865943335638e+18
-0.0	-1.1243541256240368e+17	2.206810235653059e+18
-0.0	-1.468297840865165e+17	1.5959027895671636e+18
-0.0	4.1051945565755475e+17	4.0718098618841254e+17
