1600
-0.001293879196416668
-0.0008794474207686066
-0.0012187249153849198
-0.0013633472492902592
-0.0013762401300067362
-0.0013568063481160554
-0.0013472549146210594
-0.0013465673208323788
-0.0013475911349520415
-0.0013481086444184877
-0.0013482431528238535
-0.0013482660030505705
-0.0013482687323185343
-0.0013482689693107778
-0.0013482689845519718
-0.0013482689852863706
-0.0013482689853130884
-0.0013482689853138233
-0.0013482689853138415
-0.0013482689853138428
-0.0013482689853138415
-0.001348268985313841
-0.0013482689853138276
-0.0013482689853130854
-0.001348268985286367
-0.0013482689845519737
-0.001348268969310775
-0.0013482687323185386
-0.0013482660030505718
-0.0013482431528238504
-0.0013481086444184942
-0.0013475911349520452
-0.001346567320832365
-0.0013472549146210672
-0.0013568063481160782
-0.0013762401300067156
-0.0013633472492902555
-0.0012187249153849209
-0.0008794474207686082
-0.0012938791964166717
-0.0006387154109255454
-0.00034654624928065947
-0.0005369877924064996
-0.0006308980753604236
-0.0006428975342716949
-0.0006303184606028624
-0.0006230350855916495
-0.0006220229031702643
-0.0006225486843865818
-0.0006228692237693187
-0.0006229572654114558
-0.0006229726042845696
-0.000622974438520079
-0.0006229745885775846
-0.0006229745963491854
-0.0006229745970083333
-0.0006229745973587537
-0.0006229745974959096
-0.0006229745975325861
-0.0006229745975399
-0.0006229745975398987
-0.0006229745975325864
-0.0006229745974959127
-0.0006229745973587514
-0.0006229745970083302
-0.0006229745963491856
-0.0006229745885775841
-0.0006229744385200816
-0.0006229726042845701
-0.000622957265411453
-0.0006228692237693218
-0.0006225486843865851
-0.0006220229031702562
-0.0006230350855916545
-0.0006303184606028776
-0.0006428975342716844
-0.0006308980753604188
-0.0005369877924064997
-0.0003465462492806622
-0.0006387154109255456
-0.0004238908051465885
-0.0005164155230737196
-0.0006053846536933955
-0.0006223392499472434
-0.0006085575506628745
-0.000596751842530712
-0.0005933345787441234
-0.0005935522364146681
-0.0005940845311276453
-0.0005942980367094454
-0.0005943478906238855
-0.000594355702542995
-0.0005943565367083755
-0.000594356589713122
-0.0005943565909578611
-0.000594356591834018
-0.000594356592461537
-0.0005943565926905517
-0.0005943565927489858
-0.000594356592760308
-0.0005943565927603074
-0.0005943565927489855
-0.000594356592690551
-0.0005943565924615366
-0.0005943565918340174
-0.0005943565909578604
-0.0005943565897131209
-0.0005943565367083751
-0.000594355702542995
-0.0005943478906238855
-0.0005942980367094464
-0.0005940845311276466
-0.000593552236414668
-0.0005933345787441229
-0.0005967518425307133
-0.0006085575506628747
-0.0006223392499472449
-0.0006053846536933961
-0.0005164155230737197
-0.00042389080514658667
-0.00015665152311332252
-0.00026887685660709085
-0.0002503970854144103
-0.00021172518323649633
-0.00018869941403307374
-0.00018330664098623796
-0.00018431451896232064
-0.00018545404448237193
-0.00018584005156519325
-0.00018591188666999071
-0.00018591885842354392
-0.00018591879558785222
-0.00018591864448991673
-0.00018591861329385144
-0.0001859186110839214
-0.00018591861240046872
-0.00018591861316280116
-0.00018591861340947236
-0.00018591861346833473
-0.00018591861347927544
-0.0001859186134792755
-0.0001859186134683347
-0.00018591861340947147
-0.00018591861316280168
-0.00018591861240046945
-0.00018591861108392161
-0.0001859186132938518
-0.00018591864448991657
-0.00018591879558785233
-0.00018591885842354452
-0.00018591188666999025
-0.0001858400515651935
-0.00018545404448237386
-0.0001843145189623197
-0.00018330664098623498
-0.00018869941403307631
-0.00021172518323649755
-0.00025039708541441065
-0.0002688768566070916
-0.00015665152311332265
-9.91398204525806e-05
-0.00011793920624087251
-5.482594422060133e-05
-9.538722160754498e-07
1.7387137807331032e-05
1.553258746866688e-05
1.1505632973874628e-05
1.00610237412761e-05
9.918395363961007e-06
9.979745263203764e-06
1.0008320788460292e-05
1.001449295518034e-05
1.0015360125004515e-05
1.0015444916614067e-05
1.0015448399421697e-05
1.001544695547501e-05
1.0015446276103357e-05
1.00154460806049e-05
1.0015446037188078e-05
1.0015446029490514e-05
1.0015446029490568e-05
1.0015446037188404e-05
1.0015446080605334e-05
1.0015446276102707e-05
1.0015446955473763e-05
1.001544839942007e-05
1.001544491661217e-05
1.0015360125003485e-05
1.0014492955179907e-05
1.0008320788461051e-05
9.979745263205065e-06
9.918395363961875e-06
1.006102374127545e-05
1.1505632973874086e-05
1.5532587468668234e-05
1.738713780733087e-05
-9.53872216074203e-07
-5.482594422060114e-05
-0.0001179392062408746
-9.913982045258307e-05
-0.00018596256488218513
-0.00017230509058483112
-0.00010960798075021372
-5.8436789876925186e-05
-4.547366808352782e-05
-5.12136035002464e-05
-5.642794695109529e-05
-5.778540175055565e-05
-5.770817050189923e-05
-5.755273494259533e-05
-5.750089926900078e-05
-5.749089560183742e-05
-5.748959612584636e-05
-5.7489479692525533e-05
-5.748947461622e-05
-5.7489475605496045e-05
-5.74894760475804e-05
-5.748947616387518e-05
-5.748947618805126e-05
-5.7489476192141035e-05
-5.748947619214136e-05
-5.748947618805137e-05
-5.748947616387507e-05
-5.748947604758035e-05
-5.748947560549637e-05
-5.7489474616221085e-05
-5.748947969252705e-05
-5.748959612584772e-05
-5.7490895601837856e-05
-5.750089926899991e-05
-5.755273494259365e-05
-5.7708170501898255e-05
-5.778540175055619e-05
-5.6427946951097296e-05
-5.121360350024748e-05
-4.547366808352668e-05
-5.843678987692275e-05
-0.00010960798075021323
-0.0001723050905848338
-0.00018596256488218846
-0.0002804249580649454
-0.0002813909048649937
-0.00022658485108459413
-0.0001763609084281262
-0.0001639379055091065
-0.00017039578896412168
-0.00017581604857215856
-0.00017704601161346156
-0.0001768427299578285
-0.00017663665323838218
-0.00017657237996617428
-0.0001765603158241228
-0.00017655877786777402
-0.00017655864091214535
-0.00017655863354625452
-0.00017655863384539536
-0.0001765586340503268
-0.00017655863410214994
-0.00017655863411236383
-0.00017655863411402008
-0.00017655863411402022
-0.00017655863411236394
-0.0001765586341021499
-0.00017655863405032616
-0.00017655863384539498
-0.0001765586335462543
-0.00017655864091214605
-0.00017655877786777518
-0.0001765603158241227
-0.00017657237996617273
-0.0001766366532383804
-0.00017684272995782742
-0.00017704601161346267
-0.00017581604857216116
-0.00017039578896412341
-0.0001639379055091053
-0.00017636090842812347
-0.0002265848510845933
-0.00028139090486499615
-0.00028042495806494843
-0.0003402124463080833
-0.00036049633936420923
-0.00030944931961114516
-0.00025660251137893354
-0.00024206425526455787
-0.0002479978508428723
-0.00025339848466534665
-0.0002546021655163084
-0.0002543605778264089
-0.000254135976500724
-0.00025406665721694157
-0.0002540536949371876
-0.0002540520438570766
-0.00025405189493756214
-0.00025405188573873836
-0.00025405188553507814
-0.00025405188559597626
-0.000254051885613057
-0.0002540518856163257
-0.0002540518856168376
-0.00025405188561683755
-0.00025405188561632597
-0.0002540518856130571
-0.0002540518855959758
-0.0002540518855350775
-0.00025405188573873814
-0.0002540518949375622
-0.0002540520438570774
-0.0002540536949371876
-0.0002540666572169401
-0.00025413597650072236
-0.00025436057782640773
-0.00025460216551630903
-0.00025339848466534903
-0.0002479978508428735
-0.0002420642552645563
-0.00025660251137893
-0.0003094493196111439
-0.00036049633936421183
-0.00034021244630808636
-0.0003758767293601204
-0.0004105757992977211
-0.0003626714480962267
-0.00030778783262382873
-0.0002912005435469155
-0.00029641445516467255
-0.00030174829302439615
-0.0003029870259233818
-0.0003027591792515669
-0.0003025363016505264
-0.0003024668546845495
-0.00030245380930180477
-0.0003024521413172021
-0.00030245198934726245
-0.0003024519793872138
-0.0003024519789609308
-0.00030245197896294095
-0.0003024519789668537
-0.0003024519789676402
-0.0003024519789677608
-0.0003024519789677609
-0.0003024519789676406
-0.0003024519789668541
-0.00030245197896294084
-0.00030245197896093073
-0.00030245197938721393
-0.000302451989347263
-0.0003024521413172025
-0.00030245380930180466
-0.0003024668546845482
-0.0003025363016505246
-0.00030275917925156595
-0.00030298702592338237
-0.00030174829302439794
-0.00029641445516467315
-0.0002912005435469134
-0.00030778783262382515
-0.0003626714480962254
-0.00041057579929772387
-0.0003758767293601235
-0.0003955829869682811
-0.00044225023892343886
-0.0003999536888513843
-0.0003458133800722296
-0.00032818370708702024
-0.0003326253817058062
-0.00033775334936325555
-0.0003390141647568976
-0.0003388239587948587
-0.00033861610040587326
-0.0003385502379863504
-0.00033853777713503674
-0.0003385361768566252
-0.00033853603026043566
-0.0003385360204634952
-0.0003385360199884569
-0.0003385360199741516
-0.00033853601997447505
-0.000338536019974611
-0.00033853601997463285
-0.00033853601997463285
-0.0003385360199746111
-0.00033853601997447516
-0.0003385360199741514
-0.00033853601998845725
-0.0003385360204634959
-0.0003385360302604367
-0.000338536176856626
-0.0003385377771350368
-0.00033855023798634934
-0.0003386161004058717
-0.00033882395879485767
-0.00033901416475689807
-0.0003377533493632573
-0.000332625381705807
-0.0003281837070870183
-0.0003458133800722263
-0.00039995368885138293
-0.0004422502389234415
-0.000395582986968284
-0.0003982770850188913
-0.00045522528086173065
-0.00042129699092891004
-0.0003710044024046669
-0.00035345012033179905
-0.0003570153440979546
-0.00036172118289073095
-0.00036294767266648986
-0.0003628036973176574
-0.0003626203917986477
-0.0003625611545717022
-0.00036254985676750383
-0.0003625483994233884
-0.0003625482654748941
-0.00036254825647100646
-0.000362548256022846
-0.0003625482560065284
-0.00036254825600616914
-0.00036254825600617944
-0.0003625482560061825
-0.0003625482560061825
-0.00036254825600617955
-0.00036254825600616914
-0.0003625482560065284
-0.00036254825602284645
-0.0003625482564710071
-0.0003625482654748953
-0.0003625483994233894
-0.000362549856767504
-0.00036256115457170126
-0.0003626203917986462
-0.0003628036973176563
-0.0003629476726664899
-0.0003617211828907326
-0.00035701534409795523
-0.000353450120331797
-0.00037100440240466344
-0.000421296990928909
-0.0004552252808617333
-0.0003982770850188941
-0.0003808083659395251
-0.00044514867470382745
-0.00042142572507137714
-0.00037776509248101185
-0.00036140390426205005
-0.00036403159972681683
-0.00036810319658890785
-0.00036922622079057474
-0.0003691282487397979
-0.00036897589034676486
-0.0003689255927583683
-0.0003689159184306236
-0.0003689146649107316
-0.00036891454937704833
-0.0003689145415924758
-0.0003689145412029551
-0.0003689145411883696
-0.0003689145411879666
-0.0003689145411879598
-0.00036891454118796003
-0.0003689145411879603
-0.0003689145411879598
-0.00036891454118796654
-0.00036891454118836975
-0.00036891454120295525
-0.0003689145415924764
-0.0003689145493770492
-0.00036891466491073213
-0.0003689159184306236
-0.00036892559275836744
-0.00036897589034676334
-0.00036912824873979686
-0.00036922622079057496
-0.0003681031965889092
-0.0003640315997268172
-0.0003614039042620484
-0.00037776509248100914
-0.0004214257250713761
-0.0004451486747038295
-0.0003808083659395268
-0.00034140528464288866
-0.00040841352084804725
-0.0003951900518946796
-0.0003601982677300638
-0.0003460741009656815
-0.0003478267759624942
-0.0003511199226279057
-0.0003520784065064501
-0.0003520200913496997
-0.00035190152016133697
-0.00035186149205876176
-0.00035185372627675684
-0.0003518527155461182
-0.00035185262214618444
-0.00035185261584237096
-0.0003518526155264563
-0.0003518526155145782
-0.0003518526155142414
-0.00035185261551423435
-0.0003518526155142343
-0.0003518526155142344
-0.0003518526155142344
-0.00035185261551424146
-0.00035185261551457815
-0.00035185261552645635
-0.00035185261584237107
-0.0003518526221461848
-0.00035185271554611877
-0.00035185372627675684
-0.0003518614920587612
-0.000351901520161336
-0.00035202009134969905
-0.0003520784065064503
-0.0003511199226279067
-0.0003478267759624945
-0.00034607410096568024
-0.0003601982677300617
-0.0003951900518946787
-0.00040841352084804877
-0.0003414052846428904
-0.0002813366654702024
-0.000344616263150066
-0.00034023061177539435
-0.0003146964416422338
-0.00030357432180104813
-0.0003046393145381374
-0.00030711378372036093
-0.00030787003436140133
-0.0003078413761173177
-0.00030775567474523765
-0.0003077260771762047
-0.0003077202861108619
-0.0003077195291592186
-0.0003077194590411101
-0.0003077194543018742
-0.00030771945406415723
-0.0003077194540552117
-0.0003077194540549574
-0.0003077194540549519
-0.00030771945405495187
-0.00030771945405495187
-0.00030771945405495187
-0.0003077194540549574
-0.00030771945405521175
-0.0003077194540641572
-0.0003077194543018744
-0.0003077194590411104
-0.00030771952915921896
-0.00030772028611086204
-0.00030772607717620437
-0.00030775567474523717
-0.0003078413761173172
-0.0003078700343614016
-0.0003071137837203617
-0.00030463931453813766
-0.00030357432180104727
-0.0003146964416422323
-0.0003402306117753938
-0.00034461626315006723
-0.00028133666547020344
-0.00020684548846138106
-0.0002595826483451117
-0.00026065789256321645
-0.00024384594931723357
-0.00023598296459004855
-0.0002366062074480656
-0.00023832890525847595
-0.00023887725545363006
-0.00023886761161287333
-0.00023881063485511265
-0.00023879050315018906
-0.00023878653239934466
-0.00023878601136676427
-0.00023878596300234677
-0.00023878595972976196
-0.0002387859595655173
-0.00023878595955933519
-0.00023878595955915938
-0.0002387859595591556
-0.00023878595955915556
-0.0002387859595591556
-0.00023878595955915553
-0.00023878595955915933
-0.00023878595955933519
-0.00023878595956551723
-0.00023878595972976185
-0.0002387859630023469
-0.0002387860113667644
-0.00023878653239934472
-0.00023879050315018887
-0.00023881063485511227
-0.00023886761161287311
-0.00023887725545363022
-0.00023832890525847636
-0.00023660620744806563
-0.00023598296459004784
-0.00024384594931723265
-0.000260657892563216
-0.00025958264834511247
-0.00020684548846138163
-0.00012988588052081676
-0.00016721104211102675
-0.0001698772250533527
-0.0001598339080468221
-0.00015490953040113168
-0.00015530651535802627
-0.0001564207891490806
-0.00015678571892083725
-0.00015678634454732623
-0.00015675192814235567
-0.00015673947484973303
-0.00015673699990600772
-0.00015673667406968178
-0.000156736643776933
-0.00015673664172579445
-0.0001567366416228343
-0.00015673664161895944
-0.00015673664161884924
-0.00015673664161884685
-0.0001567366416188468
-0.00015673664161884685
-0.0001567366416188468
-0.00015673664161884918
-0.00015673664161895936
-0.00015673664162283427
-0.0001567366417257944
-0.00015673664377693303
-0.00015673667406968195
-0.00015673699990600775
-0.0001567394748497329
-0.0001567519281423554
-0.00015678634454732607
-0.0001567857189208373
-0.00015642078914908077
-0.00015530651535802627
-0.0001549095304011313
-0.00015983390804682156
-0.00016987722505335245
-0.00016721104211102708
-0.00012988588052081695
-6.496379661717379e-05
-8.616882893033211e-05
-8.773514278040778e-05
-8.21383717265757e-05
-7.943800635924934e-05
-7.973950767009016e-05
-8.041561206403558e-05
-8.06398065483661e-05
-8.064487972097697e-05
-8.062631537992447e-05
-8.061940265228267e-05
-8.061801806616673e-05
-8.061783525592144e-05
-8.061781824338957e-05
-8.061781709134287e-05
-8.061781703353485e-05
-8.061781703136057e-05
-8.06178170312988e-05
-8.061781703129745e-05
-8.061781703129745e-05
-8.061781703129744e-05
-8.061781703129745e-05
-8.061781703129877e-05
-8.061781703136054e-05
-8.061781703353484e-05
-8.061781709134286e-05
-8.06178182433896e-05
-8.061783525592148e-05
-8.061801806616673e-05
-8.061940265228263e-05
-8.062631537992439e-05
-8.064487972097694e-05
-8.063980654836615e-05
-8.041561206403563e-05
-7.973950767009016e-05
-7.943800635924917e-05
-8.213837172657543e-05
-8.773514278040767e-05
-8.61688289303322e-05
-6.496379661717389e-05
-2.2278875239010298e-05
-3.0988981831407594e-05
-3.0829745831326256e-05
-2.782880571496744e-05
-2.6563793764538273e-05
-2.6819630390951823e-05
-2.721049181193806e-05
-2.7339330815134825e-05
-2.7345525189517997e-05
-2.733681995092993e-05
-2.7333433171383668e-05
-2.7332747913727565e-05
-2.7332657162952635e-05
-2.7332648712811884e-05
-2.733264814087204e-05
-2.7332648112201465e-05
-2.7332648111124442e-05
-2.7332648111093885e-05
-2.7332648111093227e-05
-2.7332648111093217e-05
-2.7332648111093224e-05
-2.733264811109323e-05
-2.733264811109388e-05
-2.7332648111124452e-05
-2.7332648112201475e-05
-2.7332648140872023e-05
-2.733264871281189e-05
-2.733265716295265e-05
-2.733274791372757e-05
-2.7333433171383648e-05
-2.7336819950929915e-05
-2.7345525189517987e-05
-2.7339330815134828e-05
-2.721049181193807e-05
-2.681963039095178e-05
-2.6563793764538212e-05
-2.782880571496736e-05
-3.082974583132622e-05
-3.098898183140762e-05
-2.2278875239010295e-05
-2.3597809210537904e-06
-4.181526485404686e-06
-3.1478079816571313e-06
-1.638613336471154e-06
-1.1792057016518502e-06
-1.3937377390929857e-06
-1.6122294339907468e-06
-1.6825667298401983e-06
-1.6881290306126056e-06
-1.6847448140911046e-06
-1.6833121862281254e-06
-1.6830172907324824e-06
-1.682978051591672e-06
-1.6829743953597038e-06
-1.682974148123736e-06
-1.6829741357507894e-06
-1.6829741352869092e-06
-1.6829741352737798e-06
-1.6829741352734982e-06
-1.6829741352734965e-06
-1.6829741352734982e-06
-1.6829741352735007e-06
-1.6829741352737857e-06
-1.6829741352869228e-06
-1.6829741357507902e-06
-1.6829741481237334e-06
-1.6829743953597088e-06
-1.682978051591682e-06
-1.6830172907324837e-06
-1.68331218622813e-06
-1.6847448140911076e-06
-1.6881290306126111e-06
-1.682566729840198e-06
-1.6122294339907456e-06
-1.39373773909297e-06
-1.179205701651838e-06
-1.638613336471146e-06
-3.1478079816571284e-06
-4.1815264854046835e-06
-2.3597809210537747e-06
2.4958310367196415e-06
2.96798032731945e-06
3.8738177850018335e-06
4.497473733745511e-06
4.569164864775779e-06
4.404951429448474e-06
4.286748942001781e-06
4.250068857415304e-06
4.245941605363531e-06
4.2469201705785295e-06
4.247426599129816e-06
4.247534547877452e-06
4.247549053965906e-06
4.247550408591822e-06
4.247550500116875e-06
4.24755050468735e-06
4.247550504858227e-06
4.24755050486305e-06
4.247550504863155e-06
4.24755050486316e-06
4.247550504863158e-06
4.247550504863154e-06
4.247550504863052e-06
4.247550504858226e-06
4.247550504687353e-06
4.247550500116882e-06
4.247550408591827e-06
4.247549053965909e-06
4.247534547877455e-06
4.247426599129818e-06
4.2469201705785295e-06
4.245941605363527e-06
4.250068857415305e-06
4.286748942001781e-06
4.404951429448474e-06
4.569164864775774e-06
4.4974737337455025e-06
3.873817785001828e-06
2.967980327319457e-06
2.4958310367196432e-06
1.508257274848369e-06
2.0466846085098964e-06
2.4560850542895026e-06
2.6025185300131317e-06
2.5358285147388844e-06
2.426386072594536e-06
2.3658768029636317e-06
2.3478709742895556e-06
2.3453026328170984e-06
2.345432030462062e-06
2.3455733373176113e-06
2.345605973537674e-06
2.345610461439265e-06
2.3456108835525626e-06
2.3456109121029605e-06
2.3456109135262782e-06
2.3456109135793304e-06
2.345610913580822e-06
2.3456109135808542e-06
2.3456109135808555e-06
2.3456109135808547e-06
2.3456109135808542e-06
2.3456109135808216e-06
2.34561091357933e-06
2.345610913526277e-06
2.3456109121029626e-06
2.3456108835525635e-06
2.345610461439268e-06
2.3456059735376758e-06
2.345573337317611e-06
2.34543203046206e-06
2.345302632817097e-06
2.3478709742895548e-06
2.3658768029636287e-06
2.426386072594531e-06
2.535828514738878e-06
2.602518530013125e-06
2.456085054289497e-06
2.0466846085098976e-06
1.5082572748483692e-06
1.238379062873786e-07
2.862948587270753e-07
3.4775194849242393e-07
3.119287447863696e-07
2.335552424951909e-07
1.7216503659593938e-07
1.439766760679571e-07
1.359086554519914e-07
1.3457443741287776e-07
1.3451371835900712e-07
1.3454106657744596e-07
1.345489361508023e-07
1.345500822847362e-07
1.3455019243698917e-07
1.3455019995243368e-07
1.3455020032821662e-07
1.3455020034222517e-07
1.345502003426185e-07
1.3455020034262671e-07
1.3455020034262761e-07
1.3455020034262735e-07
1.3455020034262666e-07
1.345502003426185e-07
1.3455020034222474e-07
1.3455020032821657e-07
1.3455019995243342e-07
1.345501924369897e-07
1.3455008228473672e-07
1.3454893615080194e-07
1.3454106657744554e-07
1.3451371835900543e-07
1.3457443741287686e-07
1.3590865545198975e-07
1.4397667606795524e-07
1.7216503659593583e-07
2.335552424951872e-07
3.119287447863652e-07
3.477519484924218e-07
2.8629485872707434e-07
1.238379062873792e-07
-3.1739862765455923e-07
-3.431759555053995e-07
-3.920990147497532e-07
-4.500724337605317e-07
-4.98544046176535e-07
-5.268616601109975e-07
-5.383647650404892e-07
-5.415602517918982e-07
-5.421345827936495e-07
-5.42187695670948e-07
-5.421854258530191e-07
-5.421838709734296e-07
-5.421836113938568e-07
-5.421835850249635e-07
-5.421835831696996e-07
-5.42183583075009e-07
-5.421835830714236e-07
-5.421835830713218e-07
-5.421835830713196e-07
-5.421835830713196e-07
-5.421835830713196e-07
-5.421835830713196e-07
-5.421835830713217e-07
-5.421835830714241e-07
-5.421835830750091e-07
-5.421835831696998e-07
-5.421835850249633e-07
-5.421836113938566e-07
-5.421838709734295e-07
-5.421854258530194e-07
-5.42187695670948e-07
-5.421345827936491e-07
-5.415602517918985e-07
-5.383647650404895e-07
-5.268616601109982e-07
-4.985440461765357e-07
-4.5007243376053213e-07
-3.920990147497533e-07
-3.4317595550539997e-07
-3.17398627654559e-07
-2.3858320833628357e-07
-2.8481435053423535e-07
-3.274439739524265e-07
-3.604143458605572e-07
-3.815234201910939e-07
-3.9214291475022274e-07
-3.961573397834887e-07
-3.9725134214319196e-07
-3.9745365468262345e-07
-3.974750896620602e-07
-3.9747512652161325e-07
-3.974747139689924e-07
-3.97474636241785e-07
-3.9747462785535195e-07
-3.974746272383407e-07
-3.9747462720562156e-07
-3.9747462720433894e-07
-3.9747462720430114e-07
-3.974746272043004e-07
-3.9747462720430035e-07
-3.974746272043004e-07
-3.9747462720430024e-07
-3.9747462720430114e-07
-3.974746272043391e-07
-3.9747462720562167e-07
-3.9747462723834065e-07
-3.9747462785535195e-07
-3.9747463624178514e-07
-3.974747139689925e-07
-3.9747512652161304e-07
-3.9747508966206007e-07
-3.9745365468262313e-07
-3.9725134214319143e-07
-3.9615733978348817e-07
-3.921429147502222e-07
-3.8152342019109334e-07
-3.604143458605567e-07
-3.2744397395242585e-07
-2.848143505342352e-07
-2.385832083362832e-07
-9.925454467981227e-08
-1.2228513548261476e-07
-1.406963456959862e-07
-1.5293542297446017e-07
-1.5985888749365455e-07
-1.631045161318462e-07
-1.642967865280957e-07
-1.6461628057168795e-07
-1.6467223031217468e-07
-1.6467654741828209e-07
-1.6467591833660537e-07
-1.646756639211322e-07
-1.6467562209032989e-07
-1.6467561770327658e-07
-1.6467561738056745e-07
-1.6467561736328285e-07
-1.6467561736259575e-07
-1.6467561736257526e-07
-1.6467561736257478e-07
-1.6467561736257486e-07
-1.6467561736257483e-07
-1.6467561736257473e-07
-1.6467561736257526e-07
-1.6467561736259577e-07
-1.646756173632829e-07
-1.646756173805674e-07
-1.6467561770327653e-07
-1.6467562209033005e-07
-1.6467566392113224e-07
-1.6467591833660526e-07
-1.646765474182819e-07
-1.6467223031217452e-07
-1.646162805716877e-07
-1.642967865280953e-07
-1.6310451613184578e-07
-1.5985888749365402e-07
-1.5293542297445964e-07
-1.406963456959859e-07
-1.2228513548261462e-07
-9.925454467981219e-08
-2.8592970033326128e-08
-3.579360629330846e-08
-4.115976043252702e-08
-4.445451228925249e-08
-4.622566406474125e-08
-4.705148565860678e-08
-4.735642110371305e-08
-4.7434031723253375e-08
-4.744401987167159e-08
-4.7443079590542654e-08
-4.7442337527229895e-08
-4.7442162316131206e-08
-4.744213698136757e-08
-4.744213445587227e-08
-4.7442134274451386e-08
-4.744213426484856e-08
-4.74421342644691e-08
-4.744213426445781e-08
-4.744213426445756e-08
-4.7442134264457575e-08
-4.7442134264457575e-08
-4.7442134264457535e-08
-4.744213426445781e-08
-4.7442134264469116e-08
-4.7442134264848586e-08
-4.744213427445137e-08
-4.744213445587226e-08
-4.7442136981367614e-08
-4.744216231613124e-08
-4.744233752722984e-08
-4.744307959054259e-08
-4.744401987167153e-08
-4.74340317232533e-08
-4.7356421103712874e-08
-4.705148565860655e-08
-4.622566406474101e-08
-4.445451228925227e-08
-4.1159760432526895e-08
-3.579360629330842e-08
-2.8592970033326108e-08
-6.092685829802076e-09
-7.685134703825617e-09
-8.818818319707606e-09
-9.490204041073914e-09
-9.859562898462015e-09
-1.0042358278874689e-08
-1.0109992186928842e-08
-1.012381393008339e-08
-1.0123138694365507e-08
-1.0121708894377458e-08
-1.0121220934142372e-08
-1.0121123697554626e-08
-1.0121110589954855e-08
-1.0121109330589693e-08
-1.012110924209431e-08
-1.0121109237476819e-08
-1.0121109237296145e-08
-1.0121109237290804e-08
-1.0121109237290689e-08
-1.0121109237290689e-08
-1.0121109237290695e-08
-1.0121109237290687e-08
-1.0121109237290801e-08
-1.0121109237296148e-08
-1.012110923747682e-08
-1.0121109242094308e-08
-1.0121109330589702e-08
-1.012111058995488e-08
-1.012112369755463e-08
-1.0121220934142356e-08
-1.0121708894377438e-08
-1.0123138694365506e-08
-1.0123813930083398e-08
-1.010999218692882e-08
-1.0042358278874656e-08
-9.859562898461967e-09
-9.490204041073886e-09
-8.818818319707609e-09
-7.685134703825628e-09
-6.0926858298020844e-09
-9.877416918788725e-10
-1.2431987576074258e-09
-1.4203066755251793e-09
-1.5287865855916645e-09
-1.5967582607361153e-09
-1.6334937754241715e-09
-1.6455593438703113e-09
-1.64591841258938e-09
-1.6442537016759522e-09
-1.6433980427029654e-09
-1.6431600088151818e-09
-1.6431163505031112e-09
-1.6431107210755857e-09
-1.6431101948461625e-09
-1.6431101585456887e-09
-1.6431101566764892e-09
-1.6431101566040694e-09
-1.643110156601947e-09
-1.6431101566019011e-09
-1.6431101566019011e-09
-1.6431101566019007e-09
-1.6431101566019007e-09
-1.6431101566019458e-09
-1.6431101566040692e-09
-1.6431101566764874e-09
-1.6431101585456846e-09
-1.6431101948461637e-09
-1.6431107210755908e-09
-1.6431163505031157e-09
-1.6431600088151822e-09
-1.6433980427029678e-09
-1.6442537016759657e-09
-1.6459184125893965e-09
-1.6455593438703274e-09
-1.6334937754241835e-09
-1.5967582607361249e-09
-1.52878658559168e-09
-1.4203066755252008e-09
-1.2431987576074438e-09
-9.87741691878881e-10
-1.2357318092654451e-10
-1.5264509589153576e-10
-1.7347046018347094e-10
-1.8905294929621865e-10
-2.0116173353431827e-10
-2.0752593027096485e-10
-2.0844459436715663e-10
-2.0726893373269815e-10
-2.0631504332982183e-10
-2.059401902161841e-10
-2.0584609426554568e-10
-2.0582975136221036e-10
-2.058277138920725e-10
-2.0582752772520274e-10
-2.058275150913681e-10
-2.058275144487379e-10
-2.0582751442407443e-10
-2.0582751442335657e-10
-2.058275144233405e-10
-2.0582751442334018e-10
-2.058275144233405e-10
-2.0582751442334078e-10
-2.0582751442335675e-10
-2.0582751442407428e-10
-2.058275144487371e-10
-2.0582751509136662e-10
-2.0582752772520214e-10
-2.058277138920732e-10
-2.058297513622112e-10
-2.058460942655467e-10
-2.0594019021618712e-10
-2.0631504332982812e-10
-2.0726893373270756e-10
-2.0844459436716687e-10
-2.0752593027097596e-10
-2.0116173353432948e-10
-1.8905294929623067e-10
-1.734704601834821e-10
-1.526450958915426e-10
-1.235731809265471e-10
-1.2022973827638804e-11
-1.4463723239548074e-11
-1.6734885798162683e-11
-1.9217682652004667e-11
-2.1242249689192467e-11
-2.1840421266235938e-11
-2.1304793393958426e-11
-2.0606074908577817e-11
-2.021789850711598e-11
-2.0084416502951642e-11
-2.005315209805451e-11
-2.0047947457008683e-11
-2.0047316822701465e-11
-2.004726036038981e-11
-2.0047256586246624e-11
-2.0047256396491527e-11
-2.0047256389275468e-11
-2.0047256389066957e-11
-2.0047256389062214e-11
-2.0047256389062072e-11
-2.004725638906219e-11
-2.0047256389062447e-11
-2.0047256389067197e-11
-2.0047256389275627e-11
-2.0047256396491462e-11
-2.0047256586246226e-11
-2.0047260360389422e-11
-2.0047316822701316e-11
-2.004794745700876e-11
-2.005315209805478e-11
-2.0084416502952395e-11
-2.0217898507117438e-11
-2.060607490858e-11
-2.1304793393961292e-11
-2.1840421266239428e-11
-2.1242249689196148e-11
-1.9217682652008095e-11
-1.6734885798165248e-11
-1.4463723239549235e-11
-1.2022973827638783e-11
-9.137118300049795e-13
-1.3268468203952527e-12
-1.803417439254989e-12
-2.28300563781807e-12
-2.499477054282345e-12
-2.3260341097386993e-12
-1.9743026576475494e-12
-1.7024779895098828e-12
-1.575342581270619e-12
-1.5353136216818998e-12
-1.5264273617428873e-12
-1.525000073147609e-12
-1.5248314663949541e-12
-1.524816651360024e-12
-1.5248156751635793e-12
-1.5248156266304363e-12
-1.524815624801304e-12
-1.524815624748842e-12
-1.5248156247476492e-12
-1.52481562474761e-12
-1.5248156247476456e-12
-1.524815624747738e-12
-1.5248156247489491e-12
-1.5248156248014044e-12
-1.524815626630491e-12
-1.5248156751635448e-12
-1.5248166513599195e-12
-1.524831466394844e-12
-1.5250000731475186e-12
-1.526427361742792e-12
-1.5353136216817639e-12
-1.5753425812704221e-12
-1.7024779895096865e-12
-1.9743026576474787e-12
-2.3260341097387947e-12
-2.4994770542824737e-12
-2.283005637818082e-12
-1.8034174392547889e-12
-1.3268468203948393e-12
-9.13711830004492e-13
-5.4377057640754836e-14
-2.4812497766715634e-13
-4.152156884736386e-13
-5.062585397659643e-13
-4.765434988519606e-13
-3.532099243063192e-13
-2.214079381271789e-13
-1.3847986555594302e-13
-1.0363681185286917e-13
-9.336633565620026e-14
-9.118495252973466e-14
-9.08453981357184e-14
-9.080620345673532e-14
-9.080281958242976e-14
-9.080259964752659e-14
-9.080258883168988e-14
-9.080258842764636e-14
-9.080258841614743e-14
-9.080258841589044e-14
-9.080258841588175e-14
-9.080258841588714e-14
-9.08025884159035e-14
-9.080258841616549e-14
-9.080258842767086e-14
-9.080258883171586e-14
-9.080259964753858e-14
-9.08028195824151e-14
-9.080620345669366e-14
-9.084539813564894e-14
-9.118495252961567e-14
-9.33663356559922e-14
-1.0363681185254637e-13
-1.3847986555552577e-13
-2.2140793812672266e-13
-3.5320992430586104e-13
-4.765434988514961e-13
-5.062585397654896e-13
-4.152156884731786e-13
-2.481249776667553e-13
-5.4377057640455486e-14
-2.5379934697436906e-15
-7.686625515114541e-14
-1.2895455954669011e-13
-1.423703435149745e-13
-1.1710744986001756e-13
-7.347374954094718e-14
-3.6071186036672943e-14
-1.5188053977306592e-14
-7.0583376015698575e-15
-4.784291591020819e-15
-4.319132914883122e-15
-4.248720578417168e-15
-4.24076408955413e-15
-4.240088463170666e-15
-4.2400451249533105e-15
-4.240043016192073e-15
-4.24004293809868e-15
-4.2400429358942366e-15
-4.2400429358471455e-15
-4.2400429358454455e-15
-4.2400429358441305e-15
-4.240042935843722e-15
-4.240042935891042e-15
-4.240042938099459e-15
-4.240043016198211e-15
-4.240045124960629e-15
-4.240088463171482e-15
-4.240764089541817e-15
-4.248720578385836e-15
-4.3191329148225614e-15
-4.784291590916286e-15
-7.058337601410901e-15
-1.5188053977096297e-14
-3.607118603642618e-14
-7.347374954068032e-14
-1.1710744985974408e-13
-1.423703435147112e-13
-1.2895455954645944e-13
-7.686625515096736e-14
-2.5379934696265748e-15
-9.299653100705386e-17
-2.1125762886296842e-14
-3.414125462322857e-14
-3.521632751992272e-14
-2.6743872900518867e-14
-1.5384392535107634e-14
-6.762476275484201e-15
-2.3234872339742587e-15
-6.930552989547957e-16
-2.5621185051252676e-16
-1.6971930601178957e-16
-1.569513758087492e-16
-1.5553673761785974e-16
-1.5541848028361152e-16
-1.5541098990892814e-16
-1.5541062918522273e-16
-1.554106159405739e-16
-1.5541061556995588e-16
-1.5541061556276482e-16
-1.5541061556250797e-16
-1.55410615561536e-16
-1.5541061556029616e-16
-1.5541061556726269e-16
-1.5541061593930006e-16
-1.5541062918628636e-16
-1.5541098991141747e-16
-1.5541848028489073e-16
-1.5553673761480806e-16
-1.569513757984412e-16
-1.697193059909183e-16
-2.562118504772176e-16
-6.930552989020277e-16
-2.3234872339036738e-15
-6.762476275398573e-15
-1.5384392535012217e-14
-2.6743872900420676e-14
-3.521632751983049e-14
-3.4141254623151296e-14
-2.112576288624039e-14
-9.299653097209565e-17
-2.677112244226594e-18
-4.678448487705845e-15
-7.339746698015168e-15
-7.237751074336285e-15
-5.218034453037633e-15
-2.8454471921504323e-15
-1.1829798672305815e-15
-3.7665837446841773e-16
-9.387815815615825e-17
-2.080491044318488e-17
-6.7438935974178916e-18
-4.714824688746524e-18
-4.494075318191135e-18
-4.4758927936102695e-18
-4.474755003721625e-18
-4.474700756738475e-18
-4.4746987816908175e-18
-4.474698726962596e-18
-4.474698726098424e-18
-4.474698726102363e-18
-4.4746987258141355e-18
-4.4746987253753124e-18
-4.47469872617411e-18
-4.474698781278739e-18
-4.4747007569675036e-18
-4.474755004417808e-18
-4.475892794106797e-18
-4.494075317567962e-18
-4.714824686104777e-18
-6.743893591933211e-18
-2.08049104340512e-17
-9.387815814266326e-17
-3.766583744501988e-16
-1.1829798672079721e-15
-2.845447192124748e-15
-5.21803445301115e-15
-7.23775107431178e-15
-7.33974669799517e-15
-4.678448487691697e-15
-2.677112235751191e-18
-6.057111221058709e-20
-8.504485572742016e-16
-1.3057860732563523e-15
-1.2470316682237191e-15
-8.658561370102411e-16
-4.54167790528634e-16
-1.818166014205999e-16
-5.56854966559417e-17
-1.3091536275351838e-17
-2.41960602760657e-18
-4.1720448282015095e-19
-1.3414542581171592e-19
-1.0386743903994187e-19
-1.0140815352729876e-19
-1.0125603988204544e-19
-1.012488577348983e-19
-1.0124859843346938e-19
-1.0124859133375698e-19
-1.0124859126570152e-19
-1.0124859128372758e-19
-1.0124859122865878e-19
-1.0124859113058035e-19
-1.0124859119373553e-19
-1.0124859837376917e-19
-1.0124885780675511e-19
-1.0125604005512586e-19
-1.0140815366681559e-19
-1.0386743893998496e-19
-1.3414542526410565e-19
-4.172044816576516e-19
-2.4196060256908204e-18
-1.3091536272542128e-17
-5.56854966521166e-17
-1.81816601415769e-16
-4.541677905230719e-16
-8.658561370044973e-16
-1.2470316682184635e-15
-1.3057860732521398e-15
-8.504485572712826e-16
-6.057111049479762e-20
-1.0736156989468075e-21
-1.294910605150113e-16
-1.956470898852423e-16
-1.8238832085162416e-16
-1.2303071277085487e-16
-6.259502503039186e-17
-2.4323777818314802e-17
-7.24304192590641e-18
-1.654058063906946e-18
-2.906161312054675e-19
-4.046292909471802e-20
-5.759210886119009e-21
-2.104985023748129e-21
-1.812068966012978e-21
-1.7941517535682186e-21
-1.793313743946437e-21
-1.7932837537689812e-21
-1.793282946145658e-21
-1.7932829462865923e-21
-1.7932829526374204e-21
-1.7932829451685557e-21
-1.7932829287500003e-21
-1.7932829303279734e-21
-1.7932837524431485e-21
-1.793313764597481e-21
-1.7941517912482973e-21
-1.8120689977522786e-21
-2.1049850117908785e-21
-5.759210791358486e-21
-4.046292888878659e-20
-2.906161308685831e-19
-1.654058063415724e-18
-7.243041925233337e-18
-2.4323777817453576e-17
-6.259502502939071e-17
-1.230307127698209e-16
-1.823883208506864e-16
-1.9564708988450148e-16
-1.2949106051450526e-16
-1.0736154048168533e-21
-1.423540184634259e-23
-1.6741857443958083e-17
-2.4981965902974558e-17
-2.2853276594382164e-17
-1.5065008732109546e-17
-7.476898668182814e-18
-2.8345791531124172e-18
-8.245815736802654e-19
-1.8424711941999435e-19
-3.1631946026456404e-20
-4.1872594795364294e-21
-4.446027660034929e-22
-5.622952639266832e-23
-2.5483695115629283e-23
-2.3622923473038292e-23
-2.3536700510404674e-23
-2.3533646497844977e-23
-2.3533566315415867e-23
-2.3533567460065825e-23
-2.353356882285741e-23
-2.3533568074830057e-23
-2.3533565859160868e-23
-2.3533565381724005e-23
-2.3533647817538977e-23
-2.3536704976783957e-23
-2.3622930339461005e-23
-2.5483700968121594e-23
-5.622952534664179e-23
-4.446027519058944e-22
-4.1872594483169756e-21
-3.163194597576706e-20
-1.8424711934655024e-19
-8.245815735792624e-19
-2.8345791529820117e-18
-7.476898668030307e-18
-1.506500873195221e-17
-2.285327659424062e-17
-2.4981965902864034e-17
-1.6741857443883412e-17
-1.4235358738191337e-23
-1.0239835789829246e-25
-1.854732667589196e-18
-2.740281411742382e-18
-2.4689989481271552e-18
-1.597293790223773e-18
-7.765747472744118e-19
-2.8831095078320165e-19
-8.219789795548452e-20
-1.8025906891116586e-20
-3.0413855245468526e-21
-3.948389039266693e-22
-3.954783729619085e-23
-3.1776960880648156e-24
-3.320498397518642e-25
-1.6157549503866412e-25
-1.5375208349584113e-25
-1.5347889007630517e-25
-1.5347199634449213e-25
-1.5347222648339848e-25
-1.534724378085791e-25
-1.5347238059311511e-25
-1.534721273600524e-25
-1.5347202414277647e-25
-1.5347921688547907e-25
-1.5375280334351397e-25
-1.6157650876988691e-25
-3.3205070204631216e-25
-3.1776960098450107e-24
-3.9547835455223405e-23
-3.9483889982559303e-22
-3.0413855179558317e-21
-1.8025906881640963e-20
-8.219789794243995e-20
-2.883109507662657e-19
-7.765747472545364e-19
-1.5972937902033062e-18
-2.4689989481088805e-18
-2.7402814117282552e-18
-1.8547326675797375e-18
-1.023929161657007e-25
-2.5019541212916994e-28
-1.7717490802966214e-19
-2.596610561055217e-19
-2.310553087161612e-19
-1.4716324335113108e-19
-7.03138323896409e-20
-2.5639809815005937e-20
-7.182474360341247e-21
-1.5491968688481505e-21
-2.574268521848934e-22
-3.2953655360336895e-23
-3.2494134569048897e-24
-2.4700774228282563e-25
-1.4677856259788892e-26
-8.970387524027918e-28
-2.7163563780611265e-28
-2.5027357231477257e-28
-2.497658278239202e-28
-2.4979570468919326e-28
-2.498210668929885e-28
-2.4981745216762886e-28
-2.4979202625031403e-28
-2.4977865158282204e-28
-2.503197156426502e-28
-2.7172440310778604e-28
-8.97159176631692e-28
-1.4677957994575326e-26
-2.470077343255506e-25
-3.2494132452867547e-24
-3.295365489288619e-23
-2.5742685144319317e-22
-1.5491968677910138e-21
-7.182474358886725e-21
-2.5639809813110695e-20
-7.031383238741207e-20
-1.4716324334884105e-19
-2.3105530871412967e-19
-2.5966105610396513e-19
-1.7717490802862763e-19
-2.4960174388168316e-28
