1600
-672487273.8961384
-787567023.8571286
-587962812.5275047
-310173576.8254242
-140519764.7419772
-116334986.90013337
-139488812.99957347
-154434792.03795242
-154795053.27996707
-151652918.15503788
-150462680.40730453
-150653179.95957232
-151028285.00338244
-151229396.57443476
-151317234.34963942
-151335936.94878983
-151341646.21883655
-151347258.8030951
-151355367.66447306
-151360553.13986444
-151360553.1398785
-151355367.66450047
-151347258.8031144
-151341646.21882725
-151335936.94876432
-151317234.3496244
-151229396.57445002
-151028285.0034094
-150653179.95959496
-150462680.40729785
-151652918.15501165
-154795053.27995086
-154434792.03797388
-139488812.99961376
-116334986.90011597
-140519764.7418437
-310173576.82520795
-587962812.5273015
-787567023.8569942
-672487273.8960731
154557471.6924907
4903891428.382132
-1627428676.0422866
1300061416.352713
-330841036.3701844
458956007.06408024
186553288.96181297
288088998.5743444
242652319.63469124
270570885.9580865
261815825.2722273
263441722.2498994
264704121.51018524
262819416.07040262
263883243.45091963
263268396.79758787
263545024.35489416
263413724.39769626
263504925.09396148
263463408.17223883
263463408.17220545
263504925.09399486
263413724.39783764
263545024.35481524
263268396.7975104
263883243.45093083
262819416.070395
264704121.51028538
263441722.24995327
261815825.2721641
270570885.95813155
242652319.63468575
288088998.57412267
186553288.96207023
458956007.0643697
-330841036.3706213
1300061416.352464
-1627428676.0423875
4903891428.381638
154557471.69240785
789346785.3357146
639002057.755399
649046021.4573681
140827662.31502968
-130256431.95568115
-246392202.30449367
-264554265.27999234
-257199539.90493453
-254280943.49138683
-251120856.26810563
-251176709.25941068
-251263357.45795465
-251604635.58499068
-251633921.35256517
-251655383.91718656
-251643688.46200627
-251638078.78240478
-251639399.6165638
-251637762.62946987
-251638712.84651637
-251638712.84651744
-251637762.6294675
-251639399.61656213
-251638078.7824108
-251643688.46201432
-251655383.9171818
-251633921.35255295
-251604635.58497036
-251263357.45793843
-251176709.25940877
-251120856.26811087
-254280943.49138784
-257199539.90491956
-264554265.27996022
-246392202.3044734
-130256431.95573848
140827662.31488788
649046021.4571512
639002057.7551976
789346785.3355222
635195678.1420491
542891832.6921265
494022687.8101894
-112883528.12280989
-290185945.9433908
-449848808.4960964
-445236870.53065133
-441001566.32190144
-438092210.8675966
-438565895.46441984
-438597457.1377399
-438874162.64199936
-439282107.5151033
-439100457.3196054
-439196994.95328754
-439104579.8534146
-439123033.441978
-439110159.2824763
-439119008.39145964
-439115371.57997876
-439115371.57997817
-439119008.3914603
-439110159.28248024
-439123033.44198346
-439104579.85342515
-439196994.9532891
-439100457.31959665
-439282107.5150851
-438874162.6419883
-438597457.1377421
-438565895.46443963
-438092210.8676069
-441001566.32187426
-445236870.53061724
-449848808.4960738
-290185945.94343084
-112883528.12294805
494022687.8099874
542891832.6919115
635195678.1418891
178886748.43043056
215477338.89702266
74460517.6692406
-150949151.67415863
-229980976.16430175
-262320693.44056702
-245161291.0164672
-240594615.92203417
-238842702.34488118
-240763246.87209383
-241036161.338637
-241442481.5398153
-241564402.61961883
-241509307.62589002
-241515180.34829628
-241462068.39954507
-241465603.92514575
-241462993.8333719
-241470045.44174463
-241469642.31275898
-241469642.31275594
-241470045.4417421
-241462993.83337668
-241465603.92514968
-241462068.39955023
-241515180.3482998
-241509307.6258866
-241564402.61961603
-241442481.5398182
-241036161.33864677
-240763246.87211436
-238842702.34489864
-240594615.9220236
-245161291.01644427
-262320693.44055277
-229980976.16430214
-150949151.6742084
74460517.6691593
215477338.89692095
178886748.43037093
-32002855.97015752
-57052631.374011405
-71299051.00686589
-98247973.83014014
-75381011.65654562
-42047318.827533685
-18448565.148344677
-11249394.957239617
-11712905.08247782
-13326158.063556934
-13980642.777599413
-14020845.658684408
-13921930.7808133
-13840792.324152594
-13798452.220351044
-13773454.84483201
-13770506.112920824
-13775179.739527337
-13780184.242790353
-13782328.806320433
-13782328.806315873
-13780184.24278141
-13775179.739522941
-13770506.112926347
-13773454.844843118
-13798452.220358562
-13840792.324155174
-13921930.780817157
-14020845.658692716
-13980642.777611505
-13326158.063571256
-11712905.082491424
-11249394.957244094
-18448565.148336038
-42047318.82752299
-75381011.65654364
-98247973.83014257
-71299051.0068629
-57052631.37400367
-32002855.970144793
-10256407.183000654
-38518203.26446554
-21103418.724333346
23546294.893553346
75522651.15549894
123400119.84614658
144809537.56688076
150209194.80495435
148568792.6349789
146692963.5757166
146060440.67945936
146265834.14106113
146538394.12763506
146665661.14873004
146723316.8285514
146735804.43593514
146738379.96676302
146734183.24306804
146731563.91395426
146729943.40590233
146729943.40590733
146731563.91396588
146734183.24307406
146738379.96675554
146735804.43592015
146723316.82854003
146665661.14872646
146538394.12763318
146265834.14105588
146060440.67945236
146692963.57570955
148568792.63497394
150209194.80495542
144809537.5668864
123400119.84614402
75522651.15548491
23546294.89354959
-21103418.72430682
-38518203.264415175
-10256407.182956636
45913933.94386998
18360533.978685677
45319593.06589657
93275825.92196673
150106025.8871116
193393033.9168588
210913690.8117449
213770147.4739281
211174318.32193774
209004949.05659622
208480050.5854625
208776509.04235822
209085992.9190092
209223953.67853093
209266285.82153875
209269772.4023835
209269611.7925277
209268948.74739772
209269619.60381997
209270160.1000732
209270160.1000793
209269619.60383046
209268948.74740255
209269611.79252082
209269772.40236872
209266285.8215287
209223953.67852962
209085992.91901225
208776509.04235917
208480050.58546042
209004949.05659318
211174318.32193863
213770147.47393546
210913690.8117525
193393033.916851
150106025.88708693
93275825.92195219
45319593.06591821
18360533.978735507
45913933.94391647
60433571.104195595
32093846.57640785
59397256.73508316
103366303.89400405
159843262.9427419
199249132.2914979
214300147.5309127
215752836.11905152
212811287.07330555
210661336.6811651
210232934.1183685
210520325.7979784
210781911.8724299
210888989.47681016
210908776.63535142
210902957.20647782
210900224.3569075
210901968.8965773
210905479.83788162
210907984.39602238
210907984.39602727
210905479.837891
210901968.8965827
210900224.35690337
210902957.20646787
210908776.63534665
210888989.47681308
210781911.87243557
210520325.7979818
210232934.11836827
210661336.68116444
212811287.0733059
215752836.11905771
214300147.53091973
199249132.29149073
159843262.9427199
103366303.89398724
59397256.7350952
32093846.57644552
60433571.10422832
48528168.84799901
18284730.948963463
42207091.45988047
83221570.48907363
137066469.31973258
173199200.64689067
186494771.0556367
187447307.19560665
184712129.66638106
182818939.0030527
182487678.05721942
182737188.26728982
182939079.66694397
183013370.31487492
183019794.60455313
183010094.57205233
183006322.46114588
183008821.86751938
183013548.20209482
183016932.78919765
183016932.78920227
183013548.2021045
183008821.86752748
183006322.46114582
183010094.57204786
183019794.60455245
183013370.31488037
182939079.66695106
182737188.2672955
182487678.0572217
182818939.00305277
184712129.6663804
187447307.1956087
186494771.0556395
173199200.64688516
137066469.31971604
83221570.48906004
42207091.459885895
18284730.948984563
48528168.84801686
32682701.57081747
1938379.7258675694
22404656.335571885
60363729.27859211
109402206.79012692
141444360.30740112
152950894.14845243
153748310.62193868
151443947.61760342
149874306.7715947
149620664.4268639
149831553.22982234
149991170.28791875
150048140.82561186
150053082.22642425
150045878.48453477
150043375.08059108
150046135.8294409
150050832.92324138
150054152.48219043
150054152.4821949
150050832.92325237
150046135.82945073
150043375.08059302
150045878.48453325
150053082.22642544
150048140.8256181
149991170.2879274
149831553.22982892
149620664.42686874
149874306.77159655
151443947.61760253
153748310.6219387
152950894.14845335
141444360.30739555
109402206.79011509
60363729.27858111
22404656.335574985
1938379.725881219
32682701.57082793
19037391.59581119
-9415191.548279166
7616727.597830147
41412009.058003366
83563232.91314644
110229138.61035886
119482536.03569746
120031793.32342583
118140238.81035495
116871157.99937195
116675404.30796096
116852902.40354967
116985715.41416061
117035705.94385058
117044109.4711704
117041650.1056056
117041330.37198713
117044225.32390293
117048270.10972825
117051020.19333637
117051020.19334021
117048270.10973778
117044225.32391122
117041330.37198895
117041650.10560447
117044109.47117135
117035705.94385606
116985715.41416785
116852902.40355623
116675404.30796614
116871157.99937427
118140238.81035435
120031793.32342532
119482536.0356977
110229138.61035511
83563232.91313732
41412009.05799574
7616727.597833961
-9415191.548266321
19037391.59582147
7221482.3776851
-16965789.9742046
-4005052.2102847397
23887906.084391624
57187714.76802558
77280130.96710217
83762088.39686912
83865743.59616658
82325903.16520166
81345697.34998778
81209435.50348666
81360584.99847323
81472752.35776502
81517424.67879632
81528120.95607322
81528895.81254122
81529836.49522644
81532325.38672724
81535339.16135901
81537318.2300618
81537318.2300649
81535339.16136608
81532325.38673347
81529836.49522829
81528895.8125402
81528120.95607367
81517424.67880017
81472752.35777003
81360584.99847776
81209435.50348979
81345697.34998864
82325903.16520086
83865743.5961661
83762088.39686993
77280130.9671
57187714.76801902
23887906.08438635
-4005052.210281104
-16965789.974192888
7221482.377695069
-1766577.2644292563
-20482991.390181646
-12097355.074106008
8562023.440297425
32025971.80597937
45192854.805360734
48840029.13116434
48480577.82382719
47285826.75696561
46599784.81611502
46529966.45383616
46657360.90164697
46748053.58890888
46785104.026684105
46795421.53875168
46797280.50500688
46798274.50661695
46799879.40360534
46801753.32598668
46802978.91461831
46802978.91462019
46801753.3259913
46799879.40360916
46798274.5066182
46797280.50500646
46795421.538752094
46785104.026686296
46748053.588911355
46657360.90164873
46529966.45383701
46599784.816114694
47285826.75696424
48480577.82382664
48840029.13116546
45192854.80535981
32025971.805975184
8562023.440293953
-12097355.074102819
-20482991.39017336
-1766577.264421776
-6218666.2022411525
-19035729.839695446
-14755507.589463957
-1455601.0469241887
12750059.584017366
19811421.8353606
21140914.001059756
20491562.12155565
19649757.21729072
19239804.57857898
19230680.331588626
19333088.88378083
19400399.014020875
19427713.778463863
19435752.624762118
19437378.858774774
19437887.395344228
19438606.144846767
19439541.150303937
19440178.47798256
19440178.47798349
19439541.15030597
19438606.144848786
19437887.39534498
19437378.858774513
19435752.624762036
19427713.778464407
19400399.014021374
19333088.88378091
19230680.331588283
19239804.57857804
19649757.21728962
20491562.121555425
21140914.00106082
19811421.835360706
12750059.584015064
-1455601.0469261482
-14755507.589462265
-19035729.83969061
-6218666.202236757
-6120115.745444344
-13533434.359476654
-12060063.274526693
-4921847.244257264
2048594.3125427607
4748724.542481054
4655445.331738807
3970748.2524057105
3460269.4706094638
3271469.21524382
3303862.237204008
3380402.98415735
3425113.134283215
3442351.7703237347
3447254.539594382
3448078.229342997
3448089.175402608
3448222.1322443746
3448559.3004014194
3448819.76664922
3448819.766649481
3448559.300402079
3448222.1322450377
3448089.175402675
3448078.2293426283
3447254.539594114
3442351.7703236192
3425113.1342830174
3380402.9841568507
3303862.2372034155
3271469.215243142
3460269.470608864
3970748.2524057925
4655445.33173972
4748724.542481462
2048594.3125417922
-4921847.244258285
-12060063.274525909
-13533434.359474387
-6120115.745442215
-3520277.0856483188
-6896541.941189404
-6738668.307677689
-3737384.1400199374
-1269206.5196805203
-905615.4304037574
-1506310.4880278977
-2014368.7860754672
-2254388.452110211
-2298742.8278223746
-2249457.3256520685
-2197484.4243921814
-2171520.532622024
-2162688.444064517
-2160650.9578378443
-2160615.6159161325
-2160887.492114043
-2161004.917571906
-2160950.5946988086
-2160880.1499057817
-2160880.149905754
-2160950.5946987476
-2161004.917571885
-2160887.492114193
-2160615.615916422
-2160650.957838082
-2162688.444064671
-2171520.5326222284
-2197484.424392519
-2249457.325652375
-2298742.8278226727
-2254388.4521104544
-2014368.7860753478
-1506310.4880273067
-905615.4304033723
-1269206.5196808812
-3737384.1400204375
-6738668.307677434
-6896541.941188534
-3520277.085647488
-976277.4276346688
-2026198.4730870903
-2153803.071365052
-1274760.107483713
-865303.9683007156
-1253199.1033377873
-1763960.7528208443
-2020874.6078633633
-2082325.353417019
-2057562.999863083
-2012108.3031099099
-1980936.7678649377
-1968088.7276686905
-1964698.8927072538
-1964409.35298377
-1964761.9218858206
-1965064.402644171
-1965200.8040225578
-1965222.212850624
-1965215.9396578816
-1965215.9396579221
-1965222.212850702
-1965200.8040226542
-1965064.4026442792
-1964761.9218859286
-1964409.3529838203
-1964698.8927072762
-1968088.7276687222
-1980936.7678650077
-2012108.303109976
-2057562.9998631547
-2082325.3534170906
-2020874.6078632907
-1763960.7528205952
-1253199.1033376171
-865303.9683008734
-1274760.1074839593
-2153803.071365052
-2026198.473086862
-976277.4276344524
228466.93800624798
112944.33898561867
78438.14861446433
198515.39948808053
51455.70607939316
-292558.18791843345
-534177.7877933753
-600374.969960208
-579210.313766256
-539676.5368722307
-508600.8268398843
-492592.6119087662
-487313.09639800317
-486495.47531893034
-486788.9034395446
-487125.40797342267
-487310.19560339674
-487375.62306219316
-487386.0861051406
-487386.381092374
-487386.3810923989
-487386.0861051888
-487375.62306224136
-487310.1956034235
-487125.4079734259
-486788.9034395139
-486495.47531889286
-487313.0963979678
-492592.6119087483
-508600.8268398666
-539676.5368722191
-579210.3137662592
-600374.9699601976
-534177.7877933227
-292558.1879184055
51455.706079316325
198515.39948795526
78438.14861440985
112944.33898562822
228466.93800625124
353216.12247586163
426854.65366425563
473351.4973282466
449785.88454354636
323658.2510684271
189189.46049189166
137561.23607022676
155367.81901816704
191691.86276342868
220358.64827220794
236728.75572479528
243541.10863847262
245294.07253504754
245327.1691033702
245079.48811385228
244917.51042450865
244858.97620012282
244854.32073527868
244863.08554327927
244867.828461061
244867.82846105512
244863.0855432669
244854.3207352722
244858.97620012728
244917.51042452577
245079.4881138762
245327.16910339566
245294.0725350729
243541.10863849457
236728.75572481094
220358.6482722193
191691.86276342772
155367.81901815592
137561.23607021922
189189.46049187658
323658.25106839393
449785.88454350166
473351.4973282187
426854.6536642406
353216.1224758369
150447.8439684285
188161.05209117354
234118.24055441679
223544.2078308566
192000.2104526534
178146.7153645052
194212.5537981983
223066.16603824787
246965.7865456937
261158.9343710835
267810.5188062528
270125.8449699471
270580.2437117873
270527.0820965004
270443.06356451067
270413.04209905467
270419.5019629245
270436.3814780661
270449.23760207713
270454.86314534536
270454.86314534454
270449.2376020768
270436.3814780684
270419.5019629303
270413.04209906247
270443.06356451893
270527.0820965057
270580.24371179147
270125.844969952
267810.51880625676
261158.93437108758
246965.7865456934
223066.16603824316
194212.55379818927
178146.71536449663
192000.2104526509
223544.20783085522
234118.24055441737
188161.05209117095
150447.84396842084
20388.09471795123
20211.060861445876
39777.35125290623
43440.50733696998
50639.67682682059
66275.56086834654
85597.25809701241
101917.08914812072
112175.38190748057
117306.33491067821
119362.23121803423
119963.15806862575
120052.1905159459
120040.75715505745
120040.73818158812
120056.65799309005
120075.41063679534
120089.42524362233
120097.40477877096
120100.73401277189
120100.73401277262
120097.40477877346
120089.42524362545
120075.41063679798
120056.65799309174
120040.73818158876
120040.7571550564
120052.19051594374
119963.15806862473
119362.23121803591
117306.33491068002
112175.38190748243
101917.0891481209
85597.25809701212
66275.56086834913
50639.67682682845
43440.50733697973
39777.351252913126
20211.06086144829
20388.09471795219
-9612.084766870335
-17865.65842942248
-14220.178800360198
-9702.39478747861
62.46550894084794
11321.26276862873
20305.784770992133
26072.391428486328
29157.12231087692
30527.624150422285
31004.432945098903
31119.08551013461
31134.830139664045
31142.594153885628
31157.459037383014
31173.374936369393
31184.718353563338
31190.945101071673
31193.927846744482
31195.142873166827
31195.142873166915
31193.927846745588
31190.945101072895
31184.718353563832
31173.374936369248
31157.459037382723
31142.594153884624
31134.8301396623
31119.0855101333
31004.432945099063
30527.62415042313
29157.12231087833
26072.391428488278
20305.78477099465
11321.262768633474
62.46550894722168
-9702.39478747292
-14220.178800356967
-17865.658429421805
-9612.084766869295
-6245.310744170321
-11229.949362163099
-11815.44409466549
-9579.532698901745
-4796.0636662144025
-482.1694050945298
2085.116571822873
3387.6559259638343
4023.6789817637546
4301.560657622766
4391.361986761527
4410.939317521039
4417.006298953489
4424.033556057493
4432.444907090696
4439.480936160024
4443.417794312612
4444.979669702305
4445.56426081841
4445.815699620798
4445.815699620929
4445.564260818992
4444.979669702785
4443.417794312729
4439.480936160027
4432.444907090605
4424.0335560573185
4417.006298952969
4410.9393175206205
4391.361986761858
4301.560657623319
4023.6789817640492
3387.655925964442
2085.1165718242883
-482.16940509200504
-4796.063666211612
-9579.532698900031
-11815.44409466526
-11229.949362163838
-6245.310744170101
-1821.8881592957828
-3585.6897289736266
-4173.185367907476
-3342.985808716343
-1750.3318073667697
-663.7585872902373
-265.3228928568269
-138.0285202263576
-55.11210650194698
0.7520868023866569
23.57679094130799
30.79005121510818
34.581445210264974
37.53696338995087
40.10168487116698
41.888222370189396
42.54734209103026
42.563469207961134
42.50793440499638
42.512186689752525
42.51218668985439
42.5079344052001
42.56346920809483
42.54734209099388
41.88822237007753
40.10168487110877
37.536963389921766
34.581445210229504
30.790051215112726
23.576790941461695
0.7520868024475931
-55.11210650209705
-138.02852022655497
-265.3228928566741
-663.7585872896652
-1750.3318073661903
-3342.9858087163316
-4173.1853679080705
-3585.689728974423
-1821.8881592958232
-361.9967701928274
-765.0245425608858
-927.4185749081873
-655.7704611438762
-266.1051568789427
-118.94484755694793
-150.83270504324219
-182.48813832669964
-171.17243854285095
-150.602420696237
-139.92073858041613
-135.91954379532126
-134.20383967761495
-133.53052684413865
-133.23603137379587
-133.1435975221625
-133.2798437597139
-133.4626351114223
-133.5456138802033
-133.556404432406
-133.55640443238667
-133.54561388015782
-133.46263511139068
-133.27984375975961
-133.14359752224618
-133.23603137385408
-133.5305268441466
-134.20383967759972
-135.91954379531103
-139.92073858041954
-150.60242069632056
-171.17243854308583
-182.4881383269976
-150.8327050434416
-118.94484755701069
-266.10515687897987
-655.7704611440647
-927.4185749085581
-765.024542561245
-361.9967701928614
-72.62707323498182
-113.4567808875021
-119.74827278422498
-41.83304405805448
19.285750110944008
0.230202457394995
-42.94208858784687
-58.09683057837154
-49.959060542958824
-39.625165711075525
-34.78228700162167
-33.23600097722604
-32.825730894465934
-32.88279255754421
-33.04808134099531
-33.201307793113855
-33.34232304554803
-33.43071617480297
-33.45435249018041
-33.450793413881684
-33.45079341388393
-33.4543524901858
-33.43071617481574
-33.34232304558432
-33.20130779316514
-33.04808134103469
-32.882792557566376
-32.82573089449093
-33.23600097726742
-34.78228700167696
-39.62516571115383
-49.95906054307967
-58.09683057852125
-42.94208858798092
0.23020245731459
19.285750110906037
-41.83304405810709
-119.74827278432431
-113.45678088757518
-72.62707323496869
-21.80292046547235
-10.883420152099326
0.4682467034782949
18.051131097128795
17.960074775679388
-0.719529493339806
-15.258107166375206
-16.096529676968423
-10.528945731533621
-6.240342624826271
-4.680914477910912
-4.3949242299196225
-4.450380580355944
-4.595548148221795
-4.723290809051591
-4.807605144538092
-4.858750426096828
-4.877384457741281
-4.873478642301414
-4.86603817972172
-4.866038179726798
-4.8734786423130085
-4.877384457755246
-4.858750426114822
-4.807605144556899
-4.723290809066803
-4.595548148236928
-4.450380580382095
-4.394924229958969
-4.680914477952474
-6.240342624859797
-10.528945731563718
-16.096529677002593
-15.25810716640767
-0.7195294933552674
17.96007477568616
18.051131097143948
0.4682467034781119
-10.883420152121891
-21.802920465448686
-7.9275272994331605
-1.420891579464051
2.794273770613514
5.433647289591933
2.005037272035249
-3.9136206868959986
-6.116434666780975
-4.3254368950901245
-1.8085803976040191
-0.4768620339302161
-0.18681481897894014
-0.2552491293963185
-0.3626285104386203
-0.44752620202930415
-0.4991279104874371
-0.5241046079065014
-0.5326239680594408
-0.5299032750411463
-0.5225094717862916
-0.5172612451998811
-0.5172612452017054
-0.5225094717902017
-0.5299032750448878
-0.5326239680619267
-0.5241046079065086
-0.49912791048573857
-0.44752620202975146
-0.36262851044507605
-0.25524912940911393
-0.1868148189916985
-0.47686203393578824
-1.8085803976028512
-4.325436895087286
-6.116434666777387
-3.913620686889506
2.005037272044686
5.43364728960251
2.7942737706187213
-1.4208915794712145
-7.927527299416065
-3.3737752489581383
-1.4808057026530383
-1.102064015418522
-0.7441536319332285
-1.575903903481918
-2.415046951568529
-2.0445857748118264
-0.9604577645740551
-0.12650956606177904
0.1708186968035819
0.15787502446824955
0.07834902250051878
0.01893261537871116
-0.014400777700431244
-0.029092841221418815
-0.03324006413277779
-0.032002570342732205
-0.027862235072865324
-0.023332569927008176
-0.020610035211224703
-0.02061003521122866
-0.023332569926934804
-0.027862235072380434
-0.03200257034015502
-0.033240064127383784
-0.029092841214960433
-0.014400777694973915
0.018932615382539278
0.07834902250224413
0.15787502446894444
0.17081869680563477
-0.1265095660582452
-0.9604577645698313
-2.0445857748068357
-2.4150469515645527
-1.575903903482403
-0.7441536319361748
-1.102064015422239
-1.4808057026641397
-3.373775248947036
-2.0979102520387483
-1.3615837994046036
-1.643642740765221
-1.2585890358289094
-1.0043186877637371
-0.8241579958799945
-0.4657990804406439
-0.0782312287994304
0.1351511035768619
0.17537016340029618
0.14236208408343162
0.1058550808871793
0.08423544603673028
0.07474252524062251
0.0718430531330169
0.07170682282718707
0.07289123477782494
0.0749678703564991
0.07713473429556975
0.07846116519165991
0.07846116519209487
0.07713473429598564
0.07496787035662134
0.07289123478012091
0.07170682283270935
0.0718430531387162
0.07474252524453678
0.08423544603991015
0.10585508088993034
0.14236208408540513
0.1753701634018771
0.13515110357795024
-0.07823122879834254
-0.4657990804386152
-0.8241579958789333
-1.0043186877672552
-1.2585890358346643
-1.6436427407701726
-1.361583799412497
-2.0979102520306285
-1.6868313444500205
-1.028064894937381
-1.232059326904037
-0.7416047417178446
-0.3382867856873675
-0.15114913768213922
-0.030526483299655433
0.06397424027144842
0.1062186922896371
0.1050826311278848
0.09085627719017365
0.0795865152043679
0.07434070241914821
0.07290387367169637
0.0727890817090123
0.07274348005357989
0.07294902524845791
0.07373569911724501
0.07480080935049793
0.07552720384173733
0.07552720384223913
0.07480080935065658
0.07373569911657102
0.07294902524987962
0.072743480058041
0.07278908171288773
0.0729038736729783
0.07434070241972553
0.07958651520542652
0.09085627719120316
0.10508263112850236
0.10621869228966224
0.06397424027155796
-0.030526483298354223
-0.15114913768083804
-0.33828678568864257
-0.7416047417207745
-1.232059326905976
-1.0280648949379887
-1.6868313444443064
-1.4135035491356291
-0.8742877205071979
-0.9178466440590334
-0.4995325424817029
-0.15585889737653252
-0.058865115681861147
-0.04736559088930281
-0.03782412126837553
-0.0351745854047226
-0.03786643736833513
-0.042279416162791704
-0.04443998153640796
-0.04463887612006112
-0.04389271393464184
-0.04352269703769998
-0.043738297894034536
-0.0439275153003707
-0.04361772604202624
-0.04298924900115978
-0.042523946419772335
-0.0425239464193511
-0.042989249001187585
-0.043617726043056824
-0.04392751529989578
-0.04373829789132979
-0.0435226970357612
-0.04389271393490314
-0.04463887612050417
-0.04443998153582944
-0.0422794161619933
-0.03786643736804709
-0.035174585405067266
-0.03782412126858137
-0.04736559088839952
-0.05886511568031594
-0.1558588973759002
-0.49953254248180534
-0.9178466440589275
-0.8742877205075283
-1.413503549132494
-1.16178093783047
-0.6661362871288661
-0.7375641848713551
-0.3631528670649007
-0.09382821072039518
-0.03082195592828619
-0.04165202069862835
-0.0518489665046685
-0.054028141900057336
-0.05690195670315794
-0.05807738459586688
-0.058087670167172055
-0.05699609228319026
-0.055870005718938826
-0.055401700027215714
-0.055602905509703995
-0.05582777990360825
-0.05565158500892441
-0.0552156419054828
-0.05488749413242519
-0.05488749413212305
-0.05521564190561275
-0.055651585010062676
-0.055827779904066205
-0.05560290550890105
-0.055401700027027156
-0.055870005720007845
-0.05699609228390881
-0.058087670166839946
-0.058077384595325285
-0.05690195670309296
-0.054028141900501016
-0.05184896650509538
-0.041652020698336366
-0.03082195592735854
-0.0938282107196122
-0.36315286706439764
-0.7375641848710465
-0.6661362871292521
-1.1617809378293018
-0.9494018977715322
-0.5588380304062466
-0.5974030149775982
-0.29278915129511524
-0.06481153871676439
-0.011357958107393894
-0.021377310232459784
-0.030494618486798686
-0.033743575798297856
-0.03589585523014499
-0.03654925381709469
-0.0359512944151822
-0.034622065345976706
-0.033417817117963836
-0.03292147088128142
-0.03303039895317982
-0.033186220562055106
-0.03303981017662859
-0.032708867904970886
-0.03246829699549206
-0.0324682969953223
-0.032708867905131306
-0.03303981017760346
-0.03318622056295408
-0.03303039895358869
-0.03292147088206184
-0.03341781711925694
-0.03462206534679932
-0.03595129441522586
-0.03654925381696396
-0.035895855230234947
-0.0337435757986152
-0.030494618487144437
-0.0213773102325127
-0.011357958107114603
-0.06481153871641478
-0.29278915129496613
-0.5974030149775815
-0.5588380304060027
-0.9494018977713455
-0.8276011654775357
-0.5105242073223828
-0.4902451601220879
-0.2318827387122197
-0.03569977933778935
0.020522812363621856
0.012459006120312505
0.0080534699454404
0.003598688667152572
0.0028529941899418654
0.002211754318985265
0.0032722315939468227
0.004640129948853933
0.005845214018078443
0.006337455368298328
0.006306971384224369
0.006232932542075353
0.006378421491821329
0.006642434254776203
0.006821859996354374
0.006821859996428481
0.006642434254646251
0.0063784214912047665
0.006232932541288011
0.006306971383497728
0.006337455367414951
0.005845214017074579
0.004640129948169258
0.003272231593663133
0.0022117543188247546
0.00285299418981369
0.0035986886670332785
0.008053469945280917
0.012459006120228266
0.020522812363670387
-0.03569977933768384
-0.23188273871211604
-0.49024516012211555
-0.5105242073225555
-0.8276011654775592
-0.7750671162965282
-0.3638420766620757
-0.3529081318663766
-0.17224883826995424
0.009277007055026695
0.04096075384992723
0.03966839539318944
0.031257940900976604
0.029954875524635938
0.0283281732994764
0.0288145434688881
0.029908391958709486
0.03140368481101597
0.0325749523425142
0.03303843050437558
0.03311036666348467
0.03310838521076231
0.03327388601068208
0.033493796952638856
0.03363616093341654
0.033636160933444084
0.03349379695257504
0.03327388601038539
0.03310838521029667
0.03311036666293671
0.03303843050377011
0.032574952341954025
0.03140368481059856
0.029908391958418913
0.028814543468686858
0.028328173299381074
0.029954875524634085
0.03125794090098264
0.039668395393194604
0.04096075384993608
0.009277007055093059
-0.17224883826986165
-0.3529081318662976
-0.3638420766620963
-0.7750671162964996
-0.6484426863425061
-0.3553601031505267
-0.40072659897231644
-0.23408037513471847
-0.10547198224950693
-0.0707026433773182
-0.07417900236214153
-0.08027834162649464
-0.08217759934248652
-0.08285331087070404
-0.08208837950117061
-0.08076525795996771
-0.07932451156603243
-0.07825381486657475
-0.07771576716538885
-0.07757801883514853
-0.07751299155648103
-0.07735379589290224
-0.07715506029967244
-0.07703078743818761
-0.07703078743817379
-0.07715506029967674
-0.07735379589299785
-0.07751299155667968
-0.07757801883541081
-0.0777157671656688
-0.07825381486680782
-0.07932451156620092
-0.08076525796011436
-0.08208837950129436
-0.08285331087074302
-0.08217759934243611
-0.08027834162642951
-0.07417900236210406
-0.0707026433772994
-0.10547198224947973
-0.23408037513465052
-0.4007265989722038
-0.35536010315043687
-0.6484426863423494
-0.3742501324244245
-0.1851655565476445
-0.48820499673323925
-0.20627095878451032
-0.18009594317900635
-0.12701842108278708
-0.142263617843448
-0.14401309854718278
-0.1467033031910711
-0.14632866669545333
-0.14566324626846766
-0.14459983884301655
-0.14346843784149862
-0.1427465701871325
-0.14218643485114932
-0.14208815318294704
-0.14201874410006682
-0.14191239478030035
-0.14174364653211796
-0.14163645435109884
-0.14163645435108685
-0.14174364653210778
-0.14191239478028636
-0.14201874410012444
-0.14208815318303267
-0.1421864348512525
-0.14274657018718684
-0.14346843784153435
-0.14459983884304545
-0.14566324626851748
-0.14632866669544387
-0.14670330319101074
-0.14401309854712416
-0.14226361784338143
-0.12701842108278924
-0.18009594317902122
-0.20627095878450363
-0.48820499673315754
-0.18516555654752978
-0.3742501324242667
-0.1563549127131632
-0.4716298751026941
-0.5094694431269897
-0.3213489172461787
-0.20601760656322082
-0.2026092473328365
-0.21916143563920226
-0.22368900387998092
-0.22359949552812497
-0.22296118228479636
-0.2211722778331331
-0.2198526484965233
-0.2187219631463226
-0.21791180760009204
-0.21729223776982975
-0.21722465875907487
-0.2171741975516609
-0.2170712512729741
-0.2168976775668923
-0.2167892127764828
-0.21678921277647822
-0.2168976775668695
-0.21707125127294088
-0.2171741975516533
-0.21722465875909494
-0.2172922377698419
-0.2179118076000797
-0.21872196314630338
-0.21985264849652486
-0.22117227783314405
-0.22296118228479167
-0.2235994955281048
-0.22368900387994875
-0.21916143563916857
-0.20260924733282465
-0.20601760656325663
-0.3213489172461891
-0.509469443126938
-0.4716298751026162
-0.15635491271306257
