1600
1646725010619.1733
2030084006476.3027
1631788919585.621
899015491963.126
363556181279.0845
198026714403.0276
212463293152.44482
245232214304.1084
252448442967.02344
248843068126.67432
246717496402.30518
246775274991.12842
247292794331.41748
247611762307.8081
247759253169.58887
247795939673.1045
247808991636.62305
247821212774.0371
247836237349.01514
247845608312.01514
247845608312.0376
247836237349.06934
247821212774.06982
247808991636.60645
247795939673.06885
247759253169.57324
247611762307.83984
247292794331.47168
246775274991.1631
246717496402.29443
248843068126.62256
252448442966.97412
245232214304.12695
212463293152.48486
198026714402.96533
363556181278.83594
899015491962.7026
1631788919585.1807
2030084006475.9634
1646725010618.9792
-169368774699.23175
-9691124610047.254
2451907817454.1274
-1875186259735.476
1132152003502.4868
-348706884629.5371
184231805341.27344
-23129719476.417236
83422243937.84644
25764628512.371338
46378188848.01709
41516328871.681885
39335237709.2251
42495208067.34546
40382297624.84424
41561498537.19531
40998773398.25488
41267517385.91846
41072380727.35083
41161008638.123535
41161008638.15674
41072380727.282715
41267517385.663574
40998773398.39697
41561498537.316895
40382297624.83276
42495208067.29907
39335237709.069824
41516328871.598145
46378188848.13452
25764628512.32617
83422243937.93555
-23129719476.079346
184231805340.84277
-348706884630.05054
1132152003503.2483
-1875186259734.9878
2451907817454.358
-9691124610046.262
-169368774699.10187
-1788822152339.3994
-1671280031927.6182
-1485157329518.825
-435028507989.3307
197986362988.49512
458862783995.17114
489722033287.1625
474474080931.51855
467441886221.0206
464335236041.28186
464714226793.2456
464888151236.9065
465198887701.5112
465083963087.25146
465052886184.67847
464995961083.7771
464986567186.74036
464983533239.93787
464981090438.6832
464979873769.7982
464979873769.7838
464981090438.6588
464983533239.91626
464986567186.74133
464995961083.78284
465052886184.6688
465083963087.21277
465198887701.4607
464888151236.87866
464714226793.2544
464335236041.318
467441886221.0448
474474080931.50366
489722033287.11743
458862783995.1709
197986362988.63464
-435028507989.00256
-1485157329518.3354
-1671280031927.1133
-1788822152338.978
-1658104514214.458
-1659956910488.1753
-1409805566843.4146
-227243314237.19775
255515198635.58838
546375158893.8689
522511623284.7811
496866180831.3523
489417450850.8014
490518609175.306
491484664228.4955
491815012021.3269
492343571893.5016
491920879480.32654
492035424658.98706
491880236520.67554
491910120366.0626
491890910581.12036
491903687363.71277
491896964284.1327
491896964284.12305
491903687363.6915
491890910581.10547
491910120366.06433
491880236520.6915
492035424658.9761
491920879480.2969
492343571893.4557
491815012021.3004
491484664228.50867
490518609175.3557
489417450850.83606
496866180831.33105
522511623284.73267
546375158893.84436
255515198635.70654
-227243314236.87683
-1409805566842.9294
-1659956910487.6416
-1658104514214.0586
-614823234400.5426
-818022379119.7437
-475918268144.16943
-18473081393.07361
184054798762.56348
213808383498.25684
153386241968.82098
128532551693.77332
123244902682.64606
127205709119.97296
128315805015.49689
128994833163.82773
129113379937.53699
129022709755.55075
129026953936.99011
128959068296.35251
128968999665.45181
128968169345.2699
128978970715.45038
128978412931.22604
128978412931.21848
128978970715.43402
128968169345.26581
128968999665.4592
128959068296.3688
129026953937.00168
129022709755.5451
129113379937.52719
128994833163.82431
128315805015.50662
127205709120.00137
123244902682.6763
128532551693.76596
153386241968.7907
213808383498.23032
184054798762.57248
-18473081392.965393
-475918268143.9694
-818022379119.4805
-614823234400.3693
23058070012.90985
16932556758.382843
51258155448.01035
116307276977.43622
79906890183.03882
2745428489.6273804
-54818984326.67905
-73145809201.45782
-72195557743.4698
-68570557233.82566
-67110724432.11212
-66974179469.57605
-67105985462.47862
-67209489392.38464
-67257126627.083115
-67285383451.536644
-67285877526.31851
-67277546024.676056
-67269511213.308685
-67265974034.83328
-67265974034.8395
-67269511213.32062
-67277546024.67993
-67285877526.30735
-67285383451.51642
-67257126627.06631
-67209489392.375946
-67105985462.474045
-66974179469.568596
-67110724432.10262
-68570557233.8134
-72195557743.45564
-73145809201.45041
-54818984326.68877
2745428489.604683
79906890183.0136
116307276977.41441
51258155447.997055
16932556758.377197
23058070012.894135
82020284926.20554
120931804423.87372
80158378389.42657
13200014316.866882
-66160351747.500015
-139514357100.31116
-172767044422.48398
-180235364709.32983
-176802524861.82428
-173411503986.355
-172287552000.55023
-172527235298.03894
-172894934152.49112
-173059457725.94946
-173134366171.28064
-173149594602.6788
-173153308514.83206
-173147464643.45193
-173143702007.5692
-173141227376.37772
-173141227376.3835
-173143702007.57977
-173147464643.45468
-173153308514.82025
-173149594602.6594
-173134366171.26593
-173059457725.94427
-172894934152.48978
-172527235298.03622
-172287552000.54633
-173411503986.35126
-176802524861.82104
-180235364709.33078
-172767044422.48822
-139514357100.30856
-66160351747.49501
13200014316.845154
80158378389.35175
120931804423.7667
82020284926.11032
-27271673790.452637
14757337102.527527
-41106709189.521484
-108071147747.94788
-174927782663.88068
-221514659188.16742
-239155622637.99078
-241582992814.68362
-237974075860.04803
-234993611831.54688
-234239034095.94135
-234612397519.83478
-235018469012.7753
-235196410918.64752
-235249600371.61017
-235253007491.083
-235253730553.1278
-235253821514.1518
-235255384737.2449
-235256415507.04877
-235256415507.05365
-235255384737.25494
-235253821514.1543
-235253730553.11646
-235253007491.0669
-235249600371.59982
-235196410918.64697
-235018469012.77832
-234612397519.836
-234239034095.9402
-234993611831.54584
-237974075860.0503
-241582992814.69366
-239155622637.99878
-221514659188.15192
-174927782663.84747
-108071147747.94025
-41106709189.58301
14757337102.414307
-27271673790.555115
-75790072160.24658
-36990238490.575195
-92586213814.21906
-149223581950.76898
-207344456348.14404
-243216149645.79947
-256701482130.15002
-258642258762.18488
-255742938916.64825
-253250218958.62665
-252694998195.99097
-253033665042.7829
-253353648092.22253
-253481312760.23572
-253499372939.77838
-253488402776.36597
-253485267615.67944
-253489018210.19934
-253494929766.15765
-253498982325.14612
-253498982325.15088
-253494929766.16748
-253489018210.20422
-253485267615.6709
-253488402776.354
-253499372939.7716
-253481312760.23645
-253353648092.22614
-253033665042.78473
-252694998195.99084
-253250218958.62476
-255742938916.64966
-258642258762.19348
-256701482130.15845
-243216149645.7851
-207344456348.10812
-149223581950.7503
-92586213814.2586
-36990238490.66205
-75790072160.32245
-64249441380.34552
-25248133535.196655
-75797734078.80322
-128767643814.29419
-184058299585.87924
-216911457813.6797
-229557776660.25134
-231853860344.60413
-229667304092.27917
-227621701015.42694
-227188903168.20496
-227454127281.01953
-227679475350.0927
-227757474419.40027
-227755833509.71033
-227739382007.56897
-227734819711.14978
-227739689040.82208
-227747384720.0506
-227752737193.27698
-227752737193.28192
-227747384720.06177
-227739689040.82996
-227734819711.14832
-227739382007.56244
-227755833509.7071
-227757474419.40222
-227679475350.09766
-227454127281.02313
-227188903168.20557
-227621701015.4267
-229667304092.27832
-231853860344.60797
-229557776660.25458
-216911457813.6689
-184058299585.85315
-128767643814.27948
-75797734078.82971
-25248133535.252686
-64249441380.392944
-39771066816.74255
-456678778.2062988
-45527929499.424805
-96304558329.80566
-148199732920.82254
-178026433115.13257
-189349138247.02405
-191613788993.93713
-189940148115.23553
-188279939640.04132
-187934331940.70703
-188142100416.3454
-188308718714.09216
-188363938953.26257
-188361757494.19623
-188349668316.20624
-188347059598.8001
-188352222979.8648
-188359791040.7249
-188364997870.84735
-188364997870.85284
-188359791040.737
-188352222979.87488
-188347059598.80164
-188349668316.20316
-188361757494.19473
-188363938953.26636
-188308718714.09857
-188142100416.35083
-187934331940.71185
-188279939640.0426
-189940148115.2341
-191613788993.9355
-189349138247.0229
-178026433115.12378
-148199732920.8055
-96304558329.79715
-45527929499.44525
-456678778.24835205
-39771066816.77484
-19445512922.230804
16867550739.266235
-21757209256.578796
-68545966645.59064
-114437494505.88391
-139524851204.5713
-148555148235.76068
-150291017685.51416
-148924056409.14923
-147577525001.6886
-147299348453.33362
-147468966824.16135
-147605480373.27267
-147655051670.91586
-147659888772.47388
-147655272678.54916
-147655773242.2505
-147660952118.34442
-147667434531.14993
-147671733659.88852
-147671733659.89285
-147667434531.15988
-147660952118.35294
-147655773242.25238
-147655272678.54633
-147659888772.47324
-147655051670.91968
-147605480373.2784
-147468966824.16818
-147299348453.33936
-147577525001.69153
-148924056409.14832
-150291017685.51172
-148555148235.75854
-139524851204.56418
-114437494505.8722
-68545966645.58615
-21757209256.5968
16867550739.232056
-19445512922.25891
-3297887701.8554688
27483601835.053284
-2940899031.8984375
-42834931044.31412
-80076670784.74994
-99001035485.32947
-105088471130.9823
-105975569554.9992
-104791590609.7468
-103733783814.65921
-103529081894.88562
-103675387893.17465
-103793291880.43628
-103840386915.26822
-103850520574.57907
-103851019894.15729
-103853185610.82376
-103857546604.25327
-103862369239.6156
-103865459474.20584
-103865459474.20901
-103862369239.6222
-103857546604.25885
-103853185610.8244
-103851019894.15503
-103850520574.57895
-103840386915.27097
-103793291880.44046
-103675387893.17868
-103529081894.88925
-103733783814.66153
-104791590609.74619
-105975569554.99869
-105088471130.98154
-99001035485.32431
-80076670784.74094
-42834931044.31122
-2940899031.9140625
27483601835.024506
-3297887701.8793945
8076973635.460327
31786969675.435028
10830113989.79393
-19769983359.439453
-46797108677.87027
-59127216035.65991
-62276305760.87628
-62336282101.96944
-61341407186.31125
-60584972172.32205
-60465925768.9044
-60593925634.619
-60692645936.612946
-60734063227.05188
-60745564702.44815
-60748003546.76181
-60750058729.392426
-60752901381.41846
-60755909616.173874
-60757823667.9895
-60757823667.991455
-60755909616.178116
-60752901381.42169
-60750058729.392975
-60748003546.760895
-60745564702.4482
-60734063227.05371
-60692645936.614685
-60593925634.62045
-60465925768.90544
-60584972172.32245
-61341407186.31033
-62336282101.969086
-62276305760.87677
-59127216035.65761
-46797108677.8642
-19769983359.436813
10830113989.783707
31786969675.415314
8076973635.442795
12736218561.799957
28908893877.110176
16834875326.690903
-3642968125.691368
-20551989154.35573
-27015368347.9093
-27851256205.763702
-27366971528.858894
-26616021216.55635
-26153563433.749084
-26115564326.10485
-26222820830.031
-26298648897.57869
-26330776481.383125
-26340640827.652374
-26343040051.8284
-26344216155.56595
-26345568038.35813
-26347080591.522156
-26348074899.79464
-26348074899.795456
-26347080591.52395
-26345568038.35997
-26344216155.566353
-26343040051.828262
-26340640827.652718
-26330776481.38391
-26298648897.578888
-26222820830.0307
-26115564326.10444
-26153563433.748306
-26616021216.555283
-27366971528.858757
-27851256205.764435
-27015368347.908234
-20551989154.35199
-3642968125.6893997
16834875326.684898
28908893877.09858
12736218561.78975
11017873748.582706
20353391325.51101
14918456538.907642
3455107090.9604053
-5127579085.624758
-7364247989.35354
-6860774968.260475
-6205120815.432247
-5727329196.18211
-5508485605.192516
-5528948951.484619
-5612147074.007572
-5664026349.06636
-5685193565.906502
-5691679740.026165
-5693080606.909973
-5693382842.116016
-5693731441.691883
-5694282619.453217
-5694684566.528591
-5694684566.528748
-5694282619.453804
-5693731441.692448
-5693382842.11615
-5693080606.909908
-5691679740.026245
-5685193565.906673
-5664026349.066132
-5612147074.006939
-5528948951.48391
-5508485605.191715
-5727329196.181305
-6205120815.432228
-6860774968.261246
-7364247989.353464
-5127579085.622868
3455107090.9617805
14918456538.905264
20353391325.505814
11017873748.578026
6121818537.180185
10388837261.3275
8697199388.12351
3657734506.8140965
533125127.69294685
546277458.5339253
1433669963.125021
1956005711.0326416
2182812052.030534
2237237549.7734747
2188890413.8754745
2130655281.1760674
2099844433.9407895
2088622305.5473046
2085698966.962748
2085425792.3736076
2085660605.0750983
2085773190.378838
2085685360.7914858
2085583553.740478
2085583553.740439
2085685360.79145
2085773190.378789
2085660605.075213
2085425792.37378
2085698966.9628282
2088622305.5473275
2099844433.9409866
2130655281.176382
2188890413.8758116
2237237549.7738557
2182812052.0308633
1956005711.0325174
1433669963.1243997
546277458.5336761
533125127.6937535
3657734506.8149834
8697199388.122965
10388837261.325798
6121818537.178673
1792223044.7799697
3147111696.482081
2882648061.7156305
1339886607.8207674
839732073.7525921
1503386555.911972
2174914626.8146567
2440243240.2192116
2489213105.976968
2462028441.264255
2412725469.7438107
2376983661.6118717
2361532077.852083
2357119131.118004
2356569553.187948
2356934211.2772775
2357305850.072694
2357495877.5583053
2357538017.943723
2357537056.248287
2357537056.2483344
2357538017.943796
2357495877.558406
2357305850.0727997
2356934211.277355
2356569553.187976
2357119131.118013
2361532077.852125
2376983661.611944
2412725469.7438793
2462028441.264321
2489213105.9770164
2440243240.2190933
2174914626.814311
1503386555.9117799
839732073.7528806
1339886607.82127
2882648061.715756
3147111696.4818397
1792223044.7797632
-233824861.85463524
-56313138.162922144
-63448078.48916292
-276742116.11777663
-37163302.08067465
464034593.4577999
769813404.316606
829053031.2452059
794157651.1749887
748092265.028786
712838470.9293962
694188087.6244946
687821740.2449579
686748690.5475414
687077611.2738249
687502867.0907912
687755740.0373182
687859577.4010391
687887103.9440777
687894541.032608
687894541.0326347
687887103.9441285
687859577.4010916
687755740.0373516
687502867.0908141
687077611.2738183
686748690.5475199
687821740.2449389
694188087.6244793
712838470.9293704
748092265.028769
794157651.1749849
829053031.2451582
769813404.3164968
464034593.457736
-37163302.08057308
-276742116.1175666
-63448078.488996506
-56313138.16284585
-233824861.85454726
-502021180.16664404
-574208804.9907751
-618210199.3623883
-561689115.4195433
-359971800.25676805
-165662345.30188254
-103314493.4788764
-134203129.6040369
-181505298.01388296
-215493412.6065553
-234499419.57216704
-242504177.3139003
-244595785.25435445
-244627924.03600967
-244305863.04232633
-244084840.62588057
-243996120.8692288
-243980176.3575123
-243985449.4382397
-243988623.97730604
-243988623.97730196
-243985449.4382269
-243980176.35750175
-243996120.8692323
-244084840.6258902
-244305863.04234293
-244627924.03602695
-244595785.25437522
-242504177.31391847
-234499419.5721832
-215493412.60656837
-181505298.0138838
-134203129.60403264
-103314493.47888291
-165662345.3018865
-359971800.2567454
-561689115.4194901
-618210199.3623333
-574208804.9907331
-502021180.1665894
-224377334.5294111
-261392293.30953795
-313361168.8151207
-281945149.01401925
-226467473.0825088
-204253554.68056744
-227584203.26886213
-266747766.0427655
-296876225.74695075
-313820483.8945831
-321612553.48660135
-324329140.0903759
-324854908.7015343
-324775818.9578302
-324660756.452643
-324615276.0281147
-324619015.6278543
-324638425.62641203
-324653948.40571404
-324660748.66306627
-324660748.6630666
-324653948.405716
-324638425.6264143
-324619015.62786067
-324615276.0281227
-324660756.4526499
-324775818.9578359
-324854908.70153826
-324329140.09038055
-321612553.48660314
-313820483.8945848
-296876225.7469473
-266747766.04275888
-227584203.26885492
-204253554.68056548
-226467473.08251685
-281945149.0140283
-313361168.81512934
-261392293.30954003
-224377334.52940652
-35155331.69730055
-29751368.644594967
-54830820.194729686
-55845466.28754264
-64269256.92106247
-86259343.41056335
-113100989.40702474
-134662006.6856376
-147441856.434451
-153547681.60944575
-155940767.96382254
-156632242.47525126
-156728601.65222877
-156710969.11770213
-156710186.30366004
-156730355.44809812
-156754597.7835405
-156772975.31899863
-156783597.86615252
-156788092.134952
-156788092.13495243
-156783597.86615515
-156772975.31900197
-156754597.78354263
-156730355.4481005
-156710186.30366033
-156710969.1177016
-156728601.65222746
-156632242.4752499
-155940767.96382326
-153547681.60944706
-147441856.43445152
-134662006.6856373
-113100989.40702516
-86259343.41057038
-64269256.92107761
-55845466.287561
-54830820.19474569
-29751368.644604206
-35155331.6973097
10822300.544056222
23826722.675860167
18822629.425875887
12458136.233278602
-2337350.6513896286
-19118677.060314417
-31822051.257654876
-39395607.677000865
-43168722.3039245
-44764443.715153426
-45302980.68275675
-45427961.19896975
-45444225.81764871
-45454989.54242094
-45475739.777570024
-45497619.70900409
-45513076.8012187
-45521546.81863943
-45525664.63494538
-45527385.76800659
-45527385.76800786
-45525664.634946615
-45521546.818641126
-45513076.801219314
-45497619.709004164
-45475739.77756938
-45454989.54242003
-45444225.81764692
-45427961.198968574
-45302980.68275702
-44764443.715155095
-43168722.30392623
-39395607.677002355
-31822051.257658705
-19118677.06032142
-2337350.651399538
12458136.233269066
18822629.425869033
23826722.675856426
10822300.544050828
7708702.782348331
15122891.417996448
16061247.764345376
12585801.761358764
4993864.497366421
-1724628.7231134623
-5454093.428200811
-7118504.565567769
-7843270.271305256
-8147275.448635012
-8244043.080950096
-8264892.738420211
-8272758.971447982
-8282874.400444336
-8294881.192396991
-8304803.474099703
-8310266.660132028
-8312396.196308032
-8313209.136283696
-8313578.772332557
-8313578.772333004
-8313209.136284374
-8312396.196308605
-8310266.66013211
-8304803.47409945
-8294881.192396723
-8282874.400443718
-8272758.971447289
-8264892.738419667
-8244043.0809506625
-8147275.448635951
-7843270.271305852
-7118504.565568455
-5454093.42820283
-1724628.723117046
4993864.497362338
12585801.761356197
16061247.764344709
15122891.417996854
7708702.782346524
2218852.9586409815
4787545.615928246
5713768.151953066
4421373.836721199
1837748.6668816274
67082.43204545137
-520609.4004601333
-632065.2681504805
-694923.6425883342
-752182.832230458
-779348.4007075438
-789142.9286312191
-794737.1972834002
-799076.7771821655
-802794.5585956983
-805342.1613306487
-806239.7775076749
-806226.0098976232
-806137.0397297591
-806145.8993895017
-806145.8993896218
-806137.0397299957
-806226.0098977666
-806239.7775076143
-805342.161330509
-802794.5585955866
-799076.7771820445
-794737.1972832503
-789142.9286312275
-779348.4007077841
-752182.8322306639
-694923.6425881693
-632065.2681502625
-520609.40046044625
67082.43204458803
1837748.6668808796
4421373.836721327
5713768.151953963
4787545.6159291845
2218852.958640622
447900.8918253321
1003582.7185726998
1252791.7983693236
833196.8789528841
191445.85839180695
-67384.35211148276
-8090.530559895793
68720.45268438477
70390.50163013395
45635.84114185581
30325.024634789675
24050.67430450581
21349.610379831865
20320.624848882435
19884.875989619642
19761.604267057497
19978.441862309584
20257.17898932332
20382.090429356787
20398.399003428407
20398.399003400933
20382.090429305797
20257.178989307955
19978.44186237501
19761.604267156916
19884.87598968111
20320.624848920386
21349.61037986842
24050.674304521177
30325.024634782225
45635.841141946614
70390.50163041614
68720.45268475614
-8090.5305596627295
-67384.35211144295
191445.85839187237
833196.878953227
1252791.7983698961
1003582.7185731402
447900.8918252371
106563.04442707273
145298.29143071058
145454.14242664323
22879.17176512303
-80715.10102174338
-55650.20000521076
18811.491737460485
52743.55359791704
45743.201867446405
31003.127734061272
23238.8553459954
20538.22499034935
19792.297736773355
19846.313038954715
20085.911378629156
20314.06470054749
20525.37082694925
20658.318739988958
20695.196838594362
20691.418952149077
20691.418952151405
20695.196838601376
20658.318740008603
20525.370826993865
20314.064700601564
20085.9113786667
19846.31303898149
19792.297736813256
20538.224990407063
23238.85534606484
31003.12773416232
45743.201867607626
52743.55359811438
18811.49173762789
-55650.20000511524
-80715.10102168692
22879.171765222578
145454.14242679244
145298.2914307766
106563.0444270067
34719.964501104456
12952.112181357294
-9981.358837217838
-38095.90891319339
-38934.48148461619
-9212.948393206192
16774.417519498482
21169.577662761345
13572.511186108324
6698.4230176771025
3859.137393576513
3181.545227625893
3185.735997064201
3384.8548761178354
3571.7821675206687
3695.8870115454174
3770.967569179593
3798.9802830183016
3794.8203427525004
3785.3231513063
3785.3231513111623
3794.8203427645094
3798.980283035171
3770.9675692001274
3695.8870115634127
3571.782167532823
3384.8548761316943
3185.7359970925754
3181.5452276701453
3859.137393625124
6698.423017720726
13572.511186152351
21169.57766281069
16774.417519541395
-9212.948393187988
-38934.481484623946
-38095.90891320774
-9981.358837219199
12952.112181375029
34719.96450105727
8932.3506045828
354.12198282761915
-7550.259433760353
-10779.256639037063
-4611.154060619734
5317.343911253835
9629.006769243872
7312.504181196279
3262.7126174501527
838.2872435356377
124.28214040773446
108.84538158547093
235.42445969369192
356.06766511147964
432.06403569624536
467.7629168336772
478.9180112688657
474.8704002513633
465.2900215061527
458.8271490987174
458.8271491003709
465.2900215100034
474.87040025606007
478.9180112721398
467.76291683301054
432.0640356928594
356.0676651101286
235.42445969904702
108.84538159786439
124.28214042090644
838.2872435423799
3262.712617450613
7312.504181194865
9629.00676924021
5317.343911245692
-4611.154060630317
-10779.25663904744
-7550.259433766746
354.12198283404496
8932.350604555591
697.5048630423244
113.09366183015283
-506.12695500113045
357.17232669400005
2722.756178028262
4394.065101386466
3866.451386007815
2058.1155539083557
538.1681273333472
-124.55328132186224
-221.03846693948537
-145.32417477732466
-66.6446856509842
-17.06654021596715
5.132471499108362
10.038353987371522
6.786689816924749
0.6269929297488375
-4.88045176199644
-7.796610161564587
-7.796610161770829
-4.880451762009557
0.6269929297766481
6.786689814799843
10.038353981569031
5.13247149189894
-17.066540222406132
-66.64468565612111
-145.32417478045735
-221.03846694141095
-124.55328132494691
538.1681273290183
2058.115553903008
3866.451386001378
4394.0651013820325
2722.756178031581
357.1723267026114
-506.1269549929764
113.09366184626259
697.5048630251995
-661.4805110216587
65.94099888714302
623.9731678807522
1307.0615493004946
1822.6726686623401
1743.1748510930183
1090.040207222673
353.23805854172133
-94.86257233348769
-236.90713706052412
-225.79109401342555
-183.10734930004855
-151.45904717529692
-135.25247658698373
-130.14449052661388
-130.91740482049437
-133.81125682230848
-136.82505011731885
-138.96997198353256
-139.98606515375468
-139.9860651542411
-138.96997198382817
-136.82505011698683
-133.81125682433236
-130.91740482627054
-130.1444905327091
-135.25247659123974
-151.45904717900407
-183.10734930355298
-225.79109401611424
-236.90713706275446
-94.86257233515695
353.2380585398955
1090.0402072198203
1743.174851092378
1822.6726686693862
1307.0615493120172
623.973167890015
65.94099889813965
-661.48051103474
-437.1281016601554
-77.00781806153964
291.29104888420454
534.7500098887217
613.554423404601
456.7647190194996
189.20028553310328
-31.84317557305411
-142.2150372217335
-165.77492440262068
-154.7531260338499
-139.4529386936361
-129.4470363498951
-124.75965625894088
-123.68606440700245
-124.34424987664686
-125.51043236864393
-126.54515620208312
-127.20880892364855
-127.50400801280864
-127.50400801330932
-127.20880892367447
-126.5451562010436
-125.51043236992244
-124.34424988133397
-123.68606441113006
-124.75965626024023
-129.44703635047887
-139.45293869487867
-154.75312603514112
-165.77492440348027
-142.21503722192557
-31.84317557350971
189.20028553126792
456.7647190183533
613.5544234078943
534.7500098949258
291.29104888805546
-77.0078180612461
-437.1281016695898
-159.6536391838335
37.63251303300461
98.37449979476625
219.92610538632675
227.71919556830505
176.53881819980376
104.77110710847467
51.30584676633468
31.510193852933995
28.50173083674163
33.02746041821088
37.346968039965965
40.27956252192295
41.55995578237365
41.86215734172518
41.643427261188826
41.289780997970496
40.99304091244871
40.81337361180549
40.73814695704569
40.738146956603096
40.81337361192158
40.993040913734035
41.28978099758696
41.643427258287296
41.86215733968189
41.559955782751885
40.279562522463856
37.34696803932468
33.027460417262986
28.501730836375515
31.510193853262606
51.305846766417375
104.77110710720743
176.53881819807475
227.71919556831875
219.9261053877143
98.37449979524317
37.632513033109085
-159.65363918902608
-25.943164220383338
-17.6993390471037
92.52727734645501
113.89161988565712
123.57092066840207
105.19423598067348
84.21939083048565
76.77255882850932
73.61196500965033
75.87381533282148
77.4507952106944
79.01915129307736
79.83061603597974
80.25398015446245
80.31322453318221
80.22929646757393
80.11882685956371
80.03521297125978
79.99166949658829
79.97400542335652
79.97400542303274
79.99166949675113
80.03521297255074
80.11882686008038
80.2292964666913
80.31322453300463
80.25398015567256
79.83061603679434
79.01915129269398
77.45079521005952
75.87381533274537
73.61196501016033
76.77255882894256
84.21939083002047
105.19423597953619
123.57092066770244
113.89161988556324
92.52727734637706
-17.69933904670264
-25.94316422226381
-12.506508606799024
6.239548239635816
64.65796525547283
87.88192959633908
85.91085811817496
69.92553351462149
56.14035028609064
52.53742574763936
53.234809760624955
55.324269562584334
56.507018566262985
57.159084880369235
57.38778655842222
57.42407697495632
57.36472896044586
57.29100248023995
57.24224211653251
57.217992449286726
57.209662268145806
57.20726859374575
57.207268593560045
57.209662268328316
57.21799245035341
57.242242117493404
57.291002480658165
57.3647289612892
57.4240769763733
57.38778655931303
57.159084880388605
56.507018566096804
55.32426956270588
53.23480976103161
52.53742574806347
56.14035028611691
69.9255335142357
85.91085811779121
87.88192959637334
64.65796525564008
6.239548239215068
-12.50650860702892
-59.43634117721716
70.0952759408689
-2.5234280593535203
47.81570488942003
46.53799366811036
26.24797433165574
16.690823031424173
8.301737348920312
10.914293896855867
10.828406741334817
12.176153047444416
12.205278425840476
12.293604452982947
12.175788904681212
12.081549472985643
12.039569353814954
12.013855426427853
12.013493076989931
12.011372413699888
12.013461946145867
12.013461946067224
12.0113724138524
12.01349307767211
12.013855427281783
12.03956935459368
12.081549473941493
12.175788905774027
12.293604453719354
12.205278426129524
12.176153047612502
10.828406741503528
10.91429389704291
8.301737349150955
16.690823031536695
26.247974331573943
46.53799366797561
47.81570488938951
-2.523428059154824
70.09527594117716
-59.436341177008224
-79.8189039527938
-94.21171516331529
-91.77476662482412
-21.273392152361122
-34.734837152337775
-12.879628197368
-22.461876624687193
-20.972623839273915
-23.46780849512748
-21.980145732901327
-22.164059023604892
-21.893115617700673
-21.948813579899507
-22.02210563760206
-22.023948213139683
-22.05618105300548
-22.04516381334519
-22.046131916889472
-22.039819774056284
-22.04048731355217
-22.04048731357708
-22.039819773973626
-22.046131916547864
-22.045163812823603
-22.05618105239421
-22.023948212468923
-22.022105636983504
-21.948813579440113
-21.89311561738409
-22.164059023386358
-21.980145732786667
-23.467808495100023
-20.972623839251085
-22.461876624680492
-12.87962819739137
-34.734837152423594
-21.27339215241478
-91.77476662480619
-94.21171516322391
-79.81890395268981
-13.822978216580466
-58.27327136661155
11.3797017086589
5.00467804934901
32.34112968565774
47.89461516328141
56.597489318930656
60.483055776707005
60.522196720741825
60.65196900701247
60.49005843314875
60.50631808700126
60.44123499561407
60.43384607963746
60.43163149537229
60.440899740031305
60.44968067570157
60.45469910765179
60.45834963691911
60.459683540186745
60.459683540174495
60.4583496369324
60.454699107768654
60.449680675932335
60.44089974033142
60.43163149568967
60.43384607990265
60.44123499580567
60.506318087162995
60.490058433281426
60.651969007052315
60.522196720687354
60.483055776641265
56.59748931889125
47.89461516325036
32.34112968561192
5.004678049288266
11.379701708586182
-58.27327136667988
-13.822978216648835
97.50509423555256
-260.2984593246688
300.0474669270483
-24.905211866668886
120.43880929473477
68.87467085734517
107.54601051889884
106.46200945145642
111.31357298028969
109.08970458322351
109.50390069987102
109.31539976036308
109.13557445640754
109.29440051045985
109.20747320454296
109.26562205802884
109.24852432883827
109.26209925854837
109.25795288584266
109.26283240094322
109.26283240093025
109.25795288583777
109.26209925852683
109.24852432890728
109.26562205811848
109.2074732046611
109.29440051052165
109.13557445644943
109.31539976038621
109.50390069992251
109.08970458320351
111.31357298021426
106.46200945139576
107.54601051881608
68.8746708573392
120.438809294744
-24.905211866672552
300.04746692697154
-260.29845932476906
97.50509423543907
140.9884270483674
167.36705873941582
136.36178515075008
102.58142213122264
97.23119110392761
114.07670330217468
129.37905338597915
135.45649815099972
135.9326071672287
135.1606311263709
134.79774731178952
134.7374349077063
134.75967907855477
134.77915148301975
134.79523807233903
134.79746837026522
134.79963356008807
134.80230030308775
134.80786693027812
134.8119409038663
134.81194090386265
134.80786693025658
134.80230030305108
134.79963356006823
134.79746837027398
134.7952380723459
134.77915148300463
134.75967907853658
134.73743490770528
134.79774731179435
135.16063112635942
135.9326071671971
135.45649815096277
129.37905338595266
114.07670330216689
97.2311911039331
102.58142213121425
136.36178515070105
167.36705873933693
140.98842704830332
