1600
-3245239.4542132244
-3983825.9931209516
-3387242.9252009448
-2638285.5415204335
-2402037.8732541166
-2645740.271366015
-2876700.979634449
-2955206.9062428307
-2946632.6486485917
-2927891.515443282
-2922538.8248988725
-2923623.857698908
-2925126.9528225027
-2925675.087363053
-2925828.959725093
-2925806.713391224
-2925819.194577709
-2925853.87824988
-2925897.670932615
-2925924.4436676335
-2925924.443667691
-2925897.6709327567
-2925853.8782499637
-2925819.1945776735
-2925806.71339114
-2925828.959725067
-2925675.087363139
-2925126.9528226387
-2923623.8576989993
-2922538.8248988744
-2927891.5154431965
-2946632.648648549
-2955206.906242922
-2876700.979634583
-2645740.271365933
-2402037.873253638
-2638285.5415196475
-3387242.92520018
-3983825.9931203984
-3245239.45421293
111490.47314929217
21552643.2224316
-6955091.102883946
8447475.692067798
1296370.329702843
4433716.966539488
3354263.4890483413
3628375.8596722595
3546483.6754015544
3625114.0850075027
3611069.7362720743
3608285.6899250764
3616687.093203294
3606872.453354772
3611537.5531363897
3609057.2354770014
3610108.563355202
3609620.0998722333
3609913.5412748894
3609778.0302721234
3609778.0302720265
3609913.541275071
3609620.099872621
3610108.5633549457
3609057.2354768272
3611537.5531363813
3606872.4533549864
3616687.0932035036
3608285.6899253447
3611069.7362719523
3625114.0850077625
3546483.6754013784
3628375.859671573
3354263.4890492074
4433716.966539941
1296370.3297018828
8447475.69206725
-6955091.10288416
21552643.222429387
111490.47314900532
2614324.813313625
2096145.774669651
2424359.3522396977
1041638.4966176725
150996.61803467758
-273025.9254037533
-408086.8724973821
-389574.48963447846
-374621.3983388208
-352798.0440660957
-351536.134341822
-351901.9097131789
-353670.3732739752
-354193.7566221873
-354275.9678103975
-354295.4379311246
-354270.72335252725
-354301.6304301652
-354295.3998337742
-354307.51659584325
-354307.5165958586
-354295.3998337905
-354301.63043015776
-354270.7233525417
-354295.4379310915
-354275.96781032486
-354193.7566221105
-353670.3732738737
-351901.9097130862
-351536.13434176287
-352798.04406607384
-374621.3983387933
-389574.4896344645
-408086.8724972652
-273025.9254036271
150996.6180345337
1041638.496617286
2424359.3522390258
2096145.7746690316
2614324.8133129505
1943610.2706457782
1084751.502023642
1654402.7620518876
-789465.2601160225
-1187207.9340407434
-1865458.6209420755
-1871362.9151310674
-1859275.7555711244
-1850113.110569288
-1845972.9369234233
-1845964.3591699367
-1846866.3720705677
-1849343.6992123195
-1848556.778168901
-1849087.257700085
-1848699.8412319913
-1848779.8216781244
-1848730.0205458049
-1848769.5627436957
-1848755.7592223345
-1848755.7592223324
-1848769.5627437048
-1848730.020545813
-1848779.8216781379
-1848699.841232006
-1849087.2577000484
-1848556.7781688578
-1849343.699212242
-1846866.3720705064
-1845964.359169925
-1845972.9369234554
-1850113.1105693025
-1859275.7555710196
-1871362.9151309314
-1865458.620941913
-1187207.9340408589
-789465.2601164228
1654402.7620512503
1084751.5020229807
1943610.2706452617
395838.994466873
143989.30770838988
-120628.4418229626
-1164086.3296139548
-1356729.096820668
-1516194.5740090301
-1456435.0457313173
-1444053.1303780917
-1440108.734019071
-1447913.757936831
-1449560.3030698558
-1451324.4233298767
-1452150.696659482
-1451750.037763747
-1451800.7872405935
-1451532.0611146982
-1451543.4497766648
-1451526.147562349
-1451556.7124561032
-1451553.1777049955
-1451553.1777049757
-1451556.712456067
-1451526.1475623506
-1451543.449776677
-1451532.0611147264
-1451800.7872406102
-1451750.0377637367
-1452150.6966594849
-1451324.423329903
-1449560.3030698993
-1447913.7579369014
-1440108.7340191163
-1444053.1303780093
-1456435.0457311946
-1516194.5740089628
-1356729.0968206606
-1164086.3296141385
-120628.44182321511
143989.30770809756
395838.99446670845
15874.951811123756
-201520.87536023033
-319909.36480187764
-510113.5919387166
-403300.4536457324
-240029.04113938028
-127458.41784137447
-96132.46863977954
-101720.23005609383
-111166.68158512493
-114740.34369879554
-114768.73079182417
-114099.66452943493
-113590.03235990938
-113347.71265880886
-113220.08846568438
-113201.395483337
-113219.18792037887
-113239.29964857502
-113247.19496529514
-113247.19496526569
-113239.29964851844
-113219.18792035355
-113201.39548337844
-113220.08846576151
-113347.71265886544
-113590.03235993738
-114099.6645294695
-114768.73079188808
-114740.34369887528
-111166.6815851985
-101720.23005614779
-96132.46863978537
-127458.41784133576
-240029.04113935458
-403300.4536457644
-510113.5919387758
-319909.3648019023
-201520.87536021625
15874.951811164035
382055.7658988023
332549.5057000299
333061.11271133344
485444.66683350294
733722.1552585871
1006935.6158059798
1135217.058940333
1163468.508697089
1151749.1789822024
1140219.396530224
1136978.1167360968
1138258.1652695592
1139796.5212398232
1140461.5021364246
1140729.3677770342
1140770.6710853474
1140779.1854339156
1140762.541722897
1140752.9558453783
1140747.1459080935
1140747.1459081224
1140752.9558454307
1140762.5417229147
1140779.1854338571
1140770.6710852582
1140729.3677769732
1140461.5021364056
1139796.5212398102
1138258.1652695215
1136978.1167360418
1140219.396530176
1151749.1789821687
1163468.5086970744
1135217.0589403245
1006935.6158059309
733722.1552585065
485444.6668334501
333061.1127113621
332549.50570015213
382055.76589889964
656003.9820227646
661314.0940994746
755035.5693907752
941825.6236162782
1246028.2435723639
1521690.0683698577
1640808.5716306104
1657233.624801498
1639873.2637700252
1627101.6563974707
1624546.9472181655
1626238.8738883603
1627810.4933349858
1628423.2915197248
1628559.6840012218
1628540.4608262605
1628536.0309341117
1628538.0220810757
1628544.3692968886
1628548.5071262745
1628548.507126302
1628544.3692969321
1628538.0220810839
1628536.0309340656
1628540.4608261888
1628559.684001184
1628423.2915197294
1627810.4933349967
1626238.8738883547
1624546.947218143
1627101.6563974554
1639873.2637700127
1657233.6248014993
1640808.5716305957
1521690.0683697916
1246028.2435722677
941825.6236162181
755035.5693908054
661314.0940995747
656003.9820228473
677796.5456661731
674370.9430590644
785241.0409461267
955745.0209892471
1267244.4655808255
1527468.796424002
1634392.3910441939
1643160.9147294872
1623954.5025107162
1611619.0244753384
1609587.9388019808
1611128.1090504217
1612340.280442156
1612740.5729461415
1612748.2606982542
1612687.3919076775
1612677.0278903353
1612693.2566255284
1612713.4480313924
1612726.7381824828
1612726.7381825035
1612713.44803144
1612693.256625549
1612677.0278903092
1612687.3919076324
1612748.2606982444
1612740.5729461666
1612340.2804421852
1611128.1090504304
1609587.9388019773
1611619.0244753268
1623954.5025107139
1643160.9147294892
1634392.391044185
1527468.7964239516
1267244.4655807507
955745.0209891878
785241.040946132
674370.9430591329
677796.5456662138
585925.3797713809
556536.8603295977
648909.7374720564
801976.5688871141
1097820.8939926836
1338433.0833059088
1435110.5204286273
1441584.6094648605
1423943.8213984678
1413190.743551648
1411654.2570828232
1412948.6001510222
1413826.4415665634
1414061.1113503503
1414014.6747958346
1413946.6176068266
1413936.8264851538
1413957.7837501415
1413983.5319574475
1414000.7335297796
1414000.7335298033
1413983.5319574978
1413957.7837501783
1413936.8264851547
1413946.6176068145
1414014.6747958367
1414061.1113503827
1413826.4415666002
1412948.600151039
1411654.2570828274
1413190.7435516494
1423943.8213984643
1441584.6094648626
1435110.5204286189
1338433.0833058697
1097820.893992622
801976.5688870647
648909.7374720455
556536.8603296217
585925.3797713837
473912.44679975533
424122.164658427
497299.05908072926
636311.7210032553
904616.0228185682
1119443.1703037857
1204908.867321459
1210872.4049082198
1195979.498067385
1187052.0533584536
1185904.2369732857
1186994.935874565
1187674.2152768327
1187844.6975953379
1187808.8862626636
1187761.586583592
1187759.3752398724
1187780.8408018788
1187805.8509261105
1187822.4666665313
1187822.4666665527
1187805.8509261573
1187780.8408019177
1187759.3752398842
1187761.586583591
1187808.886262676
1187844.6975953747
1187674.2152768723
1186994.935874598
1185904.2369733045
1187052.0533584605
1195979.498067385
1210872.4049082152
1204908.8673214454
1119443.1703037529
904616.0228185202
636311.7210032055
497299.05908071273
424122.1646584377
473912.44679975114
356846.0056637677
297841.016974468
354676.0867261214
478465.5585281423
708725.6271535226
888885.353659708
959105.6668903271
963548.0640347505
951193.4066772959
943914.6230912099
943035.9326044696
943957.4140678348
944527.2580753327
944688.0562312279
944684.0948074723
944663.984013069
944670.9003288392
944691.3426725033
944712.5983100156
944726.3002087865
944726.3002088021
944712.5983100606
944691.3426725408
944670.900328855
944663.984013071
944684.0948074863
944688.0562312594
944527.2580753728
943957.4140678667
943035.9326044905
943914.6230912211
951193.4066772978
963548.0640347453
959105.6668903166
888885.3536596792
708725.6271534795
478465.558528102
354676.0867261039
297841.0169744848
356846.0056637705
234775.22792660352
173897.96350190125
212875.1695164604
315119.822087805
496829.3361297969
634161.4925997275
685174.383249767
686758.3496086937
676635.7857938799
670955.3617742477
670348.0892155191
671135.8581102358
671629.514822362
671788.5548351102
671808.810118162
671806.9881773328
671817.8751918736
671834.5865950164
671850.3491666969
671860.2279299329
671860.2279299482
671850.349166728
671834.5865950465
671817.8751918841
671806.9881773306
671808.8101181716
671788.55483513
671629.5148223893
671135.8581102584
670348.0892155364
670955.3617742546
676635.785793875
686758.3496086878
685174.3832497622
634161.4925997122
496829.3361297711
315119.8220877799
212875.16951645783
173897.9635019221
234775.22792661574
122853.38540994487
66591.31119716715
86482.39979704353
161546.80801373813
289460.58035996236
381385.2855025757
412408.860603731
410970.782307697
403093.46721269935
399071.4203153909
398782.59594253555
399454.63388060883
399869.7621660477
400015.409632321
400046.40659379726
400052.6088392205
400062.02618870034
400072.95721346606
400082.7847645406
400088.9309108058
400088.93091081525
400082.7847645625
400072.9572134861
400062.02618870686
400052.6088392192
400046.4065937995
400015.40963233425
399869.76216606237
399454.63388061814
398782.5959425431
399071.42031539103
403093.4672126947
410970.7823076921
412408.86060373066
381385.28550257033
289460.58035994845
161546.80801372486
86482.39979704702
66591.31119718507
122853.38540995703
41426.454279567
-3868.7693123472854
367.73735520930495
47610.772372820706
125086.42796210802
176539.8850533698
190647.06755962496
187155.23069681833
181560.19324914046
179114.62998187152
179126.54830047238
179678.92620088876
180003.19514418248
180121.99832082738
180153.0143000692
180160.8471422043
180166.70640788792
180172.18375902937
180177.1223192116
180180.3222986053
180180.3222986097
180177.12231922272
180172.1837590399
180166.70640789077
180160.84714220284
180153.01430006966
180121.99832083104
180003.1951441869
179678.92620089062
179126.54830047186
179114.62998186785
181560.19324913534
187155.23069681582
190647.0675596273
176539.88505337044
125086.42796210258
47610.772372814536
367.7373552119243
-3868.769312336168
41426.45427957532
-328.25408851593966
-30640.91522836579
-34995.387616368855
-10669.215916429923
27578.47241955386
49513.42214171846
52474.21351522501
48455.784957671814
44984.14773169927
43816.454648786865
44035.36385989199
44459.877369908834
44688.784497524815
44772.45285008015
44795.8548547886
44801.61477795188
44804.09603285568
44805.865280772734
44807.644955340744
44808.92765070738
44808.927650709185
44807.644955345284
44805.86528077611
44804.096032855974
44801.61477794907
44795.85485478662
44772.45285008036
44688.784497525296
44459.877369907976
44035.363859890116
43816.45464878366
44984.14773169579
48455.78495767093
52474.213515227515
49513.42214172067
27578.47241955153
-10669.215916432877
-34995.38761636798
-30640.915228361308
-328.25408851206885
-10138.010925398434
-25970.35393907543
-31848.511870461683
-22305.235393221265
-8373.648972396595
-3001.835368751097
-4962.908039000244
-8132.460800437348
-9863.737506168496
-10179.917886100264
-9880.429679994028
-9583.389910534735
-9440.928841428315
-9392.111777488471
-9379.34671480841
-9377.030265135165
-9376.843857884216
-9376.914090053306
-9376.676822230736
-9376.37592401946
-9376.375924019174
-9376.676822230038
-9376.914090053044
-9376.843857885417
-9377.030265137135
-9379.346714809782
-9392.111777489006
-9440.928841428702
-9583.389910535616
-9880.429679995294
-10179.917886101686
-9863.737506169904
-8132.460800437075
-4962.908038997968
-3001.8353687494164
-8373.648972397375
-22305.23539322281
-31848.511870461625
-25970.35393907389
-10138.010925396713
-5372.285435194053
-11112.069649483816
-14682.255466380451
-12188.372670368299
-9413.043759825587
-10215.508090681782
-12714.621065532381
-14441.740983536805
-14994.015170205956
-14884.635338976514
-14612.925409006044
-14428.935447897344
-14352.66321137569
-14330.143538784108
-14325.852666518005
-14326.060761565812
-14326.827046051923
-14327.378202408827
-14327.584539675094
-14327.615453294784
-14327.615453294911
-14327.584539675443
-14327.378202409263
-14326.827046052556
-14326.060761566525
-14325.852666518374
-14330.143538784147
-14352.66321137582
-14428.935447897664
-14612.92540900645
-14884.63533897695
-14994.015170206272
-14441.740983536485
-12714.621065531264
-10215.508090680876
-9413.043759825998
-12188.372670369145
-14682.25546638064
-11112.069649483306
-5372.285435193315
-30.54415492091448
-968.0697827109097
-1989.8833691780073
-1696.1123141842854
-2074.0144519106652
-3539.310994053143
-4886.480569395873
-5428.957892335466
-5396.268752222981
-5178.117901937543
-4990.537943723188
-4892.497172018015
-4858.116521878375
-4850.35422384569
-4850.133060529039
-4851.103390339882
-4851.821041376419
-4852.20012035197
-4852.354511668787
-4852.407662726469
-4852.407662726586
-4852.354511669017
-4852.200120352194
-4851.82104137653
-4851.103390339871
-4850.133060528915
-4850.354223845516
-4858.11652187831
-4892.497172018009
-4990.537943723206
-5178.117901937538
-5396.268752223026
-5428.957892335378
-4886.480569395579
-3539.310994052994
-2074.0144519109745
-1696.1123141847056
-1989.8833691781238
-968.0697827107278
-30.54415492067892
1531.7776949377967
1852.6088110846788
2034.0625160897143
2041.1500823006447
1587.3118801687303
955.0821429889568
620.9691695082576
651.364218886736
833.6077484691896
1001.6244670490057
1102.9570797622162
1146.6329178830256
1159.4371531047168
1161.2758832633392
1160.6676928226
1160.0215015574934
1159.6991608975081
1159.588337432501
1159.5618814368415
1159.5539730481203
1159.5539730480834
1159.5618814367658
1159.5883374324562
1159.6991608975359
1160.0215015576077
1160.667692822739
1161.2758832634468
1159.4371531047846
1146.6329178830688
1102.957079762251
1001.6244670490289
833.6077484691727
651.3642188866886
620.9691695082081
955.0821429888488
1587.3118801685264
2041.1500823004546
2034.0625160896532
1852.6088110847297
1531.7776949378276
977.2830728675049
1224.6135972538593
1554.1413465334194
1619.4203743229505
1536.863110524561
1478.6894196882868
1545.6848888522281
1690.960058466866
1826.4216333085037
1913.5410507764814
1956.3631470553173
1972.1563939229118
1976.0266011025076
1976.3022313421752
1976.0043156863183
1975.8229316149905
1975.7860159754455
1975.8107002349172
1975.839504435543
1975.8532199280949
1975.8532199280926
1975.83950443553
1975.8107002349252
1975.78601597549
1975.822931615036
1976.0043156863571
1976.3022313421975
1976.0266011025185
1972.1563939229236
1956.363147055325
1913.5410507764975
1826.4216333084883
1690.9600584668199
1545.684888852158
1478.6894196881985
1536.863110524478
1619.4203743229004
1554.141346533415
1224.6135972538705
977.2830728674884
309.6486592141832
354.49746249242935
515.6160800159432
582.4058209245022
642.9628940307771
728.4122594748592
830.5029499359152
922.0172071743652
984.0099924477076
1017.0779081811042
1031.0896361473538
1035.5860992693651
1036.5287408995891
1036.5914150237447
1036.5793224867393
1036.612816817341
1036.6643482390555
1036.7072041267638
1036.7338224724538
1036.7458080968988
1036.7458080969054
1036.733822472459
1036.7072041267736
1036.6643482390718
1036.6128168173543
1036.5793224867423
1036.5914150237431
1036.5287408995837
1035.5860992693633
1031.089636147363
1017.0779081811156
984.0099924477183
922.0172071743646
830.5029499359068
728.412259474854
642.9628940307932
582.4058209245193
515.6160800159614
354.497462492434
309.6486592141698
44.287141399126995
21.48750404707556
62.078956766582905
97.2827499036307
152.09645462522838
212.0341709679401
261.65929112904894
295.91978145468045
315.6911083799264
325.0709069845868
328.5933319978409
329.58435322894195
329.785500653496
329.8407668743083
329.89817295445175
329.9558381263513
329.99610271839276
330.0182024750934
330.02965794386864
330.0349676832029
330.03496768320633
330.0296579438766
330.01820247509966
329.9961027183974
329.9558381263522
329.8981729544514
329.84076687430263
329.7855006534885
329.5843532289365
328.59333199784487
325.0709069845951
315.691108379933
295.91978145468886
261.6592911290601
212.03417096796124
152.09645462525873
97.28274990365742
62.07895676659507
21.48750404707289
44.28714139912154
-4.4147123562254365
-24.241044120006023
-21.99717375128094
-8.491577727196955
16.771677747890124
39.66965046787345
54.27231510827181
62.57176823167839
67.01170966787498
69.0525542653358
69.7673240255209
69.95596227520986
70.01133918578932
70.04857232676233
70.08506462729602
70.11359786232359
70.12851879425108
70.13411566047034
70.13670635639258
70.13825725910598
70.13825725910738
70.13670635639573
70.13411566047273
70.12851879425176
70.11359786232254
70.08506462729605
70.04857232676085
70.01133918578665
69.95596227520986
69.76732402552386
69.05255426534035
67.01170966787816
62.571768231682256
54.272315108280225
39.66965046788806
16.771677747907773
-8.491577727184705
-21.997173751279377
-24.24104412001202
-4.41471235622997
-3.9973329456670577
-11.718112761329365
-14.023022957222913
-9.35245554515582
-0.8461456870847641
5.020171548780112
7.446223825251614
8.497124679028857
9.187256085713202
9.59340469687342
9.75304168024276
9.804487512606286
9.829110155150616
9.84560161307467
9.857813140785275
9.865194771616196
9.86725292432736
9.86698363694643
9.867059877637821
9.867503460737097
9.867503460737787
9.8670598776391
9.866983636947104
9.867252924326962
9.865194771615613
9.857813140785012
9.845601613074571
9.829110155150417
9.804487512606592
9.753041680244024
9.593404696874472
9.187256085712761
8.497124679028168
7.44622382525305
5.020171548784184
-0.8461456870797832
-9.352455545153486
-14.02302295722513
-11.718112761334261
-3.9973329456695446
-1.6212749623202294
-3.3143939637591564
-4.20761920081768
-2.5323794294601956
-0.23490238742772096
0.6516160139366534
0.5592327159101735
0.4686214300625906
0.5721207018919197
0.6927962418255227
0.7511639459751605
0.7738208848411903
0.7848043113571546
0.7898003041010249
0.7916769190112598
0.7917228854280802
0.7906177087498278
0.7897557551521999
0.7897574141262123
0.7900596242903841
0.790059624290607
0.7897574141266093
0.7897557551523642
0.790617708749525
0.791722885427558
0.7916769190109321
0.7898003041008632
0.784804311357032
0.7738208848411592
0.7511639459752288
0.6927962418251008
0.5721207018906274
0.4686214300608631
0.5592327159090349
0.6516160139365041
-0.23490238742735858
-2.5323794294605766
-4.207619200819476
-3.3143939637614044
-1.6212749623210394
-0.9256639933484576
-0.8839554922073053
-0.9880114111204235
-0.34259018440099864
0.1882901914522339
0.15141629577260263
-0.06853081777436076
-0.14074784373917826
-0.09437691986632091
-0.041756459797499756
-0.01756926727819952
-0.008781416497157912
-0.005096298543512456
-0.004077578256322156
-0.004449492765087881
-0.00540599835545541
-0.006324031199318125
-0.006626194515188866
-0.006373445296287028
-0.00607537136095726
-0.006075371360938497
-0.006373445296274705
-0.0066261945152824575
-0.006324031199563596
-0.005405998355746178
-0.004449492765313368
-0.0040775782565125596
-0.00509629854375282
-0.008781416497467665
-0.017569267278558898
-0.04175645979800324
-0.09437691986710206
-0.14074784374015314
-0.06853081777525483
0.15141629577202442
0.18829019145196635
-0.3425901844012953
-0.9880114111210305
-0.8839554922078903
-0.9256639933484982
-0.6710458280481005
-0.3839609883125951
-0.35183816954023406
-0.06672163110416243
0.08104363018099453
0.015937233238558945
-0.06796500526024692
-0.07664031252999147
-0.04926842285531084
-0.028714117173009895
-0.021179338348478807
-0.018958649432008978
-0.017968120808042623
-0.017638389705265434
-0.0178688483540604
-0.018392394758845715
-0.018759243049810942
-0.01868769377147643
-0.018352224774148496
-0.018095240012731675
-0.018095240012745012
-0.018352224774200857
-0.018687693771575864
-0.018759243049937938
-0.018392394758948466
-0.017868848354136962
-0.0176383897053657
-0.017968120808218982
-0.018958649432255406
-0.021179338348733784
-0.028714117173235437
-0.04926842285553238
-0.07664031253024019
-0.06796500526049815
0.015937233238378867
0.08104363018092237
-0.06672163110416357
-0.35183816954027985
-0.38396098831274617
-0.6710458280479153
-0.5044863117795418
-0.2732776491847879
-0.2600424881775966
-0.09623029431247922
-0.006736844708283361
-0.016909783119113078
-0.03616598248859538
-0.03120991993104876
-0.019689543111092698
-0.013883504786136015
-0.012588017831343418
-0.012259563055176222
-0.011740485947632382
-0.011268306154955332
-0.011156742231847235
-0.011326123832699115
-0.011414182065405962
-0.01123215188949284
-0.010930010672477066
-0.010730985616488869
-0.010730985616494151
-0.010930010672498278
-0.01123215188952837
-0.011414182065434406
-0.01132612383270007
-0.011156742231833931
-0.01126830615495746
-0.0117404859476688
-0.01225956305524381
-0.012588017831411363
-0.013883504786169374
-0.01968954311109489
-0.031209919931039908
-0.03616598248858318
-0.016909783119101365
-0.006736844708272086
-0.09623029431244208
-0.2600424881775508
-0.2732776491847973
-0.5044863117793602
-0.3890819398095261
-0.22067761020066598
-0.22364547210911576
-0.10526371791827795
-0.027288291868914044
-0.015445377512111865
-0.018849843076780514
-0.01620572305720552
-0.012864579784994945
-0.012011026035445236
-0.01212826505686569
-0.011913420791071529
-0.011284265301747922
-0.010669514080486022
-0.010410736912603427
-0.01043888571135694
-0.010435854445119894
-0.010253752612643215
-0.010010287197661678
-0.009860375558889535
-0.00986037555888886
-0.01001028719766474
-0.0102537526126507
-0.01043585444511579
-0.01043888571132915
-0.01041073691256655
-0.010669514080453819
-0.011284265301721611
-0.011913420791053696
-0.01212826505685287
-0.012011026035426949
-0.012864579784972205
-0.01620572305717702
-0.018849843076743405
-0.01544537751208456
-0.02728829186891905
-0.10526371791828062
-0.22364547210909846
-0.22067761020068827
-0.3890819398094042
-0.3067220177032125
-0.17898864376356569
-0.1849421957670195
-0.09182256934664895
-0.025826906373831966
-0.011495775607897989
-0.013087891269135659
-0.012990259404729605
-0.012464461437398775
-0.012705361996474833
-0.012841162926103029
-0.01244503005054326
-0.011726378921291553
-0.01109329079432747
-0.01081546114119643
-0.010800882558461004
-0.010772059334005862
-0.010613666036632012
-0.010420881250185237
-0.01030692738158344
-0.01030692738158142
-0.010420881250186365
-0.010613666036638405
-0.010772059333999018
-0.01080088255843271
-0.010815461141164513
-0.011093290794304201
-0.01172637892127139
-0.012445030050523938
-0.012841162926087368
-0.012705361996461937
-0.012464461437390304
-0.012990259404718745
-0.013087891269115089
-0.011495775607885297
-0.025826906373850315
-0.09182256934666848
-0.1849421957670172
-0.17898864376358253
-0.3067220177031194
-0.2440964859050268
-0.14470939646947018
-0.1499374243487702
-0.07593706043306049
-0.022795086594897568
-0.010866579622022147
-0.012509914806246532
-0.013245392577055188
-0.013373133377660017
-0.013692643237416403
-0.013688009603057608
-0.01321034909591453
-0.012511629207411836
-0.011939616898296899
-0.011691645064710831
-0.01166489540566508
-0.011627529467631344
-0.011494223420216243
-0.011342607979641987
-0.011255986803018064
-0.011255986803015504
-0.011342607979642831
-0.01149422342022321
-0.011627529467626225
-0.011664895405641357
-0.011691645064688852
-0.011939616898288628
-0.012511629207407483
-0.013210349095907178
-0.013688009603050472
-0.013692643237412282
-0.013373133377659826
-0.013245392577051585
-0.012509914806232711
-0.010866579622012092
-0.022795086594908684
-0.07593706043307423
-0.14993742434876375
-0.14470939646945397
-0.24409648590495556
-0.19392939619608082
-0.11807457891166412
-0.12205099636651014
-0.063611408589101
-0.02151491795011527
-0.012112813924435457
-0.013564907653010846
-0.014307753889407113
-0.014511631418078541
-0.014762092109378174
-0.014694701582916442
-0.014235129240873591
-0.013620816272854924
-0.013139897024188482
-0.01293432988499968
-0.012904592874962626
-0.012865552452747906
-0.01275722021523176
-0.012641156527926254
-0.012577003476854618
-0.012577003476852084
-0.012641156527926167
-0.01275722021523805
-0.012865552452746053
-0.01290459287494812
-0.012934329884988856
-0.013139897024189152
-0.013620816272856188
-0.014235129240869386
-0.014694701582911597
-0.014762092109377515
-0.014511631418081738
-0.014307753889406626
-0.013564907653001286
-0.012112813924426369
-0.021514917950118152
-0.06361140858910343
-0.12205099636649792
-0.11807457891165016
-0.1939293961960313
-0.1535423207227485
-0.09685733463380945
-0.10025986460056893
-0.05384048845819802
-0.020326364706814593
-0.012736979082122506
-0.01378212458027439
-0.014345218312547986
-0.014499906309030383
-0.014696674834566938
-0.01461136220254948
-0.014205428097096616
-0.013688270902832235
-0.013297534520178263
-0.013131920027062786
-0.013101969120028402
-0.013065357934946406
-0.012981405761698414
-0.012896478265194215
-0.012851053901133757
-0.012851053901131688
-0.012896478265194144
-0.012981405761704248
-0.013065357934949076
-0.013101969120024403
-0.013131920027061914
-0.013297534520183694
-0.01368827090283536
-0.014205428097093985
-0.014611362202546432
-0.014696674834567979
-0.014499906309034626
-0.014345218312549582
-0.013782124580269546
-0.012736979082117232
-0.020326364706815828
-0.05384048845819734
-0.10025986460055802
-0.09685733463379838
-0.15354232072271543
-0.12460121671583568
-0.08103672173285423
-0.08394760526773007
-0.046771249608116024
-0.019653256839002983
-0.013260291937316688
-0.013921458075650782
-0.014312078906257924
-0.014426368632489183
-0.014567861983599873
-0.014466961735588875
-0.0141006262082442
-0.013663157229829248
-0.01334631639192578
-0.013213043195319544
-0.013182994851603024
-0.013150887676886058
-0.013089343452851173
-0.01303071748670908
-0.013000431979335396
-0.013000431979334072
-0.013030717486709217
-0.013089343452856126
-0.013150887676891229
-0.013182994851605774
-0.013213043195324025
-0.013346316391932577
-0.01366315722983321
-0.014100626208244081
-0.014466961735588455
-0.014567861983601736
-0.014426368632492645
-0.014312078906259582
-0.01392145807564875
-0.013260291937314924
-0.019653256839005095
-0.04677124960811671
-0.08394760526772299
-0.08103672173284347
-0.12460121671581427
-0.10878167600932302
-0.06981818832010069
-0.07264266277721224
-0.0425677684872549
-0.02033905130869557
-0.014666451839811627
-0.01501644772153824
-0.015311998456084079
-0.01542141024429048
-0.01549976204747469
-0.015365545930286299
-0.015013359464296798
-0.01463536843315654
-0.014375384195072748
-0.014268010903350963
-0.014238845512391159
-0.014213007001260014
-0.014171443025034772
-0.014134273333666469
-0.014115775938261046
-0.014115775938260385
-0.014134273333666738
-0.01417144302503806
-0.014213007001264912
-0.01423884551239591
-0.014268010903356134
-0.014375384195078021
-0.014635368433160012
-0.015013359464298394
-0.015365545930287721
-0.015499762047476663
-0.015421410244292612
-0.015311998456084932
-0.015016447721536978
-0.014666451839811058
-0.020339051308698047
-0.04256776848725571
-0.07264266277720727
-0.06981818832009476
-0.10878167600930641
-0.09675942673979543
-0.06102225975125774
-0.06366985985159089
-0.0402261842397938
-0.022010434485748975
-0.017007229437991198
-0.017026625155681836
-0.01729870471595391
-0.017403492706182848
-0.017439469515285005
-0.01727427686182184
-0.016946887653686852
-0.016625796161873
-0.01641744852444454
-0.016332881491899893
-0.016308010993383228
-0.016290526585838756
-0.016266108511822086
-0.016245504776241548
-0.01623570997398865
-0.01623570997398833
-0.016245504776241593
-0.016266108511823772
-0.016290526585842086
-0.016308010993387204
-0.016332881491903633
-0.016417448524447476
-0.016625796161875137
-0.016946887653688694
-0.0172742768618236
-0.017439469515286667
-0.017403492706184076
-0.017298704715953874
-0.01702662515568044
-0.017007229437990858
-0.022010434485751094
-0.04022618423979452
-0.06366985985158724
-0.06102225975125411
-0.09675942673978545
-0.07173108951801929
-0.05114833140937985
-0.05382014666752367
-0.03623937818072692
-0.02214303929688977
-0.01791880192579895
-0.01769364211359334
-0.01784181954045569
-0.01794352208249181
-0.01796447757134438
-0.017807191601824632
-0.017548771880877823
-0.01731143427688046
-0.01716331718835684
-0.01710198393459598
-0.017085846129306238
-0.017077122048643745
-0.01706545390728608
-0.01705591399763898
-0.01705170267677786
-0.01705170267677763
-0.017055913997638703
-0.017065453907286646
-0.01707712204864549
-0.01708584612930854
-0.017101983934597893
-0.01716331718835798
-0.01731143427688122
-0.017548771880878857
-0.017807191601825912
-0.017964477571345505
-0.017943522082492443
-0.01784181954045527
-0.017693642113591992
-0.017918801925798564
-0.022143039296891594
-0.03623937818072791
-0.0538201466675211
-0.0511483314093765
-0.0717310895180105
-0.03605026840697935
-0.03569593945166246
-0.038500592395101084
-0.02571008764702974
-0.016435034484749176
-0.01366248664942191
-0.013547438723316657
-0.01359250076480908
-0.0136692098305974
-0.013692483162845355
-0.013575342701063163
-0.013415101227236458
-0.013268076346017033
-0.013177695550828442
-0.013140426490043745
-0.013133431157264602
-0.013130695429218298
-0.013126180004195047
-0.013122575203386305
-0.013121246898058688
-0.013121246898058507
-0.013122575203385943
-0.013126180004194894
-0.013130695429218972
-0.013133431157265597
-0.013140426490044488
-0.013177695550828497
-0.013268076346016976
-0.01341510122723673
-0.013575342701063814
-0.013692483162845905
-0.013669209830597726
-0.013592500764808588
-0.01354743872331538
-0.013662486649421674
-0.016435034484750692
-0.02571008764703087
-0.03850059239509958
-0.03569593945165974
-0.036050268406973035
-0.013045063067792526
-0.03745562389931136
-0.03912221965675081
-0.024852580065876904
-0.015889454044832996
-0.0148832923735943
-0.015479785633277286
-0.015582041601557281
-0.015571161634890309
-0.015528172317361182
-0.015401086382364707
-0.015284723168523168
-0.01518813177338377
-0.015135165230690398
-0.015117085557027041
-0.015116414106686672
-0.015116398870932413
-0.01511468363696463
-0.015113438353494137
-0.01511319808968798
-0.015113198089687845
-0.015113438353493526
-0.015114683636964032
-0.015116398870932801
-0.015116414106687435
-0.015117085557027154
-0.015135165230690003
-0.01518813177338314
-0.015284723168523265
-0.015401086382365169
-0.015528172317361573
-0.015571161634890892
-0.015582041601557121
-0.015479785633276018
-0.01488329237359318
-0.01588945404483505
-0.024852580065878115
-0.03912221965674997
-0.037455623899309926
-0.013045063067788635
