1600
29.17977581134896
50.807741169988844
63.81032686212925
68.00724175591813
68.6627532913239
69.3156643082612
69.98138051937205
70.29824971997427
70.35176819182516
70.34325200600063
70.34001421110999
70.3399502611631
70.33634667535614
70.3345921049272
70.33209632238507
70.33153264238854
70.33174262978312
70.33203945100156
70.33191395658169
70.3319383151304
70.3319383151306
70.33191395658203
70.33203945100179
70.33174262978336
70.33153264238851
70.3320963223846
70.33459210492636
70.33634667535516
70.33995026116258
70.34001421111022
70.34325200600118
70.35176819182584
70.29824971997442
69.98138051937144
69.31566430826079
68.6627532913246
68.00724175591884
63.81032686212926
50.80774116998788
29.179775811347895
23.497487848512407
-23.393432550904073
5.4793088579671965
-7.978834551708276
-1.7735492613547807
-2.053308113777517
-1.8644090901938748
-0.7668432372629841
-1.357026751519737
-1.1211772266000852
-1.2413255124680873
-1.1909086635396395
-1.2167690292746247
-1.2038998184327858
-1.2092747944039672
-1.2089870672616057
-1.2087753947906439
-1.2087037598917134
-1.208659959800038
-1.2086573850064668
-1.2086573850068745
-1.2086599598008028
-1.2087037598900037
-1.2087753947914077
-1.208987067262962
-1.2092747944030338
-1.203899818434167
-1.2167690292730304
-1.190908663539024
-1.2413255124689746
-1.121177226599983
-1.3570267515182088
-0.7668432372661886
-1.8644090901933366
-2.0533081137712537
-1.77354926136084
-7.9788345517087365
5.47930885796585
-23.39343255090121
23.497487848511664
6.104775940912205
4.326611133266737
9.192733748777737
4.967678253457889
4.5887994196738555
4.396078038188986
4.8462263809954695
5.031627376680573
4.972749310827513
4.954337859868677
4.942563697719954
4.943955560441827
4.941547723918155
4.942169444825847
4.9411534273555855
4.941136496786436
4.941322852684992
4.941452096608902
4.941513001970009
4.941535839808539
4.941535839808604
4.94151300197011
4.9414520966089945
4.941322852684866
4.941136496786209
4.941153427355428
4.942169444825701
4.941547723918255
4.943955560442084
4.942563697720317
4.954337859869034
4.972749310827817
5.031627376680619
4.846226380995348
4.396078038188993
4.58879941967383
4.967678253458023
9.19273374877763
4.32661113326675
6.104775940912087
-5.3635615502492975
-1.4799844798905935
-8.318563079914252
-8.440239273742456
-10.27598242510734
-10.17033968122877
-10.29095243959578
-10.569002931265395
-10.531243264697991
-10.596005363172278
-10.575486273521046
-10.581183640676409
-10.576944029437017
-10.579939512596942
-10.579013201864683
-10.5789605846865
-10.578912731619345
-10.578747268625115
-10.57869232224208
-10.578669563991703
-10.578669563991667
-10.578692322241995
-10.57874726862533
-10.578912731619315
-10.578960584686463
-10.57901320186469
-10.579939512596566
-10.576944029436822
-10.581183640675983
-10.57548627352054
-10.596005363172049
-10.531243264698018
-10.569002931265082
-10.290952439595735
-10.170339681229443
-10.27598242510647
-8.440239273742309
-8.318563079913996
-1.4799844798905912
-5.363561550249015
-7.582797276734115
-8.151637029872091
-13.345751483854126
-12.781525411570069
-13.63643194173717
-13.83326159882488
-14.261667893575606
-14.527054760575927
-14.510944053890327
-14.511014760131342
-14.489812056435898
-14.490421492200337
-14.489110192932422
-14.49103597647851
-14.4906053055985
-14.49057524353264
-14.490524334905523
-14.490433528373543
-14.490394486882042
-14.49037436632418
-14.490374366324215
-14.490394486882145
-14.490433528373696
-14.490524334905478
-14.490575243532408
-14.490605305598235
-14.491035976478035
-14.489110192932124
-14.490421492200099
-14.489812056435719
-14.511014760131344
-14.51094405389047
-14.527054760575867
-14.261667893575485
-13.833261598825011
-13.636431941736745
-12.781525411569953
-13.345751483853817
-8.15163702987191
-7.582797276733767
-7.275787586921506
-11.27592932047656
-13.647897324036471
-13.31436526356057
-13.036645650396423
-13.284172998733073
-13.656336461833222
-13.799483421645979
-13.773606383028286
-13.73376090817288
-13.719453169753242
-13.720435302465736
-13.722787244109067
-13.723917336503757
-13.724035692055997
-13.723974010474755
-13.723926073738546
-13.723889207590602
-13.723858184262802
-13.723839691205798
-13.723839691205866
-13.723858184262966
-13.723889207590748
-13.723926073738586
-13.723974010474697
-13.72403569205579
-13.723917336503545
-13.722787244108941
-13.72043530246576
-13.719453169753464
-13.733760908173181
-13.773606383028557
-13.799483421646052
-13.656336461833
-13.284172998732831
-13.03664565039642
-13.314365263560724
-13.647897324036414
-11.275929320476315
-7.27578758692119
-7.8170680994994
-13.343861928027058
-15.675579221014672
-15.52989830135514
-14.92995600508476
-15.022193011071835
-15.256220478443876
-15.313406610282234
-15.278785305559673
-15.244022512805806
-15.239903830022575
-15.243121018417064
-15.245680824009693
-15.246072237933284
-15.245939265108902
-15.24572477544724
-15.245668817105216
-15.24565217963093
-15.245624487870524
-15.245605378504816
-15.245605378504868
-15.245624487870678
-15.245652179631053
-15.245668817105347
-15.245724775447346
-15.245939265108955
-15.246072237933303
-15.245680824009668
-15.243121018417174
-15.239903830022904
-15.244022512806264
-15.278785305560074
-15.313406610282273
-15.256220478443545
-15.022193011071554
-14.929956005085025
-15.529898301355544
-15.675579221014843
-13.343861928026922
-7.817068099499085
-8.54988498806456
-14.610395934689002
-17.59806066852536
-17.58900481763449
-16.96992937177125
-16.93346344164437
-17.09084057204146
-17.136970676235023
-17.117853117151295
-17.103254168415017
-17.105204212025882
-17.10750934121413
-17.10777269243675
-17.10696364044519
-17.106238369465544
-17.10588710170617
-17.105848920555133
-17.105849427600393
-17.105819734635503
-17.105797615664894
-17.105797615664926
-17.105819734635553
-17.10584942760045
-17.10584892055521
-17.105887101706287
-17.106238369465636
-17.106963640445198
-17.107772692436676
-17.10750934121413
-17.105204212026106
-17.103254168415393
-17.11785311715159
-17.136970676235023
-17.090840572041067
-16.9334634416441
-16.969929371771606
-17.589004817635043
-17.598060668525573
-14.61039593468885
-8.549884988064164
-8.724111488749795
-14.793798013817064
-18.023392388518158
-18.034038191440953
-17.419949745664898
-17.343831248073876
-17.498835809566263
-17.570309573200802
-17.573622019217005
-17.572286020650278
-17.57519075423097
-17.574800138284107
-17.57264250914774
-17.570818589935868
-17.56977340040811
-17.56943911196339
-17.569460327916403
-17.56947629838412
-17.56943928933633
-17.569412033996734
-17.569412033996777
-17.5694392893364
-17.569476298384174
-17.569460327916396
-17.5694391119634
-17.569773400408057
-17.570818589935687
-17.572642509147506
-17.57480013828394
-17.575190754231034
-17.572286020650523
-17.573622019217233
-17.570309573200788
-17.498835809565925
-17.34383124807364
-17.419949745665214
-18.034038191441475
-18.023392388518346
-14.793798013816895
-8.724111488749363
-8.320298923130185
-14.030059645104847
-17.11613040505932
-17.10456069303316
-16.531648903264255
-16.480624150724307
-16.658249243344116
-16.751656299648413
-16.768412565636922
-16.77214965037173
-16.774490556127414
-16.77243921920165
-16.769198981526507
-16.767080464317594
-16.76609457662959
-16.765883357327763
-16.7659597601211
-16.76597554376872
-16.765926017708335
-16.765892335086665
-16.765892335086725
-16.765926017708434
-16.765975543768796
-16.765959760121067
-16.76588335732766
-16.76609457662938
-16.76708046431729
-16.769198981526205
-16.772439219201413
-16.774490556127425
-16.77214965037193
-16.768412565637163
-16.75165629964841
-16.65824924334383
-16.480624150724086
-16.531648903264564
-17.104560693033616
-17.11613040505945
-14.030059645104679
-8.320298923129755
-7.46683923047193
-12.53249516972335
-15.278413763542101
-15.263526512932437
-14.77925967013039
-14.770433375864748
-14.955340506690963
-15.05102193711565
-15.07000145959679
-15.074330263648303
-15.076247603914798
-15.073962893813539
-15.070795579546527
-15.068900054277702
-15.068127581305916
-15.068024689464071
-15.06811539209952
-15.068115078256339
-15.068053214822072
-15.068014675386783
-15.068014675386845
-15.06805321482217
-15.068115078256445
-15.068115392099505
-15.06802468946394
-15.068127581305689
-15.0689000542774
-15.070795579546234
-15.073962893813388
-15.076247603914844
-15.074330263648534
-15.070001459597059
-15.051021937115745
-14.955340506690762
-14.770433375864584
-14.779259670130664
-15.263526512932827
-15.278413763542193
-12.532495169723184
-7.466839230471525
-6.214250945828112
-10.394636840286282
-12.662094114484344
-12.647044312320304
-12.270508250576874
-12.293293668726989
-12.461765331550232
-12.543463962053208
-12.557827698717498
-12.560572626070199
-12.561960081379617
-12.560004531417718
-12.55737097691538
-12.55585377925694
-12.55527929473303
-12.555228844820418
-12.55530220031494
-12.555283083051298
-12.555215519812508
-12.555176112090965
-12.555176112091015
-12.55521551981262
-12.555283083051354
-12.55530220031494
-12.55522884482036
-12.555279294732896
-12.55585377925674
-12.557370976915177
-12.560004531417642
-12.561960081379713
-12.560572626070448
-12.557827698717768
-12.543463962053288
-12.461765331550069
-12.293293668726848
-12.2705082505771
-12.647044312320592
-12.662094114484415
-10.394636840286172
-6.21425094582777
-4.666316698670684
-7.79574430437145
-9.48272204489154
-9.45064631911572
-9.178787551680383
-9.219464342636137
-9.357654599681844
-9.418949748223813
-9.427021259465162
-9.427755348614586
-9.428521419094007
-9.427009255712937
-9.425015278872655
-9.423883059663924
-9.423467301409596
-9.423437817033523
-9.423485936044475
-9.423454894957517
-9.423389947605953
-9.423353788687372
-9.423353788687413
-9.423389947606026
-9.423454894957569
-9.42348593604448
-9.42343781703351
-9.42346730140953
-9.423883059663794
-9.425015278872525
-9.427009255712896
-9.428521419094086
-9.427755348614776
-9.427021259465343
-9.418949748223863
-9.357654599681707
-9.219464342636021
-9.178787551680555
-9.450646319115982
-9.48272204489161
-7.795744304371345
-4.6663166986704345
-3.0437017674964952
-5.0995164067144385
-6.1836514880008195
-6.121163787611037
-5.939300367248167
-5.986128663892128
-6.08935221468044
-6.130339491357331
-6.1332646997597475
-6.132615575536104
-6.132939620991643
-6.1319082817307375
-6.130551208060837
-6.1297826223517085
-6.129506461243862
-6.129492012945623
-6.1295198323856805
-6.129485116259485
-6.129428906518843
-6.129398752096792
-6.129398752096819
-6.129428906518899
-6.129485116259534
-6.129519832385713
-6.129492012945619
-6.129506461243835
-6.129782622351637
-6.130551208060741
-6.131908281730701
-6.132939620991705
-6.132615575536225
-6.133264699759856
-6.130339491357336
-6.08935221468033
-5.986128663892063
-5.939300367248316
-6.121163787611228
-6.183651488000886
-5.099516406714386
-3.043701767496336
-1.6267697493169422
-2.7550704601610274
-3.316381152362988
-3.2258320095579966
-3.111766298441132
-3.153400393670589
-3.2219173332528217
-3.2454195305482454
-3.2450055916076055
-3.2437911531912578
-3.2439176682754516
-3.2433351931771344
-3.2425318745516223
-3.242076574822395
-3.2419215619687023
-3.241922784501746
-3.2419379966354205
-3.2419059805438986
-3.2418617531238527
-3.241838829374897
-3.241838829374911
-3.2418617531238954
-3.2419059805439305
-3.2419379966354396
-3.241922784501755
-3.241921561968692
-3.2420765748223497
-3.2425318745515583
-3.2433351931771024
-3.243917668275482
-3.2437911531913173
-3.2450055916076614
-3.24541953054824
-3.2219173332527538
-3.1534003936705552
-3.1117662984412244
-3.2258320095581245
-3.316381152363036
-2.755070460161005
-1.6267697493168554
-0.6391114879788086
-1.1121381517254132
-1.3112387587528815
-1.2114895618767827
-1.1426632959159115
-1.1712873934694588
-1.209833591333029
-1.220326768117586
-1.218357630650508
-1.2172265462648046
-1.217330623004362
-1.2170859774100495
-1.2166826423641304
-1.2164526201670154
-1.2163844608000538
-1.21639672703144
-1.2164050034702196
-1.2163795339354935
-1.2163480981708266
-1.2163324004934728
-1.2163324004934821
-1.216348098170847
-1.2163795339355115
-1.2164050034702296
-1.2163967270314466
-1.2163844608000494
-1.2164526201669954
-1.2166826423641028
-1.2170859774100344
-1.2173306230043748
-1.2172265462648295
-1.2183576306505273
-1.2203267681175802
-1.2098335913329978
-1.1712873934694459
-1.1426632959159593
-1.2114895618768458
-1.3112387587529
-1.1121381517253974
-0.639111487978764
-0.13562211617837533
-0.2525538915895757
-0.2692151420510173
-0.18486576742476393
-0.14479519208623298
-0.15959018694557256
-0.17696591496973135
-0.17985898306254017
-0.17785664584316632
-0.1771967613196752
-0.1773624321093918
-0.17731226934635502
-0.17713495978486182
-0.1770285885038061
-0.17700420850820164
-0.17701809440215177
-0.1770222105309927
-0.17700455180300623
-0.17698472773920454
-0.17697530132037786
-0.17697530132038103
-0.17698472773921173
-0.1770045518030109
-0.17702221053099665
-0.1770180944021548
-0.1770042085082026
-0.17702858850379977
-0.1771349597848522
-0.17731226934635108
-0.17736243210939762
-0.17719676131968387
-0.17785664584317287
-0.1798589830625385
-0.1769659149697194
-0.1595901869455697
-0.14479519208625447
-0.18486576742478955
-0.2692151420510217
-0.25255389158956615
-0.13562211617835424
0.010982504033557439
0.023983992225695146
0.056845456965484036
0.1113341567341665
0.13288982249343484
0.1273291633219272
0.12131756960485793
0.12130642682216339
0.12246970718891156
0.122594825012025
0.12237682601978428
0.1223578201122814
0.12244498000742197
0.12250516162929115
0.12251820946491208
0.12250951153989176
0.12250794629676404
0.12251846102576736
0.12252922297834398
0.12253396348427131
0.1225339634842707
0.1225292229783434
0.1225184610257687
0.1225079462967647
0.12250951153989079
0.12251820946491082
0.12250516162929209
0.12244498000742339
0.1223578201122817
0.12237682601978289
0.12259482501202332
0.12246970718890987
0.12130642682216385
0.1213175696048602
0.1273291633219276
0.13288982249342818
0.11133415673416
0.05684545696548545
0.02398399222570099
0.010982504033566348
-0.0010319380221494312
0.027978813404627316
0.050633601667306044
0.07745000122908574
0.08774809034892443
0.08618313191488913
0.08437575561552468
0.08458894917680161
0.08485367440870115
0.08464614081679564
0.08444335639965464
0.08443223282873108
0.0844996602628257
0.08454914183832625
0.0845630477504008
0.08455986450630534
0.08455920986222092
0.08456428895128344
0.08456906549095095
0.08457089387187358
0.0845708938718741
0.08456906549095242
0.08456428895128494
0.08455920986222207
0.08455986450630548
0.08456304775040058
0.0845491418383261
0.08449966026282527
0.08443223282873091
0.08444335639965464
0.08464614081679586
0.08485367440870119
0.08458894917680171
0.08437575561552509
0.08618313191488941
0.08774809034892388
0.07745000122908584
0.05063360166730872
0.027978813404630154
-0.001031938022144914
-0.03219864774700807
-0.01723240875038072
-0.012042336666959724
-0.0013185212452032427
0.003533515698255274
0.003123787598542864
0.0022508547574837563
0.00203638904643259
0.00182831940549779
0.0015541179063045217
0.0014246420242035943
0.0014458329969224623
0.001510919244621635
0.0015544836039969902
0.0015678157386064678
0.0015668886774182315
0.001565934113143451
0.0015676210436589913
0.0015691904993552462
0.0015696149720451705
0.0015696149720454723
0.0015691904993560511
0.0015676210436598378
0.0015659341131438569
0.0015668886774183183
0.0015678157386063499
0.0015544836039969277
0.0015109192446216661
0.0014458329969225317
0.001424642024203792
0.0015541179063049831
0.0018283194054979739
0.0020363890464330132
0.0022508547574846965
0.003123787598544002
0.0035335156982561067
-0.0013185212452020562
-0.012042336666957767
-0.017232408750379544
-0.03219864774700519
-0.03934196007411095
-0.034631002725029704
-0.0369991083780755
-0.032124711437382526
-0.028989967642311116
-0.028979727654445175
-0.02963912399575532
-0.030015768529243682
-0.030283288756515925
-0.030470643797888795
-0.030519432043102472
-0.030476232459472535
-0.0304193553996474
-0.030386453897251503
-0.030377453733206244
-0.03037863792488756
-0.030380098430712054
-0.030379990229804865
-0.030379683641568518
-0.030379692946926162
-0.03037969294692609
-0.03037968364156825
-0.030379990229804598
-0.03038009843071207
-0.030378637924887708
-0.03037745373320625
-0.03038645389725144
-0.030419355399647265
-0.03047623245947247
-0.030519432043102365
-0.030470643797888736
-0.03028328875651593
-0.030015768529243425
-0.029639123995754517
-0.028979727654444284
-0.0289899676423108
-0.03212471143738214
-0.036999108378074665
-0.03463100272502932
-0.039341960074108756
-0.031379647172618576
-0.030070278114054976
-0.03293257460799731
-0.02925193985688261
-0.026424311382223557
-0.02608795265724867
-0.026501228477331166
-0.026773767012735938
-0.026932998508310525
-0.027016284476292646
-0.027014591278704234
-0.02696908208857105
-0.026927379251239884
-0.026907067523328658
-0.02690314908723855
-0.026905025325875243
-0.026906527194421537
-0.02690680265620308
-0.0269067497047548
-0.026906760156781246
-0.026906760156781194
-0.02690674970475471
-0.02690680265620305
-0.026906527194421624
-0.02690502532587536
-0.02690314908723858
-0.026907067523328512
-0.026927379251239725
-0.026969082088570986
-0.02701459127870429
-0.02701628447629282
-0.026932998508310765
-0.02677376701273585
-0.02650122847733072
-0.026087952657248316
-0.0264243113822238
-0.029251939856882833
-0.032932574607997055
-0.030070278114054792
-0.03137964717261699
-0.0220164344571752
-0.02148606609315431
-0.023146877870160953
-0.019788196047766764
-0.01719319148092967
-0.016679302386870522
-0.01686658632423678
-0.016997923946368843
-0.017059218797651605
-0.017081675035995267
-0.01706292551064926
-0.017027776212862892
-0.017002049619264322
-0.016991983152435202
-0.016991507549347497
-0.01699345782993071
-0.016994549072031635
-0.016994687790225126
-0.01699456320141803
-0.016994489121388668
-0.016994489121388682
-0.016994563201417984
-0.0169946877902251
-0.016994549072031694
-0.01699345782993081
-0.016991507549347484
-0.01699198315243507
-0.01700204961926418
-0.017027776212862843
-0.017062925510649335
-0.01708167503599548
-0.01705921879765184
-0.01699792394636891
-0.01686658632423656
-0.016679302386870397
-0.01719319148093005
-0.019788196047767145
-0.023146877870160898
-0.021486066093154184
-0.022016434457174047
-0.015643955562337823
-0.015532219400205657
-0.0163899196076324
-0.013560048790667885
-0.011398790488237515
-0.010882637281401174
-0.010948219527522502
-0.011001553719867057
-0.011017829569391407
-0.011018658579502537
-0.01100136523818231
-0.010979358837024961
-0.010965915298007603
-0.010962179962365875
-0.010963146480399763
-0.010964606528231023
-0.01096516044362018
-0.010965090721620878
-0.010964896975075057
-0.01096478565140868
-0.010964785651408685
-0.010964896975075042
-0.010965090721620855
-0.010965160443620222
-0.010964606528231096
-0.010963146480399767
-0.010962179962365785
-0.010965915298007512
-0.010979358837024946
-0.01100136523818238
-0.011018658579502691
-0.01101782956939159
-0.011001553719867111
-0.010948219527522342
-0.01088263728140111
-0.011398790488237805
-0.013560048790668178
-0.016389919607632347
-0.015532219400205573
-0.015643955562337025
-0.011629074846693553
-0.011929801464729049
-0.012453454262501598
-0.010272707553637251
-0.00861086018944462
-0.008186694568584944
-0.008211869804265526
-0.008239419653931762
-0.00824398634128124
-0.008241553727734361
-0.00823077503321409
-0.008219078874057978
-0.008213144396554056
-0.008212393227486778
-0.008213480139374734
-0.0082142858684822
-0.008214424246900144
-0.008214246317066229
-0.008214059019345972
-0.008213962330983149
-0.008213962330983152
-0.008214059019345958
-0.008214246317066215
-0.008214424246900175
-0.008214285868482251
-0.008213480139374738
-0.008212393227486727
-0.00821314439655401
-0.008219078874057982
-0.008230775033214139
-0.008241553727734446
-0.008243986341281345
-0.008239419653931768
-0.00821186980426539
-0.008186694568584865
-0.008610860189444784
-0.010272707553637418
-0.012453454262501547
-0.011929801464728986
-0.011629074846693024
-0.008830072964823502
-0.009435183475112845
-0.009817102968414789
-0.008221201748538664
-0.007004582140387003
-0.0066923177680971585
-0.006712495714677883
-0.00673580922027265
-0.006740323382083515
-0.006739517561562958
-0.006734174935430738
-0.006728725052931897
-0.006726495313185405
-0.006726661182933032
-0.006727326542964587
-0.00672760604958013
-0.006727524167715819
-0.006727341193597074
-0.0067272052089795455
-0.006727142627801901
-0.006727142627801899
-0.006727205208979537
-0.006727341193597055
-0.0067275241677158286
-0.006727606049580156
-0.006727326542964586
-0.006726661182932995
-0.006726495313185375
-0.006728725052931896
-0.006734174935430756
-0.006739517561562996
-0.006740323382083566
-0.006735809220272633
-0.0067124957146777655
-0.0066923177680970735
-0.007004582140387081
-0.008221201748538753
-0.009817102968414744
-0.009435183475112793
-0.00883007296482316
-0.006679815147289323
-0.007436497979157915
-0.007730409768606514
-0.006597288298271613
-0.005736873141370937
-0.005523721438571907
-0.0055481565995464215
-0.00557193462562075
-0.005578137228049518
-0.0055788923397394235
-0.0055766506820709326
-0.0055742784262544235
-0.005573462050612101
-0.005573621961939863
-0.005573837284950044
-0.005573818877531828
-0.005573674123215812
-0.005573538424644573
-0.005573458447624411
-0.005573425879151593
-0.0055734258791515934
-0.005573458447624401
-0.005573538424644555
-0.005573674123215814
-0.0055738188775318435
-0.00557383728495004
-0.0055736219619398385
-0.005573462050612082
-0.005574278426254418
-0.005576650682070933
-0.005578892339739437
-0.005578137228049543
-0.0055719346256207355
-0.005548156599546342
-0.0055237214385718434
-0.0057368731413709705
-0.006597288298271658
-0.007730409768606481
-0.00743649797915789
-0.006679815147289121
-0.00496509273213075
-0.005743171018638258
-0.005966129117604698
-0.0051821111737753445
-0.004593680638611715
-0.004458412550772676
-0.0044866478006303535
-0.004509996023741532
-0.004516851438345983
-0.004518150736382917
-0.004517223308056623
-0.004516077653579587
-0.004515624172371445
-0.004515566309776645
-0.004515512890024649
-0.0045153915663128244
-0.004515268990012096
-0.004515188489534627
-0.004515149309315705
-0.004515135338606827
-0.004515135338606827
-0.004515149309315698
-0.004515188489534614
-0.004515268990012095
-0.004515391566312835
-0.004515512890024649
-0.004515566309776633
-0.004515624172371433
-0.004516077653579581
-0.004517223308056619
-0.004518150736382922
-0.0045168514383460015
-0.004509996023741528
-0.004486647800630304
-0.004458412550772634
-0.00459368063861173
-0.005182111173775365
-0.005966129117604678
-0.00574317101863825
-0.004965092732130629
-0.0035936475679199504
-0.004303309818487478
-0.004466354542445747
-0.003939354150285606
-0.003552056103674683
-0.0034734603301844053
-0.003502377951655506
-0.003523376816194184
-0.0035296218142051193
-0.0035306990187620284
-0.0035301228042902873
-0.0035293697983477985
-0.0035289620492954866
-0.003528770666112686
-0.003528631725171562
-0.0035285173962781246
-0.003528441466996965
-0.0035284021818933497
-0.003528386129069943
-0.0035283811860222273
-0.0035283811860222277
-0.0035283861290699376
-0.0035284021818933428
-0.003528441466996966
-0.0035285173962781337
-0.003528631725171566
-0.0035287706661126838
-0.003528962049295482
-0.0035293697983477972
-0.003530122804290288
-0.003530699018762034
-0.0035296218142051323
-0.003523376816194186
-0.0035023779516554793
-0.003473460330184376
-0.0035520561036746874
-0.003939354150285617
-0.004466354542445734
-0.004303309818487472
-0.003593647567919883
-0.002509597054036425
-0.0030990713321218913
-0.0032123735886050615
-0.0028699051153809265
-0.0026261520696050766
-0.002585668865993986
-0.0026120670243632614
-0.0026292268266863822
-0.002634059547710129
-0.0026345932121999687
-0.0026340178323017278
-0.0026334005240164987
-0.0026330266692111562
-0.0026328239897272917
-0.002632702536238657
-0.0026326301625680336
-0.002632592962456443
-0.002632577168592352
-0.0026325717153446457
-0.002632570284215396
-0.0026325702842153963
-0.0026325717153446435
-0.002632577168592349
-0.002632592962456444
-0.002632630162568041
-0.002632702536238662
-0.0026328239897272926
-0.0026330266692111567
-0.0026334005240165026
-0.0026340178323017295
-0.0026345932121999717
-0.0026340595477101366
-0.0026292268266863835
-0.002612067024363247
-0.0025856688659939694
-0.002626152069605076
-0.002869905115380929
-0.003212373588605054
-0.003099071332121893
-0.002509597054036395
-0.0016715033250923287
-0.002120451578920848
-0.0021937248460220794
-0.001979612868453092
-0.0018339654547622646
-0.0018167378542620115
-0.0018383822756876847
-0.001851070613680407
-0.0018542570095676611
-0.0018542741028256082
-0.0018536778315754623
-0.0018531744133694975
-0.0018528824367847314
-0.001852733226757858
-0.0018526583564770051
-0.0018526229421489452
-0.001852608277744154
-0.0018526031093889642
-0.0018526015806455609
-0.0018526012287905427
-0.0018526012287905427
-0.0018526015806455609
-0.0018526031093889625
-0.0018526082777441553
-0.0018526229421489493
-0.0018526583564770077
-0.0018527332267578595
-0.001852882436784735
-0.0018531744133695016
-0.0018536778315754654
-0.0018542741028256095
-0.0018542570095676648
-0.001851070613680407
-0.001838382275687674
-0.0018167378542620007
-0.001833965454762262
-0.0019796128684530924
-0.002193724846022076
-0.0021204515789208485
-0.0016715033250923113
-0.001045499992804531
-0.001357705825222314
-0.0014002400426020047
-0.0012720504118315136
-0.001190097589426775
-0.0011853361489178999
-0.0012013317642984266
-0.0012097757892566363
-0.0012115287118477126
-0.0012112323334716102
-0.0012107001867241124
-0.0012103333591574018
-0.0012101416904893875
-0.0012100546238923173
-0.001210018113868879
-0.0012100042369601847
-0.0012099996251225369
-0.0012099982624335646
-0.001209997880950914
-0.0012099977822884046
-0.0012099977822884046
-0.0012099978809509133
-0.0012099982624335635
-0.0012099996251225373
-0.001210004236960186
-0.0012100181138688798
-0.0012100546238923184
-0.00121014169048939
-0.0012103333591574042
-0.001210700186724113
-0.00121123233347161
-0.001211528711847714
-0.0012097757892566368
-0.001201331764298422
-0.001185336148917894
-0.0011900975894267732
-0.0012720504118315134
-0.0014002400426020023
-0.0013577058252223142
-0.0010454999928045238
-0.0006012772195650214
-0.0007969630180324949
-0.0008175743395416313
-0.000744440665915074
-0.0007014703553158871
-0.0007022192503605821
-0.0007128896681390992
-0.0007179167464293392
-0.0007186744137856896
-0.0007182861917180082
-0.0007178859118951457
-0.0007176535297598769
-0.0007175465331676706
-0.0007175043712616213
-0.000717489786432114
-0.000717485427305478
-0.0007174842904359637
-0.0007174839750147136
-0.0007174838527808458
-0.0007174838031401985
-0.0007174838031401985
-0.0007174838527808457
-0.0007174839750147127
-0.0007174842904359638
-0.0007174854273054783
-0.0007174897864321135
-0.0007175043712616213
-0.0007175465331676715
-0.0007176535297598774
-0.000717885911895145
-0.0007182861917180073
-0.0007186744137856897
-0.0007179167464293395
-0.0007128896681390976
-0.0007022192503605794
-0.0007014703553158857
-0.0007444406659150734
-0.0008175743395416303
-0.0007969630180324958
-0.0006012772195650193
-0.0003088123744095897
-0.00041681070792172123
-0.00042357598302138037
-0.00038411252783810725
-0.0003634765365642872
-0.00036588809581804906
-0.00037232880265162865
-0.00037499358035287937
-0.00037520425870562503
-0.00037487204045583524
-0.0003746166287393492
-0.0003744893152998099
-0.00037443809756746463
-0.00037442084415071345
-0.0003744160234638342
-0.0003744149342793199
-0.0003744146960085469
-0.00037441459295466854
-0.00037441452594829533
-0.00037441449379510024
-0.00037441449379510013
-0.0003744145259482952
-0.0003744145929546682
-0.00037441469600854675
-0.00037441493427932003
-0.0003744160234638342
-0.000374420844150713
-0.0003744380975674646
-0.0003744893152998097
-0.0003746166287393485
-0.00037487204045583464
-0.0003752042587056253
-0.00037499358035288
-0.0003723288026516283
-0.00036588809581804786
-0.0003634765365642862
-0.0003841125278381067
-0.00042357598302137983
-0.00041681070792172167
-0.0003088123744095894
-0.00013541811282052392
-0.00018579637879980056
-0.00018541701539955544
-0.00016555517785041014
-0.00015679322071045012
-0.00015914733101436707
-0.00016269051339702016
-0.00016395043118336202
-0.00016394089280874412
-0.00016371969547867687
-0.00016358082181283827
-0.00016352066628215803
-0.0001634995865979062
-0.00016349357149017277
-0.00016349223636381546
-0.00016349199979117534
-0.00016349192214645204
-0.00016349185969457666
-0.00016349181804523288
-0.00016349179966388967
-0.00016349179966388961
-0.00016349181804523283
-0.00016349185969457658
-0.00016349192214645196
-0.00016349199979117545
-0.00016349223636381535
-0.0001634935714901727
-0.00016349958659790626
-0.00016352066628215792
-0.000163580821812838
-0.0001637196954786766
-0.00016394089280874426
-0.00016395043118336234
-0.0001626905133970202
-0.0001591473310143667
-0.00015679322071044971
-0.00016555517785040976
-0.00018541701539955528
-0.00018579637879980083
-0.00013541811282052397
-4.610298707873339e-05
-6.429261063661812e-05
-6.140993068172336e-05
-5.226662207935444e-05
-4.9227526861254265e-05
-5.09837596178041e-05
-5.278693773265618e-05
-5.332847549971915e-05
-5.32741843239165e-05
-5.315431718754853e-05
-5.309004460894348e-05
-5.306563221005565e-05
-5.305815933197339e-05
-5.305633993466388e-05
-5.3055999726701406e-05
-5.3055923316403314e-05
-5.305587104915041e-05
-5.305583088456839e-05
-5.305580850366377e-05
-5.305579978852751e-05
-5.3055799788527506e-05
-5.305580850366372e-05
-5.305583088456836e-05
-5.3055871049150424e-05
-5.3055923316403314e-05
-5.305599972670139e-05
-5.30563399346639e-05
-5.305815933197348e-05
-5.306563221005565e-05
-5.3090044608943406e-05
-5.315431718754843e-05
-5.327418432391657e-05
-5.332847549971931e-05
-5.278693773265618e-05
-5.098375961780396e-05
-4.9227526861254136e-05
-5.226662207935437e-05
-6.140993068172329e-05
-6.429261063661816e-05
-4.610298707873341e-05
-9.068111257517268e-06
-1.2848372001469291e-05
-1.0064596978441324e-05
-6.3309841211369825e-06
-5.6699633931559544e-06
-6.800620897814653e-06
-7.666811367826977e-06
-7.88933924285669e-06
-7.852503351333555e-06
-7.799191538489761e-06
-7.77400573617119e-06
-7.765504825056052e-06
-7.763178673226473e-06
-7.762658738615044e-06
-7.762547159833727e-06
-7.762498795724398e-06
-7.762463721099724e-06
-7.76244224164016e-06
-7.762432196218667e-06
-7.762428718745935e-06
-7.762428718745938e-06
-7.762432196218667e-06
-7.762442241640143e-06
-7.76246372109971e-06
-7.76249879572441e-06
-7.762547159833712e-06
-7.762658738615057e-06
-7.763178673226486e-06
-7.765504825056072e-06
-7.774005736171197e-06
-7.799191538489772e-06
-7.852503351333566e-06
-7.889339242856737e-06
-7.666811367826989e-06
-6.8006208978146285e-06
-5.669963393155945e-06
-6.330984121136965e-06
-1.006459697844132e-05
-1.2848372001469281e-05
-9.068111257517229e-06
8.132622340260549e-07
1.3549480832272238e-06
2.9979288228723883e-06
4.216407426290105e-06
4.095047565706941e-06
3.4411317188348103e-06
3.0399651084894107e-06
2.9454190797101804e-06
2.959549138659869e-06
2.978778343856657e-06
2.987101466956346e-06
2.989700525833404e-06
2.9903977564638066e-06
2.990576354642281e-06
2.9906356733723696e-06
2.990667645669076e-06
2.99068663959114e-06
2.9906961447342615e-06
2.99069997320663e-06
2.9907011646095812e-06
2.990701164609568e-06
2.990699973206627e-06
2.990696144734261e-06
2.990686639591116e-06
2.990667645669061e-06
2.990635673372374e-06
2.9905763546422934e-06
2.9903977564638023e-06
2.9897005258333847e-06
2.9871014669563406e-06
2.9787783438566485e-06
2.959549138659856e-06
2.9454190797101703e-06
3.0399651084894243e-06
3.4411317188348154e-06
4.095047565706923e-06
4.216407426290082e-06
2.9979288228723697e-06
1.3549480832272335e-06
8.132622340261093e-07
9.114984613101159e-07
1.6793644805628753e-06
2.261308086994967e-06
2.463187294792612e-06
2.2040705741557075e-06
1.857817308020023e-06
1.6757929614171437e-06
1.6321891707031463e-06
1.6343282472115565e-06
1.6397986749170307e-06
1.6421607268914996e-06
1.642928349918659e-06
1.6431749114900415e-06
1.6432613266207304e-06
1.6432973675243137e-06
1.643314969752367e-06
1.6433234677257032e-06
1.6433270481250437e-06
1.6433283114436434e-06
1.6433286673084747e-06
1.6433286673084724e-06
1.6433283114436395e-06
1.6433270481250412e-06
1.6433234677256958e-06
1.6433149697523639e-06
1.6432973675243124e-06
1.643261326620739e-06
1.643174911490043e-06
1.6429283499186534e-06
1.6421607268914962e-06
1.6397986749170275e-06
1.6343282472115544e-06
1.6321891707031442e-06
1.675792961417157e-06
1.8578173080200227e-06
2.204070574155682e-06
2.4631872947925927e-06
2.2613080869949556e-06
1.6793644805628867e-06
9.114984613101566e-07
-4.147079455361461e-07
-2.8788382988285326e-07
-2.9675132457000234e-07
-4.089042691465339e-07
-6.094512994979886e-07
-7.816905923240585e-07
-8.644106985410155e-07
-8.85600919758968e-07
-8.866294719005514e-07
-8.852724369775841e-07
-8.845764722889767e-07
-8.842984805488858e-07
-8.841831001475073e-07
-8.841352414433741e-07
-8.841155039523304e-07
-8.84107288966272e-07
-8.8410400462091e-07
-8.841028260836269e-07
-8.841024615442021e-07
-8.841023692137917e-07
-8.841023692137939e-07
-8.841024615442043e-07
-8.841028260836288e-07
-8.841040046209119e-07
-8.84107288966275e-07
-8.841155039523321e-07
-8.841352414433695e-07
-8.84183100147503e-07
-8.842984805488837e-07
-8.845764722889803e-07
-8.852724369775853e-07
-8.866294719005506e-07
-8.856009197589635e-07
-8.644106985410037e-07
-7.816905923240539e-07
-6.09451299498002e-07
-4.089042691465393e-07
-2.9675132457000287e-07
-2.878838298828449e-07
-4.1470794553612966e-07
