1600
0.02145550923837964
0.048660199487958786
0.0648132812291658
0.06644325330627252
0.06708641326566314
0.06683121932734087
0.06705721167779329
0.06710387914718906
0.06730259370028946
0.06732003399450354
0.06727082164187864
0.0672554516957069
0.06725677899044111
0.06725954485180738
0.06726037315283365
0.06726031794539374
0.06726019169744515
0.06726014167799954
0.06726012998696479
0.0672601281350319
0.06726012813503177
0.06726012998696476
0.06726014167799957
0.06726019169744538
0.06726031794539383
0.06726037315283369
0.067259544851807
0.06725677899044079
0.06725545169570707
0.06727082164187931
0.06732003399450394
0.06730259370029007
0.06710387914718935
0.06705721167779298
0.06683121932734087
0.06708641326566386
0.06644325330627335
0.06481328122916603
0.048660199487958626
0.021455509238378787
0.018724811554163348
-0.028257418219794654
-0.004750478569118647
-0.013591157794624217
-0.010165653440842037
-0.010213756326527261
-0.01021912988732766
-0.009877509490802298
-0.009753241187072624
-0.009725518570521868
-0.009756411339921108
-0.00976529068090995
-0.009763247802862748
-0.009760970501348384
-0.009760367421002614
-0.009760430292553014
-0.009760531309229808
-0.009760569911948742
-0.009760578727267693
-0.009760580064286137
-0.009760580064285984
-0.009760578727267766
-0.009760569911948031
-0.009760531309230474
-0.009760430292553541
-0.009760367421002291
-0.009760970501348679
-0.00976324780286214
-0.00976529068091012
-0.009756411339921715
-0.009725518570521677
-0.009753241187071836
-0.00987750949080397
-0.010219129887327136
-0.01021375632652411
-0.010165653440844961
-0.01359115779462397
-0.004750478569119122
-0.028257418219793107
0.018724811554163254
-0.0008271486232310759
-0.004374484072635944
-0.00043681642823993616
-0.004207169631122672
-0.004720552578970524
-0.004903298607224039
-0.0047250773767229665
-0.004500815029171816
-0.004410200161629799
-0.0044010879215842375
-0.004409764082217785
-0.004410860864802021
-0.004408683126118699
-0.0044074346773332294
-0.004407215092484793
-0.00440728592657029
-0.004407344159083462
-0.004407363672185447
-0.004407367706792842
-0.0044073682251051065
-0.004407368225105027
-0.004407367706792665
-0.0044073636721852286
-0.004407344159083441
-0.004407285926570352
-0.004407215092484824
-0.004407434677333351
-0.004408683126118685
-0.004410860864802045
-0.004409764082217809
-0.004401087921584307
-0.004410200161629737
-0.0045008150291718785
-0.004725077376722921
-0.0049032986072238376
-0.004720552578970624
-0.0042071696311224704
-0.00043681642823987024
-0.004374484072635855
-0.0008271486232307602
-0.01274252645752253
-0.01110489561501646
-0.019979329271949536
-0.019169272537194953
-0.019929470332751848
-0.019584774083707807
-0.019430169570654587
-0.019461542866468166
-0.019463305257747435
-0.01947267353927884
-0.01947064886954901
-0.01946837652109954
-0.0194673546878647
-0.01946723888985274
-0.01946731079215782
-0.019467343152857756
-0.019467346685722378
-0.019467345120091076
-0.01946734421968223
-0.019467343962756022
-0.019467343962755974
-0.019467344219681985
-0.01946734512009101
-0.019467346685722267
-0.0194673431528578
-0.019467310792157938
-0.01946723888985261
-0.019467354687864737
-0.01946837652109954
-0.019470648869549002
-0.01947267353927901
-0.01946330525774771
-0.019461542866468055
-0.019430169570654486
-0.019584774083708206
-0.01992947033275151
-0.019169272537195175
-0.019979329271949398
-0.011104895615016404
-0.012742526457522094
-0.0147537726616193
-0.017282746617742473
-0.023942613365228342
-0.022144934910857665
-0.02116883473250143
-0.020592237496090154
-0.020623465466393705
-0.02076848202281606
-0.020804945020101294
-0.020803204986390704
-0.02079360449917498
-0.02079058454959464
-0.020791006893839822
-0.020791680147780774
-0.020791866578934136
-0.02079183111460773
-0.020791785226924195
-0.02079176682477535
-0.020791762273743616
-0.02079176150504741
-0.020791761505047378
-0.0207917622737435
-0.02079176682477524
-0.020791785226924094
-0.02079183111460773
-0.020791866578934025
-0.020791680147780503
-0.020791006893839704
-0.02079058454959466
-0.020793604499175042
-0.020803204986390884
-0.020804945020101544
-0.020768482022816143
-0.020623465466393646
-0.020592237496090363
-0.021168834732501512
-0.022144934910857995
-0.023942613365228314
-0.01728274661774236
-0.014753772661618751
-0.014895127045300785
-0.020148856584379846
-0.023277371356459464
-0.021165329605642613
-0.01895204307963831
-0.018269040631111913
-0.01839391541205114
-0.018537394413183174
-0.018555982854592458
-0.01853197655658881
-0.018515761068278548
-0.018512516661896433
-0.01851382220759016
-0.018514856043828083
-0.01851504630197596
-0.018514949333803855
-0.018514868676589198
-0.018514839126771522
-0.01851483222875623
-0.01851483113850258
-0.018514831138502594
-0.018514832228756224
-0.01851483912677165
-0.018514868676589302
-0.018514949333803876
-0.018515046301975896
-0.018514856043827937
-0.01851382220759005
-0.018512516661896548
-0.01851576106827878
-0.0185319765565891
-0.018555982854592708
-0.018537394413183188
-0.01839391541205098
-0.018269040631111892
-0.018952043079638648
-0.02116532960564304
-0.02327737135645949
-0.020148856584379718
-0.014895127045300273
-0.016599894768514055
-0.02264158814661251
-0.025210312059959376
-0.02291157784190314
-0.020321859158448523
-0.019585569462556927
-0.01971982976988759
-0.019850076037036743
-0.01985408678600293
-0.019820966043379743
-0.019802152816444773
-0.019798779249388814
-0.019800365784893657
-0.01980151091962514
-0.0198016851877772
-0.019801550434077674
-0.019801448716225516
-0.019801412194564768
-0.019801403745668446
-0.019801402412542628
-0.019801402412542676
-0.019801403745668578
-0.019801412194564983
-0.01980144871622578
-0.019801550434077785
-0.019801685187777182
-0.01980151091962512
-0.01980036578489373
-0.019798779249389067
-0.01980215281644513
-0.019820966043380062
-0.019854086786003096
-0.019850076037036733
-0.019719829769887343
-0.019585569462556768
-0.02032185915844889
-0.022911577841903563
-0.025210312059959467
-0.022641588146612365
-0.016599894768513396
-0.018767518028972596
-0.0250738923110815
-0.02815048778285742
-0.02573264498303072
-0.023032928523290714
-0.022246919181123245
-0.022383327883421036
-0.02252957679562779
-0.02254401236756412
-0.022514825805423147
-0.02249614353107516
-0.022492376404065935
-0.022493856834799448
-0.02249501679616196
-0.022495188565331267
-0.022495036690158135
-0.022494923562126873
-0.022494882940188456
-0.022494873512453908
-0.022494872006843115
-0.02249487200684312
-0.02249487351245401
-0.0224948829401887
-0.022494923562127043
-0.022495036690158225
-0.022495188565331215
-0.022495016796161896
-0.022493856834799434
-0.02249237640406611
-0.02249614353107542
-0.022514825805423383
-0.022544012367564266
-0.022529576795627684
-0.022383327883420744
-0.02224691918112307
-0.02303292852329107
-0.025732644983031086
-0.028150487782857506
-0.02507389231108139
-0.018767518028971912
-0.020285127791241656
-0.026647746725594938
-0.030059672888653393
-0.027554338964834793
-0.0247820933573437
-0.023962515748611628
-0.024108852291813903
-0.024277032761431745
-0.024305235247021863
-0.02428058984346136
-0.02426177746767147
-0.024257315300791314
-0.02425854782847707
-0.02425968714195046
-0.024259862094639678
-0.024259705151524657
-0.024259587573821885
-0.0242595452623389
-0.024259535420718348
-0.024259533838054844
-0.0242595338380548
-0.024259535420718417
-0.024259545262339033
-0.024259587573822024
-0.024259705151524744
-0.024259862094639574
-0.024259687141950332
-0.024258547828476966
-0.02425731530079139
-0.024261777467671636
-0.024280589843461552
-0.024305235247021946
-0.024277032761431706
-0.024108852291813605
-0.02396251574861148
-0.024782093357344038
-0.027554338964835196
-0.030059672888653414
-0.026647746725594827
-0.020285127791240934
-0.020762064740660374
-0.026862573975685037
-0.030248084012110824
-0.02769496987414606
-0.02491918833873061
-0.024098273994146675
-0.02424466062484156
-0.02441573356556458
-0.0244467260748903
-0.02442314521359005
-0.024404076122902244
-0.02439917869511976
-0.02440020450935792
-0.024401291197357892
-0.024401459665357752
-0.02440130399032442
-0.02440118773131201
-0.02440114597069585
-0.02440113626892692
-0.024401134707280687
-0.024401134707280666
-0.0244011362689269
-0.02440114597069583
-0.024401187731312085
-0.02440130399032445
-0.024401459665357617
-0.02440129119735769
-0.02440020450935776
-0.024399178695119764
-0.02440407612290238
-0.02442314521359024
-0.02444672607489051
-0.024415733565564576
-0.02424466062484134
-0.02409827399414655
-0.02491918833873098
-0.027694969874146394
-0.030248084012110838
-0.02686257397568491
-0.020762064740659676
-0.02015207667850236
-0.025654157272606448
-0.028745075059149534
-0.026226346005631368
-0.02356542902515887
-0.02278399148804381
-0.022917565324835874
-0.023073195903600827
-0.02309941219024754
-0.02307655603407323
-0.02305853038541701
-0.023053829382502222
-0.023054713091547142
-0.023055694677388557
-0.023055837945499376
-0.02305568741683417
-0.023055577542152712
-0.02305553835608852
-0.02305552928947576
-0.023055527833456196
-0.02305552783345616
-0.02305552928947571
-0.02305553835608854
-0.02305557754215279
-0.023055687416834197
-0.0230558379454993
-0.023055694677388355
-0.023054713091547056
-0.023053829382502312
-0.023058530385417178
-0.023076556034073444
-0.0230994121902477
-0.023073195903600865
-0.02291756532483565
-0.022783991488043644
-0.023565429025159124
-0.02622634600563164
-0.028745075059149514
-0.025654157272606365
-0.020152076678501687
-0.018529248977872552
-0.023172635699073296
-0.02579047873952208
-0.023411633926976632
-0.020991828097113033
-0.02029186008279201
-0.02040717168216189
-0.020538754550066457
-0.020558805644426602
-0.02053857466575676
-0.020523171904817526
-0.020519182262187255
-0.020519926527078482
-0.020520740988254776
-0.020520840316281055
-0.020520698001469474
-0.020520598760938435
-0.020520563830641325
-0.02052055580386685
-0.02052055452039444
-0.02052055452039442
-0.020520555803866813
-0.020520563830641332
-0.020520598760938483
-0.02052069800146953
-0.02052084031628101
-0.02052074098825465
-0.020519926527078423
-0.020519182262187335
-0.020523171904817724
-0.020538574665756936
-0.020558805644426765
-0.020538754550066506
-0.020407171682161683
-0.020291860082791886
-0.02099182809711327
-0.02341163392697692
-0.02579047873952208
-0.02317263569907319
-0.018529248977871882
-0.01605079512427442
-0.019686624657273687
-0.021717129999085455
-0.019570183327134092
-0.01748987829433363
-0.016903767249017994
-0.01700040001320839
-0.01710553836747226
-0.01712026810876452
-0.017104271994888242
-0.01709242058131406
-0.017089382447836185
-0.017089957212280016
-0.017090558965752144
-0.0170906027250657
-0.017090471453076506
-0.01709038598223869
-0.017090356505959317
-0.017090349802090198
-0.01709034873702276
-0.017090348737022736
-0.017090349802090156
-0.01709035650595932
-0.017090385982238755
-0.01709047145307658
-0.017090602725065695
-0.017090558965752085
-0.01708995721227999
-0.01708938244783626
-0.01709242058131421
-0.017104271994888412
-0.017120268108764665
-0.017105538367472257
-0.01700040001320824
-0.01690376724901789
-0.01748987829433382
-0.01957018332713434
-0.02171712999908546
-0.01968662465727365
-0.016050795124273907
-0.013025773969592095
-0.015653516632139985
-0.017062105011185467
-0.015210953479468143
-0.013523179798099617
-0.013066437249347678
-0.013145644763840801
-0.013225212157406498
-0.013235751577836278
-0.013224565495737766
-0.013216449131064744
-0.013214389517670233
-0.013214777353605812
-0.013215153682809969
-0.013215140957029086
-0.013215023473106447
-0.013214953541389997
-0.013214930116962023
-0.01321492486849826
-0.013214924042337607
-0.013214924042337602
-0.01321492486849821
-0.013214930116962027
-0.013214953541390066
-0.013215023473106506
-0.013215140957029067
-0.0132151536828099
-0.01321477735360578
-0.013214389517670271
-0.013216449131064815
-0.013224565495737861
-0.013235751577836368
-0.013225212157406494
-0.01314564476384068
-0.013066437249347593
-0.013523179798099777
-0.015210953479468317
-0.017062105011185477
-0.01565351663213995
-0.013025773969591687
-0.009911843790664916
-0.01169143299124975
-0.012545878927452861
-0.011027997606745459
-0.009737385435353985
-0.00940716161760885
-0.009470970817824161
-0.009528481443906894
-0.009536167996188269
-0.00952953149328347
-0.009524742469699955
-0.009523527924382987
-0.009523733448447617
-0.009523905576326847
-0.00952384639810766
-0.009523745342648863
-0.009523691272453548
-0.009523673856595964
-0.009523670034636538
-0.00952366944077498
-0.00952366944077497
-0.00952367003463651
-0.009523673856595957
-0.009523691272453599
-0.009523745342648911
-0.009523846398107643
-0.009523905576326794
-0.009523733448447588
-0.009523527924383003
-0.009524742469699995
-0.009529531493283517
-0.009536167996188321
-0.009528481443906889
-0.00947097081782405
-0.009407161617608774
-0.00973738543535408
-0.011027997606745582
-0.012545878927452861
-0.011691432991249728
-0.00991184379066463
-0.007164562830841013
-0.00835923057827625
-0.00881225077139763
-0.0076395741679711835
-0.006709912407598733
-0.006488933768634809
-0.006540114891303428
-0.006580946649760708
-0.006587193454866884
-0.006584239859613627
-0.006581943513210262
-0.00658131755685587
-0.006581358680044865
-0.0065813729015930305
-0.006581285397973402
-0.006581202981726765
-0.006581163766478533
-0.006581151746484132
-0.006581149180546052
-0.006581148788797739
-0.006581148788797734
-0.006581149180546029
-0.006581151746484128
-0.006581163766478555
-0.006581202981726791
-0.006581285397973395
-0.006581372901592993
-0.006581358680044844
-0.006581317556855875
-0.00658194351321028
-0.0065842398596136515
-0.0065871934548669174
-0.006580946649760699
-0.006540114891303352
-0.00648893376863475
-0.0067099124075987795
-0.007639574167971247
-0.008812250771397617
-0.00835923057827623
-0.007164562830840826
-0.0050418589923500534
-0.0059078365371979065
-0.006134309441936353
-0.005289069425146738
-0.004658032337287941
-0.004521927891466414
-0.004563633872461922
-0.004593372946189791
-0.004599160043212137
-0.0045986376691396534
-0.00459781807653632
-0.00459748279297054
-0.004597388411318324
-0.004597303116683998
-0.004597208190145188
-0.0045971455054057845
-0.004597119090050677
-0.004597111460032173
-0.0045971098874259585
-0.0045971096527910845
-0.004597109652791077
-0.004597109887425947
-0.004597111460032168
-0.004597119090050689
-0.0045971455054057975
-0.0045972081901451784
-0.0045973031166839755
-0.004597388411318314
-0.004597482792970544
-0.004597818076536327
-0.004598637669139662
-0.004599160043212152
-0.0045933729461897855
-0.00456363387246187
-0.0045219278914663714
-0.004658032337287958
-0.005289069425146765
-0.006134309441936336
-0.005907836537197888
-0.005041858992349936
-0.0035311505175833107
-0.0042269951339112604
-0.004356666293381321
-0.0037902035354774005
-0.0033857747531307178
-0.003309864926769687
-0.003344661334400037
-0.0033674032406225763
-0.0033729086105433468
-0.0033735089469462583
-0.003373276155332977
-0.0033730017676404066
-0.003372816412297516
-0.003372688770869105
-0.0033726041209702264
-0.0033725604323769985
-0.0033725441104194157
-0.0033725397041188296
-0.003372538833943109
-0.0033725387078275015
-0.0033725387078274984
-0.0033725388339431004
-0.0033725397041188257
-0.0033725441104194244
-0.003372560432377007
-0.003372604120970223
-0.003372688770869097
-0.0033728164122975132
-0.0033730017676404113
-0.0033732761553329793
-0.003373508946946261
-0.0033729086105433546
-0.003367403240622574
-0.0033446613344000073
-0.0033098649267696593
-0.0033857747531307225
-0.0037902035354774105
-0.0043566662933813075
-0.004226995133911248
-0.0035311505175832448
-0.002458748525068383
-0.003033928064360508
-0.003126770755594347
-0.002770648974448423
-0.0025248156828240782
-0.00248790178844327
-0.0025168889839210506
-0.002534582545492776
-0.0025393423527557664
-0.002540059654130584
-0.0025398710542978526
-0.0025395615629483143
-0.002539342570660795
-0.002539217323195188
-0.0025391532209864003
-0.0025391257961778916
-0.002539116677347524
-0.002539114391417861
-0.0025391139620628248
-0.0025391139020082536
-0.002539113902008252
-0.002539113962062819
-0.0025391143914178585
-0.002539116677347527
-0.002539125796177896
-0.002539153220986398
-0.002539217323195184
-0.002539342570660796
-0.002539561562948317
-0.002539871054297851
-0.0025400596541305834
-0.00253934235275577
-0.0025345825454927756
-0.002516888983921036
-0.0024879017884432545
-0.002524815682824078
-0.0027706489744484257
-0.003126770755594338
-0.003033928064360503
-0.00245874852506835
-0.0016590755769557034
-0.0021074866125424634
-0.00217619104218593
-0.001962178109446536
-0.0018196707634301939
-0.0018053891861417224
-0.0018284124117897255
-0.0018415518729960785
-0.0018450265116919605
-0.0018453657900332583
-0.0018450498468189922
-0.001844723559422972
-0.0018445246759408603
-0.0018444274870796473
-0.0018443859025489566
-0.001844370648083393
-0.0018443661139209077
-0.0018443650636959697
-0.0018443648773861607
-0.0018443648524054577
-0.0018443648524054564
-0.0018443648773861575
-0.001844365063695968
-0.001844366113920909
-0.0018443706480833948
-0.001844385902548955
-0.0018444274870796451
-0.00184452467594086
-0.0018447235594229736
-0.0018450498468189904
-0.0018453657900332563
-0.0018450265116919625
-0.001841551872996079
-0.0018284124117897175
-0.0018053891861417133
-0.0018196707634301913
-0.0019621781094465345
-0.002176191042185926
-0.0021074866125424616
-0.0016590755769556888
-0.0010506996253164497
-0.0013664935005087383
-0.0014105029844351132
-0.0012856052870536653
-0.0012067576306048417
-0.0012038069745909036
-0.0012205967285984567
-0.001229443594352444
-0.00123149247797948
-0.0012314198500609492
-0.0012310342744303645
-0.0012307509427676032
-0.0012306040489083456
-0.0012305416210001982
-0.0012305185283179513
-0.0012305111257299728
-0.0012305091523591512
-0.0012305087316504169
-0.001230508661576315
-0.0012305086526240526
-0.0012305086526240522
-0.0012305086615763132
-0.0012305087316504155
-0.0012305091523591516
-0.0012305111257299738
-0.0012305185283179505
-0.0012305416210001967
-0.001230604048908346
-0.0012307509427676034
-0.0012310342744303623
-0.0012314198500609475
-0.001231492477979481
-0.0012294435943524446
-0.001220596728598453
-0.0012038069745908988
-0.0012067576306048395
-0.0012856052870536647
-0.0014105029844351108
-0.0013664935005087383
-0.0010506996253164444
-0.0006077161563718598
-0.0008055785768492162
-0.0008279087208818957
-0.0007571328329132773
-0.0007159071125851432
-0.0007175085358432796
-0.0007285670741584135
-0.0007338365118973902
-0.0007347604881744155
-0.000734472691880571
-0.0007341286220368126
-0.0007339273990376067
-0.0007338373146874432
-0.0007338036635620068
-0.0007337927442133466
-0.000733789657431464
-0.0007337889182151018
-0.0007337887733886621
-0.0007337887507746631
-0.0007337887480230076
-0.0007337887480230074
-0.0007337887507746626
-0.0007337887733886617
-0.0007337889182151022
-0.0007337896574314646
-0.0007337927442133462
-0.0007338036635620064
-0.0007338373146874433
-0.0007339273990376067
-0.0007341286220368113
-0.0007344726918805701
-0.0007347604881744159
-0.000733836511897391
-0.0007285670741584124
-0.000717508535843277
-0.0007159071125851415
-0.0007571328329132761
-0.0008279087208818946
-0.000805578576849217
-0.0006077161563718582
-0.0003120543479470611
-0.00042067168342650046
-0.0004282425828733941
-0.00038986856678728944
-0.000369960792277388
-0.0003726797419287527
-0.00037926205496505855
-0.00038202566232545205
-0.00038229724574051103
-0.0003819945745767822
-0.00038175424107454454
-0.0003816359611626837
-0.00038158967855980274
-0.0003815744165340979
-0.0003815700547102073
-0.00038156896454857175
-0.0003815687292454433
-0.00038156868647458734
-0.000381568680094845
-0.0003815686793351852
-0.0003815686793351852
-0.0003815686800948447
-0.0003815686864745871
-0.0003815687292454436
-0.00038156896454857197
-0.0003815700547102072
-0.0003815744165340977
-0.00038158967855980274
-0.00038163596116268375
-0.0003817542410745437
-0.0003819945745767817
-0.00038229724574051136
-0.0003820256623254525
-0.000379262054965058
-0.0003726797419287515
-0.000369960792277387
-0.0003898685667872888
-0.0004282425828733938
-0.0004206716834265008
-0.0003120543479470608
-0.00013598608204484685
-0.00018635747135732172
-0.0001861592781518016
-0.00016664455031941122
-0.0001581053307083147
-0.00016053536930619197
-0.00016411243486550955
-0.00016539955863836066
-0.00016540392490181556
-0.00016518710023757891
-0.00016505063780288077
-0.0001649925847788564
-0.00016497261423989651
-0.00016496680321342733
-0.0001649653421082414
-0.00016496501790504492
-0.00016496495330558982
-0.00016496494176664397
-0.00016496493997158768
-0.0001649649397404941
-0.00016496493974049408
-0.00016496493997158765
-0.00016496494176664397
-0.00016496495330558988
-0.00016496501790504509
-0.00016496534210824136
-0.0001649668032134273
-0.00016497261423989662
-0.00016499258477885634
-0.00016505063780288047
-0.00016518710023757867
-0.00016540392490181567
-0.0001653995586383609
-0.00016411243486550955
-0.00016053536930619143
-0.00015810533070831427
-0.00016664455031941092
-0.00018615927815180148
-0.00018635747135732189
-0.00013598608204484671
-4.580562501382209e-05
-6.389245613765609e-05
-6.098018785228408e-05
-5.1888700246742144e-05
-4.887979155902903e-05
-5.063581988356333e-05
-5.243921408598905e-05
-5.2984679153707346e-05
-5.293158479841882e-05
-5.281130997980008e-05
-5.274727621598265e-05
-5.2723432526036976e-05
-5.271620331297466e-05
-5.2714344612110275e-05
-5.271392965467633e-05
-5.271384441485401e-05
-5.271382688383126e-05
-5.271382325922908e-05
-5.2713822582304004e-05
-5.2713822480568815e-05
-5.27138224805688e-05
-5.2713822582304e-05
-5.2713823259229093e-05
-5.2713826883831244e-05
-5.2713844414854034e-05
-5.271392965467633e-05
-5.271434461211026e-05
-5.271620331297468e-05
-5.2723432526036976e-05
-5.2747276215982576e-05
-5.281130997980004e-05
-5.293158479841889e-05
-5.298467915370746e-05
-5.2439214085989066e-05
-5.06358198835632e-05
-4.8879791559028905e-05
-5.188870024674207e-05
-6.0980187852284023e-05
-6.389245613765613e-05
-4.580562501382207e-05
-8.946221351325399e-06
-1.271183856960804e-05
-9.917872720875996e-06
-6.189180590750117e-06
-5.521961242281188e-06
-6.641271762191423e-06
-7.50198777337927e-06
-7.723516145467436e-06
-7.686278610596774e-06
-7.632813428530961e-06
-7.607923134957173e-06
-7.599744171096272e-06
-7.597534122071796e-06
-7.597016065068661e-06
-7.596904602603606e-06
-7.596879338715377e-06
-7.596872763542236e-06
-7.5968710767516695e-06
-7.596870721357483e-06
-7.5968706650266475e-06
-7.596870665026658e-06
-7.5968707213574784e-06
-7.59687107675164e-06
-7.596872763542228e-06
-7.596879338715363e-06
-7.596904602603597e-06
-7.597016065068655e-06
-7.597534122071812e-06
-7.599744171096279e-06
-7.607923134957167e-06
-7.632813428530958e-06
-7.6862786105968e-06
-7.723516145467472e-06
-7.501987773379292e-06
-6.641271762191389e-06
-5.521961242281171e-06
-6.1891805907501155e-06
-9.917872720876001e-06
-1.2711838569608027e-05
-8.946221351325341e-06
8.872844364841371e-07
1.4383336940568845e-06
3.090169687253671e-06
4.311259997628073e-06
4.195454264498943e-06
3.5485689815294433e-06
3.151411438051983e-06
3.058172761361532e-06
3.0725239358342444e-06
3.0915328237178377e-06
3.099510050695563e-06
3.1018781191919307e-06
3.1024864025166642e-06
3.102636818935177e-06
3.102676068743455e-06
3.102687688373073e-06
3.1026912421209734e-06
3.1026921811483035e-06
3.102692374481117e-06
3.1026924041668074e-06
3.1026924041668082e-06
3.10269237448111e-06
3.102692181148293e-06
3.1026912421209743e-06
3.1026876883730716e-06
3.1026760687434632e-06
3.1026368189351812e-06
3.1024864025166617e-06
3.101878119191925e-06
3.0995100506955555e-06
3.091532823717821e-06
3.0725239358342317e-06
3.05817276136152e-06
3.1514114380519873e-06
3.5485689815294467e-06
4.1954542644989295e-06
4.311259997628048e-06
3.0901696872536613e-06
1.4383336940568976e-06
8.872844364841805e-07
9.530516835732627e-07
1.7634641148685075e-06
2.363915327851244e-06
2.5744483619700842e-06
2.3212132412737475e-06
1.9791149123800503e-06
1.799327590798546e-06
1.7565396644277753e-06
1.7587617946514417e-06
1.7640301402693957e-06
1.7661711474251722e-06
1.7668077401002107e-06
1.7669987860654716e-06
1.7670610648032896e-06
1.7670818125962958e-06
1.767088537038822e-06
1.767090512263011e-06
1.7670909950261734e-06
1.7670910877224392e-06
1.767091101222365e-06
1.7670911012223673e-06
1.7670910877224399e-06
1.767090995026173e-06
1.7670905122630045e-06
1.7670885370388153e-06
1.7670818125962922e-06
1.7670610648032947e-06
1.7669987860654712e-06
1.7668077401002039e-06
1.766171147425169e-06
1.7640301402693914e-06
1.7587617946514362e-06
1.75653966442778e-06
1.799327590798563e-06
1.9791149123800464e-06
2.321213241273728e-06
2.574448361970067e-06
2.3639153278512416e-06
1.76346411486852e-06
9.530516835732973e-07
-3.667732043075592e-07
-1.2139699802188662e-07
-8.377429286055855e-08
-1.7378441956868273e-07
-3.636536850386833e-07
-5.295850110133441e-07
-6.094350159970555e-07
-6.300362164622899e-07
-6.312443220586929e-07
-6.301120714328964e-07
-6.295479725673679e-07
-6.293318104986836e-07
-6.292435106380183e-07
-6.292091014223651e-07
-6.29197278920156e-07
-6.29193684844967e-07
-6.291927292745122e-07
-6.291925165253735e-07
-6.29192478559086e-07
-6.291924733196308e-07
-6.291924733196301e-07
-6.291924785590862e-07
-6.29192516525375e-07
-6.291927292745157e-07
-6.291936848449698e-07
-6.291972789201564e-07
-6.292091014223625e-07
-6.292435106380178e-07
-6.293318104986862e-07
-6.2954797256737e-07
-6.301120714328973e-07
-6.312443220586919e-07
-6.300362164622862e-07
-6.094350159970439e-07
-5.295850110133387e-07
-3.6365368503868784e-07
-1.7378441956868919e-07
-8.377429286055632e-08
-1.2139699802188048e-07
-3.6677320430754106e-07
-7.732593851091278e-07
-8.410769042867249e-07
-9.596595722436175e-07
-1.0708450963330162e-06
-1.174673834191297e-06
-1.2482553544065267e-06
-1.282415548815233e-06
-1.2918942978642479e-06
-1.2929841756702343e-06
-1.292702441495854e-06
-1.2924776875377314e-06
-1.2923661672645793e-06
-1.2923167191084955e-06
-1.2922980845449735e-06
-1.2922921626633022e-06
-1.2922905307255185e-06
-1.2922901383561995e-06
-1.2922900583089278e-06
-1.292290044972134e-06
-1.2922900432236956e-06
-1.2922900432236947e-06
-1.2922900449721323e-06
-1.2922900583089278e-06
-1.2922901383562014e-06
-1.2922905307255191e-06
-1.292292162663302e-06
-1.2922980845449727e-06
-1.292316719108494e-06
-1.29236616726458e-06
-1.292477687537731e-06
-1.2927024414958537e-06
-1.292984175670234e-06
-1.2918942978642445e-06
-1.2824155488152244e-06
-1.2482553544065201e-06
-1.174673834191294e-06
-1.0708450963330162e-06
-9.596595722436145e-07
-8.410769042867212e-07
-7.732593851091216e-07
-5.418597374450332e-07
-6.472460988092819e-07
-7.413318572515589e-07
-8.051404037859679e-07
-8.509103874161691e-07
-8.805010764760655e-07
-8.941292522270828e-07
-8.979460555512462e-07
-8.983354851987738e-07
-8.981517956140578e-07
-8.980152945128646e-07
-8.979508397784631e-07
-8.979250244523555e-07
-8.979162734770794e-07
-8.979137557816898e-07
-8.979131264481258e-07
-8.979129885523966e-07
-8.979129625958294e-07
-8.979129585410543e-07
-8.979129580349654e-07
-8.979129580349649e-07
-8.979129585410536e-07
-8.979129625958281e-07
-8.979129885523976e-07
-8.979131264481263e-07
-8.979137557816892e-07
-8.979162734770792e-07
-8.979250244523557e-07
-8.979508397784633e-07
-8.980152945128639e-07
-8.981517956140564e-07
-8.983354851987734e-07
-8.979460555512446e-07
-8.941292522270783e-07
-8.805010764760606e-07
-8.509103874161652e-07
-8.051404037859664e-07
-7.413318572515566e-07
-6.472460988092799e-07
-5.418597374450303e-07
-2.432910543407496e-07
-3.0048595935817034e-07
-3.434030398710603e-07
-3.6898646978496346e-07
-3.857608799981509e-07
-3.964601009199619e-07
-4.013376105725336e-07
-4.025677667217655e-07
-4.025628371228639e-07
-4.024136550438584e-07
-4.023311592821969e-07
-4.0229780309059993e-07
-4.0228616608754334e-07
-4.022826502930011e-07
-4.0228173394427044e-07
-4.0228152505312797e-07
-4.0228148307427924e-07
-4.02281475749437e-07
-4.022814746737949e-07
-4.0228147454582313e-07
-4.0228147454582303e-07
-4.0228147467379435e-07
-4.0228147574943684e-07
-4.022814830742794e-07
-4.022815250531282e-07
-4.0228173394427007e-07
-4.0228265029300093e-07
-4.0228616608754345e-07
-4.0229780309060004e-07
-4.02331159282196e-07
-4.024136550438577e-07
-4.025628371228635e-07
-4.0256776672176485e-07
-4.0133761057253215e-07
-3.964601009199602e-07
-3.8576087999814907e-07
-3.689864697849624e-07
-3.4340303987105933e-07
-3.004859593581697e-07
-2.432910543407486e-07
-7.884954488366329e-08
-9.875508491925683e-08
-1.124377094753096e-07
-1.2022649430785148e-07
-1.2547751854685972e-07
-1.2893086416370427e-07
-1.3042284643629537e-07
-1.3068018965186438e-07
-1.305758250668763e-07
-1.3048010210801056e-07
-1.3043761578421706e-07
-1.3042282501429683e-07
-1.304183060542195e-07
-1.3041708455819223e-07
-1.3041679507833365e-07
-1.3041673463276414e-07
-1.3041672344729523e-07
-1.304167216335787e-07
-1.3041672138294382e-07
-1.3041672135451472e-07
-1.3041672135451464e-07
-1.3041672138294377e-07
-1.3041672163357862e-07
-1.3041672344729523e-07
-1.3041673463276414e-07
-1.3041679507833357e-07
-1.304170845581921e-07
-1.3041830605421958e-07
-1.304228250142967e-07
-1.304376157842166e-07
-1.3048010210801024e-07
-1.3057582506687637e-07
-1.3068018965186435e-07
-1.3042284643629494e-07
-1.2893086416370364e-07
-1.254775185468592e-07
-1.2022649430785116e-07
-1.1243770947530951e-07
-9.875508491925673e-08
-7.884954488366324e-08
-1.9251885481769774e-08
-2.415233642020737e-08
-2.7358043847248887e-08
-2.9260843604270525e-08
-3.071944763911936e-08
-3.1698192127842887e-08
-3.205278228527811e-08
-3.204099212985532e-08
-3.1958433025817236e-08
-3.19096123555194e-08
-3.1891116512749e-08
-3.188546068075193e-08
-3.18839309631324e-08
-3.188355921010125e-08
-3.188347886253908e-08
-3.188346345054874e-08
-3.188346081854644e-08
-3.1883460421629585e-08
-3.1883460370029224e-08
-3.18834603644526e-08
-3.188346036445259e-08
-3.188346037002923e-08
-3.1883460421629585e-08
-3.188346081854646e-08
-3.188346345054874e-08
-3.188347886253906e-08
-3.188355921010126e-08
-3.188393096313248e-08
-3.188546068075195e-08
-3.1891116512748914e-08
-3.1909612355519323e-08
-3.195843302581732e-08
-3.2040992129855444e-08
-3.205278228527815e-08
-3.1698192127842794e-08
-3.071944763911925e-08
-2.9260843604270574e-08
-2.7358043847248934e-08
-2.4152336420207455e-08
-1.925188548176982e-08
-3.6077491878349974e-09
-4.481184653795784e-09
-5.053187968970167e-09
-5.462693909966758e-09
-5.83337152346797e-09
-6.063520963387629e-09
-6.107513104215811e-09
-6.062807211024977e-09
-6.01946584934426e-09
-5.998852618679383e-09
-5.9919413474721355e-09
-5.990052392523829e-09
-5.989595550089501e-09
-5.9894953011819234e-09
-5.989475496429625e-09
-5.989471999761556e-09
-5.989471448016544e-09
-5.9894713706486255e-09
-5.989471361195511e-09
-5.989471360222494e-09
-5.989471360222496e-09
-5.989471361195515e-09
-5.989471370648627e-09
-5.989471448016547e-09
-5.989471999761562e-09
-5.989475496429623e-09
-5.989495301181929e-09
-5.989595550089524e-09
-5.9900523925238394e-09
-5.9919413474721215e-09
-5.998852618679372e-09
-6.0194658493443e-09
-6.062807211025046e-09
-6.107513104215866e-09
-6.0635209633876635e-09
-5.833371523468e-09
-5.462693909966815e-09
-5.053187968970233e-09
-4.4811846537958366e-09
-3.6077491878350268e-09
-5.219702138992719e-10
-6.409032208233884e-10
-7.309687163130761e-10
-8.206411907534833e-10
-9.047252341613366e-10
-9.413566896418358e-10
-9.284671160035969e-10
-9.013530607247984e-10
-8.834175023604478e-10
-8.760146606641084e-10
-8.737674358124232e-10
-8.732105086246337e-10
-8.730889036003648e-10
-8.730646935914593e-10
-8.730603105039298e-10
-8.730595966184414e-10
-8.730594923746834e-10
-8.730594787712163e-10
-8.730594772052154e-10
-8.730594770502723e-10
-8.730594770502732e-10
-8.730594772052167e-10
-8.730594787712183e-10
-8.730594923746849e-10
-8.730595966184417e-10
-8.730603105039278e-10
-8.730646935914605e-10
-8.7308890360037e-10
-8.732105086246375e-10
-8.737674358124227e-10
-8.760146606641101e-10
-8.834175023604595e-10
-9.013530607248178e-10
-9.284671160036182e-10
-9.41356689641857e-10
-9.047252341613576e-10
-8.206411907535068e-10
-7.309687163130977e-10
-6.409032208234002e-10
-5.219702138992741e-10
-5.7548581743492513e-11
-7.685599626976851e-11
-9.637138607464171e-11
-1.1783172953837958e-10
-1.3266143239634042e-10
-1.3170550113505322e-10
-1.199576888042227e-10
-1.0859924138297126e-10
-1.0241570572891286e-10
-1.0011770150608878e-10
-9.947573797681512e-11
-9.932958812306376e-11
-9.930046601879844e-11
-9.929516857696575e-11
-9.929428535066578e-11
-9.929415201845793e-11
-9.92941338930503e-11
-9.929413166624325e-11
-9.929413141732306e-11
-9.929413139183069e-11
-9.929413139183076e-11
-9.929413141732349e-11
-9.92941316662433e-11
-9.929413389305001e-11
-9.9294152018457e-11
-9.92942853506641e-11
-9.929516857696425e-11
-9.930046601879781e-11
-9.932958812306319e-11
-9.947573797681367e-11
-1.0011770150608675e-10
-1.0241570572891188e-10
-1.085992413829718e-10
-1.1995768880422441e-10
-1.3170550113505617e-10
-1.3266143239634332e-10
-1.178317295383817e-10
-9.6371386074642e-11
-7.6855996269766e-11
-5.754858174348754e-11
-4.423913958988119e-12
-1.1233251499629888e-11
-1.7831997465459288e-11
-2.2923805673666873e-11
-2.3954519552268506e-11
-2.0430477567614747e-11
-1.528181446408122e-11
-1.148662767119792e-11
-9.666614063400391e-12
-9.043901360604414e-12
-8.881631904159424e-12
-8.847233704136282e-12
-8.840890367971906e-12
-8.839823296172337e-12
-8.83965788172662e-12
-8.839634519415836e-12
-8.839631514515638e-12
-8.839631151386249e-12
-8.839631107200915e-12
-8.83963110142723e-12
-8.839631101427264e-12
-8.839631107200971e-12
-8.839631151386203e-12
-8.839631514515468e-12
-8.839634519415449e-12
-8.839657881725971e-12
-8.839823296171538e-12
-8.84089036797112e-12
-8.84723370413546e-12
-8.881631904158219e-12
-9.04390136060254e-12
-9.666614063397764e-12
-1.1486627671194812e-11
-1.5281814464078126e-11
-2.0430477567611923e-11
-2.395451955226558e-11
-2.292380567366355e-11
-1.7831997465455552e-11
-1.1233251499625984e-11
-4.423913958984466e-12
-9.230599125069763e-14
-2.879333446694139e-12
-5.132809798111837e-12
-6.178614941059189e-12
-5.639240310763341e-12
-4.007648399155391e-12
-2.333351909766007e-12
-1.2740914225123794e-12
-8.10871030953653e-13
-6.625544626088281e-13
-6.260097733594758e-13
-6.186721938746233e-13
-6.173924203220108e-13
-6.171889050338508e-13
-6.171591553957916e-13
-6.171552455453958e-13
-6.171547901472377e-13
-6.171547411812805e-13
-6.171547354263266e-13
-6.171547345252352e-13
-6.17154734525247e-13
-6.171547354263428e-13
-6.171547411812849e-13
-6.171547901472352e-13
-6.171552455453753e-13
-6.171591553957057e-13
-6.171889050336664e-13
-6.173924203217388e-13
-6.186721938742488e-13
-6.260097733588835e-13
-6.625544626078208e-13
-8.108710309520964e-13
-1.2740914225103375e-12
-2.333351909763705e-12
-4.007648399153012e-12
-5.639240310760896e-12
-6.178614941056704e-12
-5.132809798109436e-12
-2.8793334466920474e-12
-9.230599124909224e-14
5.1889065928702737e-14
-8.7230594207572e-13
-1.523618703113856e-12
-1.6913755284321645e-12
-1.3909284515843305e-12
-8.746782241289948e-13
-4.303861005278189e-13
-1.7718771460026847e-13
-7.418576108998227e-14
-4.2943492615271615e-14
-3.556249145944725e-14
-3.4125123139581253e-14
-3.387850277991341e-14
-3.383965259502023e-14
-3.383427583769886e-14
-3.3833769024646636e-14
-3.383379581937694e-14
-3.383382609120029e-14
-3.383383595025928e-14
-3.383383821196279e-14
-3.383383821196357e-14
-3.383383595026119e-14
-3.3833826091206197e-14
-3.383379581939387e-14
-3.383376902467392e-14
-3.383427583771851e-14
-3.383965259500668e-14
-3.387850277984919e-14
-3.4125123139449854e-14
-3.556249145920789e-14
-4.2943492614856283e-14
-7.418576108933663e-14
-1.771877145993981e-13
-4.30386100526787e-13
-8.746782241278806e-13
-1.390928451583194e-12
-1.691375528431062e-12
-1.5236187031128703e-12
-8.723059420749336e-13
5.188906592924067e-14
