1600
-0.026230517623080728
-0.02061978766543726
-0.022574903722005615
-0.02368498161213553
-0.025796171126071576
-0.026667372861366292
-0.028318950316239613
-0.02850010782286383
-0.028037118201857794
-0.028034411070256796
-0.0280151225837576
-0.028054803571928022
-0.028066267451806334
-0.02806677206471417
-0.028065695617545502
-0.028065283041287165
-0.02806532351337865
-0.02806541839635074
-0.028065460787635985
-0.02806547148764972
-0.028065471487650123
-0.028065460787636554
-0.02806541839635142
-0.028065323513378898
-0.028065283041287303
-0.028065695617545613
-0.028066772064714765
-0.028066267451807306
-0.0280548035719288
-0.028015122583757684
-0.028034411070256726
-0.028037118201857336
-0.028500107822863843
-0.02831895031624039
-0.026667372861366792
-0.025796171126070536
-0.0236849816121342
-0.022574903722004977
-0.020619787665437282
-0.026230517623081498
-0.01204431532061355
0.030360912034059793
-0.01378684433430719
0.0103345947857944
-0.0026732761761192195
-0.0006366349650866361
-0.0035034097587805287
-0.0032133673650133997
-0.002758731060541848
-0.0027230705161367533
-0.0026883356440681122
-0.0027113414338718906
-0.0027182725322409933
-0.002718451934153746
-0.002717718165618073
-0.0027174540798832443
-0.0027174993842913452
-0.0027175757375134998
-0.002717609234978502
-0.0027176176309083814
-0.0027176176309087075
-0.0027176092349786123
-0.0027175757375137114
-0.00271749938429176
-0.0027174540798840146
-0.0027177181656184825
-0.0027184519341540946
-0.0027182725322412336
-0.0027113414338722315
-0.002688335644068937
-0.0027230705161366596
-0.002758731060542109
-0.0032133673650144787
-0.0035034097587794783
-0.0006366349650858399
-0.00267327617611995
0.010334594785793575
-0.013786844334306584
0.03036091203406
-0.012044315320613928
-0.006680007119702022
-0.00710138965137259
-0.013238356670543452
-0.014381935572220502
-0.01901514427650338
-0.02129547710930449
-0.02234323078059176
-0.022167709267449442
-0.021872596843562447
-0.021772272104830497
-0.021759101579618755
-0.021766609937178057
-0.021769130225961213
-0.021769115667943723
-0.0217688680975058
-0.021768822757200185
-0.021768878072366632
-0.02176892510485597
-0.021768943664174277
-0.021768948086146822
-0.02176894808614684
-0.021768943664174315
-0.021768925104855986
-0.021768878072366774
-0.021768822757200355
-0.02176886809750588
-0.021769115667943983
-0.02176913022596155
-0.021766609937178587
-0.021759101579619328
-0.021772272104830865
-0.021872596843562568
-0.0221677092674498
-0.022343230780591913
-0.021295477109304458
-0.019015144276503443
-0.01438193557222029
-0.013238356670543391
-0.007101389651372752
-0.006680007119702009
-0.004504473539831605
-0.010215256330156158
-0.011507141874311178
-0.019285308894148312
-0.02097279272983481
-0.02334011291317527
-0.02313495256498094
-0.022927954947198494
-0.02275408060396963
-0.022670332339836372
-0.022673366141988137
-0.02267588556011874
-0.022676856111708936
-0.022677056106454565
-0.022677217350358145
-0.022677319076739172
-0.02267735597948772
-0.022677365105881336
-0.022677366718014052
-0.02267736685926916
-0.022677366859269046
-0.022677366718013754
-0.02267736510588107
-0.022677355979487487
-0.02267731907673902
-0.02267721735035809
-0.022677056106454357
-0.02267685611170891
-0.02267588556011893
-0.022673366141988317
-0.022670332339836712
-0.022754080603969874
-0.022927954947198372
-0.023134952564981135
-0.02334011291317565
-0.02097279272983463
-0.019285308894148395
-0.011507141874311295
-0.010215256330156353
-0.004504473539831341
-0.004710342951546447
-0.008223369682567835
-0.009292830956816685
-0.012388505077371841
-0.011462004524203616
-0.011420882200200733
-0.010848473565307541
-0.010683904861307195
-0.010628921960218918
-0.010609869938308626
-0.010617346984679943
-0.01061863352558858
-0.010618629005587549
-0.010618810846394182
-0.010619149007170935
-0.010619296786212313
-0.010619293298266812
-0.010619265605141683
-0.01061925271515888
-0.010619249440563635
-0.010619249440563465
-0.01061925271515844
-0.010619265605141145
-0.010619293298266306
-0.010619296786211995
-0.010619149007170576
-0.010618810846393703
-0.010618629005587063
-0.010618633525588245
-0.010617346984679641
-0.010609869938308618
-0.010628921960219058
-0.010683904861307155
-0.010848473565307515
-0.01142088220020092
-0.011462004524203803
-0.012388505077372197
-0.009292830956816774
-0.008223369682567682
-0.004710342951545871
-0.004608552511740978
-0.004800713974240388
-0.004457835415792925
-0.002192478141574663
0.0008766871717320671
0.0026389083175169872
0.00324014141705236
0.003298794573204509
0.0032575117575404447
0.003237604772603559
0.0032366056081599946
0.0032404558170029303
0.003242639574535123
0.00324283858264535
0.003242464218712396
0.0032423202958979727
0.003242366999231843
0.0032424241916101278
0.003242447605695687
0.003242453213976374
0.0032424532139764504
0.003242447605695989
0.003242424191610343
0.0032423669992320513
0.003242320295898146
0.00324246421871259
0.0032428385826457004
0.0032426395745356364
0.0032404558170033917
0.0032366056081603693
0.003237604772603691
0.0032575117575403753
0.0032987945732045713
0.0032401414170525056
0.00263890831751689
0.0008766871717315605
-0.0021924781415751868
-0.004457835415792928
-0.004800713974240121
-0.004608552511740374
-0.0048977322592666656
-0.0029046917639001246
-0.0009279522817838941
0.0037931753313516156
0.008075322949950128
0.010359431496424494
0.010863006918848193
0.010783883197439916
0.010680007918493242
0.010654694005735942
0.01066679441776193
0.010678548489180314
0.010683189245807714
0.01068367863558686
0.010683248059273894
0.010683110647614822
0.010683192619413622
0.01068327104766948
0.010683301503437603
0.01068330861856132
0.010683308618561344
0.010683301503437617
0.010683271047669373
0.010683192619413352
0.01068311064761461
0.010683248059273863
0.01068367863558696
0.010683189245807894
0.010678548489180463
0.010666794417762037
0.010654694005735946
0.0106800079184932
0.01078388319743994
0.010863006918848374
0.010359431496424463
0.008075322949949618
0.003793175331351064
-0.0009279522817839392
-0.002904691763899774
-0.004897732259265876
-0.006406369272392885
-0.004038633446769371
-0.0015820700443278136
0.003667439570187208
0.008349631595561794
0.0106163820744005
0.010998919806184723
0.010817879977264779
0.010681506912734541
0.01066325224617376
0.010687434320423059
0.010705517606613278
0.010711667509023946
0.01071214854702281
0.010711622563265709
0.010711488919253352
0.010711596726602622
0.01071168895896394
0.010711723639480638
0.010711731626415123
0.010711731626415175
0.010711723639480614
0.010711688958963662
0.010711596726602327
0.010711488919253033
0.010711622563265567
0.010712148547022845
0.010711667509024001
0.010705517606613243
0.010687434320422944
0.010663252246173587
0.010681506912734388
0.010817879977264883
0.010998919806185014
0.01061638207440065
0.00834963159556136
0.0036674395701867327
-0.0015820700443278518
-0.004038633446769118
-0.0064063692723921005
-0.008475650915136636
-0.006509093414995816
-0.004376669446207394
0.0007868594841887733
0.005506003237743879
0.007683470856240403
0.007992057760843153
0.007767219981009422
0.007622042732939892
0.007610631817752581
0.0076415480339414935
0.007662599454549664
0.007669178821151076
0.007669504581953944
0.007668911306165406
0.007668789371145995
0.007668914291468203
0.007669013510376105
0.007669049953787428
0.007669058258866272
0.007669058258866421
0.007669049953787518
0.007669013510376112
0.007668914291468008
0.007668789371145748
0.007668911306165378
0.007669504581954079
0.007669178821151208
0.00766259945454963
0.007641548033941403
0.007610631817752334
0.007622042732939781
0.007767219981009564
0.007992057760843625
0.0076834708562406075
0.005506003237743529
0.0007868594841882806
-0.004376669446207397
-0.006509093414995521
-0.008475650915135776
-0.01022046615983679
-0.008766433497813867
-0.00712985435559162
-0.00216362217633944
0.0024704249027468657
0.004577949438069849
0.004865310060690523
0.004644700269125911
0.004508192481029686
0.004501921006819488
0.0045346519624019505
0.004555954474973794
0.004562316234729708
0.0045625154336503305
0.004561922401830683
0.004561823362075966
0.004561956843763256
0.004562056726041888
0.0045620927254292065
0.004562100855960198
0.004562100855960333
0.004562092725429508
0.0045620567260421276
0.00456195684376327
0.004561823362075945
0.004561922401830759
0.00456251543365057
0.004562316234729948
0.004555954474973943
0.004534651962401926
0.004501921006819332
0.004508192481029547
0.004644700269126074
0.004865310060690964
0.004577949438070092
0.0024704249027464806
-0.002163622176339846
-0.00712985435559161
-0.008766433497813576
-0.010220466159835963
-0.011373860558586992
-0.010413024761756857
-0.009257726929887734
-0.004591104462418956
-0.00018017645166108417
0.0018134220027963936
0.0020920536499354145
0.0018991612555731494
0.0017809259099760208
0.0017784729488674184
0.0018096736290233138
0.0018295073842838488
0.0018353219449630566
0.0018354689205419446
0.0018349372510970338
0.001834868936396103
0.0018350029854724177
0.001835097989385498
0.0018351316393006405
0.0018351391732999885
0.0018351391733001272
0.0018351316393009284
0.0018350979893857478
0.001835002985472501
0.001834868936396141
0.0018349372510971691
0.0018354689205422672
0.0018353219449633272
0.0018295073842840189
0.0018096736290233728
0.001778472948867335
0.0017809259099759514
0.0018991612555732881
0.0020920536499358516
0.0018134220027966538
-0.00018017645166137214
-0.004591104462419306
-0.009257726929887692
-0.010413024761756621
-0.011373860558586208
-0.011968837640800058
-0.011521906052293956
-0.010861769912704784
-0.0066797047557413496
-0.0026923420679341656
-0.0009125435799655912
-0.0006643890079533164
-0.0008255555865029664
-0.0009226626333162756
-0.0009227981559523646
-0.0008953707129791613
-0.000878116308940545
-0.0008730704154509515
-0.000872931460325372
-0.000873362213753566
-0.0008733954761205691
-0.0008732673552386654
-0.0008731816273154502
-0.0008731518400372194
-0.0008731452368198785
-0.0008731452368197709
-0.0008731518400369488
-0.0008731816273152351
-0.0008732673552385474
-0.000873395476120517
-0.0008733622137533995
-0.0008729314603250805
-0.0008730704154506497
-0.0008781163089403368
-0.0008953707129790607
-0.0009227981559523646
-0.0009226626333163623
-0.0008255555865029213
-0.0006643890079529799
-0.0009125435799654143
-0.0026923420679344605
-0.0066797047557417
-0.01086176991270475
-0.0115219060522937
-0.01196883764079926
-0.011966761205269048
-0.012038750046601432
-0.011869923941433987
-0.008351224913031715
-0.004976845614835709
-0.0035092983776177783
-0.003319693931777251
-0.0034521741345764773
-0.0035280472250444287
-0.0035269429829762836
-0.003504576409116387
-0.0034905754980666358
-0.0034864630247510367
-0.003486319894074854
-0.003486629036694843
-0.0034866256982407622
-0.0034865081917209353
-0.0034864347606254637
-0.0034864098568598793
-0.003486404406624486
-0.003486404406624396
-0.0034864098568596937
-0.0034864347606253163
-0.003486508191720892
-0.0034866256982407657
-0.0034866290366947703
-0.0034863198940746788
-0.0034864630247508303
-0.00349057549806649
-0.0035045764091163473
-0.0035269429829763617
-0.003528047225044552
-0.0034521741345764235
-0.003319693931777003
-0.0035092983776176187
-0.004976845614835926
-0.008351224913032005
-0.01186992394143395
-0.012038750046601281
-0.01196676120526842
-0.01128153595367691
-0.011800031979970418
-0.012032503747010415
-0.009264304717846724
-0.006610765728814815
-0.00550941386731415
-0.005394092836599468
-0.005501406047701664
-0.005557020953157611
-0.005555185843942542
-0.00553828311260017
-0.005527774555229026
-0.0055246670914747605
-0.005524519840487852
-0.00552470292884739
-0.005524665428058747
-0.005524561821531318
-0.005524502257666496
-0.005524482691711515
-0.005524478483025093
-0.005524478483025054
-0.005524482691711381
-0.005524502257666422
-0.005524561821531354
-0.005524665428058804
-0.005524702928847346
-0.005524519840487726
-0.005524667091474653
-0.005527774555228971
-0.005538283112600177
-0.0055551858439426395
-0.005557020953157725
-0.005501406047701637
-0.00539409283659924
-0.005509413867313992
-0.006610765728814999
-0.009264304717846946
-0.012032503747010398
-0.01180003197997029
-0.011281535953676366
-0.009935769631448281
-0.010753053124099611
-0.011214230385073671
-0.009165503004762845
-0.007229230201996499
-0.006486197648540284
-0.006442573879660939
-0.006527776641135353
-0.006565652185098514
-0.006563504859404821
-0.006551760574999956
-0.006544540264179324
-0.006542379689691593
-0.006542226779948782
-0.0065422952880102355
-0.006542231441353593
-0.006542144108454303
-0.0065420985906599356
-0.006542084242848815
-0.006542081226702067
-0.006542081226702037
-0.006542084242848746
-0.006542098590659907
-0.006542144108454372
-0.0065422314413536775
-0.0065422952880102355
-0.00654222677994872
-0.00654237968969155
-0.006544540264179334
-0.006551760575
-0.006563504859404899
-0.006565652185098601
-0.006527776641135322
-0.006442573879660735
-0.006486197648540139
-0.007229230201996617
-0.009165503004763022
-0.011214230385073657
-0.01075305312409952
-0.009935769631447877
-0.00813751970004106
-0.009078953144426362
-0.00957690996576889
-0.008126057902435363
-0.006804743614319411
-0.006356687993727031
-0.006365905290734082
-0.0064315514812269235
-0.006455594710716049
-0.006453609930046686
-0.0064461719908105175
-0.006441649273021546
-0.006440252185756018
-0.006440087102753533
-0.0064400663178057005
-0.006439988624779579
-0.006439919081529008
-0.006439886572342339
-0.00643987683412017
-0.006439874846481432
-0.006439874846481417
-0.006439876834120127
-0.006439886572342331
-0.006439919081529053
-0.006439988624779642
-0.006440066317805715
-0.006440087102753499
-0.006440252185755998
-0.006441649273021562
-0.006446171990810553
-0.006453609930046741
-0.006455594710716109
-0.006431551481226894
-0.006365905290733937
-0.006356687993726921
-0.006804743614319475
-0.008126057902435469
-0.009576909965768871
-0.009078953144426298
-0.008137519700040785
-0.006228335737893383
-0.007151194293178824
-0.007552732892951273
-0.00654771726742386
-0.0056883918394556475
-0.005444229460481344
-0.005480204911732694
-0.0055285958301151015
-0.005543066088757079
-0.005541568436992819
-0.005537253383591817
-0.005534623485951797
-0.005533741925342214
-0.005533560027817547
-0.005533483752233205
-0.0055334062889245686
-0.0055333548058351615
-0.005533333337687341
-0.005533327280776984
-0.005533326088597253
-0.0055333260885972405
-0.005533327280776962
-0.005533333337687333
-0.005533354805835185
-0.005533406288924598
-0.005533483752233201
-0.005533560027817519
-0.0055337419253422
-0.005534623485951806
-0.0055372533835918334
-0.005541568436992844
-0.00554306608875711
-0.005528595830115088
-0.005480204911732603
-0.005444229460481273
-0.005688391839455679
-0.006547717267423916
-0.007552732892951252
-0.007151194293178785
-0.00622833573789321
-0.0045249475165176755
-0.005347586218127086
-0.005613998196685224
-0.004925550793601739
-0.004380760739059144
-0.004256312768251197
-0.004297413208456312
-0.004331418343333509
-0.004339977016190186
-0.004339008224583758
-0.004336617045005367
-0.004335107867600188
-0.004334519168268065
-0.004334327795846202
-0.00433423085343037
-0.004334165200461199
-0.004334130391714589
-0.0043341174545694664
-0.004334114042120882
-0.004334113398653445
-0.00433411339865344
-0.0043341140421208684
-0.00433411745456946
-0.004334130391714603
-0.004334165200461214
-0.004334230853430365
-0.004334327795846188
-0.004334519168268058
-0.004335107867600193
-0.004336617045005373
-0.004339008224583768
-0.004339977016190204
-0.004331418343333506
-0.004297413208456264
-0.004256312768251154
-0.004380760739059158
-0.004925550793601765
-0.0056139981966852074
-0.005347586218127066
-0.004524947516517577
-0.0031782093385497126
-0.003867570722429112
-0.004026938901567054
-0.003565119282822227
-0.0032249737844060535
-0.003163409797769504
-0.0031986530113821353
-0.003221872333206277
-0.0032270960920497797
-0.0032264851741686993
-0.003225090352845226
-0.0032241528586854844
-0.0032237206186642945
-0.0032235403774953826
-0.003223450702468481
-0.0032234029428020103
-0.0032233818292893295
-0.003223374820154792
-0.003223373101310469
-0.0032233727926665803
-0.0032233727926665777
-0.003223373101310462
-0.0032233748201547885
-0.0032233818292893342
-0.0032234029428020155
-0.0032234507024684767
-0.003223540377495374
-0.0032237206186642936
-0.0032241528586854874
-0.003225090352845226
-0.003226485174168702
-0.0032270960920497875
-0.003221872333206277
-0.0031986530113821137
-0.003163409797769482
-0.0032249737844060582
-0.0035651192828222373
-0.004026938901567043
-0.0038675707224291034
-0.0031782093385496605
-0.002171496673015166
-0.0027170047468683973
-0.0028116922115402716
-0.00251390253880387
-0.0023067653426178045
-0.00227775033940831
-0.002304760875453984
-0.0023205581308973744
-0.002323886161529508
-0.00232341250980956
-0.002322472220497791
-0.0023218212688832012
-0.002321493697447096
-0.00232134732997204
-0.002321280441716605
-0.0023212506457876885
-0.0023212393523031685
-0.002321235992177442
-0.0023212352291305397
-0.002321235099335117
-0.0023212350993351157
-0.002321235229130536
-0.0023212359921774397
-0.002321239352303171
-0.0023212506457876906
-0.0023212804417166023
-0.0023213473299720363
-0.0023214936974470957
-0.0023218212688832034
-0.00232247222049779
-0.0023234125098095587
-0.0023238861615295114
-0.002320558130897375
-0.0023047608754539727
-0.002277750339408297
-0.0023067653426178045
-0.0025139025388038723
-0.0028116922115402655
-0.002717004746868394
-0.002171496673015141
-0.0014245115267315924
-0.001826446892901078
-0.0018837353349088516
-0.0017010447171483594
-0.0015803408577953985
-0.001568865705139487
-0.0015886286362453875
-0.0015992746583952378
-0.0016013376001813425
-0.0016008657091946164
-0.0016001563446655135
-0.0015996882204947086
-0.0015994550048138018
-0.0015993541184849507
-0.0015993127360783995
-0.0015992968819121918
-0.0015992916410205924
-0.001599290238675912
-0.0015992899444863822
-0.0015992898972742844
-0.0015992898972742838
-0.00159928994448638
-0.0015992902386759108
-0.0015992916410205935
-0.0015992968819121935
-0.0015993127360783982
-0.0015993541184849483
-0.0015994550048138026
-0.0015996882204947097
-0.0016001563446655111
-0.0016008657091946142
-0.0016013376001813436
-0.0015992746583952386
-0.0015886286362453814
-0.0015688657051394798
-0.0015803408577953967
-0.0017010447171483594
-0.0018837353349088481
-0.0018264468929010767
-0.0014245115267315822
-0.0008751283812714987
-0.0011457102931903438
-0.0011782362806785189
-0.0010715736224117432
-0.0010053520445585603
-0.0010029719503963617
-0.001016751129660241
-0.0010235703796417914
-0.001024676715549107
-0.0010241968812349418
-0.0010236650388001137
-0.0010233482346877246
-0.0010232010771911392
-0.0010231423189125228
-0.0010231209076265349
-0.0010231137713936993
-0.001023111694366636
-0.0010231111925134125
-0.001023111095155913
-0.001023111080422432
-0.0010231110804224317
-0.001023111095155912
-0.0010231111925134116
-0.0010231116943666364
-0.0010231137713937002
-0.0010231209076265342
-0.001023142318912522
-0.001023201077191139
-0.0010233482346877249
-0.001023665038800112
-0.0010241968812349403
-0.0010246767155491074
-0.001023570379641792
-0.001016751129660239
-0.0010029719503963574
-0.0010053520445585577
-0.0010715736224117416
-0.0011782362806785165
-0.0011457102931903443
-0.0008751283812714948
-0.0004892015029604806
-0.0006523093266377014
-0.0006673201525776874
-0.0006079714050704651
-0.0005742328135001275
-0.000575718827115031
-0.0005846294702148351
-0.0005886048577203814
-0.0005890476418855348
-0.0005886236183800698
-0.0005882609095937445
-0.0005880700314621246
-0.0005879897359328443
-0.0005879608439368208
-0.000587951578524462
-0.00058794889012011
-0.0005879481971392078
-0.0005879480442337712
-0.0005879480163904115
-0.0005879480123582659
-0.0005879480123582658
-0.0005879480163904108
-0.0005879480442337708
-0.0005879481971392082
-0.0005879488901201105
-0.0005879515785244619
-0.0005879608439368206
-0.0005879897359328444
-0.0005880700314621247
-0.0005882609095937432
-0.0005886236183800689
-0.0005890476418855354
-0.0005886048577203818
-0.0005846294702148339
-0.0005757188271150288
-0.0005742328135001257
-0.0006079714050704639
-0.0006673201525776865
-0.0006523093266377019
-0.0004892015029604796
-0.00024014873996418273
-0.00032571783315153897
-0.00032960438827028945
-0.0002983068197892901
-0.00028267074536010047
-0.00028511654746715806
-0.0002903728365274662
-0.00029243469438320697
-0.0002925188583423206
-0.00029220770737701173
-0.00029199174523547296
-0.0002918918345377182
-0.00029185432244166747
-0.0002918423485015614
-0.0002918390118815321
-0.0002918381738523944
-0.00029183797946554034
-0.0002918379384068443
-0.00029183793091378603
-0.0002918379298081055
-0.00029183792980810543
-0.0002918379309137859
-0.00029183793840684407
-0.0002918379794655404
-0.00029183817385239444
-0.0002918390118815319
-0.0002918423485015613
-0.0002918543224416676
-0.0002918918345377181
-0.0002919917452354723
-0.0002922077073770112
-0.00029251885834232074
-0.00029243469438320724
-0.0002903728365274659
-0.0002851165474671571
-0.0002826707453600995
-0.00029830681978928943
-0.0003296043882702891
-0.0003257178331515392
-0.00024014873996418244
-9.769546198710354e-05
-0.00013477704283392232
-0.00013316543910152728
-0.00011775100538739451
-0.00011143276139212441
-0.00011358273985075817
-0.00011641517425916965
-0.0001173676667819855
-0.00011732433488507577
-0.00011713576945484828
-0.00011702548683335419
-0.00011698061434490205
-0.00011696570202795152
-0.00011696153060406098
-0.00011696053411071093
-0.00011696031599679236
-0.00011696026654481003
-0.00011696025489309027
-0.00011696025243914502
-0.00011696025203516674
-0.00011696025203516671
-0.00011696025243914499
-0.00011696025489309027
-0.00011696026654481002
-0.00011696031599679239
-0.00011696053411071089
-0.00011696153060406093
-0.00011696570202795155
-0.00011698061434490205
-0.000117025486833354
-0.00011713576945484815
-0.00011732433488507586
-0.00011736766678198561
-0.00011641517425916966
-0.00011358273985075786
-0.00011143276139212409
-0.00011775100538739426
-0.00013316543910152714
-0.00013477704283392238
-9.769546198710354e-05
-2.898996240543062e-05
-4.0740445970066025e-05
-3.764662441374894e-05
-3.0742245724809855e-05
-2.8741320644621634e-05
-3.026116913009965e-05
-3.167604633072701e-05
-3.207884515466921e-05
-3.2026215725066724e-05
-3.193187146697939e-05
-3.188410558136015e-05
-3.186697059519656e-05
-3.1861939842175383e-05
-3.186070672094349e-05
-3.1860449831189967e-05
-3.186039500928533e-05
-3.186037947622571e-05
-3.186037472502145e-05
-3.1860373565815146e-05
-3.1860373362338445e-05
-3.1860373362338466e-05
-3.186037356581512e-05
-3.1860374725021395e-05
-3.186037947622568e-05
-3.18603950092853e-05
-3.1860449831189926e-05
-3.1860706720943475e-05
-3.18619398421754e-05
-3.1866970595196536e-05
-3.18841055813601e-05
-3.193187146697934e-05
-3.202621572506677e-05
-3.20788451546693e-05
-3.167604633072704e-05
-3.0261169130099574e-05
-2.8741320644621546e-05
-3.074224572480982e-05
-3.7646624413748956e-05
-4.074044597006602e-05
-2.8989962405430587e-05
-3.7078382832158045e-06
-5.27418114916564e-06
-2.8141365336977567e-06
-1.4728462622627657e-07
1.478927088114272e-07
-7.957772712748379e-07
-1.4653458088145949e-06
-1.6310045026117549e-06
-1.6024377126039393e-06
-1.563745198897936e-06
-1.5463845592052167e-06
-1.5408413687707244e-06
-1.5393709850167091e-06
-1.539034835582809e-06
-1.5389622866936342e-06
-1.5389417096888646e-06
-1.5389339461336837e-06
-1.5389313765689475e-06
-1.5389307546656452e-06
-1.5389306481165242e-06
-1.5389306481165293e-06
-1.538930754665652e-06
-1.5389313765689614e-06
-1.538933946133676e-06
-1.5389417096888633e-06
-1.5389622866936262e-06
-1.5390348355828047e-06
-1.5393709850167218e-06
-1.5408413687707384e-06
-1.5463845592052066e-06
-1.5637451988979568e-06
-1.6024377126039638e-06
-1.631004502611793e-06
-1.4653458088145991e-06
-7.957772712748362e-07
1.4789270881142465e-07
-1.472846262263079e-07
-2.8141365336977656e-06
-5.274181149165639e-06
-3.7078382832157655e-06
1.4157888569305359e-06
2.2905229179021387e-06
3.5508906091383585e-06
4.319364315919206e-06
4.115424673673572e-06
3.5854875573772116e-06
3.2787033573930392e-06
3.207077449868491e-06
3.2160373627708178e-06
3.2287959918180643e-06
3.2340643311106475e-06
3.2356296129131873e-06
3.236048477630057e-06
3.2361596355979204e-06
3.236192526229732e-06
3.236204556079456e-06
3.2362090505695094e-06
3.2362104093285365e-06
3.2362107141285306e-06
3.2362107636446706e-06
3.236210763644675e-06
3.2362107141285357e-06
3.2362104093285382e-06
3.2362090505695048e-06
3.2362045560794483e-06
3.236192526229727e-06
3.236159635597926e-06
3.2360484776300523e-06
3.235629612913173e-06
3.2340643311106466e-06
3.2287959918180524e-06
3.216037362770802e-06
3.2070774498684917e-06
3.2787033573930485e-06
3.585487557377212e-06
4.1154246736735424e-06
4.319364315919179e-06
3.5508906091383534e-06
2.2905229179021557e-06
1.4157888569305812e-06
4.63488804416357e-07
1.090594035481676e-06
1.447357758920254e-06
1.506162299733328e-06
1.2639932207295292e-06
9.919390808364136e-07
8.540743765096966e-07
8.20556835391311e-07
8.210097179739683e-07
8.243009252048698e-07
8.256977592875148e-07
8.261494452671341e-07
8.263027456810742e-07
8.263573781411583e-07
8.263769859265251e-07
8.263840258195639e-07
8.263863411905389e-07
8.26386964054213e-07
8.263870926969856e-07
8.263871124608891e-07
8.263871124608886e-07
8.263870926969867e-07
8.263869640542085e-07
8.263863411905318e-07
8.263840258195558e-07
8.263769859265231e-07
8.263573781411612e-07
8.263027456810749e-07
8.261494452671274e-07
8.256977592875093e-07
8.24300925204864e-07
8.210097179739686e-07
8.205568353913168e-07
8.540743765097101e-07
9.919390808364176e-07
1.263993220729515e-06
1.506162299733314e-06
1.4473577589202543e-06
1.0905940354816835e-06
4.634888044163868e-07
-6.135742806214682e-07
-5.128944852330003e-07
-5.613025134737389e-07
-6.754621953397373e-07
-8.351985304321274e-07
-9.631933491192735e-07
-1.0237132250186483e-06
-1.0397136397374826e-06
-1.0410138909935523e-06
-1.040305165239689e-06
-1.0398906365198778e-06
-1.0397100725110386e-06
-1.039631894846945e-06
-1.0396011289944137e-06
-1.039590325873302e-06
-1.039586840277152e-06
-1.0395858326330113e-06
-1.0395855889234268e-06
-1.0395855423020437e-06
-1.0395855355104715e-06
-1.03958553551047e-06
-1.0395855423020418e-06
-1.0395855889234273e-06
-1.039585832633015e-06
-1.0395868402771543e-06
-1.0395903258733021e-06
-1.0396011289944112e-06
-1.0396318948469426e-06
-1.0397100725110392e-06
-1.0398906365198774e-06
-1.040305165239689e-06
-1.0410138909935523e-06
-1.0397136397374786e-06
-1.0237132250186367e-06
-9.631933491192667e-07
-8.351985304321267e-07
-6.754621953397412e-07
-5.613025134737364e-07
-5.12894485232994e-07
-6.135742806214564e-07
-7.327474762840556e-07
-8.337360394666042e-07
-9.541829802086837e-07
-1.0513629211832525e-06
-1.132187483604228e-06
-1.1871328699038703e-06
-1.2124958404833826e-06
-1.2195881814294747e-06
-1.220403422531434e-06
-1.2201624119516198e-06
-1.2199657454542865e-06
-1.2198674079592186e-06
-1.2198248562098574e-06
-1.2198091485014536e-06
-1.2198041212611834e-06
-1.2198026742291808e-06
-1.2198023012535573e-06
-1.2198022192114138e-06
-1.2198022045882111e-06
-1.2198022025630574e-06
-1.2198022025630566e-06
-1.2198022045882096e-06
-1.2198022192114125e-06
-1.2198023012535588e-06
-1.2198026742291814e-06
-1.219804121261182e-06
-1.2198091485014527e-06
-1.219824856209857e-06
-1.219867407959219e-06
-1.2199657454542857e-06
-1.2201624119516181e-06
-1.2204034225314328e-06
-1.219588181429472e-06
-1.2124958404833754e-06
-1.1871328699038637e-06
-1.1321874836042246e-06
-1.0513629211832508e-06
-9.541829802086805e-07
-8.337360394666009e-07
-7.3274747628405e-07
-4.321705171025213e-07
-5.237631050624034e-07
-5.996175102962884e-07
-6.483213554606023e-07
-6.817275086705888e-07
-7.030614205371077e-07
-7.128589903853472e-07
-7.155400707668247e-07
-7.157443412274503e-07
-7.155632494821622e-07
-7.15442872451152e-07
-7.15388736325819e-07
-7.153679380941591e-07
-7.153610591209989e-07
-7.153590762682796e-07
-7.153585637935937e-07
-7.153584447033363e-07
-7.15358420695469e-07
-7.153584166931573e-07
-7.153584161653905e-07
-7.153584161653904e-07
-7.153584166931564e-07
-7.153584206954689e-07
-7.153584447033365e-07
-7.153585637935933e-07
-7.153590762682788e-07
-7.153610591209979e-07
-7.153679380941591e-07
-7.153887363258188e-07
-7.154428724511509e-07
-7.155632494821612e-07
-7.157443412274493e-07
-7.155400707668234e-07
-7.128589903853448e-07
-7.030614205371048e-07
-6.817275086705859e-07
-6.483213554606007e-07
-5.996175102962868e-07
-5.237631050624018e-07
-4.3217051710251905e-07
-1.7276878470528605e-07
-2.1472966535334611e-07
-2.4513973694092415e-07
-2.628478655795294e-07
-2.744217135240163e-07
-2.818539710186699e-07
-2.852025604581929e-07
-2.859793498151676e-07
-2.859142163531139e-07
-2.857800920969978e-07
-2.8571183970092075e-07
-2.8568559073644904e-07
-2.8567679538447966e-07
-2.856742028462391e-07
-2.856735288245531e-07
-2.8567337139482693e-07
-2.856733381827642e-07
-2.856733320207503e-07
-2.856733310582581e-07
-2.85673330937353e-07
-2.8567333093735297e-07
-2.8567333105825766e-07
-2.8567333202075e-07
-2.8567333818276406e-07
-2.8567337139482677e-07
-2.8567352882455256e-07
-2.856742028462387e-07
-2.8567679538447966e-07
-2.856855907364489e-07
-2.857118397009198e-07
-2.8578009209699737e-07
-2.859142163531139e-07
-2.859793498151674e-07
-2.8520256045819195e-07
-2.8185397101866845e-07
-2.744217135240152e-07
-2.628478655795287e-07
-2.451397369409235e-07
-2.1472966535334556e-07
-1.7276878470528576e-07
-5.079162978029853e-08
-6.3736168045409e-08
-7.245625330221046e-08
-7.74314962079689e-08
-8.089682959840632e-08
-8.32005279755747e-08
-8.415676928427569e-08
-8.427566425288873e-08
-8.417137788312661e-08
-8.409273404390542e-08
-8.405978886433795e-08
-8.404880943976349e-08
-8.404557795840093e-08
-8.40447261740931e-08
-8.404452574585376e-08
-8.404448323894414e-08
-8.404447506537843e-08
-8.404447366728925e-08
-8.404447346266764e-08
-8.404447343819519e-08
-8.404447343819516e-08
-8.404447346266764e-08
-8.404447366728924e-08
-8.404447506537849e-08
-8.404448323894412e-08
-8.404452574585374e-08
-8.40447261740931e-08
-8.404557795840106e-08
-8.40488094397635e-08
-8.40597888643378e-08
-8.409273404390518e-08
-8.417137788312665e-08
-8.427566425288884e-08
-8.415676928427556e-08
-8.320052797557439e-08
-8.089682959840596e-08
-7.743149620796878e-08
-7.245625330221041e-08
-6.373616804540904e-08
-5.0791629780298557e-08
-1.1339173925558863e-08
-1.4196925873867728e-08
-1.60524558362293e-08
-1.7202033852398575e-08
-1.8134755095645853e-08
-1.8754254173209194e-08
-1.8952975907719023e-08
-1.891700527000479e-08
-1.884807342861219e-08
-1.8810681560733716e-08
-1.8797120452357057e-08
-1.8793127748835805e-08
-1.8792084757367274e-08
-1.8791837768066145e-08
-1.8791784993998124e-08
-1.8791774794960953e-08
-1.8791773003111024e-08
-1.879177272048547e-08
-1.879177268176632e-08
-1.879177267736088e-08
-1.8791772677360886e-08
-1.879177268176632e-08
-1.879177272048547e-08
-1.8791773003111047e-08
-1.879177479496097e-08
-1.8791784993998124e-08
-1.879183776806616e-08
-1.8792084757367327e-08
-1.8793127748835844e-08
-1.879712045235702e-08
-1.8810681560733683e-08
-1.884807342861224e-08
-1.891700527000489e-08
-1.8952975907719066e-08
-1.8754254173209177e-08
-1.8134755095645843e-08
-1.7202033852398628e-08
-1.6052455836229386e-08
-1.4196925873867805e-08
-1.13391739255589e-08
-1.949325320726295e-09
-2.408877864077807e-09
-2.7174937207244596e-09
-2.962256809859421e-09
-3.1920289007118314e-09
-3.3248322903582057e-09
-3.3359799430228414e-09
-3.295701554586854e-09
-3.2626539297823547e-09
-3.2477494125342214e-09
-3.2429242414132013e-09
-3.241648279250204e-09
-3.241349433919255e-09
-3.2412855385342145e-09
-3.2412730989538577e-09
-3.241270900576412e-09
-3.2412705468285987e-09
-3.2412704953432263e-09
-3.2412704887346104e-09
-3.2412704880156258e-09
-3.241270488015626e-09
-3.241270488734614e-09
-3.24127049534323e-09
-3.2412705468285983e-09
-3.2412709005764123e-09
-3.2412730989538507e-09
-3.2412855385342187e-09
-3.241349433919271e-09
-3.2416482792502117e-09
-3.2429242414131968e-09
-3.2477494125342156e-09
-3.2626539297823804e-09
-3.2957015545868945e-09
-3.3359799430228795e-09
-3.324832290358238e-09
-3.1920289007118582e-09
-2.9622568098594654e-09
-2.7174937207245047e-09
-2.408877864077841e-09
-1.949325320726308e-09
-2.583800657109828e-10
-3.1921352845486393e-10
-3.701292613693372e-10
-4.2537564021780467e-10
-4.74431255207992e-10
-4.902644775155624e-10
-4.754801164383547e-10
-4.5456739730427857e-10
-4.417557548501993e-10
-4.3666570441372995e-10
-4.3516468342919473e-10
-4.34803112800013e-10
-4.3472639146996525e-10
-4.347114881197871e-10
-4.347088318941816e-10
-4.3470840038231414e-10
-4.347083364033843e-10
-4.347083277351059e-10
-4.347083266714569e-10
-4.347083265553826e-10
-4.34708326555383e-10
-4.347083266714573e-10
-4.347083277351057e-10
-4.3470833640338343e-10
-4.3470840038231166e-10
-4.34708831894177e-10
-4.347114881197843e-10
-4.3472639146996546e-10
-4.348031128000128e-10
-4.3516468342919214e-10
-4.3666570441372757e-10
-4.4175575485020415e-10
-4.545673973042886e-10
-4.754801164383669e-10
-4.902644775155761e-10
-4.744312552080048e-10
-4.253756402178178e-10
-3.7012926136934814e-10
-3.192135284548677e-10
-2.583800657109794e-10
-2.5721312323405684e-11
-3.8428973422919506e-11
-5.165611173030988e-11
-6.505143717712924e-11
-7.241493217849865e-11
-6.914648647037555e-11
-5.981395224588512e-11
-5.17562186383629e-11
-4.7573302135875896e-11
-4.606384900998941e-11
-4.565209599845019e-11
-4.5560516178594934e-11
-4.5542692385888146e-11
-4.55395172525641e-11
-4.553899540191254e-11
-4.5538916848546856e-11
-4.553890596993292e-11
-4.553890455178517e-11
-4.553890437119996e-11
-4.55389043480042e-11
-4.553890434800433e-11
-4.5538904371200046e-11
-4.5538904551785025e-11
-4.553890596993248e-11
-4.553891684854581e-11
-4.553899540191088e-11
-4.5539517252562395e-11
-4.55426923858869e-11
-4.556051617859383e-11
-4.5652095998448545e-11
-4.606384900998734e-11
-4.75733021358738e-11
-5.1756218638361185e-11
-5.981395224588412e-11
-6.914648647037525e-11
-7.241493217849829e-11
-6.505143717712811e-11
-5.1656111730307484e-11
-3.8428973422915584e-11
-2.572131232340078e-11
-1.6299213008097526e-12
-6.773538463811481e-12
-1.1458811533477349e-11
-1.4527242573954212e-11
-1.4506118770691639e-11
-1.1594477188550294e-11
-7.955281893420096e-12
-5.4268675693678844e-12
-4.254298911406802e-12
-3.862205523640692e-12
-3.761870873217192e-12
-3.740936739847588e-12
-3.737130240284715e-12
-3.736497798244317e-12
-3.736401057121947e-12
-3.7363876740109055e-12
-3.7363860153353034e-12
-3.736385825961217e-12
-3.736385803814889e-12
-3.736385800700333e-12
-3.736385800700386e-12
-3.736385803814983e-12
-3.7363858259612695e-12
-3.736386015335301e-12
-3.736387674010797e-12
-3.7364010571216615e-12
-3.736497798243882e-12
-3.737130240284222e-12
-3.7409367398470246e-12
-3.761870873216345e-12
-3.86220552363926e-12
-4.254298911404628e-12
-5.426867569365133e-12
-7.955281893417149e-12
-1.1594477188547411e-11
-1.4506118770688637e-11
-1.452724257395099e-11
-1.1458811533473968e-11
-6.7735384638082505e-12
-1.6299213008070103e-12
4.0093805045669707e-14
-1.9634837613538316e-12
-3.5029365219635335e-12
-4.090631135151213e-12
-3.5824273857468123e-12
-2.422601320553274e-12
-1.3159382238610126e-12
-6.436316266413799e-13
-3.57515608060749e-13
-2.6769745042511106e-13
-2.4587026422664925e-13
-2.415115078837611e-13
-2.407453705744473e-13
-2.406215804670271e-13
-2.4060390309277503e-13
-2.4060213635679255e-13
-2.4060220185886453e-13
-2.4060230042887105e-13
-2.4060233394252524e-13
-2.406023418493511e-13
-2.406023418493624e-13
-2.4060233394254987e-13
-2.406023004289018e-13
-2.4060220185890734e-13
-2.406021363568409e-13
-2.4060390309279164e-13
-2.406215804669746e-13
-2.407453705743129e-13
-2.415115078835259e-13
-2.458702642262313e-13
-2.676974504243685e-13
-3.575156080595775e-13
-6.436316266398144e-13
-1.3159382238592028e-12
-2.4226013205513647e-12
-3.582427385744859e-12
-4.090631135149265e-12
-3.5029365219617273e-12
-1.963483761352327e-12
4.009380504674878e-14
