1600
1517.954513308931
2569.8013892349945
3173.191537430774
3348.3993190077153
3392.2323066858285
3447.1351277085378
3499.749715894244
3523.3635720576003
3529.2760769620536
3529.241083599454
3529.1620928160096
3528.869802219766
3528.543631931485
3528.235141904125
3528.040298499249
3527.960805627009
3527.955260966862
3527.967161634171
3527.9740796653923
3527.975179392145
3527.9751793921555
3527.9740796654096
3527.9671616341934
3527.955260966883
3527.9608056270117
3528.0402984992224
3528.2351419040756
3528.5436319314394
3528.8698022197495
3529.162092816037
3529.2410835994956
3529.2760769620795
3523.3635720575667
3499.7497158941537
3447.135127708481
3392.232306685876
3348.399319007789
3173.1915374307646
2569.80138923489
1517.9545133088159
1237.7267352755434
-1068.113175937391
-289.62912322615546
-967.2488742738706
-860.053978662816
-769.8371651606913
-815.4874374491126
-709.5655167549959
-764.1607868566393
-738.7481850800757
-750.8915862515447
-745.912454087181
-748.14289408921
-747.1856695926216
-747.5724244949935
-747.6029289694229
-747.6025229656107
-747.6138461806195
-747.5853044285765
-747.595941663596
-747.595941663641
-747.5853044286168
-747.6138461805003
-747.602522965666
-747.6029289694984
-747.5724244948972
-747.1856695926931
-748.1428940890698
-745.9124540871467
-750.8915862516237
-738.7481850800633
-764.160786856514
-709.565516755249
-815.4874374490106
-769.83716516013
-860.0539786633359
-967.248874274008
-289.6291232262568
-1068.113175937108
1237.7267352754616
378.3932318063603
120.28576587340638
246.31509862822043
-255.08138055830597
-404.3819242309434
-458.91835181279873
-439.9501350817326
-426.8430106075405
-428.31097365505866
-429.0288055251521
-430.1216865987327
-430.05677589567006
-430.2791958820332
-430.3002952588712
-430.42230311978824
-430.4519747222007
-430.46051188527
-430.4522599580671
-430.4445067561509
-430.443302113223
-430.44330211321994
-430.4445067561443
-430.45225995805686
-430.46051188526064
-430.45197472219513
-430.42230311978057
-430.30029525886414
-430.2791958820117
-430.05677589564397
-430.12168659870656
-429.02880552512767
-428.3109736550317
-426.84301060752375
-439.95013508172667
-458.9183518127896
-404.38192423094387
-255.0813805583081
246.31509862819576
120.28576587339845
378.3932318063413
-196.8545324455588
-38.73244285146622
-571.4811036323363
-768.8828414738434
-956.6185725792085
-1013.0120014301074
-1020.3902842046524
-1040.403085069453
-1035.7604314626851
-1040.415375324695
-1038.5644145099088
-1039.3409040487495
-1039.0544416594882
-1039.2821265742289
-1039.2881679501754
-1039.310897132271
-1039.3130970469526
-1039.29980581518
-1039.3007935590285
-1039.297404249368
-1039.2974042493663
-1039.3007935590192
-1039.2998058151857
-1039.3130970469388
-1039.310897132249
-1039.2881679501716
-1039.2821265741966
-1039.054441659476
-1039.3409040487236
-1038.5644145098818
-1040.4153753246867
-1035.7604314626817
-1040.4030850694066
-1020.390284204635
-1013.0120014301397
-956.6185725791445
-768.8828414738446
-571.4811036323312
-38.7324428514771
-196.85453244553662
-337.1363897536064
-327.2526662044588
-645.8358679935224
-651.7546957937378
-728.3296004526063
-761.5393900088109
-785.915290020288
-801.437959804318
-798.703172804882
-798.519373464195
-796.7964618873881
-797.039942602403
-796.9879154819896
-797.1397949839734
-797.1391643681607
-797.144865907764
-797.1398271289224
-797.1337636232145
-797.1347750094504
-797.1334769504899
-797.1334769504948
-797.1347750094542
-797.1337636232211
-797.1398271289174
-797.1448659077492
-797.1391643681475
-797.1397949839511
-796.98791548198
-797.0399426023976
-796.7964618873925
-798.5193734642066
-798.7031728048921
-801.4379598043012
-785.9152900202697
-761.5393900088121
-728.3296004525768
-651.7546957937343
-645.8358679935095
-327.25266620445245
-337.1363897535775
-360.64164921821384
-519.119190738304
-582.6401039723128
-522.5771804520591
-489.5645452177392
-498.4359586041707
-516.0442047708482
-521.9716561360594
-518.9948333841895
-515.98238243741
-514.9174000426191
-515.0170654850027
-515.2002158444217
-515.2804006521419
-515.2825617409159
-515.2674340059955
-515.2582754705675
-515.2577556971213
-515.2596012724707
-515.2601332081879
-515.2601332081945
-515.2596012724845
-515.2577556971336
-515.2582754705766
-515.2674340059981
-515.2825617409117
-515.2804006521358
-515.2002158444197
-515.0170654850119
-514.9174000426411
-515.982382437436
-518.9948333842101
-521.9716561360585
-516.0442047708254
-498.4359586041497
-489.5645452177424
-522.5771804520729
-582.6401039723088
-519.1191907382831
-360.641649218186
-411.3890393272575
-656.1701741437457
-695.1466221253438
-618.0630757968665
-550.4997594473623
-541.9786538269726
-551.5813977559615
-553.4375094106947
-551.2431532386001
-549.0525518843601
-548.8164658487531
-549.0065125166416
-549.1679967019895
-549.1707287611528
-549.1338282448726
-549.0973402520194
-549.0857940738304
-549.0888389296924
-549.0926352652411
-549.0941556033979
-549.0941556034029
-549.0926352652525
-549.088838929707
-549.0857940738442
-549.0973402520308
-549.1338282448763
-549.17072876115
-549.1679967019846
-549.0065125166473
-548.8164658487738
-549.0525518843879
-551.2431532386206
-553.4375094106919
-551.5813977559311
-541.9786538269495
-550.4997594473859
-618.0630757969031
-695.146622125352
-656.1701741437232
-411.38903932722167
-455.4727603037613
-735.8747734763385
-812.0269877106484
-738.7910625964286
-666.5083834234481
-651.3044376066381
-658.4919670079607
-662.1058765341934
-662.2874287186285
-661.9816265877015
-662.2336652182141
-662.3618275532356
-662.3477157390852
-662.252834398859
-662.1663539244657
-662.1172265355796
-662.1077154581408
-662.1140834794885
-662.1193123769974
-662.1210580068355
-662.1210580068391
-662.1193123770054
-662.1140834794965
-662.1077154581519
-662.1172265355913
-662.1663539244705
-662.2528343988556
-662.3477157390741
-662.361827553233
-662.233665218226
-661.9816265877231
-662.2874287186439
-662.105876534184
-658.4919670079263
-651.3044376066173
-666.5083834234795
-738.791062596474
-812.0269877106571
-735.8747734763097
-455.47276030371813
-465.78002169077183
-751.7695549345326
-845.5239860286811
-775.0777159894203
-703.5028909837531
-688.0626270511557
-697.1064228849934
-703.8474913392798
-706.0868240754246
-706.799567616499
-707.0887999870521
-707.0250258941684
-706.8428686093503
-706.6778119321707
-706.5708561043465
-706.525865920661
-706.523441379901
-706.5328438596539
-706.5384744751275
-706.5399860943478
-706.5399860943487
-706.53847447513
-706.5328438596581
-706.5234413799069
-706.5258659206654
-706.5708561043456
-706.6778119321609
-706.8428686093373
-707.0250258941619
-707.0887999870588
-706.799567616514
-706.0868240754367
-703.8474913392679
-697.1064228849591
-688.0626270511361
-703.5028909837815
-775.0777159894621
-845.5239860286852
-751.7695549345028
-465.7800216907258
-445.5812762341087
-717.0842144998089
-808.9978036007541
-741.5972836171628
-674.7542180843006
-662.5145721040703
-673.9552803324325
-682.461770171815
-685.4800209520297
-686.3582693347171
-686.508663927172
-686.3034671533874
-686.045213530816
-685.8650797024543
-685.7682173332767
-685.736735437058
-685.7413532885639
-685.7522456840173
-685.7574896311362
-685.7585957503838
-685.7585957503853
-685.7574896311393
-685.7522456840209
-685.741353288565
-685.736735437058
-685.7682173332711
-685.8650797024437
-686.0452135308027
-686.3034671533824
-686.5086639271782
-686.3582693347298
-685.4800209520406
-682.461770171807
-673.9552803324025
-662.5145721040524
-674.7542180843226
-741.597283617196
-808.997803600756
-717.0842144997799
-445.58127623406705
-401.43928046454914
-644.0643291060378
-726.2960538316006
-665.908319307777
-607.9438666865778
-599.6020180383525
-611.7446634644675
-620.1663953525835
-622.9863881700819
-623.6896624553311
-623.7294020479887
-623.4859949530522
-623.2307935950183
-623.0708714203097
-622.9937928254849
-622.9731999428675
-622.9804550612336
-622.9906230726008
-622.9949596495587
-622.9956596844152
-622.9956596844174
-622.9949596495633
-622.9906230726049
-622.9804550612374
-622.973199942868
-622.9937928254794
-623.0708714202988
-623.2307935950096
-623.485994953052
-623.729402048
-623.6896624553484
-622.9863881700954
-620.1663953525793
-611.7446634644436
-599.6020180383358
-607.9438666865972
-665.9083193078043
-726.2960538316001
-644.0643291060132
-401.43928046451185
-335.93560985943253
-538.0306252744895
-606.2620550045754
-556.0595900330252
-509.48078783687936
-504.49131209862105
-515.5940017242483
-522.7265014925454
-524.9008333007
-525.3500160189809
-525.3247871202749
-525.1031446339929
-524.8889996777211
-524.7615914134147
-524.7029584821433
-524.688340955232
-524.6947541562351
-524.7028648487828
-524.7060959988862
-524.7064640981989
-524.7064640982007
-524.7060959988912
-524.7028648487882
-524.6947541562402
-524.6883409552345
-524.7029584821398
-524.7615914134079
-524.8889996777156
-525.1031446339967
-525.3247871202882
-525.3500160189983
-524.9008333007137
-522.7265014925434
-515.594001724229
-504.4913120986088
-509.48078783689493
-556.0595900330484
-606.2620550045763
-538.0306252744709
-335.9356098594011
-254.36360570991488
-407.76036784209685
-458.707469134665
-419.9893327392553
-385.8420098152949
-383.7385977830206
-392.9678893334715
-398.39490390352285
-399.8438014398421
-400.05541199889245
-399.99195094924056
-399.81569503460594
-399.65632885813176
-399.56476688832583
-399.52341319186326
-399.51332601130355
-399.5182246328044
-399.52414725251634
-399.52636492729266
-399.5265091369188
-399.52650913692054
-399.52636492729613
-399.5241472525206
-399.51822463280945
-399.51332601130696
-399.52341319186235
-399.56476688832146
-399.6563288581285
-399.81569503460867
-399.99195094925005
-400.055411998905
-399.84380143985203
-398.3949039035209
-392.9678893334577
-383.73859778301244
-385.8420098153083
-419.9893327392755
-458.70746913466786
-407.76036784208264
-254.36360570989197
-167.89037601146453
-270.82259346436194
-303.4242457395758
-275.91396846001646
-253.7296474399768
-253.99270431444495
-261.11653413914905
-264.86392081281076
-265.68039974593046
-265.7132447265715
-265.63445808662027
-265.5108925340022
-265.4073684174632
-265.3503844164645
-265.3254471223828
-265.3200360835147
-265.3239074271973
-265.32799848490754
-265.3293930535896
-265.32940208578873
-265.3294020857899
-265.3293930535919
-265.3279984849111
-265.32390742720094
-265.3200360835175
-265.3254471223819
-265.350384416461
-265.40736841745894
-265.51089253400227
-265.6344580866248
-265.7132447265785
-265.68039974593614
-264.86392081280866
-261.11653413913893
-253.99270431443975
-253.72964743998716
-275.9139684600314
-303.42424573957896
-270.8225934643532
-167.89037601144983
-91.05918106276616
-149.54925598452337
-165.91357836256225
-148.05107796553335
-135.71335215692332
-137.40750041395546
-142.4069157362909
-144.68052074209277
-145.01480409132415
-144.93854150596033
-144.86296823870404
-144.78814183485412
-144.73210952767647
-144.7037924091485
-144.6925803484384
-144.691300662049
-144.69445741325515
-144.69706815191904
-144.6978006026796
-144.6977130012607
-144.6977130012615
-144.69780060268153
-144.6970681519209
-144.6944574132567
-144.69130066205045
-144.69258034843793
-144.70379240914593
-144.73210952767334
-144.78814183485275
-144.86296823870566
-144.93854150596331
-145.01480409132637
-144.68052074209132
-142.40691573628482
-137.40750041395245
-135.71335215692994
-148.05107796554262
-165.9135783625644
-149.5492559845186
-91.05918106275804
-36.07687217330019
-62.30133444437773
-67.28758363171204
-56.80043662894872
-51.18634667306305
-53.20249378770701
-56.25317341007256
-57.380825216052884
-57.40749866594682
-57.289396936614416
-57.22983451957849
-57.1927212081978
-57.17024931755688
-57.16146867307193
-57.15943643929517
-57.1607517791799
-57.163164483628414
-57.16459937267344
-57.16482376224253
-57.164661149164985
-57.16466114916546
-57.16482376224341
-57.164599372673976
-57.163164483628805
-57.16075177918019
-57.15943643929496
-57.16146867307053
-57.17024931755491
-57.192721208196794
-57.22983451957885
-57.28939693661572
-57.407498665947955
-57.38082521605226
-56.25317341006961
-53.20249378770565
-51.186346673066524
-56.80043662895341
-67.287583631713
-62.30133444437516
-36.0768721732964
-6.817053553832901
-14.730519549995726
-14.095293339113487
-8.667974573888605
-6.751412067272671
-8.31011789527748
-9.840765591405384
-10.233593182932553
-10.126204047879726
-10.021078629800122
-9.984569199885689
-9.972135043802012
-9.968421899328462
-9.96950224917346
-9.971628866862162
-9.973701841974302
-9.975258013855
-9.975842330409662
-9.975745153369822
-9.975547354699069
-9.975547354699344
-9.975745153370148
-9.97584233040976
-9.97525801385499
-9.973701841974375
-9.971628866862085
-9.969502249173022
-9.96842189932785
-9.97213504380169
-9.98456919988596
-10.021078629800613
-10.126204047880229
-10.23359318293237
-9.840765591404342
-8.310117895277031
-6.751412067274083
-8.667974573890511
-14.095293339113745
-14.730519549994618
-6.8170535538315615
2.546848896232448
1.9423513947551467
3.808196799755397
6.137030789821184
6.487626291603961
5.603212956685772
5.0150120915084955
4.969113934015349
5.082512649269953
5.146309767317147
5.160598106015921
5.160146818338466
5.156755383066805
5.1531238942719595
5.150543540810065
5.148978241095151
5.148228017823784
5.148153273396222
5.148384298075189
5.148569076774635
5.148569076774606
5.1483842980751255
5.148153273396254
5.14822801782385
5.148978241095129
5.150543540810023
5.1531238942719835
5.156755383066883
5.160146818338498
5.1605981060158435
5.146309767316999
5.082512649269763
4.969113934015294
5.0150120915087015
5.603212956685867
6.487626291603549
6.137030789820679
3.8081967997553674
1.9423513947555229
2.5468488962327167
2.3136406223404054
3.1315842215041205
4.2756572277296225
4.987122119036063
4.88236599290194
4.496775193033523
4.339937780891897
4.383283906348047
4.447965840504034
4.471816226677384
4.4717602474690175
4.467099734910209
4.46316825102928
4.460509068467264
4.459005801011132
4.458279037271347
4.4580809984488825
4.458223745914276
4.458455039349148
4.458596066154556
4.458596066154574
4.458455039349186
4.458223745914335
4.458080998448938
4.458279037271343
4.459005801011092
4.460509068467216
4.463168251029253
4.467099734910185
4.471760247469009
4.471816226677388
4.447965840504002
4.383283906348009
4.339937780891898
4.496775193033553
4.882365992901929
4.987122119036044
4.2756572277296785
3.1315842215042107
2.3136406223403885
0.3391438407639663
0.7795892857484201
1.0857843711036463
1.1543837518200744
1.0129672560346692
0.8739485988028979
0.8464374668230142
0.8747469234229933
0.8946490322822982
0.8960613055519031
0.8910312832504419
0.8868963210957486
0.8845927357636176
0.883473218753166
0.8829903812184663
0.8828282647121573
0.8828775217567806
0.8830512841018613
0.8832233612199389
0.8833154758066493
0.8833154758066526
0.8832233612199598
0.8830512841018874
0.8828775217567937
0.8828282647121528
0.8829903812184432
0.8834732187531407
0.8845927357635909
0.8868963210957397
0.8910312832504621
0.8960613055519372
0.8946490322823175
0.8747469234229911
0.8464374668230251
0.8739485988029405
1.012967256034747
1.1543837518201592
1.085784371103708
0.7795892857484309
0.33914384076393966
-0.5282221181444104
-0.45822851691054634
-0.5126425832762107
-0.5836798586155533
-0.664034218358619
-0.7119659384830295
-0.7208167711138622
-0.716908329620355
-0.717663259244021
-0.7224965520317913
-0.7267662438878535
-0.7290033547750139
-0.7298290285554405
-0.730019000836286
-0.7300167518857791
-0.729970419104718
-0.7298765524220272
-0.7297481271424756
-0.7296402596481542
-0.7295863792113183
-0.7295863792113149
-0.729640259648147
-0.7297481271424716
-0.7298765524220256
-0.7299704191047209
-0.7300167518857861
-0.7300190008362928
-0.729829028555449
-0.7290033547750145
-0.7267662438878414
-0.7224965520317728
-0.717663259244003
-0.7169083296203476
-0.7208167711138485
-0.7119659384829966
-0.6640342183585702
-0.5836798586155016
-0.5126425832761796
-0.45822851691054983
-0.5282221181444066
-0.49411953866484626
-0.5192661440721447
-0.6102100414711135
-0.6534978916256367
-0.6805882323099854
-0.6977675740735412
-0.7059918746154573
-0.7105002802519956
-0.7148508141164225
-0.7185389625512735
-0.7206480052023807
-0.7214042298015606
-0.7214651829316187
-0.7213218793766714
-0.7212041746532176
-0.721137931752973
-0.7210731388531444
-0.7209970201981863
-0.7209359579611199
-0.7209065754475232
-0.720906575447523
-0.7209359579611175
-0.7209970201981863
-0.7210731388531457
-0.721137931752974
-0.721204174653219
-0.7213218793766716
-0.721465182931619
-0.7214042298015599
-0.7206480052023779
-0.7185389625512708
-0.7148508141164218
-0.7105002802519941
-0.7059918746154517
-0.6977675740735294
-0.6805882323099748
-0.6534978916256275
-0.6102100414711069
-0.5192661440721462
-0.4941195386648314
-0.2657984991760295
-0.2767277647996301
-0.3219361862421816
-0.32664096979296053
-0.3268214138392822
-0.33191821476835803
-0.33732049767185324
-0.3409454561736148
-0.3434537127108874
-0.34502447579534745
-0.3456762315822078
-0.3457224575465383
-0.345528352349997
-0.34533482304283386
-0.34523167193903914
-0.3451914393584124
-0.34515885430303916
-0.34511872311529834
-0.3450863158225804
-0.3450711889649396
-0.3450711889649402
-0.3450863158225803
-0.34511872311529884
-0.34515885430304066
-0.3451914393584127
-0.345231671939039
-0.3453348230428326
-0.3455283523499949
-0.3457224575465372
-0.34567623158220917
-0.345024475795351
-0.343453712710892
-0.34094545617361727
-0.3373204976718539
-0.33191821476836
-0.32682141383928964
-0.3266409697929673
-0.32193618624218384
-0.27672776479962985
-0.26579849917601556
-0.12415166108957228
-0.11728380206633522
-0.1316834126421374
-0.12059530128789117
-0.11215911709739945
-0.11223275626273282
-0.11455169819235432
-0.11601531802850583
-0.11684346760306843
-0.11727640194163014
-0.11733755036290736
-0.1171675234058033
-0.11694307266892472
-0.11678090079103723
-0.1167096098041657
-0.11668994745631668
-0.11667633096298874
-0.11665686080151691
-0.11664087769668821
-0.11663378856773292
-0.11663378856773296
-0.11664087769668836
-0.11665686080151697
-0.11667633096298927
-0.11668994745631711
-0.1167096098041656
-0.11678090079103565
-0.11694307266892329
-0.11716752340580276
-0.11733755036290938
-0.11727640194163341
-0.11684346760307211
-0.11601531802850854
-0.11455169819235612
-0.11223275626273639
-0.11215911709740714
-0.12059530128789808
-0.13168341264213895
-0.11728380206633376
-0.1241516610895619
-0.06675053952313079
-0.055556915141465525
-0.05941454637419543
-0.04644928988503899
-0.0372571700381812
-0.03567564027959014
-0.03636051934029365
-0.03672460842170075
-0.03687559235576372
-0.03693751699258284
-0.036849878112643224
-0.03666118923206406
-0.036473141471649026
-0.03635245848376939
-0.03630549005842543
-0.036296729650799386
-0.036292459594647365
-0.03628416876918042
-0.036277259882953355
-0.03627450940201604
-0.036274509402016035
-0.03627725988295321
-0.03628416876918014
-0.03629245959464742
-0.03629672965079981
-0.03630549005842546
-0.03635245848376857
-0.03647314147164786
-0.0366611892320638
-0.036849878112644195
-0.03693751699258445
-0.036875592355765464
-0.03672460842170179
-0.03636051934029399
-0.03567564027959176
-0.03725717003818546
-0.046449289885042475
-0.05941454637419509
-0.055556915141463714
-0.06675053952312368
-0.045117435969108236
-0.03576905401624951
-0.03730458623407787
-0.02649060494706387
-0.01868401966883284
-0.016863594376911924
-0.016980343328656815
-0.017019083597893843
-0.017008075346515245
-0.016994195283203627
-0.01689719110169298
-0.016741194576906742
-0.016599309572113904
-0.016514766954269025
-0.01648519104280557
-0.016482224531494085
-0.016482327813885884
-0.016479729017255477
-0.016477399119531454
-0.016476699408347173
-0.016476699408347187
-0.01647739911953136
-0.016479729017255255
-0.016482327813885884
-0.016482224531494345
-0.016485191042805564
-0.016514766954268477
-0.016599309572113204
-0.016741194576906496
-0.016897191101693253
-0.016994195283204172
-0.017008075346515727
-0.017019083597893756
-0.016980343328656135
-0.01686359437691199
-0.018684019668834574
-0.02649060494706517
-0.03730458623407689
-0.03576905401624786
-0.04511743596910329
-0.0344856954466627
-0.0280160804489194
-0.029139924069209497
-0.020743825484447094
-0.014527403957298856
-0.012924658968099524
-0.01290621788413908
-0.012894291079099288
-0.01286896713085303
-0.012848910536718501
-0.01276948019062317
-0.012651696706999012
-0.012551269095402046
-0.01249582256698977
-0.012478934089535718
-0.012479210289411711
-0.012481056916437595
-0.012480907012528606
-0.012480458333562185
-0.012480470432686033
-0.012480470432686058
-0.012480458333562143
-0.01248090701252851
-0.012481056916437657
-0.012479210289411909
-0.012478934089535714
-0.01249582256698946
-0.01255126909540172
-0.012651696706998922
-0.012769480190623277
-0.01284891053671869
-0.012868967130853157
-0.012894291079098943
-0.012906217884138205
-0.012924658968099105
-0.014527403957299585
-0.020743825484447656
-0.029139924069208664
-0.028016080448918266
-0.034485695446659415
-0.02727976525239259
-0.023231006764244545
-0.024189373713205464
-0.017763629657385892
-0.012926874282255056
-0.011634324904307351
-0.011602420747050837
-0.011597474332263996
-0.011580078387706416
-0.011562720760732115
-0.011502331121564693
-0.011418644484402546
-0.011352213313096656
-0.011318949697932798
-0.011310905252122352
-0.011312767468956115
-0.011314882381719026
-0.01131539579366172
-0.011315425519157167
-0.011315514187321022
-0.011315514187321032
-0.011315425519157145
-0.011315395793661667
-0.011314882381719094
-0.011312767468956252
-0.011310905252122345
-0.011318949697932625
-0.011352213313096524
-0.011418644484402565
-0.011502331121564806
-0.011562720760732283
-0.011580078387706553
-0.01159747433226376
-0.01160242074705016
-0.011634324904306955
-0.012926874282255517
-0.017763629657386308
-0.024189373713204947
-0.023231006764243826
-0.027279765252390367
-0.021665165857567736
-0.0194102473660615
-0.02021726176859575
-0.01533856205491977
-0.011632165075086028
-0.01062922652525024
-0.010607203767277099
-0.010612243683990137
-0.01060143344704416
-0.010587314976409247
-0.010544179020518034
-0.010488707601157587
-0.010448304683456195
-0.01043066932387728
-0.010428108968802054
-0.01043037116803751
-0.010432029501907218
-0.010432427277643232
-0.010432403042823873
-0.010432384792828682
-0.010432384792828677
-0.010432403042823826
-0.010432427277643182
-0.01043202950190725
-0.010430371168037593
-0.010428108968802037
-0.010430669323877177
-0.010448304683456129
-0.010488707601157629
-0.010544179020518143
-0.010587314976409412
-0.010601433447044326
-0.010612243683990026
-0.01060720376727664
-0.010629226525249962
-0.011632165075086383
-0.01533856205492013
-0.02021726176859547
-0.01941024736606101
-0.021665165857566206
-0.017137359809230365
-0.01614612021956564
-0.01681443819728425
-0.013148559200611476
-0.010347925944890623
-0.00958798173380636
-0.009577801814837762
-0.009589666729721176
-0.009583789913938573
-0.009573540473838406
-0.009545175466220414
-0.009511377863260657
-0.009489243708448749
-0.009481446091263505
-0.00948165518168242
-0.009483576709569844
-0.009484570694740973
-0.009484674300769144
-0.009484522673968366
-0.00948442257267997
-0.009484422572679955
-0.009484522673968314
-0.009484674300769092
-0.00948457069474099
-0.009483576709569896
-0.009481655181682409
-0.009481446091263435
-0.009489243708448707
-0.00951137786326069
-0.009545175466220487
-0.009573540473838531
-0.00958378991393871
-0.009589666729721115
-0.009577801814837441
-0.009587981733806173
-0.010347925944890887
-0.013148559200611754
-0.016814438197284086
-0.01614612021956537
-0.017137359809229424
-0.013457874269792157
-0.013313995639426065
-0.013860377058889551
-0.01114029623354729
-0.009055390055370984
-0.008492498775846334
-0.00849349409286548
-0.008510382093682984
-0.008508903311557285
-0.008502771167283499
-0.00848594013849377
-0.00846727193029252
-0.008456604297236195
-0.008454084842417574
-0.008455184132983557
-0.008456447177299783
-0.008456867414805731
-0.008456760419298827
-0.008456560623426174
-0.008456446614681777
-0.008456446614681761
-0.008456560623426134
-0.008456760419298796
-0.008456867414805752
-0.008456447177299816
-0.008455184132983545
-0.008454084842417523
-0.008456604297236174
-0.008467271930292548
-0.008485940138493823
-0.008502771167283584
-0.00850890331155738
-0.008510382093682939
-0.008493494092865244
-0.00849249877584619
-0.00905539005537117
-0.011140296233547495
-0.013860377058889444
-0.01331399563942585
-0.013457874269791437
-0.01045643032830913
-0.010840742770477047
-0.011280118628668507
-0.009290890924357099
-0.007765491122710704
-0.007360170536943482
-0.007371402246798334
-0.007392166729498694
-0.007394526711661199
-0.0073919496229420244
-0.0073831076940965735
-0.007373846189901215
-0.007369421731716614
-0.007369105334888469
-0.007370073544566209
-0.007370688109740004
-0.007370741014508716
-0.007370556926543163
-0.0073703841842564545
-0.007370297301658613
-0.007370297301658601
-0.00737038418425643
-0.007370556926543151
-0.007370741014508744
-0.0073706881097400315
-0.007370073544566194
-0.007369105334888429
-0.007369421731716598
-0.0073738461899012404
-0.00738310769409661
-0.007391949622942081
-0.007394526711661262
-0.007392166729498664
-0.007371402246798168
-0.007360170536943379
-0.007765491122710831
-0.009290890924357247
-0.011280118628668435
-0.010840742770476924
-0.010456430328308638
-0.008002579023714665
-0.008675808432306462
-0.009020606546024473
-0.00758947091157687
-0.006496124173436055
-0.006214751769789318
-0.006234523067785643
-0.006257805014187496
-0.006263000968721683
-0.0062628630582876755
-0.006258813092468831
-0.00625464503576329
-0.006253037819379554
-0.006253246526582268
-0.006253749105036831
-0.006253907547892084
-0.006253794332501281
-0.006253625679927918
-0.006253509465329968
-0.006253457818708173
-0.006253457818708166
-0.006253509465329952
-0.006253625679927916
-0.0062537943325013095
-0.006253907547892109
-0.006253749105036819
-0.0062532465265822375
-0.006253037819379542
-0.006254645035763307
-0.006258813092468852
-0.00626286305828771
-0.006263000968721732
-0.006257805014187483
-0.006234523067785534
-0.006214751769789244
-0.006496124173436138
-0.007589470911576966
-0.009020606546024434
-0.008675808432306389
-0.008002579023714358
-0.006020043244056928
-0.0068048302266650335
-0.007068926816318219
-0.006058700438844873
-0.0052935176825263984
-0.005106681944804233
-0.005132167398010917
-0.005156117826010221
-0.0051627794265214876
-0.005163839430928462
-0.005162176448050147
-0.0051603375851796114
-0.005159698343560353
-0.0051597842764618896
-0.005159888428489286
-0.005159819796145025
-0.005159677570861302
-0.005159561306428674
-0.005159496986491776
-0.0051594718565307115
-0.0051594718565307045
-0.0051594969864917645
-0.005159561306428671
-0.005159677570861323
-0.005159819796145046
-0.005159888428489284
-0.00515978427646187
-0.005159698343560347
-0.005160337585179624
-0.00516217644805016
-0.005163839430928484
-0.00516277942652152
-0.005156117826010213
-0.005132167398010843
-0.0051066819448041785
-0.005293517682526446
-0.006058700438844938
-0.0070689268163182
-0.006804830226664987
-0.006020043244056734
-0.004486328579173815
-0.0052540870367095765
-0.005457937262189771
-0.0047648367074545365
-0.004245149481494936
-0.004127649871727697
-0.004155304613584519
-0.004177798413963705
-0.004184499009923916
-0.004185744405977776
-0.004184977228008455
-0.004184003248217428
-0.0041835732232271446
-0.0041834566558303105
-0.004183359268170331
-0.004183233060434921
-0.004183125574072471
-0.0041830607223958555
-0.004183030939997607
-0.004183020809365321
-0.0041830208093653135
-0.004183030939997594
-0.004183060722395852
-0.004183125574072484
-0.004183233060434936
-0.004183359268170332
-0.0041834566558303
-0.004183573223227142
-0.004184003248217434
-0.00418497722800846
-0.004185744405977783
-0.004184499009923933
-0.004177798413963699
-0.00415530461358447
-0.004127649871727657
-0.00424514948149496
-0.004764836707454573
-0.005457937262189759
-0.005254087036709562
-0.004486328579173708
-0.0033299445248592676
-0.0039992040698395865
-0.004163518396645532
-0.003710979752240876
-0.0033743682712379826
-0.0033068422236939366
-0.003333569103643652
-0.003352820048318908
-0.003358466198123309
-0.003359303685389086
-0.0033587118135205265
-0.0033580035683437965
-0.003357600846577546
-0.0033573961180888563
-0.0033572572594774046
-0.0033571560716233436
-0.003357094564984533
-0.0033570647675659287
-0.003357053255210797
-0.0033570498926534477
-0.0033570498926534425
-0.0033570532552107883
-0.003357064767565922
-0.003357094564984537
-0.0033571560716233522
-0.0033572572594774046
-0.0033573961180888507
-0.0033576008465775456
-0.0033580035683437987
-0.0033587118135205247
-0.0033593036853890846
-0.0033584661981233147
-0.0033528200483189025
-0.003333569103643619
-0.003306842223693907
-0.0033743682712379904
-0.003710979752240895
-0.0041635183966455235
-0.003999204069839572
-0.0033299445248592026
-0.0023410783921344906
-0.002873874624229205
-0.002997929473663393
-0.002720170845089609
-0.002518076450675568
-0.0024861465562652147
-0.002509952677310651
-0.0025250367067431896
-0.002529106598949145
-0.002529371018022329
-0.0025287447996761377
-0.002528149076954203
-0.0025277958803851543
-0.002527608607473491
-0.0025275031875981162
-0.0025274448831191392
-0.0025274168154718894
-0.002527405571591586
-0.0025274018959049118
-0.0025274009818004235
-0.0025274009818004213
-0.0025274018959049053
-0.002527405571591581
-0.0025274168154718894
-0.0025274448831191423
-0.002527503187598114
-0.002527608607473488
-0.002527795880385152
-0.0025281490769542025
-0.002528744799676133
-0.0025293710180223257
-0.0025291065989491474
-0.0025250367067431874
-0.0025099526773106336
-0.0024861465562651965
-0.0025180764506755673
-0.0027201708450896155
-0.0029979294736633875
-0.0028738746242292067
-0.00234107839213447
-0.0013958091342268011
-0.0017824067710691049
-0.0018488095030396868
-0.0016821883791060307
-0.0015706323903754065
-0.001561004927395776
-0.0015805378315750793
-0.0015913518298885866
-0.0015938652080281389
-0.001593690624843503
-0.0015930712031310052
-0.001592594741333113
-0.0015923312535128815
-0.001592203434405469
-0.0015921434580745152
-0.0015921169431917024
-0.001592106610791857
-0.0015921031631112672
-0.001592102185125318
-0.001592101962805829
-0.0015921019628058284
-0.0015921021851253146
-0.0015921031631112633
-0.001592106610791856
-0.0015921169431917022
-0.0015921434580745137
-0.001592203434405467
-0.0015923312535128806
-0.0015925947413331122
-0.0015930712031310011
-0.0015936906248435
-0.0015938652080281402
-0.0015913518298885866
-0.0015805378315750707
-0.0015610049273957665
-0.0015706323903754062
-0.0016821883791060329
-0.0018488095030396831
-0.0017824067710691038
-0.0013958091342267881
-0.0006771294155095008
-0.0009299147072910597
-0.000945840109606744
-0.000844150329088686
-0.0007853945399398875
-0.0007860653287017602
-0.0008004359302505531
-0.0008073999448174031
-0.0008086580390926775
-0.0008082701238052068
-0.0008077562169899351
-0.0008074248054931214
-0.0008072598887038069
-0.0008071891134301217
-0.0008071614019336502
-0.0008071515769949203
-0.0008071485078284515
-0.0008071476367056945
-0.0008071473859596134
-0.0008071473128763942
-0.0008071473128763936
-0.0008071473859596116
-0.000807147636705693
-0.0008071485078284515
-0.0008071515769949205
-0.0008071614019336498
-0.0008071891134301209
-0.0008072598887038066
-0.0008074248054931214
-0.0008077562169899341
-0.0008082701238052058
-0.0008086580390926793
-0.0008073999448174051
-0.0008004359302505497
-0.0007860653287017552
-0.0007853945399398885
-0.0008441503290886863
-0.0009458401096067426
-0.000929914707291057
-0.0006771294155094934
-0.0003162794243308424
-0.0004705249512809979
-0.00046567172134764917
-0.00040156397468153705
-0.00037122698829059834
-0.0003762932798068295
-0.0003866204604219183
-0.0003907559218735454
-0.000391097631886269
-0.0003906127444458561
-0.0003902275426374297
-0.0003900258239588802
-0.0003899388851853091
-0.00038990646243927397
-0.0003898958330179987
-0.00038989279510506715
-0.000389892008029548
-0.0003898917719634221
-0.0003898916703922125
-0.00038989162703265655
-0.00038989162703265655
-0.0003898916703922119
-0.0003898917719634215
-0.00038989200802954846
-0.0003898927951050676
-0.0003898958330179985
-0.0003899064624392738
-0.0003899388851853091
-0.00039002582395888057
-0.0003902275426374296
-0.0003906127444458557
-0.0003910976318862703
-0.0003907559218735473
-0.0003866204604219172
-0.00037629327980682656
-0.0003712269882905994
-0.000401563974681537
-0.0004656717213476486
-0.0004705249512809975
-0.0003162794243308408
