1600
570719298353.8408
764751111336.1976
733555911782.9166
609653871003.0137
538846213964.3711
545893876031.7511
572627110645.8674
586817520781.9475
589220857545.9202
588272506142.2549
587839847289.9426
587821758231.1265
587835135094.9949
587797484642.0747
587758205371.3975
587734484500.9242
587732684734.7351
587739346597.6069
587745976627.8916
587749544219.7917
587749544219.7963
587745976627.9014
587739346597.613
587732684734.7336
587734484500.9216
587758205371.3954
587797484642.0808
587835135095.0051
587821758231.1401
587839847289.9456
588272506142.2473
589220857545.9077
586817520781.9379
572627110645.8531
545893876031.71643
538846213964.3071
609653871002.9052
733555911782.7776
764751111336.0612
570719298353.7434
101706675936.96796
-2834792402733.535
845618296642.8638
-1031915719589.0298
-127207588262.95526
-551872056211.52
-440059955285.1599
-457381507876.87415
-457430188111.21094
-460667561932.05835
-461151889551.18164
-459606625565.2551
-461451427058.879
-459827889377.3583
-460609323703.0266
-460249378743.6554
-460405934543.6433
-460338232366.2997
-460378326486.51294
-460362768843.60974
-460362768843.5924
-460378326486.53955
-460338232366.33057
-460405934543.61584
-460249378743.66003
-460609323703.0071
-459827889377.38696
-461451427058.88855
-459606625565.2843
-461151889551.18774
-460667561932.06726
-457430188111.1415
-457381507876.8656
-440059955285.2228
-551872056211.4683
-127207588262.88336
-1031915719588.9607
845618296642.9092
-2834792402733.0596
101706675936.98737
-335036765503.5082
-314910878109.2191
-395439205250.4588
-283928365243.6502
-230814561978.68567
-206496699277.26562
-203720070460.61548
-207880489921.61877
-210074089250.24902
-211867543785.55664
-212041012336.97974
-212063573629.02496
-211948806147.13892
-211942122169.73547
-211940774802.1211
-211946110142.43085
-211946220089.1848
-211943704126.2683
-211944277229.4159
-211944272259.8009
-211944272259.80243
-211944277229.4206
-211943704126.27063
-211946220089.18518
-211946110142.43018
-211940774802.12744
-211942122169.745
-211948806147.15283
-212063573629.03485
-212041012336.9773
-211867543785.5476
-210074089250.23804
-207880489921.61115
-203720070460.60846
-206496699277.25342
-230814561978.64697
-283928365243.56793
-395439205250.32605
-314910878109.0785
-335036765503.3811
-323532181976.2466
-265238029880.3641
-393848448043.17334
-210663139866.34158
-192634982067.2328
-154046322822.76416
-161488626767.46887
-169380106013.11932
-168656290268.64148
-169550583366.386
-169027132242.21716
-169188691485.91016
-168931005994.06006
-169067484070.65833
-169022469864.79236
-169055904966.04376
-169048856929.26862
-169051708235.489
-169050139056.05634
-169051309735.38037
-169051309735.38257
-169050139056.05737
-169051708235.4939
-169048856929.26807
-169055904966.04138
-169022469864.80005
-169067484070.6651
-168931005994.07288
-169188691485.9171
-169027132242.21362
-169550583366.37506
-168656290268.6317
-169380106013.1109
-161488626767.46375
-154046322822.7669
-192634982067.1978
-210663139866.26596
-393848448043.0426
-265238029880.21692
-323532181976.12415
-114213062086.36353
-131263487181.8971
-126794957452.18713
-50703283319.92789
-40154240206.9153
-38359550463.85025
-49765077386.19479
-52934664705.42502
-52017771743.52583
-50742732719.26056
-50294444058.667694
-50213595329.48709
-50173236374.85428
-50235053043.31378
-50236898029.25481
-50259876276.87988
-50258388289.65332
-50259359125.11838
-50257229414.7706
-50257491769.29358
-50257491769.29465
-50257229414.77255
-50259359125.118744
-50258388289.65311
-50259876276.8793
-50236898029.2547
-50235053043.31459
-50173236374.855865
-50213595329.487656
-50294444058.66681
-50742732719.256165
-52017771743.52112
-52934664705.42323
-49765077386.19586
-38359550463.85565
-40154240206.9176
-50703283319.90831
-126794957452.13594
-131263487181.8233
-114213062086.30997
-26428456801.23117
-24635509600.25463
-15075842050.151833
16767608665.291658
18502028212.249878
5906023863.714701
-4844777805.889792
-7393210820.1273985
-5847573451.880312
-4404150440.187187
-3942584881.029749
-3980033242.883171
-4072760146.6631947
-4132544212.694319
-4156391416.7084103
-4166095748.8259506
-4166759264.1513786
-4165268200.7316284
-4163722724.5973606
-4162979326.195469
-4162979326.196871
-4163722724.6003246
-4165268200.732767
-4166759264.1490097
-4166095748.8215427
-4156391416.7044144
-4132544212.690531
-4072760146.659794
-3980033242.8807545
-3942584881.0291767
-4404150440.187767
-5847573451.879993
-7393210820.126374
-4844777805.890611
5906023863.709326
18502028212.24012
16767608665.282627
-15075842050.152725
-24635509600.24836
-26428456801.22769
-58593068127.27005
-66348314114.06642
-55728839312.05548
-38366580753.63197
-35806317960.54588
-49484620599.937805
-59103903304.53186
-61503248588.97695
-60446507623.85012
-59296100424.66826
-59027114681.87849
-59147491209.54324
-59284571185.93918
-59332502421.834335
-59346946348.18019
-59344474507.18167
-59343648456.60244
-59342875760.501465
-59342621103.787544
-59342324642.14183
-59342324642.14334
-59342621103.78987
-59342875760.50126
-59343648456.598595
-59344474507.176025
-59346946348.17509
-59332502421.83085
-59284571185.93608
-59147491209.54146
-59027114681.878426
-59296100424.66959
-60446507623.85133
-61503248588.97687
-59103903304.529495
-49484620599.93384
-35806317960.54576
-38366580753.63771
-55728839312.06735
-66348314114.083145
-58593068127.28226
-99795926258.81044
-114489699620.05365
-111511617996.95398
-92476243974.72314
-89899883420.0401
-101602152580.46371
-110592538540.99391
-113180296867.76997
-112528824150.64015
-111694351352.74905
-111531313665.07654
-111641186687.95264
-111734166757.35962
-111752815778.36328
-111743162992.02678
-111731602274.8486
-111729700803.3138
-111731216118.50496
-111732745287.54158
-111733468061.88982
-111733468061.89102
-111732745287.54312
-111731216118.5042
-111729700803.30971
-111731602274.84364
-111743162992.02309
-111752815778.3613
-111734166757.35797
-111641186687.9514
-111531313665.07622
-111694351352.74948
-112528824150.64146
-113180296867.77028
-110592538540.99036
-101602152580.45517
-89899883420.03241
-92476243974.72157
-111511617996.96257
-114489699620.06995
-99795926258.82288
-110520066036.78189
-126671604807.1947
-126822356206.29408
-106429438519.52649
-104409942241.22324
-115578458863.33276
-124549133881.32797
-127385290863.0548
-127002066847.47931
-126344307343.98549
-126194440702.90666
-126243737834.78772
-126273016216.69598
-126259362077.26196
-126233937708.50275
-126219050347.8748
-126217967120.57465
-126221389036.34113
-126224286274.51614
-126225806089.04385
-126225806089.04498
-126224286274.51816
-126221389036.34135
-126217967120.57205
-126219050347.87193
-126233937708.50075
-126259362077.26091
-126273016216.69485
-126243737834.78659
-126194440702.90613
-126344307343.98546
-127002066847.4798
-127385290863.055
-124549133881.32487
-115578458863.32483
-104409942241.21541
-106429438519.52396
-126822356206.29877
-126671604807.20697
-110520066036.7891
-101686768346.34042
-115921590491.5289
-115673532999.98727
-96022575613.04378
-94783136991.15567
-105722916258.17107
-114539785712.158
-117471610915.09612
-117271218269.30753
-116724886499.86935
-116577617525.23932
-116582033424.96188
-116572542243.17337
-116543925899.39006
-116516509424.44958
-116503835302.11642
-116504306844.78543
-116508528453.16354
-116511885492.17978
-116513680901.8581
-116513680901.85924
-116511885492.18271
-116508528453.1659
-116504306844.78583
-116503835302.11584
-116516509424.44907
-116543925899.38991
-116572542243.17346
-116582033424.96198
-116577617525.23993
-116724886499.86981
-117271218269.30771
-117471610915.0951
-114539785712.15433
-105722916258.16467
-94783136991.15082
-96022575613.0422
-115673532999.99019
-115921590491.53427
-101686768346.34166
-86616645150.80608
-97844947116.44717
-97369619088.66129
-80376464856.17291
-80014289461.77182
-90184911326.23898
-98252342392.51701
-100984772405.65842
-100874402143.53506
-100416809552.91153
-100283422533.58205
-100270772368.23898
-100249572324.1807
-100221384694.30249
-100199411110.3648
-100190785640.93832
-100192442071.64752
-100196595294.14363
-100199737000.83575
-100201404887.76259
-100201404887.76413
-100199737000.83922
-100196595294.14684
-100192442071.64929
-100190785640.93863
-100199411110.36522
-100221384694.30356
-100249572324.18225
-100270772368.24115
-100283422533.58499
-100416809552.91383
-100874402143.53535
-100984772405.65645
-98252342392.51242
-90184911326.23376
-80014289461.76901
-80376464856.17249
-97369619088.66191
-97844947116.44897
-86616645150.80348
-68940484957.45062
-77282743149.53333
-77022456042.91745
-63871760780.668915
-64378980853.63578
-73116620175.09692
-79827332698.73302
-82057345727.68596
-81938590207.80487
-81545521698.41348
-81428143852.2442
-81413379561.15587
-81394790815.0329
-81373598038.57161
-81358377882.51746
-81353232734.5191
-81355408057.87968
-81359033700.30266
-81361632383.21556
-81362975685.26788
-81362975685.26898
-81361632383.21855
-81359033700.30551
-81355408057.88101
-81353232734.5194
-81358377882.51819
-81373598038.5733
-81394790815.0352
-81413379561.15926
-81428143852.24805
-81545521698.41634
-81938590207.80556
-82057345727.6839
-79827332698.72885
-73116620175.09293
-64378980853.63464
-63871760780.66931
-77022456042.91785
-77282743149.53435
-68940484957.44789
-49333252933.57593
-54804932391.825195
-54707774251.92627
-45687103499.12627
-46863268503.0067
-53721165479.17639
-58721946965.31659
-60282196397.76302
-60107350249.037796
-59772499959.264336
-59675297899.958115
-59666089580.347145
-59655801997.81067
-59643097900.60306
-59633872243.37813
-59631214316.95755
-59633329549.74379
-59636145288.75479
-59638052081.82474
-59639007197.71883
-59639007197.719635
-59638052081.82666
-59636145288.756546
-59633329549.74461
-59631214316.95772
-59633872243.37866
-59643097900.60405
-59655801997.812256
-59666089580.34946
-59675297899.960846
-59772499959.26658
-60107350249.038376
-60282196397.76175
-58721946965.31387
-53721165479.173904
-46863268503.006386
-45687103499.12723
-54707774251.927475
-54804932391.82648
-49333252933.57472
-30128354402.203133
-33020514567.21055
-32778142601.582634
-27449419090.668278
-28964355990.640022
-33813214502.654884
-37083890266.84961
-37983375002.810074
-37766645985.734665
-37501887812.08728
-37432072779.8843
-37431708512.20459
-37430294284.89899
-37425224070.24599
-37420889287.851295
-37419977149.963135
-37421699539.438866
-37423602752.06796
-37424813915.8706
-37425405488.23575
-37425405488.23627
-37424813915.87182
-37423602752.068985
-37421699539.43932
-37419977149.96331
-37420889287.85161
-37425224070.24643
-37430294284.89958
-37431708512.2054
-37432072779.88546
-37501887812.08833
-37766645985.73488
-37983375002.80919
-37083890266.84812
-33813214502.653625
-28964355990.640064
-27449419090.66919
-32778142601.583923
-33020514567.21205
-30128354402.203056
-14539500769.866898
-15531994182.445145
-15016219728.883884
-12443603711.965591
-13906018817.198425
-16904624541.152264
-18698618934.912804
-19070968584.23933
-18851561281.43903
-18665122727.76834
-18624667119.78581
-18631978520.100082
-18636867759.191856
-18637211002.13038
-18636371154.58322
-18636592071.359562
-18637833272.382362
-18638932885.94552
-18639572952.69742
-18639877687.589767
-18639877687.590145
-18639572952.698166
-18638932885.946056
-18637833272.382545
-18636592071.359577
-18636371154.583252
-18637211002.130424
-18636867759.19171
-18631978520.099987
-18624667119.785965
-18665122727.768517
-18851561281.438904
-19070968584.238873
-18698618934.912148
-16904624541.151608
-13906018817.198496
-12443603711.966173
-15016219728.884766
-15531994182.446148
-14539500769.867119
-4636095326.332146
-4612904956.247755
-3935660505.5107822
-3012136844.197008
-4105096064.1039867
-5641621613.400274
-6387009573.869548
-6429753514.999739
-6246199648.761078
-6133412295.955904
-6117470726.605003
-6128780786.3926525
-6136289831.474125
-6139240846.532751
-6140207740.778606
-6140908185.009266
-6141686879.514019
-6142201793.806492
-6142452430.537959
-6142564631.708998
-6142564631.70914
-6142452430.538311
-6142201793.806764
-6141686879.51409
-6140908185.009197
-6140207740.7785015
-6139240846.532585
-6136289831.4738655
-6128780786.392443
-6117470726.60495
-6133412295.955868
-6246199648.760929
-6429753514.999557
-6387009573.869316
-5641621613.40006
-4105096064.104
-3012136844.197241
-3935660505.5111637
-4612904956.248175
-4636095326.33227
-236552159.0669198
68737528.82593203
667842454.0546582
854539916.2274966
237965881.39363384
-350932640.9803114
-517609562.14773154
-427481100.7442169
-304803266.2340355
-250739216.10896373
-250828396.97459912
-262278287.77865744
-269274963.19388986
-272434676.5653906
-273724650.28300595
-274354861.6420505
-274739845.3652644
-274901331.94091105
-274941085.4829991
-274951532.7807877
-274951532.7808502
-274941085.4831126
-274901331.940974
-274739845.3652406
-274354861.6419773
-273724650.28293276
-272434676.5653014
-269274963.1937618
-262278287.77855444
-250828396.97457004
-250739216.10894918
-304803266.23400426
-427481100.7442076
-517609562.1477406
-350932640.9803146
237965881.39360744
854539916.2274358
667842454.0545475
68737528.82579947
-236552159.06697798
664000966.4182338
879318367.5496157
1236164418.1207108
1211794702.3944876
968085053.4404598
844651741.6735494
888648674.0911319
979444396.3950992
1039637844.8089533
1055493423.2228726
1048197083.3261436
1039196501.1542068
1034319561.5235511
1032176185.5347817
1031326681.2456336
1030997530.5843915
1030880027.6881403
1030880124.709518
1030915666.3740195
1030938314.1237159
1030938314.123711
1030915666.3740083
1030880124.709532
1030880027.6881673
1030997530.5844189
1031326681.2456483
1032176185.5347948
1034319561.5235736
1039196501.1542239
1048197083.3261389
1055493423.2228639
1039637844.8089406
979444396.3950582
888648674.0910702
844651741.6735063
968085053.4404509
1211794702.3944888
1236164418.1206975
879318367.5495875
664000966.4181952
319247439.81279826
390846313.9850836
513666565.29317856
473355211.5765878
418861275.65890455
439956435.59019053
500570804.0556777
545901338.7374735
562791751.0222855
560613934.7151248
552720685.4943726
547013719.6453667
544341952.0491865
543299479.3163174
542951690.4303217
542865355.030029
542871375.9164872
542911117.99328
542949103.6882179
542969452.5690103
542969452.5690169
542949103.6882317
542911117.9932992
542871375.916501
542865355.0300326
542951690.4303133
543299479.3163046
544341952.0491786
547013719.6453617
552720685.4943666
560613934.7151202
562791751.0222782
545901338.7374539
500570804.05564964
439956435.59017694
418861275.6589216
473355211.5766121
513666565.29318976
390846313.9850795
319247439.8127807
-12256301.731718093
-10152790.391488671
-10549479.025425255
-33534029.81443596
-33715860.03612504
-7158660.984885849
18440101.001057982
28213402.961285695
26115447.825758457
19867774.251704097
14495877.322018906
11569802.684305519
10401923.046008945
10030121.094092175
9951484.79677108
9962558.27305685
9992576.408087581
10021221.466814578
10041161.877765015
10050939.274549022
10050939.274551556
10041161.877772659
10021221.466821268
9992576.408088654
9962558.2730522
9951484.796763182
10030121.094083115
10401923.04600139
11569802.684301987
14495877.322018385
19867774.251706347
26115447.82576169
28213402.961286783
18440101.001058206
-7158660.984876029
-33715860.0361032
-33534029.81441173
-10549479.025413454
-10152790.391489446
-12256301.73172298
-88982875.25067478
-96660723.8641536
-123642711.46639463
-135273740.58186018
-133871394.40589884
-127367650.02609289
-125229618.89731757
-128621523.058382
-133882518.33788583
-138272499.34262398
-140923755.82775646
-142122456.14203668
-142531034.52495626
-142629036.4355545
-142630320.81206605
-142611134.839323
-142593888.42071596
-142582392.6795507
-142575949.04380232
-142573132.34377185
-142573132.34377068
-142575949.04380107
-142582392.67954987
-142593888.42071748
-142611134.83932585
-142630320.81206924
-142629036.43555784
-142531034.5249579
-142122456.1420374
-140923755.82775444
-138272499.3426212
-133882518.33788247
-128621523.05837776
-125229618.89731103
-127367650.02608374
-133871394.40588772
-135273740.58185005
-123642711.46639079
-96660723.86415471
-88982875.25067452
-55311670.19172183
-56589530.69328977
-72619573.47675367
-78249796.2204275
-81310404.4488697
-84225206.49046326
-87972423.51727003
-91918355.58803035
-95034984.36395976
-96981644.60751009
-97958428.17913812
-98343941.45779684
-98458800.62363392
-98479933.25781864
-98476546.88521096
-98469993.38958484
-98465261.00217155
-98462660.698872
-98461568.08576158
-98461254.4586572
-98461254.45865712
-98461568.08576198
-98462660.69887292
-98465261.0021725
-98469993.38958588
-98476546.88521165
-98479933.25781912
-98458800.62363377
-98343941.45779619
-97958428.17913765
-96981644.60750967
-95034984.36395906
-91918355.58802961
-87972423.51726866
-84225206.4904618
-81310404.44886978
-78249796.22042799
-72619573.47675486
-56589530.69329069
-55311670.191721156
-20906907.428938672
-18854413.84908791
-23481857.400224946
-25811254.877213523
-29180474.446046777
-32519766.782486573
-35067435.52662632
-36834132.928057715
-37946711.620204344
-38551044.08439217
-38820896.39032388
-38917491.13587615
-38944703.24149503
-38950576.66972399
-38951588.51389311
-38951725.69611485
-38951566.01219159
-38951376.287562214
-38951382.82895073
-38951492.59476654
-38951492.594766974
-38951382.828951344
-38951376.287562825
-38951566.01219193
-38951725.69611512
-38951588.51389322
-38950576.669723876
-38944703.24149468
-38917491.13587585
-38820896.39032427
-38551044.08439304
-37946711.62020531
-36834132.928058535
-35067435.52662745
-32519766.782488517
-29180474.446049966
-25811254.87721633
-23481857.400226556
-18854413.849088095
-20906907.42893789
-5924785.990393054
-4158191.233922988
-4476676.155436348
-5301081.38950487
-7213492.698041912
-8844325.484433344
-9720989.88232005
-10159061.557925351
-10407905.696890336
-10542346.089346426
-10600462.375945743
-10620957.664824072
-10627719.317914426
-10630397.194808457
-10632006.937530264
-10632977.684822127
-10633282.264997527
-10633254.408684617
-10633249.63310295
-10633304.289935503
-10633304.289935678
-10633249.633103278
-10633254.408684798
-10633282.26499758
-10632977.684822092
-10632006.937530242
-10630397.194808256
-10627719.31791413
-10620957.66482399
-10600462.375946216
-10542346.08934714
-10407905.69689092
-10159061.557925913
-9720989.88232105
-8844325.484435022
-7213492.698044099
-5301081.389506582
-4476676.155436872
-4158191.233922502
-5924785.990392415
-1389291.0164278983
-621513.172225872
-320834.5259461915
-614012.9655966507
-1380047.1469192742
-1888092.8837131634
-2029375.4410983743
-2052188.045259078
-2077377.055451014
-2101912.040393385
-2114920.987002113
-2120358.588415006
-2122749.6766438074
-2123916.5482290997
-2124608.3170766355
-2124953.4337877985
-2124964.574678081
-2124849.2862458425
-2124793.958053339
-2124800.2777167363
-2124800.277716794
-2124793.9580534482
-2124849.286245892
-2124964.5746780494
-2124953.4337877594
-2124608.317076596
-2123916.5482290057
-2122749.6766436836
-2120358.5884149885
-2114920.987002302
-2101912.040393632
-2077377.0554511356
-2052188.0452591684
-2029375.4410986453
-1888092.8837137506
-1380047.146920037
-614012.9655971196
-320834.5259460942
-621513.1722254441
-1389291.0164275635
-261250.2852737321
-58824.743076752464
69789.96911872074
-46649.7041664889
-277658.50331593485
-367568.916084614
-337368.12274594046
-305460.77568119793
-303085.2819610302
-310542.6024865066
-315598.1135718223
-317914.1686641806
-318897.6099691731
-319233.80997101293
-319327.38023309055
-319310.2057398989
-319214.2147459098
-319120.4249265286
-319082.9771437612
-319082.013115052
-319082.01311507024
-319082.9771437872
-319120.424926526
-319214.21474588255
-319310.2057398747
-319327.38023307617
-319233.8099709678
-318897.60996910435
-317914.1686641497
-315598.1135718477
-310542.60248651495
-303085.2819609625
-305460.7756810895
-337368.122745881
-367568.9160846614
-277658.50331604574
-46649.70416650636
69789.96911888284
-58824.74307653634
-261250.2852736172
-24367.458920540696
-1704.599969054114
14057.814107996488
-30500.788144030637
-79839.58807165001
-74015.32142485528
-43262.80318834566
-27853.03084396223
-28649.83341503419
-32953.672591486815
-35452.479793919934
-36446.93322529764
-36760.92593379595
-36779.742119221104
-36716.17584428711
-36644.69141783195
-36579.53958498541
-36539.08166109009
-36527.79519937838
-36529.489374526944
-36529.48937453218
-36527.79519938363
-36539.08166108203
-36579.53958497082
-36644.691417825714
-36716.1758442851
-36779.742119206465
-36760.92593376708
-36446.93322527056
-35452.47979389933
-32953.67259145184
-28649.833414968365
-27853.03084387673
-43262.80318826498
-74015.32142480215
-79839.588071623
-30500.78814399236
14057.81410807
-1704.5999689913006
-24367.4589205215
6935.227152558968
770.7388363369223
-5314.648472045525
-18752.495875748056
-23489.24297658621
-12557.50895683947
-716.0750526989286
2403.105913799101
278.91862267423494
-1968.3431405885258
-2993.523464947373
-3306.2625809480314
-3351.658498994172
-3307.9806825309515
-3255.577553151962
-3217.72131816647
-3194.536285752538
-3185.3887267502832
-3185.8588424753907
-3188.3882506216178
-3188.388250623764
-3185.858842476692
-3185.3887267459013
-3194.536285747483
-3217.7213181670813
-3255.5775531547397
-3307.9806825290098
-3351.658498986758
-3306.262580938318
-2993.523464936092
-1968.3431405724095
278.9186226979309
2403.105913829056
-716.0750526668871
-12557.508956812379
-23489.242976568374
-18752.495875734963
-5314.648472029697
770.738836353712
6935.2271525518045
3696.220632547813
286.3876239180821
-3062.701323684403
-5607.660279850824
-4123.086575824462
215.6344520414657
2786.9385555173467
2381.204116530017
989.1475033520421
83.9001665743792
-234.26071091141318
-289.4515931140894
-270.1060447332294
-239.02043217930105
-216.66884106544023
-205.24184254189657
-201.31188955346613
-202.00416073055646
-204.42041228355185
-206.12327889616427
-206.12327889700475
-204.4204122837907
-202.00416072817836
-201.31188955141045
-205.24184254302878
-216.6688410678994
-239.02043218094025
-270.1060447343371
-289.45159311486685
-234.26071091144797
83.90016657521636
989.1475033538416
2381.2041165330033
2786.9385555213657
215.63445204559594
-4123.0865758213395
-5607.660279849466
-3062.70132368374
286.38762392103746
3696.2206325390907
529.9985542456376
59.18593747288183
-489.3524087811012
-467.6363397365694
451.042207449604
1421.0083465743078
1497.918061074568
888.2414341050664
293.3490783191822
5.31719640517742
-66.46222660158303
-61.48613932593381
-43.64722555054256
-30.034277519657074
-23.285783081265528
-21.492408675463665
-22.230538733999843
-23.885647549195582
-25.38042728479798
-26.169845075476424
-26.169845075572553
-25.38042728404455
-23.885647547024192
-22.230538732368295
-21.492408675851202
-23.285783082543915
-30.034277521051756
-43.64722555259836
-61.4861393285009
-66.46222660411146
5.317196402711502
293.3490783168422
888.2414341027943
1497.9180610722447
1421.0083465726907
451.04220744980023
-467.6363397354479
-489.3524087803243
59.1859374761504
529.9985542397505
-223.46441389585203
-19.33592550327712
120.09006910406995
365.30066092800394
640.519376862221
717.3657938145361
519.0679228449085
230.4950340676794
35.61016695696942
-39.0978853044496
-49.28203888664119
-41.40886108756845
-33.33325410812536
-28.721768619164074
-27.145239416982783
-27.30292646589264
-28.121649584859448
-28.984825747891268
-29.593193352247997
-29.877486269326273
-29.87748626919312
-29.59319335133656
-28.984825746103485
-28.121649583741597
-27.30292646624904
-27.145239417731823
-28.721768619607793
-33.333254108796496
-41.40886108865847
-49.28203888793233
-39.09788530581559
35.61016695567692
230.49503406621858
519.0679228430117
717.3657938130619
640.5193768627169
365.30066092976926
120.09006910560565
-19.335925500170273
-223.46441389969638
-182.2053506741424
-42.21366623382491
95.08010698816746
213.4963327727716
275.78720890143506
241.27367242252905
141.87120540711456
47.76145686675193
-4.640451636135609
-20.82616103940162
-21.065392119358695
-17.636151305089406
-14.919314683912107
-13.547791999682797
-13.210659894495913
-13.401534591962864
-13.749977477960604
-14.058058085227103
-14.252287576189755
-14.337186284515466
-14.337186284486547
-14.252287575703257
-14.058058084231126
-13.749977477535092
-13.401534592529826
-13.210659895012279
-13.547791999583273
-14.919314683766869
-17.636151305275753
-21.065392119753085
-20.826161039793583
-4.64045163642453
47.76145686621187
141.87120540597195
241.27367242144453
275.7872089015443
213.4963327738951
95.08010698899771
-42.21366623397822
-182.2053506765371
-74.3925946940308
-0.5427829062349518
40.2842391930335
89.67079150035522
105.28471652349197
87.51689851761728
58.0749161809328
33.77727059614398
22.794296094363425
19.620227053130403
20.136395321749077
21.167109389930832
21.992648659215284
22.39421306347964
22.491512018329693
22.428852789466106
22.320585234130938
22.231563363854708
22.178794590156826
22.1576797283792
22.157679728303123
22.178794590264246
22.23156336427733
22.320585234187504
22.4288527889845
22.49151201805352
22.394213063702605
21.992648659392856
21.167109389765184
20.13639532149665
19.620227053071776
22.79429609448094
33.77727059604099
58.07491618028471
87.51689851676596
105.28471652311913
89.67079150050638
40.28423919314503
-0.5427829062640588
-74.39259469517347
-27.782793882669196
-16.62556779487243
10.990179478473522
28.51317496910189
31.12759998956989
25.52508103580465
16.00206640436726
11.231965728885612
9.071836478779879
9.214735732787144
9.507369914687512
9.928960013715384
10.18698800755199
10.3187281956511
10.347641502796996
10.323488693622572
10.292020489539393
10.26814579055694
10.257076507978855
10.252985393044732
10.252985392956614
10.257076507961504
10.268145790758119
10.29202048957199
10.323488693402183
10.347641502760807
10.318728195882018
10.186988007635476
9.928960013502799
9.507369914468129
9.214735732809691
9.071836478995074
11.23196572899207
16.002066404110362
25.525081035295514
31.127599989146628
28.51317496889433
10.99017947840835
-16.62556779473793
-27.782793882932037
-24.671191535887576
-20.0182228989086
-12.807614058124528
-4.134879680380017
-6.9606169133056
-13.38548443073931
-19.29205048493077
-21.31900188800809
-21.336734850922035
-20.72402715735899
-20.3271430437093
-20.106987310225406
-20.01893413152687
-20.001153513859464
-20.01383788229208
-20.03425799741109
-20.047725521012644
-20.053948090096526
-20.055124451845018
-20.054935272188857
-20.054935272242908
-20.05512445185029
-20.05394808994641
-20.047725520909594
-20.034257997417882
-20.01383788218665
-20.00115351363266
-20.01893413143874
-20.106987310339285
-20.327143043822396
-20.72402715731336
-21.336734850745046
-21.319001887849858
-19.292050484938216
-13.385484430922837
-6.960616913558404
-4.134879680518665
-12.807614058122361
-20.018222899070693
-24.67119153573966
-33.64464831856527
-18.33855114910456
-25.62550412056134
-29.442056559574937
-28.09594458404551
-38.35358370552055
-41.664137299544834
-43.837658805247635
-43.03091402928669
-42.77875224977615
-42.32006331231284
-42.2553576515115
-42.2430901665653
-42.26054465408757
-42.293164507112365
-42.30298998432785
-42.31150244998457
-42.31116475711756
-42.31132775047467
-42.3101461189473
-42.310146118966614
-42.311327750445344
-42.311164756986514
-42.31150244984343
-42.30298998422262
-42.293164506965525
-42.260544653899885
-42.24309016645535
-42.255357651503196
-42.320063312311405
-42.7787522497249
-43.03091402918265
-43.83765880512272
-41.66413729946744
-38.35358370554718
-28.095944584151496
-29.442056559671578
-25.625504120526255
-18.338551148956093
-33.64464831834712
-27.502298143554313
-11.897255613699196
-41.24658864211118
-15.459015518452345
-26.306122325165763
-19.43695597089325
-21.69912919871663
-21.558137949463685
-21.44807848776764
-21.064900466746874
-20.970905615443762
-20.94183896764511
-20.93940645928971
-20.98453668342026
-20.985318218748187
-20.996532237629033
-20.993672849803747
-20.993642542677442
-20.991439260602533
-20.991015485457083
-20.991015485456995
-20.991439260566153
-20.993642542576765
-20.993672849676564
-20.996532237502862
-20.985318218616406
-20.984536683292596
-20.939406459191392
-20.941838967578683
-20.970905615394173
-21.064900466702202
-21.448078487723322
-21.558137949406515
-21.699129198666416
-19.436955970880675
-26.306122325205518
-15.459015518503637
-41.246588642104626
-11.897255613635577
-27.502298143433812
5.132300373792297
2.0383545979736155
11.874721757519325
9.208234723626834
12.224234622516711
16.59911862111025
19.47608096329685
21.120292092778726
21.31393268774091
21.387886475771744
21.328176711277713
21.313678817895735
21.285145587426264
21.27158948891777
21.268748665851774
21.26961732987211
21.272498915406253
21.27434640122603
21.276236964851858
21.277172689872877
21.27717268987374
21.276236964871348
21.274346401282997
21.272498915486953
21.26961732995516
21.26874866593209
21.27158948898894
21.28514558748374
21.313678817946982
21.3281767113225
21.387886475797124
21.313932687746888
21.120292092784638
19.476080963310704
16.599118621117768
12.224234622502713
9.208234723598268
11.874721757500279
2.0383545979822593
5.1323003738037265
45.11550988874753
-72.23753518907188
96.96946584090897
-7.956987078797965
34.06941083208989
22.011489314599224
30.977252186086332
32.69658249606752
32.68292146431308
32.61232136580841
32.434103551452466
32.49058740357373
32.386988333317184
32.450437546515914
32.42025130458763
32.43572402139954
32.43201577630981
32.435611169214894
32.435999068529036
32.43751327695977
32.43751327695962
32.43599906853105
32.43561116922986
32.43201577634177
32.43572402143235
32.42025130462478
32.45043754653527
32.386988333341584
32.490587403590645
32.4341035514739
32.61232136580851
32.6829214643022
32.69658249605712
30.977252186069475
22.011489314613456
34.06941083208579
-7.956987078804858
96.96946584088428
-72.23753518908168
45.11550988871369
55.13499801806873
74.94155286509124
77.61741299418561
75.70851294641153
77.88886770993574
83.76581596506702
88.28162560702987
89.88570497845708
89.92491318860803
89.68257974085228
89.5963206276833
89.58555035997568
89.5910988611621
89.59470422014624
89.59973135432693
89.59960024457516
89.6004621853906
89.60184201614771
89.60489379448572
89.60711446107504
89.60711446107362
89.60489379448114
89.60184201614334
89.60046218539273
89.599600244583
89.59973135433246
89.5947042201455
89.59109886116076
89.58555035997834
89.59632062768601
89.68257974084835
89.92491318859625
89.88570497844296
88.28162560701992
83.765815965065
77.88886770993821
75.70851294640735
77.61741299416539
74.94155286505942
55.13499801804144
