1600
-5328559193.680073
-8175614766.050665
-9481769535.94394
-10016026658.634724
-10702645189.190306
-11460560981.067696
-11920012672.294971
-12067859554.592838
-12087364049.656033
-12083619397.93918
-12083758365.020617
-12082872624.591131
-12080773190.76748
-12078571396.085741
-12077120747.977875
-12076490697.630001
-12076410587.222902
-12076499889.379412
-12076569083.75275
-12076599657.271206
-12076599657.271202
-12076569083.752712
-12076499889.379402
-12076410587.222956
-12076490697.63006
-12077120747.977863
-12078571396.08569
-12080773190.767464
-12082872624.59122
-12083758365.02076
-12083619397.939262
-12087364049.655931
-12067859554.592445
-11920012672.29438
-11460560981.06727
-10702645189.190256
-10016026658.634594
-9481769535.943153
-8175614766.049326
-5328559193.678877
-3469871638.954275
14787252163.37928
-4332830112.081518
12426660337.156284
8157953553.069811
9714437148.077625
9827251296.97939
9230811823.212074
9687534855.574705
9501837227.430565
9600111876.970802
9550510419.702898
9576242062.871445
9559528653.985954
9565400560.719833
9563758380.821104
9564313688.315926
9564167043.185596
9564082894.936726
9564157977.45364
9564157977.453568
9564082894.936869
9564167043.185032
9564313688.316206
9563758380.821634
9565400560.719265
9559528653.986317
9576242062.871029
9550510419.70304
9600111876.97142
9501837227.430614
9687534855.573742
9230811823.21343
9827251296.9785
9714437148.073906
8157953553.072575
12426660337.15756
-4332830112.081062
14787252163.374285
-3469871638.953945
-943555312.9473481
-360082021.1466365
1578314195.8002331
4096207725.4905844
5562291417.962836
6102286153.728838
6112164617.70804
6109252418.810649
6121843331.745687
6142924636.035091
6148205661.9723835
6149289117.144369
6148979656.49029
6148557912.427315
6148701967.505985
6148641728.380499
6148630721.751958
6148554648.915698
6148545529.085295
6148536506.950916
6148536506.950902
6148545529.085259
6148554648.915676
6148630721.751923
6148641728.380494
6148701967.50601
6148557912.427334
6148979656.490328
6149289117.144432
6148205661.972413
6142924636.035079
6121843331.745554
6109252418.810358
6112164617.707738
6102286153.728666
5562291417.962793
4096207725.490576
1578314195.7999752
-360082021.1470666
-943555312.9478736
-160562739.29000902
-1246480621.441135
2443253529.1490393
3671967743.1306553
5174282672.69334
5561182501.229695
5583426681.714431
5651237715.074678
5606594628.743028
5632246949.012504
5624232001.242222
5629372558.538904
5626642925.790077
5627910151.02829
5627665935.372423
5627714063.479486
5627711176.979439
5627668795.433283
5627688865.77806
5627679024.134064
5627679024.134038
5627688865.777996
5627668795.433324
5627711176.979404
5627714063.479437
5627665935.372492
5627910151.0282545
5626642925.790144
5629372558.538937
5624232001.242214
5632246949.012504
5606594628.742967
5651237715.074301
5583426681.714115
5561182501.22971
5174282672.6931925
3671967743.1306744
2443253529.148761
-1246480621.441515
-160562739.29059744
74205105.58099067
-448921124.142571
1010409452.9322336
1198581922.9610558
1744809341.981638
1825159845.4351652
1828823145.2132807
1818587696.7048755
1782816461.8655157
1775497659.7889912
1769621981.440288
1771108515.947209
1770854423.614479
1771874660.2377253
1771962843.769012
1772117021.6311474
1772118700.2065067
1772122362.8537292
1772127063.590639
1772128797.6499243
1772128797.649931
1772127063.5906422
1772122362.853753
1772118700.206521
1772117021.631152
1771962843.7690206
1771874660.2376928
1770854423.6144705
1771108515.9472065
1769621981.4402993
1775497659.7890105
1782816461.8655121
1818587696.704762
1828823145.2131462
1825159845.4351432
1744809341.981689
1198581922.9611459
1010409452.9321208
-448921124.14275205
74205105.58072567
862237154.6615124
885335299.0503285
807169897.9619788
361533931.14364576
150635073.70320553
113318588.14863795
125097028.09392442
116355134.96057224
91075945.75549194
75733824.33904363
71709744.18360645
72960126.49152622
74300727.30123979
75053671.30612399
75286576.2095913
75320897.09856081
75313804.2748695
75317053.18449995
75323264.37458521
75325349.89790504
75325349.89791454
75323264.37460795
75317053.18452214
75313804.27487819
75320897.09855774
75286576.20957467
75053671.30608325
74300727.3011898
72960126.49149588
71709744.18361035
75733824.33908024
91075945.75553682
116355134.96057142
125097028.09386723
113318588.14860108
150635073.70325172
361533931.14370877
807169897.9619236
885335299.0501933
862237154.6613666
1674960939.1566155
2117410519.450659
1738740318.6164656
1097284269.1071553
721446160.2882333
713030646.3254974
782811655.9565474
800615945.0547847
791278553.0472313
780619784.8548462
779686304.50628
781033673.6842713
782176453.2946674
782350963.0214841
782248758.4798598
782092341.5307782
782047942.1120019
782060961.3960768
782076161.9607583
782083001.6126819
782083001.6126838
782076161.9607638
782060961.3960692
782047942.1119895
782092341.5307646
782248758.4798279
782350963.021432
782176453.2945956
781033673.6842219
779686304.5062824
780619784.8548865
791278553.0472711
800615945.0547647
782811655.9564265
713030646.3253809
721446160.2882521
1097284269.1071813
1738740318.6163406
2117410519.4504175
1674960939.1563644
2029100878.389013
2641002988.2020974
2388631690.5174913
1732339181.2680435
1400045110.692516
1442068476.358975
1546855147.8235574
1583557774.6869016
1583291216.5251942
1578834287.7372744
1579039179.1420221
1579631794.9889615
1579621543.7663455
1579097866.3751154
1578590157.210752
1578306129.1735656
1578260689.6765265
1578297194.1049004
1578325410.2199912
1578336994.32076
1578336994.3207574
1578325410.2199755
1578297194.1048713
1578260689.6765046
1578306129.173551
1578590157.2107234
1579097866.3750615
1579621543.766274
1579631794.9889162
1579039179.1420195
1578834287.7373075
1583291216.5252159
1583557774.6868386
1546855147.823388
1442068476.3588357
1400045110.6925373
1732339181.268081
2388631690.5173306
2641002988.2017775
2029100878.3886743
2044939933.6635063
2675804992.750002
2497944330.5782285
1855369343.3833976
1559071721.2567616
1624248893.0309603
1741722962.2585394
1786819540.118298
1791112650.8706245
1789452843.0452073
1789329691.1270037
1788800086.238947
1787799557.3592792
1786814195.441701
1786138844.518322
1785858184.3780308
1785852282.195388
1785912766.5305073
1785949066.6323447
1785962887.9637122
1785962887.9637108
1785949066.6323342
1785912766.5304925
1785852282.1953802
1785858184.3780332
1786138844.5183134
1786814195.4416673
1787799557.3592277
1788800086.2389145
1789329691.127007
1789452843.0452356
1791112650.8706393
1786819540.1182303
1741722962.2583876
1624248893.0308475
1559071721.2568097
1855369343.3834605
2497944330.5780945
2675804992.749719
2044939933.6631815
1916129239.1443305
2502612628.3905697
2337062933.4662294
1721874119.20076
1450755689.5165734
1524132829.5408545
1644342341.0871274
1692463669.3665836
1698806835.0892553
1697920705.8358793
1697324726.5256672
1696153542.918917
1694754723.8095696
1693684588.4807572
1693065536.0690656
1692862893.1301513
1692898715.7927284
1692970751.4411035
1693007831.3477426
1693021040.4590375
1693021040.4590394
1693007831.347746
1692970751.4411128
1692898715.7927516
1692862893.1301773
1693065536.0690756
1693684588.4807484
1694754723.8095527
1696153542.9189143
1697324726.525692
1697920705.8359177
1698806835.0892801
1692463669.36654
1644342341.087005
1524132829.5407753
1450755689.516637
1721874119.200833
2337062933.466128
2502612628.3903217
1916129239.1440413
1707245663.182023
2221357548.619611
2068549005.263303
1515154951.5189548
1278496647.271537
1352371022.1436346
1465588497.5509923
1511103624.828891
1517340716.1919222
1516497548.1923466
1515719774.3352957
1514438595.724102
1513074188.6720285
1512131745.966576
1511639279.9307275
1511505742.6695812
1511557794.1968403
1511626261.0577064
1511658855.7218642
1511669842.1337647
1511669842.1337671
1511658855.721875
1511626261.057732
1511557794.1968765
1511505742.6696215
1511639279.9307542
1512131745.9665873
1513074188.6720405
1514438595.724132
1515719774.3353496
1516497548.192402
1517340716.1919527
1511103624.8288522
1465588497.5508897
1352371022.143567
1278496647.2715921
1515154951.5190158
2068549005.2632062
2221357548.6193967
1707245663.1817589
1419519892.0362787
1843266338.9368522
1713665065.6985579
1253471624.3566022
1062503893.2017872
1130072345.9538436
1226919204.9332414
1264814258.975726
1269314994.18964
1268153966.4575267
1267307435.955586
1266159080.3267868
1265012582.2193587
1264261412.3912725
1263887309.7415802
1263794369.765164
1263841900.2409446
1263898053.391198
1263923800.6763573
1263932078.4123912
1263932078.4123936
1263923800.6763687
1263898053.3912215
1263841900.240978
1263794369.7651982
1263887309.7416058
1264261412.391293
1265012582.2193844
1266159080.3268332
1267307435.955648
1268153966.457587
1269314994.1896672
1264814258.9756904
1226919204.9331503
1130072345.9537883
1062503893.2018359
1253471624.3566542
1713665065.6984777
1843266338.9366813
1419519892.0360606
1068660022.825179
1387230851.2706745
1285352471.1176157
935868975.8767838
797175805.3456875
854639633.7073584
930142338.6220429
958143782.5703526
960398642.6977935
958880317.81491
958024551.8810971
957108912.8138001
956252194.5685384
955710430.4400041
955446302.0023372
955383541.7498397
955420943.2021527
955462775.2201406
955481318.4499397
955487022.5493405
955487022.5493453
955481318.4499509
955462775.2201607
955420943.2021766
955383541.749867
955446302.0023572
955710430.4400195
956252194.5685594
957108912.8138385
958024551.8811457
958880317.8149546
960398642.6978126
958143782.5703232
930142338.6219742
854639633.7073163
797175805.3457303
935868975.8768314
1285352471.1175623
1387230851.2705462
1068660022.8250177
702520648.4785718
914027531.1985457
838794388.9553125
601291482.1856275
514384377.9787054
560412793.9021302
613888346.8015387
632082867.4640242
632412114.7895771
630756944.4516357
629997517.9888469
629364193.9545658
628813158.4111807
628477708.3653047
628318622.4637741
628285576.2790189
628314503.0356264
628343338.7876798
628355407.6498828
628358933.0193684
628358933.0193725
628355407.6498955
628343338.7876949
628314503.0356438
628285576.2790334
628318622.4637861
628477708.3653121
628813158.4111896
629364193.9545858
629997517.9888743
630756944.4516606
632412114.7895861
632082867.4640024
613888346.8014933
560412793.902106
514384377.9787399
601291482.1856669
838794388.9552844
914027531.1984665
702520648.478471
382152403.61952376
501032436.82027286
448852256.5895013
308473757.5058597
264580771.0012288
298685282.117545
332289544.42300034
342132484.1213346
341157796.3721475
339618964.38675106
339036007.5854158
338672548.35542005
338387186.0149059
338225723.35941285
338155321.56166816
338148277.880441
338170709.1024295
338188891.05328166
338195670.3306078
338197433.51685286
338197433.5168575
338195670.3306177
338188891.0532912
338170709.1024367
338148277.8804461
338155321.5616696
338225723.35941184
338387186.01490605
338672548.3554255
339036007.5854269
339618964.3867613
341157796.37215
342132484.1213204
332289544.422974
298685282.1175326
264580771.00125206
308473757.5058864
448852256.58948827
501032436.8202261
382152403.6194676
155285876.97546372
208202976.7495153
174618464.77715734
105189031.77242084
89878759.36962894
112372560.64827478
130312518.1511921
134141361.81222293
132576007.44064048
131340799.61679603
130957711.56448166
130800289.10950387
130701170.3876943
130657692.96844205
130646314.15537944
130655317.74093193
130671654.77491114
130681651.92831585
130684516.96730141
130684969.78619546
130684969.78619806
130684516.9673067
130681651.92832018
130671654.77491233
130655317.74093124
130646314.1553773
130657692.96843855
130701170.38769114
130800289.10950409
130957711.5644848
131340799.61679935
132576007.44064105
134141361.81221657
130312518.15117952
112372560.6482697
89878759.36964244
105189031.7724362
174618464.7771522
208202976.7494934
155285876.97543812
34244803.69391048
50447524.96881379
31137646.37114173
4109143.509312667
2780083.42737314
15368303.758822665
22941064.423480004
23413277.106048238
21920010.746215567
21091002.190796033
20890887.06508947
20859412.878655374
20859210.118690655
20872988.451240018
20887545.481324133
20900710.739203922
20910791.004205335
20915083.732171122
20915532.931914337
20915229.950970195
20915229.950971145
20915532.931916174
20915083.732172005
20910791.00420473
20900710.739202548
20887545.481322356
20872988.451237872
20859210.11868843
20859412.8786543
20890887.065090068
21091002.190797128
21920010.74621603
23413277.106046505
22941064.42347599
15368303.75882151
2780083.4273796445
4109143.509320613
31137646.371141262
50447524.96880616
34244803.69390251
-6540704.248464643
-4766768.042836027
-13958696.530735476
-21159507.405124262
-18580006.80228664
-12946884.73195535
-10802513.946832042
-11505397.752865402
-12526106.82961463
-12959812.808860146
-13023486.67793397
-12998215.554830808
-12966565.449189749
-12940322.173986366
-12923551.24423486
-12914028.120335469
-12909380.865238925
-12908389.743937418
-12908985.63493425
-12909513.811880425
-12909513.811880186
-12908985.634933908
-12908389.743937511
-12909380.86523937
-12914028.120336002
-12923551.244235288
-12940322.173986949
-12966565.449190496
-12998215.55483122
-13023486.677933902
-12959812.80885971
-12526106.829614054
-11505397.752865203
-10802513.94683259
-12946884.73195526
-18580006.802284352
-21159507.405121066
-13958696.530734535
-4766768.042837236
-6540704.2484652195
-8429383.554780936
-9538162.843710972
-12648625.348975345
-13197515.154565722
-11107010.537126519
-9265430.389316218
-9138279.129477588
-9816262.995804712
-10317566.681856394
-10470232.448362827
-10460159.57897044
-10423725.21215969
-10395221.868383743
-10376760.827334233
-10366975.236271659
-10362740.594361922
-10361551.07938385
-10361918.22242697
-10362644.639989363
-10363072.873088902
-10363072.873088948
-10362644.639989458
-10361918.222427182
-10361551.079384
-10362740.594361925
-10366975.23627153
-10376760.827334166
-10395221.868383799
-10423725.212159768
-10460159.578970464
-10470232.448362786
-10317566.681856144
-9816262.99580437
-9138279.129477482
-9265430.389316231
-11107010.5371263
-13197515.154565096
-12648625.348974813
-9538162.843710624
-8429383.554780085
-2137499.898513787
-2704418.0873828735
-3081296.9964672094
-2449806.852228926
-1535819.4603797966
-1182587.5916239393
-1418504.373117649
-1752409.9479783943
-1912670.1979028871
-1928482.1030139932
-1898401.138079918
-1871601.3363199686
-1855416.5214019082
-1846951.2542640439
-1843420.3039165847
-1842504.5393151175
-1842725.2377842981
-1843296.9720290292
-1843780.651196904
-1844021.0173676282
-1844021.0173676684
-1843780.6511969897
-1843296.9720291002
-1842725.2377843098
-1842504.5393150342
-1843420.3039164552
-1846951.2542639093
-1855416.5214018242
-1871601.3363199509
-1898401.138079977
-1928482.1030140752
-1912670.197902895
-1752409.94797834
-1418504.3731176849
-1182587.5916241966
-1535819.4603801891
-2449806.8522291947
-3081296.9964672253
-2704418.0873826295
-2137499.898513344
990045.3609616109
976337.3174621407
1300582.361884539
1712826.3567434298
1975171.0475346262
1971881.0187733206
1840585.6037141425
1746198.9966675518
1728182.9956018813
1748353.9753924203
1771061.2014704298
1785038.1529399697
1791828.385999333
1794541.4121321437
1795191.1993045532
1794995.3084158674
1794582.6137520205
1794218.767403159
1793990.6098706953
1793890.8337492126
1793890.8337491977
1793990.60987067
1794218.7674031479
1794582.6137520391
1794995.3084159137
1795191.1993046168
1794541.4121322157
1791828.3859993827
1785038.1529399776
1771061.201470397
1748353.9753923523
1728182.9956018291
1746198.9966675108
1840585.6037140465
1971881.0187730952
1975171.047534314
1712826.3567431446
1300582.3618844126
976337.3174621733
990045.3609616603
1133381.7426293562
1223070.6758795138
1477098.1444975287
1626681.525557187
1682265.7968606374
1663729.3267254285
1633265.515337443
1626263.5367025018
1638554.5902559643
1654299.433959193
1665147.0581544803
1670626.642527096
1672821.735881173
1673418.4488655818
1673352.1005794946
1673099.0606673816
1672864.9159429043
1672709.7931188233
1672629.536737104
1672599.0006942481
1672599.0006942484
1672629.536737109
1672709.7931188317
1672864.9159429206
1673099.0606674014
1673352.1005795158
1673418.4488656
1672821.7358811866
1670626.642527101
1665147.0581544782
1654299.4339591824
1638554.5902559552
1626263.5367024809
1633265.5153374006
1663729.326725352
1682265.7968605414
1626681.5255570959
1477098.144497469
1223070.6758794915
1133381.7426292964
549309.4812116491
590658.0815263371
685079.8920904737
722238.3306900598
737532.9498033619
739456.3664384834
740957.6251069962
747404.0551849083
755744.4908814108
762198.6360867638
765850.1479794607
767483.1782642114
768040.8561847118
768125.5158909447
768042.8106995209
767932.5948178594
767848.5032876895
767800.0624877939
767778.7954490777
767772.3524267868
767772.3524267888
767778.7954490865
767800.0624878017
767848.5032876951
767932.5948178649
768042.8106995279
768125.5158909492
768040.8561847149
767483.1782642163
765850.147979469
762198.6360867749
755744.4908814227
747404.0551849153
740957.625106999
739456.366438488
737532.9498033773
722238.3306900716
685079.8920904708
590658.0815263195
549309.4812115997
178003.9502888563
184600.4252657193
203126.00242762314
209668.645182035
218140.12492510915
224039.86119949815
227430.1346713402
230406.13506737235
233030.31335609703
234752.0007810134
235635.61074361193
236009.67266121876
236127.68988028457
236138.05387694197
236113.0877001906
236083.79802579334
236062.2907678446
236050.55770300148
236046.22970953985
236045.55451161938
236045.55451162084
236046.22970954335
236050.55770300404
236062.2907678468
236083.7980257948
236113.08770019177
236138.05387694133
236127.68988028262
236009.67266121975
235635.61074361965
234752.00078102492
233030.31335610745
230406.13506738178
227430.13467135103
224039.8611995171
218140.1249251372
209668.64518205964
203126.00242763
184600.42526571004
178003.95028883172
43144.90163568051
41561.761994846966
41530.007291279726
42745.96017067098
47410.345272722276
50476.52861625651
51333.81413406182
51703.51697255386
52116.12431466072
52415.45688861339
52575.03144457841
52649.01369060269
52675.52314096512
52680.251617565955
52676.98706954165
52671.65528347056
52667.20501303296
52664.634638043164
52663.84121145478
52663.93909854321
52663.93909854413
52663.841211456034
52664.63463804356
52667.205013032595
52671.655283470696
52676.987069541596
52680.25161756435
52675.5231409628
52649.01369060227
52575.03144458162
52415.456888618166
52116.1243146645
51703.51697255715
51333.814134066415
50476.52861626541
47410.34527273587
42745.96017068203
41530.00729128184
41561.76199484193
43144.90163567072
8078.202280912048
6953.056562201093
5794.272301262892
6410.959345528151
8328.208382323817
9148.309020423392
8950.921704370456
8733.291334982514
8717.104763484254
8756.86924597601
8789.213440532925
8809.003247179684
8817.873219620515
8820.505085391711
8820.478304228329
8819.445462924152
8818.360341604799
8817.664937638157
8817.464262731712
8817.527862177405
8817.52786217771
8817.464262732092
8817.664937637966
8818.36034160441
8819.445462924155
8820.478304228338
8820.50508539083
8817.873219619027
8809.003247178913
8789.213440533415
8756.869245976668
8717.10476348425
8733.29133498209
8950.921704370445
9148.309020424796
8328.20838232676
6410.95934553029
5794.272301262099
6953.056562198346
8078.202280908875
1050.6213624848067
821.8320996796293
532.9092842420862
900.3650431985357
1465.5581881707285
1503.6426419860659
1248.345248601399
1100.9900516326197
1084.0059728967321
1100.9905234974733
1115.6099163570977
1124.207669856401
1127.789799342894
1128.6454431649727
1128.4748411737014
1128.0234249642317
1127.6251322097105
1127.3921569204235
1127.3294127665642
1127.3498327672287
1127.3498327673824
1127.3294127667414
1127.3921569203242
1127.625132209595
1128.0234249643922
1128.4748411738785
1128.645443164757
1127.7897993423885
1124.207669856041
1115.6099163569565
1100.9905234971563
1084.005972896019
1100.9900516316677
1248.3452486004303
1503.642641985364
1465.5581881704159
900.3650431981409
532.9092842411353
821.8320996785123
1050.621362484003
16.218146027998245
41.069405158189326
56.92125309641047
208.45981151275356
314.3731832127453
239.57665273731564
122.80835368306602
79.3249584918825
85.73269077874852
98.79143066970809
106.71342582766033
110.42283143103091
111.63427803176445
111.7329154872661
111.51912841097929
111.29625739152834
111.15342478713148
111.09050434965236
111.08183134891729
111.09166591755358
111.09166591763965
111.08183134902576
111.09050434963441
111.15342478711763
111.2962573916523
111.51912841112386
111.73291548730174
111.6342780317467
110.42283143104942
106.71342582765942
98.79143066955112
85.73269077840678
79.3249584914266
122.80835368254155
239.57665273678282
314.3731832122888
208.45981151236217
56.92125309603129
41.069405157904576
16.21814602791251
-39.68935840728751
-10.308965045615695
19.564707331267236
60.517950002549284
63.71526151953176
23.603792105251465
-8.81108662834027
-12.116987316801836
-3.182374570354333
3.89220560203473
7.259585524148049
8.513726857501707
8.79449046909586
8.734377858507571
8.622516975273944
8.545166675453947
8.511550214754237
8.506581445597652
8.513587988348107
8.520201136210954
8.520201136244198
8.513587988378871
8.506581445561913
8.511550214718632
8.54516667547862
8.622516975317051
8.73437785854325
8.794490469160596
8.51372685760156
7.259585524232618
3.8922056020543003
-3.1823745703991797
-12.1169873168861
-8.811086628457653
23.603792105109896
63.71526151940168
60.51795000246282
19.564707331222913
-10.30896504564001
-39.68935840722946
-12.693745720227593
-3.902204567572514
4.102509738238689
10.045085424866441
4.18884714708223
-7.526089872493095
-12.006802243853038
-8.41780907374577
-3.5400577634323387
-0.7307950170621872
0.372634171227703
0.687106261809275
0.7120146473643512
0.6672050267755651
0.629918548750275
0.6131898465427368
0.6117868524326122
0.61766959653843
0.6244742308386337
0.6285025462961845
0.628502546298312
0.6244742308194005
0.6176695964811945
0.611786852376389
0.6131898465176383
0.6299185487390567
0.6672050267720739
0.7120146473870592
0.6871062618585799
0.3726341712840343
-0.7307950170159785
-3.5400577633994152
-8.41780907372123
-12.006802243834429
-7.526089872480368
4.18884714709535
10.045085424889045
4.102509738269099
-3.9022045675565957
-12.693745720183538
-2.9605902979493366
-1.5532212839426423
-1.762121306125376
-1.9773933389586045
-4.1485141692280205
-6.055206153916824
-5.347777752027251
-3.081987396704119
-1.2461517654226233
-0.36887955720526355
-0.08179728410484455
-0.027009904068237667
-0.03851015546489228
-0.055641929716823635
-0.06415227344559171
-0.06555608776707911
-0.06306341721656533
-0.05898505538714288
-0.055157772565275875
-0.052949844811186364
-0.05294984481753945
-0.055157772591742094
-0.05898505543305177
-0.06306341725946318
-0.06555608779331379
-0.06415227346406321
-0.055641929732364814
-0.038510155471007945
-0.027009904061182033
-0.08179728408773168
-0.3688795571834662
-1.2461517654000487
-3.081987396679583
-5.347777751998425
-6.0552061538868305
-4.148514169202523
-1.977393338936794
-1.76212130610953
-1.5532212839533972
-2.960590297931398
-1.992716509750684
-1.389849270405306
-2.431746382472278
-2.519389224770069
-2.6276331353313434
-2.5868199096468945
-1.957316811051286
-1.1536589505178838
-0.6177243724902569
-0.39313757620963197
-0.32980216955779024
-0.32392721288919496
-0.32997437878212
-0.3342320453907448
-0.3355335504290942
-0.3354062426570772
-0.3344960011761612
-0.3328163257720169
-0.3309220734295964
-0.3296868175970197
-0.3296868176011243
-0.33092207344339475
-0.3328163257931458
-0.3344960011960405
-0.33540624267169283
-0.3355335504412972
-0.3342320454019361
-0.32997437879019725
-0.32392721289232385
-0.32980216955597447
-0.3931375762053443
-0.617724372484524
-1.1536589505074177
-1.9573168110342518
-2.586819909628308
-2.627633135317565
-2.5193892247639047
-2.4317463824710215
-1.3898492704004006
-1.992716509745717
-2.175711671408309
-1.397641163717305
-1.974145486627073
-1.430107906616565
-1.063880173053413
-0.8434749328554549
-0.6631266717581235
-0.46378359634901495
-0.341796662465352
-0.2905001520952016
-0.2780950673044007
-0.2768808890134778
-0.2777315440151958
-0.27798910209850947
-0.27790273175076874
-0.27825693069167196
-0.2784218937799215
-0.2778956992978204
-0.27688230272077896
-0.27612579287732286
-0.2761257928782773
-0.2768823027234812
-0.27789569930162406
-0.2784218937842353
-0.2782569306970585
-0.2779027317562349
-0.27798910210226146
-0.2777315440167112
-0.27688088901332
-0.2780950673039678
-0.2905001520964183
-0.3417966624668267
-0.4637835963460344
-0.6631266717492723
-0.8434749328450566
-1.0638801730459457
-1.4301079066139548
-1.9741454866274868
-1.3976411637156223
-2.1757116714086635
-1.9011953113408073
-1.0732719793496095
-1.091339497956294
-0.583875732216577
-0.04866317578991913
0.06226097602397515
0.09956640535978806
0.12915543240028307
0.15207249714168072
0.15918752540057368
0.16128394102294252
0.1615617625966
0.16224815023832612
0.1634110586105248
0.1637535071161536
0.16337299802289973
0.16290365481913044
0.16306375175044324
0.16368607054524859
0.1642052277676066
0.16420522776786806
0.1636860705466302
0.16306375175310833
0.16290365482148966
0.16337299802335323
0.1637535071160977
0.1634110586119274
0.16224815024117456
0.16156176259971153
0.16128394102460636
0.1591875253991523
0.1520724971388358
0.1291554324000302
0.09956640536357564
0.06226097602966471
-0.048663175784592116
-0.5838757322130791
-1.0913394979551119
-1.0732719793497079
-1.9011953113434676
-1.4955870914552853
-0.6779337755467643
-0.5200171575871799
0.06718457402718092
0.5695237286344673
0.6973248566835186
0.7046011305451854
0.7018965766012787
0.6998049451607246
0.6961955809789785
0.6939912445104124
0.6939851758105869
0.6953159083314808
0.6968754252587653
0.6975022552539368
0.6972411969370144
0.6968394032252252
0.6969210154650395
0.6973768515731076
0.6977572889501191
0.6977572889504206
0.6973768515744307
0.6969210154678107
0.6968394032286124
0.6972411969399318
0.6975022552565017
0.6968754252616742
0.6953159083347729
0.6939851758137632
0.693991244512304
0.6961955809783492
0.6998049451584127
0.7018965765996598
0.7046011305455436
0.6973248566856785
0.5695237286379864
0.0671845740302871
-0.5200171575859955
-0.67793377554453
-1.4955870914587872
-1.3676551649792117
-0.20819983859392888
-0.44845658707146385
0.4773928483706219
0.8134128255351374
0.9959911601018965
0.9764533513268072
0.9553557105981967
0.945145324612019
0.9380793916192458
0.9355455607787431
0.9358844820992775
0.9381302133755607
0.9396015495485
0.940451382265722
0.9402656485852618
0.9400100021582652
0.9400977151921177
0.9404651669285116
0.9407514055805026
0.9407514055805455
0.9404651669287101
0.9400977151929346
0.9400100021599129
0.9402656485873995
0.9404513822678597
0.9396015495504051
0.9381302133773128
0.9358844821009236
0.9355455607797583
0.9380793916188819
0.9451453246103787
0.9553557105963515
0.9764533513255096
0.9959911601020026
0.8134128255367606
0.4773928483726988
-0.44845658707080227
-0.20819983859509383
-1.3676551649822402
-1.5070330652189698
-1.0792837165608806
-0.5230688294062421
-0.3011030136905713
0.1843161296465682
0.21441907883413036
0.19241851010690814
0.1762232412535214
0.15587981753189384
0.15346624461627312
0.15157594937575541
0.15419327805802296
0.15614105636059367
0.15845633258062441
0.15916568746257226
0.15924207608423324
0.1590980892107981
0.15925481519902884
0.1595697302112291
0.15980084325565863
0.15980084325549648
0.1595697302107673
0.1592548151984535
0.15909808921066937
0.15924207608470853
0.1591656874632654
0.15845633258111685
0.15614105636085895
0.15419327805822577
0.15157594937580837
0.15346624461580524
0.15587981753088456
0.17622324125219768
0.19241851010569794
0.2144190788336536
0.1843161296469421
-0.3011030136896552
-0.5230688294060504
-1.0792837165615294
-1.5070330652207125
-1.4989636678495892
-1.119760499195299
-1.0052975798838184
-0.6970721820563461
-0.3395123830967079
-0.2632314338440503
-0.2792238867857311
-0.303315712522388
-0.3126436172880127
-0.3143329473962073
-0.3126546915984972
-0.3098765114632611
-0.3072577905200517
-0.30522336732372624
-0.30426075632927396
-0.3040358416703125
-0.3040154208830405
-0.3038222723307902
-0.30350687024585044
-0.3032848864449261
-0.30328488644503143
-0.3035068702463095
-0.30382227233160686
-0.30401542088376665
-0.30403584167065567
-0.30426075632942884
-0.3052233673239687
-0.3072577905203927
-0.3098765114636197
-0.3126546915988576
-0.31433294739662965
-0.312643617288501
-0.3033157125229182
-0.2792238867862878
-0.2632314338444207
-0.33951238309666953
-0.6970721820560069
-1.0052975798836445
-1.119760499195688
-1.4989636678499294
-1.0667920998820986
-0.16840520261541408
-1.0185571798710196
-0.32074774759290164
-0.26787527500747454
-0.17479308451701717
-0.16275131273259522
-0.1973248244795439
-0.18049557206179778
-0.18816484987310683
-0.18207802298863046
-0.18174718858082214
-0.17885008639892924
-0.17789967669404094
-0.17679188335375434
-0.17662791484803822
-0.1765633223093855
-0.17642957976186308
-0.17614165682155003
-0.17592282943999582
-0.1759228294400642
-0.17614165682166466
-0.1764295797624004
-0.1765633223098248
-0.1766279148483631
-0.1767918833539937
-0.17789967669417617
-0.178850086399292
-0.18174718858110833
-0.18207802298887313
-0.18816484987323545
-0.18049557206194877
-0.1973248244796016
-0.1627513127326399
-0.1747930845173605
-0.26787527500735964
-0.32074774759277214
-1.0185571798708473
-0.16840520261565106
-1.066792099881797
-0.5874588405051028
-1.5566695613820065
-1.8907870789341872
-1.5913285839732727
-1.3574085703839929
-1.3355819110446812
-1.3628681833498888
-1.369151169401947
-1.367425320431939
-1.3656114912802537
-1.3620307293078213
-1.3593069980113173
-1.3569546035406304
-1.355303055777255
-1.3539916974763229
-1.3538741817905715
-1.3538094117020552
-1.3536562585969643
-1.353271694334052
-1.3530059048182748
-1.3530059048182568
-1.353271694334055
-1.353656258597073
-1.353809411702242
-1.3538741817907338
-1.3539916974764208
-1.3553030557773202
-1.356954603540693
-1.3593069980113908
-1.3620307293078653
-1.365611491280221
-1.3674253204318343
-1.3691511694018033
-1.3628681833497627
-1.3355819110446467
-1.3574085703840733
-1.5913285839732576
-1.8907870789339685
-1.55666956138169
-0.5874588405047348
