1600
-115.05055381387588
-170.02375742169056
-187.94213971551983
-193.27355821724956
-202.1107272534017
-216.01482451636895
-224.763839225769
-227.40383520502348
-227.2759543541476
-226.80597701364417
-226.6575779811169
-226.67206005975908
-226.68862020440002
-226.68604561379112
-226.6774969375694
-226.67369092697197
-226.6718285210365
-226.6727056359283
-226.6736219193353
-226.67403425565755
-226.67403425565743
-226.67362191933677
-226.67270563593047
-226.671828521037
-226.67369092697265
-226.67749693756957
-226.68604561379198
-226.68862020440048
-226.6720600597606
-226.6575779811189
-226.80597701364593
-227.27595435414918
-227.40383520502502
-224.76383922576906
-216.0148245163669
-202.11072725339739
-193.27355821724404
-187.94213971551466
-170.02375742168653
-115.05055381387338
-57.95105604714824
346.0352144938188
-39.40709851525705
203.57145400562257
99.99066777613291
124.64648831060461
108.82895136380664
106.39924276512741
107.67898224694457
107.79621560970071
108.2348748149939
107.989560046849
108.14866490840194
108.02004059468482
108.07597757563559
108.05968762541025
108.06983295022783
108.06592476422662
108.06625698782166
108.06598088366783
108.06598088366724
108.06625698782352
108.06592476422377
108.06983295022856
108.05968762541237
108.07597757563035
108.02004059468919
108.14866490839749
107.98956004684896
108.23487481499677
107.79621560970294
107.67898224693877
106.39924276513297
108.82895136380854
124.64648831058187
99.99066777615039
203.57145400562254
-39.40709851525062
346.03521449380094
-57.95105604714968
9.781975073139687
20.502043333174164
3.794808419872858
19.565944216778618
5.481627133971116
-2.3143829918208567
-8.011000063051569
-9.158163698565962
-8.857171246964787
-8.320312818348764
-8.188012881812902
-8.219643312496673
-8.238532599254633
-8.2519824577584
-8.245552807036926
-8.24292300826317
-8.24101331203379
-8.242130900370285
-8.242533263273312
-8.242644450868564
-8.242644450868818
-8.24253326327403
-8.242130900370617
-8.241013312033896
-8.242923008262785
-8.245552807036196
-8.25198245775784
-8.238532599254034
-8.219643312496833
-8.188012881813606
-8.320312818349366
-8.857171246965706
-9.158163698568051
-8.011000063052554
-2.314382991820623
5.481627133970086
19.565944216778245
3.794808419871316
20.502043333171887
9.781975073135737
23.888248494419145
-6.669516983738507
25.703301922864433
-11.778941114309319
-9.251616545848911
-18.88029815394382
-18.858308556428987
-17.664473620874602
-17.196555263201972
-16.856772530787048
-16.865175739122208
-16.862895664338524
-16.92493559434454
-16.914245009691385
-16.9191509966043
-16.913613148659117
-16.914913991617055
-16.914625458733042
-16.915041403097888
-16.91509337523869
-16.915093375238442
-16.915041403098172
-16.914625458732658
-16.914913991616892
-16.913613148658605
-16.91915099660271
-16.91424500969123
-16.924935594343644
-16.86289566433885
-16.86517573912358
-16.856772530788184
-17.19655526320217
-17.664473620875427
-18.85830855643013
-18.880298153942277
-9.251616545852507
-11.77894111431086
25.703301922861144
-6.669516983741101
23.888248494416604
14.730521862570129
-1.381792898959496
8.976031376203949
-14.618615073421907
-11.565219772037963
-11.14168591044784
-7.779118750923331
-6.171443990486765
-5.865245376757002
-5.944104802331424
-6.0409576995241565
-6.068981517112363
-6.0985244805407035
-6.091530476264083
-6.093929947707977
-6.091054490837209
-6.091844928803013
-6.09162974192752
-6.091824683343489
-6.091804112629674
-6.0918041126294895
-6.091824683343063
-6.09162974192671
-6.091844928802516
-6.091054490836996
-6.0939299477077356
-6.0915304762645235
-6.098524480540732
-6.068981517112846
-6.040957699524668
-5.944104802331992
-5.865245376756391
-6.1714439904854
-7.779118750922393
-11.141685910447606
-11.565219772040713
-14.618615073424422
8.976031376201952
-1.3817928989604553
14.73052186256976
18.94083306629225
18.816968296578196
17.46441538446804
12.107962336900684
15.813817055396271
21.831507116309524
25.855492573427824
26.999386375076952
26.783521464029505
26.430737571442776
26.28982790657598
26.28060013213298
26.293929488585384
26.30230001363141
26.304369745993974
26.30468677018657
26.304523842804322
26.304559247988877
26.30457980513107
26.30459512222282
26.30459512222322
26.30457980513188
26.304559247989836
26.304523842804898
26.304686770186933
26.304369745994073
26.30230001363134
26.293929488585377
26.28060013213353
26.289827906576818
26.430737571443963
26.783521464030684
26.99938637507816
25.85549257342862
21.83150711630892
15.813817055394601
12.10796233689915
17.46441538446699
18.816968296578167
18.940833066292445
30.0012200167777
41.07213731693612
43.3101293819778
45.82193096095306
51.021396164794794
58.0687083807347
61.56540211605615
62.078392355883295
61.55146245124311
61.12890427370904
61.01972663478441
61.04555553582091
61.07956968436156
61.09086972374504
61.092772393246676
61.091457671209156
61.0912195045039
61.09143173761707
61.091621766466844
61.09166100499421
61.09166100499449
61.09162176646727
61.09143173761778
61.0912195045047
61.09145767120991
61.09277239324734
61.090869723745996
61.07956968436226
61.04555553582237
61.019726634786444
61.128904273711
61.551462451244376
62.07839235588369
61.56540211605534
58.068708380733426
51.021396164794396
45.82193096095303
43.31012938197799
41.07213731693629
30.001220016777168
35.483042513830014
50.305294093309335
57.30796571006054
61.19295110815921
67.20074857864239
73.69757921051973
76.67253956274628
76.93640011613111
76.39178759901893
76.03570148343154
75.97678619171967
76.0202736007185
76.05376317860248
76.06222514781054
76.06081585566602
76.05815302760249
76.05774841888486
76.05828322727214
76.0586625026694
76.05877132946071
76.05877132946101
76.05866250266983
76.05828322727254
76.05774841888545
76.05815302760308
76.06081585566709
76.06222514781186
76.05376317860382
76.02027360071986
75.97678619172123
76.03570148343331
76.39178759901984
76.93640011613083
76.6725395627451
73.69757921051847
67.20074857864267
61.19295110816019
57.307965710061154
50.30529409330898
35.48304251382872
35.09273565525529
49.9294898916809
58.24359928051068
61.812063292260476
67.76929594904676
73.77213783938427
76.55887904737236
76.85932352816656
76.42197640292083
76.14533689184911
76.11447227233089
76.15669947626373
76.18119915949029
76.18435612397231
76.18026004936443
76.17699775641658
76.17666413854529
76.17745093891139
76.17798569113178
76.17817073828292
76.17817073828294
76.17798569113211
76.17745093891196
76.17666413854536
76.17699775641668
76.1802600493647
76.18435612397286
76.18119915949057
76.15669947626404
76.11447227233162
76.14533689184971
76.42197640292162
76.85932352816648
76.5588790473715
73.7721378393836
67.76929594904722
61.812063292261314
58.24359928051108
49.92948989168074
35.092735655254224
31.943669470850942
45.26326927493179
52.887492755458496
55.919559862315694
61.51788931494463
67.1611659693237
69.86190653241967
70.24117909784448
69.89976211203948
69.67302356318552
69.65092264868005
69.68569834656674
69.7025706987445
69.70260661308771
69.69797739435903
69.6950323223933
69.69492688677747
69.69582697578238
69.69643322139417
69.69666345091993
69.69666345092034
69.6964332213951
69.69582697578295
69.69492688677741
69.69503232239303
69.69797739435828
69.70260661308694
69.70257069874377
69.68569834656614
69.65092264867997
69.67302356318578
69.8997621120402
70.24117909784493
69.86190653241945
67.16116596932305
61.51788931494465
55.91955986231591
52.887492755458496
45.26326927493175
31.943669470850274
27.523959744451098
38.70495601244161
45.08762720189914
47.699823368824426
52.83378136060746
58.0072249019623
60.50728714667867
60.894387668673524
60.61189836596323
60.41674015756896
60.39645412299915
60.424148371194754
60.43662709341426
60.43597250796195
60.4321490347196
60.4299206239173
60.430030089845275
60.43092853301348
60.43153054909729
60.43176922561142
60.43176922561186
60.43153054909805
60.430928533014104
60.43003008984525
60.42992062391681
60.4321490347189
60.435972507961
60.43662709341319
60.424148371193965
60.39645412299887
60.41674015756935
60.611898365964095
60.89438766867433
60.507287146678955
58.00722490196169
52.83378136060708
47.69982336882407
45.08762720189891
38.70495601244163
27.523959744450547
22.037152178774186
30.74900841083013
35.71754487599969
37.94472293782162
42.43684938001428
46.88853432867913
49.00854002054789
49.325154033474575
49.080195560180144
48.91289016585347
48.89419780854477
48.91641294888345
48.926603610178645
48.92643108258676
48.92374981760895
48.92221467808534
48.9224463015024
48.923261701628995
48.92380445529098
48.924022398059314
48.92402239805965
48.92380445529149
48.92326170162953
48.92244630150259
48.92221467808517
48.92374981760861
48.926431082586184
48.926603610178
48.91641294888288
48.89419780854485
48.91289016585394
49.080195560180876
49.32515403347538
49.008540020548104
46.888534328678695
42.43684938001395
37.94472293782127
35.71754487599951
30.7490084108303
22.03715217877378
15.74222405925294
21.79588004453248
25.201341835793052
26.930399879580932
30.54326959493288
34.0355715588242
35.64030462251529
35.841666368166976
35.62999093356734
35.494456566517876
35.480109814805175
35.49862503728651
35.50768258476742
35.50839621053839
35.50683232434314
35.50588264648806
35.506153713778005
35.506826532108064
35.50727008866909
35.50744816732755
35.507448167327674
35.50727008866952
35.50682653210845
35.506153713778126
35.50588264648803
35.506832324343115
35.5083962105383
35.50768258476718
35.49862503728647
35.4801098148054
35.49445656651821
35.62999093356781
35.84166636816736
35.64030462251549
34.03557155882398
30.543269594932667
26.93039987958086
25.201341835793045
21.79588004453266
15.742224059252749
9.496680353771895
13.03524827669606
14.897635189413826
16.02755798270429
18.610322087122768
21.038332581913178
22.0874300277048
22.16834626679129
21.994702776128833
21.89549096073727
21.88804000912398
21.903965143752316
21.91218979135072
21.91371566431809
21.913122648945674
21.91266540502091
21.91293221806595
21.913437809457854
21.913767405076385
21.913900060593463
21.913900060593694
21.913767405076726
21.913437809458156
21.912932218066075
21.91266540502093
21.91312264894566
21.913715664318012
21.91218979135073
21.90396514375241
21.888040009124154
21.895490960737533
21.99470277612901
22.16834626679144
22.087430027704855
21.03833258191312
18.610322087122753
16.027557982704295
14.89763518941394
13.035248276696215
9.496680353771866
4.409868323688473
5.985423277370101
6.61784521043443
7.183330050911113
8.766129970086185
10.204381088671584
10.75931746503598
10.745564629619455
10.614669309054538
10.551601892605587
10.551253973606741
10.564726463866496
10.571819149475733
10.573756826674451
10.57385398096673
10.57376101182139
10.573999363578746
10.574348390137697
10.57457420551685
10.574666410409431
10.57466641040955
10.57457420551712
10.574348390137912
10.573999363578832
10.573761011821341
10.573853980966664
10.57375682667448
10.571819149475836
10.5647264638666
10.551253973606883
10.551601892605671
10.614669309054515
10.745564629619464
10.75931746503598
10.20438108867156
8.766129970086173
7.183330050911129
6.617845210434471
5.98542327737017
4.409868323688463
1.211139168934785
1.6101174142550443
1.5304507292964962
1.701423357623617
2.493427810532924
3.173991290312249
3.3757211152592426
3.312222068913747
3.2249015884425525
3.192303388000995
3.1970945412066296
3.20783085049026
3.2134035090963247
3.215269637294332
3.215694936557946
3.215793295558395
3.215979662606901
3.2162005350788743
3.2163445037057308
3.2164049614086903
3.2164049614087498
3.216344503705865
3.2162005350789844
3.215979662606925
3.215793295558335
3.2156949365579184
3.215269637294382
3.2134035090964037
3.20783085049037
3.197094541206738
3.192303388001032
3.2249015884425143
3.3122220689137194
3.375721115259254
3.173991290312273
2.493427810532946
1.7014233576236277
1.5304507292964935
1.610117414255071
1.211139168934801
-0.14659032421591223
-0.21103571160984602
-0.5044573698069255
-0.5126118505090878
-0.21036363760498872
0.015740695455683684
0.032243098504949
-0.03482605432165631
-0.08277865121512074
-0.09389315345219917
-0.08682115701214288
-0.07896913795267646
-0.07505188120513961
-0.07359573003106379
-0.07314785721881356
-0.0730124037768759
-0.07289190258493505
-0.07276482119271976
-0.07267856153770413
-0.07264088277358993
-0.07264088277356617
-0.0726785615376565
-0.07276482119268635
-0.07289190258493983
-0.07301240377690832
-0.07314785721882677
-0.07359573003104292
-0.07505188120508732
-0.07896913795262328
-0.08682115701210036
-0.0938931534521974
-0.0827786512151446
-0.03482605432167263
0.03224309850497653
0.015740695455725096
-0.21036363760496646
-0.5126118505090782
-0.5044573698069323
-0.21103571160983758
-0.1465903242158949
-0.35139510127421597
-0.4611656740492266
-0.6792550463679057
-0.7108599531901248
-0.6293330190588066
-0.5967158080755364
-0.6335849327571577
-0.6765322747617335
-0.6948964186917168
-0.6941574389671181
-0.6873680222734512
-0.682196018517296
-0.6797475985799343
-0.6787942729160946
-0.6784736765462293
-0.6783796536202638
-0.6783175438628581
-0.6782503055394664
-0.6782004867027127
-0.67817778812278
-0.6781777881227783
-0.6782004867027124
-0.6782503055394646
-0.6783175438628642
-0.6783796536202769
-0.6784736765462362
-0.6787942729160862
-0.6797475985799264
-0.6821960185172908
-0.6873680222734522
-0.6941574389671312
-0.6948964186917372
-0.6765322747617353
-0.6335849327571377
-0.5967158080755128
-0.6293330190587997
-0.7108599531901281
-0.6792550463679071
-0.4611656740492243
-0.3513951012741956
-0.17749930697046146
-0.21114905960028518
-0.2956788601093592
-0.29549213662315466
-0.2754930075712531
-0.28600079520877747
-0.31276310729053264
-0.3288385524920169
-0.33056617110585756
-0.3258147976247482
-0.3208144633992202
-0.3177925088625757
-0.31642070916495113
-0.3158726436666422
-0.31568792367595455
-0.31564272201082866
-0.31561739210270234
-0.3155832048796719
-0.3155547780035046
-0.3155415189209716
-0.31554151892097415
-0.3155547780035107
-0.31558320487967806
-0.3156173921027062
-0.31564272201083077
-0.3156879236759555
-0.31587264366664436
-0.31642070916495635
-0.317792508862583
-0.3208144633992287
-0.3258147976247582
-0.330566171105866
-0.3288385524920193
-0.31276310729052587
-0.286000795208773
-0.27549300757126016
-0.2954921366231613
-0.2956788601093613
-0.21114905960028266
-0.17749930697044575
-0.04418514079860733
-0.02814246747455132
-0.03612610265316013
-0.013603426622374834
0.001272053324209571
-0.0024467940845069036
-0.009669758434140821
-0.010392789661444107
-0.006569661340288635
-0.0023137775323881227
0.0006200860459137231
0.0021799073513742717
0.0028925305316799543
0.003191762651690161
0.0032905831372762595
0.003308185760723066
0.003316730305450266
0.003334127732622129
0.0033498552254543623
0.003357035234166132
0.0033570352341644044
0.0033498552254507194
0.003334127732618125
0.0033167303054488645
0.0033081857607223653
0.0032905831372763705
0.0031917626516884956
0.0028925305316768388
0.002179907351369942
0.0006200860459089075
-0.0023137775323925497
-0.006569661340292382
-0.010392789661445342
-0.009669758434140557
-0.002446794084510262
0.0012720533242013832
-0.013603426622382259
-0.036126102653160366
-0.028142467474548072
-0.04418514079859687
-0.013785920840666946
0.010018502116089623
0.020624714845706757
0.04478096919536333
0.06045900227319895
0.06478808952143268
0.06668203476170483
0.07003523464995329
0.07352091655097365
0.07595412210243299
0.07735041099944917
0.07808084507507626
0.0784488399682777
0.0786193058693776
0.07867577247243207
0.07868296831092253
0.07868538210994142
0.0786938727018278
0.07870169606466454
0.07870496166344965
0.07870496166344886
0.07870169606466351
0.07869387270182744
0.07868538210994122
0.07868296831092195
0.0786757724724319
0.07861930586937729
0.07844883996827687
0.07808084507507562
0.07735041099944806
0.07595412210243252
0.07352091655097306
0.07003523464995316
0.06668203476170446
0.06478808952143077
0.060459002273194215
0.04478096919535968
0.020624714845707937
0.010018502116092717
-0.01378592084065973
-0.022479309580570914
-0.006377935511108365
0.00028992722584163244
0.017589432920522174
0.030227094778054645
0.03550702590991617
0.03827890050988805
0.04072342432201485
0.0425031216607602
0.04351826275765208
0.04407942497805903
0.04441725575172338
0.04462212227320431
0.044727211266742894
0.04476213782639811
0.04476534038997132
0.04476519668544138
0.044768550899680945
0.04477165370974599
0.044772684877760816
0.04477268487776079
0.0447716537097463
0.04476855089968092
0.04476519668544142
0.04476534038997107
0.04476213782639811
0.044727211266743075
0.044622122273204556
0.044417255751723395
0.04407942497805903
0.04351826275765204
0.04250312166076038
0.040723424322015436
0.03827890050988893
0.035507025909916154
0.030227094778053354
0.017589432920521855
0.0002899272258435198
-0.006377935511106193
-0.022479309580565904
-0.02887433501372828
-0.019896057579928003
-0.018340902702498576
-0.007165243790729074
0.0015781312267048944
0.005092342062309289
0.0065123343641463535
0.007520869025337655
0.008152846378074126
0.00847901363727608
0.008693443365852961
0.008868156876757086
0.008993680403423902
0.009060430148608307
0.009081385332300074
0.009081935963474126
0.009080383083477535
0.009080990091492845
0.009081758379243694
0.009081831810360902
0.009081831810360944
0.009081758379243937
0.009080990091493053
0.00908038308347757
0.009081935963474085
0.009081385332300053
0.009060430148608432
0.008993680403424104
0.008868156876757231
0.008693443365853148
0.008479013637276309
0.008152846378074369
0.007520869025338238
0.006512334364147436
0.0050923420623101845
0.0015781312267049638
-0.007165243790728908
-0.018340902702497244
-0.019896057579926893
-0.02887433501372495
-0.027498460218326477
-0.022518386020295916
-0.02298813173723577
-0.01542820386572906
-0.009456219503782183
-0.007422142104347806
-0.006951843290133845
-0.0066763765268751055
-0.0065086564068199005
-0.006418695706051901
-0.006322296576885373
-0.006217417769548782
-0.006137574696651127
-0.006096929424152079
-0.006086071958428333
-0.006087406334123394
-0.006089475898872697
-0.006089910160595137
-0.006089917200114703
-0.006090041518501786
-0.006090041518501749
-0.006089917200114564
-0.0060899101605950065
-0.006089475898872746
-0.006087406334123512
-0.0060860719584283265
-0.006096929424151928
-0.006137574696651002
-0.006217417769548702
-0.006322296576885324
-0.006418695706051901
-0.006508656406819939
-0.006676376526874811
-0.006951843290132988
-0.0074221421043470445
-0.00945621950378217
-0.015428203865729025
-0.02298813173723508
-0.022518386020295364
-0.027498460218324187
-0.023057124891260838
-0.02030156666755252
-0.021119675036446035
-0.01565196620291579
-0.011394874558865394
-0.010137391023461948
-0.010023299466387837
-0.009980346648257641
-0.009942185899803061
-0.00991277752740467
-0.009857335992627453
-0.00979051941743878
-0.009741494069182666
-0.009719088183416194
-0.009714926205040308
-0.009717092887914381
-0.009718925463713775
-0.009719421439049636
-0.009719463853005313
-0.009719495261006902
-0.00971949526100687
-0.009719463853005234
-0.009719421439049573
-0.009718925463713838
-0.009717092887914504
-0.009714926205040317
-0.009719088183416083
-0.00974149406918257
-0.009790519417438755
-0.009857335992627475
-0.009912777527404791
-0.009942185899803242
-0.009980346648257555
-0.010023299466387341
-0.010137391023461553
-0.011394874558865578
-0.015651966202915996
-0.0211196750364457
-0.020301566667552236
-0.023057124891259214
-0.018495574312170037
-0.01715925234533703
-0.017883997117247176
-0.01382007037956425
-0.010690988366641029
-0.009826272692254577
-0.009804729389791912
-0.009812204742198285
-0.00980137215325861
-0.009786472421827435
-0.009751531065068035
-0.009710432720684673
-0.009682774538187774
-0.009672208779729893
-0.00967172936999406
-0.009673813938153258
-0.009675035921911669
-0.009675250575351993
-0.00967514722319233
-0.009675070051034818
-0.009675070051034804
-0.009675147223192277
-0.009675250575351952
-0.009675035921911714
-0.009673813938153347
-0.009671729369994064
-0.00967220877972981
-0.009682774538187711
-0.009710432720684677
-0.00975153106506809
-0.009786472421827567
-0.009801372153258787
-0.00981220474219827
-0.009804729389791609
-0.009826272692254376
-0.01069098836664127
-0.0138200703795645
-0.01788399711724701
-0.01715925234533682
-0.018495574312168892
-0.01459797664113878
-0.014218453320682787
-0.014807599941993535
-0.011790297556543776
-0.009475072241747005
-0.008849038211872037
-0.008848842246914039
-0.008865233755650752
-0.008861482754793036
-0.00885282532186191
-0.00883184925926221
-0.008808578773058361
-0.008794701917213462
-0.008790841466866378
-0.008791808399266111
-0.00879331192416345
-0.00879391091486295
-0.008793865906563236
-0.008793675425942872
-0.008793559882655814
-0.008793559882655807
-0.008793675425942832
-0.008793865906563196
-0.008793910914862967
-0.008793311924163503
-0.008791808399266108
-0.008790841466866314
-0.00879470191721341
-0.008808578773058365
-0.008831849259262255
-0.008852825321862004
-0.008861482754793159
-0.008865233755650737
-0.00884884224691382
-0.008849038211871899
-0.009475072241747194
-0.01179029755654397
-0.014807599941993427
-0.014218453320682656
-0.014597976641138006
-0.011398007180374125
-0.011636189016653711
-0.01211030626424638
-0.009895466527646505
-0.00819658555232631
-0.007743300429002146
-0.00775257077654067
-0.007772428264845448
-0.007773141362322614
-0.007769031078117605
-0.007757693342457738
-0.007745798355481584
-0.007739765670122093
-0.007738978609326646
-0.007740066568169292
-0.0077408875600754
-0.007741041972669015
-0.007740872373768542
-0.007740685396982106
-0.00774058677538275
-0.007740586775382746
-0.00774068539698208
-0.0077408723737685085
-0.007741041972669024
-0.00774088756007544
-0.007740066568169291
-0.007738978609326597
-0.007739765670122047
-0.007745798355481575
-0.007757693342457756
-0.0077690310781176625
-0.007773141362322694
-0.007772428264845432
-0.007752570776540504
-0.007743300429002034
-0.00819658555232643
-0.009895466527646635
-0.012110306264246298
-0.011636189016653632
-0.0113980071803736
-0.008791564512926642
-0.009386036744362756
-0.009763288974972804
-0.008162829052529385
-0.0069374652151213655
-0.006618368550827133
-0.006635922635519884
-0.006658534471491741
-0.006662724735063204
-0.00666176897646118
-0.0066563822049115285
-0.006650896138767257
-0.006648635005410638
-0.006648790736630435
-0.006649459495190097
-0.006649745880262838
-0.006649669885790457
-0.006649489568935781
-0.006649353493117689
-0.00664929025812263
-0.006649290258122627
-0.006649353493117674
-0.006649489568935758
-0.006649669885790465
-0.00664974588026287
-0.006649459495190103
-0.006648790736630406
-0.006648635005410604
-0.006650896138767247
-0.006656382204911538
-0.006661768976461215
-0.006662724735063262
-0.006658534471491733
-0.006635922635519769
-0.0066183685508270475
-0.006937465215121435
-0.008162829052529469
-0.009763288974972754
-0.009386036744362704
-0.008791564512926304
-0.0066751957805959005
-0.007430674687283069
-0.007724810654247341
-0.00659079724322235
-0.005728072122340908
-0.0055135336610099735
-0.005537914344681571
-0.005561937004492923
-0.005568223971933253
-0.0055689824757651435
-0.005566730093974657
-0.005564339503781722
-0.005563509949067442
-0.0055636675855200764
-0.005563885649871615
-0.005563870180862909
-0.005563727275862994
-0.005563592149458662
-0.005563511976600334
-0.005563479181935146
-0.005563479181935147
-0.005563511976600327
-0.00556359214945865
-0.0055637272758630035
-0.005563870180862933
-0.005563885649871625
-0.005563667585520062
-0.005563509949067429
-0.0055643395037817235
-0.005566730093974671
-0.0055689824757651695
-0.0055682239719332905
-0.005561937004492917
-0.005537914344681495
-0.005513533661009913
-0.005728072122340945
-0.006590797243222399
-0.007724810654247312
-0.007430674687283052
-0.0066751957805957106
-0.004964000364923265
-0.005742070597043971
-0.0059650102912155376
-0.0051805936963359904
-0.004591568432955703
-0.004456120402464321
-0.004484520492441893
-0.004508013564876921
-0.004514901818521649
-0.00451619194666075
-0.004515251970603233
-0.004514096264568886
-0.004513637952675538
-0.004513579911184611
-0.004513527754461544
-0.00451340735357078
-0.004513285129576843
-0.004513204578291251
-0.004513165218470482
-0.004513151148074714
-0.004513151148074716
-0.004513165218470479
-0.004513204578291245
-0.004513285129576849
-0.004513407353570796
-0.00451352775446155
-0.004513579911184608
-0.004513637952675541
-0.004514096264568898
-0.004515251970603244
-0.004516191946660766
-0.004514901818521671
-0.004508013564876915
-0.004484520492441841
-0.004456120402464276
-0.004591568432955723
-0.005180593696336021
-0.0059650102912155185
-0.005742070597043957
-0.004964000364923132
-0.003590400776319026
-0.004300228622813588
-0.004462812236842917
-0.003935493515298818
-0.003548034786498292
-0.0034694350640894797
-0.0034984100809948974
-0.0035194385372414845
-0.0035256781693267067
-0.003526743205281418
-0.0035261593448887565
-0.00352540271351994
-0.003524993924294866
-0.0035248027681427
-0.0035246642144332145
-0.0035245500399939934
-0.0035244740679003296
-0.0035244346550848014
-0.003524418491780129
-0.003524413500465713
-0.003524413500465713
-0.0035244184917801276
-0.0035244346550847992
-0.0035244740679003326
-0.003524550039994002
-0.003524664214433218
-0.0035248027681426975
-0.003524993924294868
-0.0035254027135199466
-0.003526159344888762
-0.0035267432052814244
-0.0035256781693267175
-0.003519438537241479
-0.003498410080994865
-0.0034694350640894498
-0.0035480347864983003
-0.003935493515298835
-0.004462812236842906
-0.004300228622813577
-0.003590400776318955
-0.0025025222281549794
-0.00309236643047855
-0.0032046913093686236
-0.002861611100726743
-0.002617581120601341
-0.0025769793700649137
-0.0026033293728823436
-0.0026204680344200045
-0.0026252867375277738
-0.002625812026337542
-0.0026252331837293636
-0.0026246151024228483
-0.002624241370449285
-0.0026240388856192407
-0.0026239174994409746
-0.002623845095188425
-0.002623807821193658
-0.0026237919511605907
-0.002623786446902216
-0.0026237849949147275
-0.0026237849949147297
-0.0026237864469022144
-0.0026237919511605885
-0.002623807821193658
-0.0026238450951884275
-0.002623917499440974
-0.0026240388856192394
-0.002624241370449286
-0.002624615102422851
-0.0026252331837293627
-0.002625812026337542
-0.002625286737527779
-0.0026204680344200032
-0.002603329372882325
-0.0025769793700648955
-0.002617581120601342
-0.0028616111007267507
-0.0032046913093686158
-0.0030923664304785465
-0.002502522228154945
-0.0016644825441032255
-0.002114015514931897
-0.0021863193779215508
-0.0019713434779305246
-0.0018251032421209477
-0.0018075368605018278
-0.0018290309790401837
-0.0018416674505171067
-0.0018448372111777556
-0.001844848467483588
-0.0018442504297362622
-0.0018437469186317105
-0.0018434551747466812
-0.0018433060632108073
-0.0018432311829022592
-0.0018431957299112009
-0.0018431810261050193
-0.0018431758264693596
-0.0018431742790639238
-0.0018431739197583125
-0.0018431739197583116
-0.0018431742790639227
-0.0018431758264693568
-0.0018431810261050198
-0.0018431957299112026
-0.0018432311829022587
-0.001843306063210806
-0.0018434551747466797
-0.0018437469186317098
-0.0018442504297362596
-0.001844848467483587
-0.0018448372111777587
-0.0018416674505171082
-0.0018290309790401753
-0.0018075368605018182
-0.0018251032421209468
-0.0019713434779305263
-0.0021863193779215464
-0.002114015514931897
-0.0016644825441032092
-0.0010487280868594646
-0.00136195850557817
-0.0014050770819395916
-0.0012766639951219377
-0.001194158949166665
-0.0011889560023881133
-0.001204730353234906
-0.0012130963321285947
-0.0012148275915571936
-0.001214525473796662
-0.001213991901705379
-0.001213624985788446
-0.0012134334565634267
-0.0012133464397541035
-0.001213309920415657
-0.0012132960258026634
-0.0012132913995291893
-0.0012132900268063303
-0.0012132896398236665
-0.0012132895390321295
-0.0012132895390321295
-0.0012132896398236654
-0.001213290026806329
-0.0012132913995291888
-0.0012132960258026645
-0.001213309920415657
-0.0012133464397541033
-0.0012134334565634267
-0.0012136249857884456
-0.001213991901705377
-0.0012145254737966613
-0.001214827591557196
-0.0012130963321285966
-0.0012047303532349036
-0.001188956002388108
-0.0011941589491666635
-0.0012766639951219366
-0.0014050770819395897
-0.0013619585055781708
-0.0010487280868594596
-0.0006162067468569279
-0.0008133566049205645
-0.0008365795785504782
-0.0007646025522172154
-0.0007217318390508448
-0.0007222334167398753
-0.0007327088255953714
-0.0007376535841642487
-0.0007383863694349972
-0.0007379915227109068
-0.0007375895416182062
-0.0007373568994835508
-0.0007372499596776439
-0.0007372078405035341
-0.0007371932647225833
-0.0007371889043671913
-0.0007371877645019856
-0.0007371874467164241
-0.0007371873232757647
-0.0007371872732072044
-0.0007371872732072043
-0.0007371873232757645
-0.0007371874467164238
-0.0007371877645019861
-0.0007371889043671922
-0.0007371932647225834
-0.000737207840503534
-0.0007372499596776444
-0.000737356899483551
-0.0007375895416182054
-0.0007379915227109064
-0.0007383863694349984
-0.0007376535841642494
-0.0007327088255953701
-0.0007222334167398729
-0.0007217318390508433
-0.0007646025522172145
-0.0008365795785504771
-0.0008133566049205643
-0.0006162067468569258
-0.00031940398047698086
-0.00042800618708717744
-0.0004370295128066458
-0.00039918633008608357
-0.0003791926469653547
-0.00038166040335019686
-0.0003880213727226145
-0.0003906355282219882
-0.0003908279827518863
-0.00039048995725415045
-0.000390232626629228
-0.00039010481394664647
-0.0003900535506900578
-0.0003900363247366012
-0.00039003152063855017
-0.0003900304364991285
-0.0003900301987373298
-0.00039003009537231766
-0.00039003002821646213
-0.0003900299960365868
-0.0003900299960365866
-0.0003900300282164619
-0.00039003009537231755
-0.00039003019873732985
-0.0003900304364991284
-0.0003900315206385502
-0.00039003632473660123
-0.00039005355069005835
-0.00039010481394664674
-0.0003902326266292277
-0.00039048995725415013
-0.00039082798275188687
-0.0003906355282219889
-0.0003880213727226141
-0.0003816604033501957
-0.0003791926469653535
-0.00039918633008608265
-0.00043702951280664526
-0.00042800618708717787
-0.00031940398047698086
-0.0001331367719341081
-0.00018235380470286023
-0.00018210670428667148
-0.00016297302721337452
-0.00015472420853758126
-0.00015724973186780273
-0.0001608128688284435
-0.0001620666592935221
-0.0001620528769862749
-0.00016182916308686183
-0.00016168881566052865
-0.0001616280594598591
-0.00016160683250440462
-0.00016160080384152746
-0.00016159947313010287
-0.00016159923813289343
-0.0001615991601634209
-0.0001615990973100069
-0.00016159905551678253
-0.00016159903710611195
-0.00016159903710611192
-0.0001615990555167826
-0.00016159909731000682
-0.0001615991601634211
-0.00016159923813289357
-0.00016159947313010303
-0.00016160080384152765
-0.000161606832504405
-0.00016162805945985943
-0.00016168881566052876
-0.00016182916308686175
-0.00016205287698627512
-0.00016206665929352235
-0.0001608128688284434
-0.00015724973186780224
-0.00015472420853758078
-0.00016297302721337423
-0.0001821067042866712
-0.00018235380470286023
-0.00013313677193410795
-4.146123768824031e-05
-5.821668537390666e-05
-5.4688978628899904e-05
-4.557495806897253e-05
-4.2711107740410606e-05
-4.4570309632696844e-05
-4.641059619062875e-05
-4.696408951500319e-05
-4.6913137093386125e-05
-4.6793327364491916e-05
-4.6728439015210514e-05
-4.670365568665921e-05
-4.669605615261873e-05
-4.669420426904785e-05
-4.669385508796522e-05
-4.6693775053884104e-05
-4.669372113575488e-05
-4.669368034079366e-05
-4.669365776646328e-05
-4.669364900031484e-05
-4.669364900031479e-05
-4.669365776646319e-05
-4.6693680340793666e-05
-4.669372113575501e-05
-4.6693775053884186e-05
-4.669385508796526e-05
-4.669420426904796e-05
-4.669605615261885e-05
-4.670365568665933e-05
-4.672843901521054e-05
-4.679332736449189e-05
-4.691313709338619e-05
-4.696408951500328e-05
-4.6410596190628697e-05
-4.457030963269672e-05
-4.271110774041051e-05
-4.5574958068972444e-05
-5.46889786288999e-05
-5.821668537390661e-05
-4.1461237688240145e-05
-8.162233527515135e-06
-1.1621151801045176e-05
-8.636328031442475e-06
-4.920995722622444e-06
-4.400431031816415e-06
-5.658566595008776e-06
-6.5830629237922104e-06
-6.81802297241594e-06
-6.780021023170213e-06
-6.725014342058905e-06
-6.699250387825502e-06
-6.690625884309772e-06
-6.6882592069645795e-06
-6.687709435242967e-06
-6.687578834780094e-06
-6.687521559137319e-06
-6.687483278980824e-06
-6.687460905391739e-06
-6.687450674288605e-06
-6.687447170807267e-06
-6.687447170807256e-06
-6.687450674288599e-06
-6.687460905391728e-06
-6.68748327898086e-06
-6.687521559137356e-06
-6.687578834780075e-06
-6.6877094352429316e-06
-6.688259206964582e-06
-6.690625884309757e-06
-6.699250387825494e-06
-6.7250143420588626e-06
-6.780021023170231e-06
-6.818022972415968e-06
-6.583062923792195e-06
-5.658566595008733e-06
-4.400431031816428e-06
-4.9209957226224705e-06
-8.636328031442507e-06
-1.1621151801045161e-05
-8.162233527515065e-06
