1600
-1.2298486673267646
-1.4676319535742155
-1.3942438795671652
-1.3708738653283747
-1.527901363705352
-1.7543880771331342
-1.8813314881432204
-1.9072035661390077
-1.8966215631956072
-1.8902180323839337
-1.888118937999674
-1.8882183953168736
-1.8888437285688404
-1.8892965441704925
-1.8890596786887448
-1.8892718585734443
-1.889135204945056
-1.8891640852906928
-1.889180655952777
-1.8891860298244225
-1.889186029824443
-1.889180655952802
-1.8891640852907186
-1.8891352049450605
-1.8892718585734452
-1.8890596786887324
-1.8892965441704996
-1.888843728568867
-1.8882183953168994
-1.888118937999673
-1.890218032383924
-1.896621563195616
-1.9072035661390352
-1.881331488143264
-1.7543880771331315
-1.5279013637052747
-1.37087386532827
-1.3942438795670933
-1.4676319535742062
-1.2298486673267788
-0.397757316760869
4.745765474433992
0.16249718126714863
3.290935047589169
1.9430196058682168
2.182824051129227
1.9281808110839331
1.933453502201058
1.9395017105582562
1.9482255264652837
1.9514877064736935
1.949972856155581
1.950396578731352
1.9493430918581416
1.9497672809146265
1.9495706101709653
1.9496868702842198
1.9496766071882643
1.9496677663676545
1.949664340719168
1.9496643407191483
1.9496677663676425
1.9496766071882274
1.9496868702842267
1.949570610170942
1.9497672809145876
1.949343091858186
1.9503965787313189
1.9499728561555942
1.9514877064737162
1.9482255264653174
1.93950171055819
1.9334535022010524
1.9281808110839893
2.1828240511291366
1.943019605868328
3.2909350475891115
0.16249718126721507
4.7457654744339015
-0.3977573167609094
0.25342007946085754
0.527500579320586
0.27207724337028383
0.5031956932195434
0.20606822089935328
0.029136341303970803
-0.06674005831851415
-0.0714953104231496
-0.06145668363554413
-0.05373046838435025
-0.0518752826236859
-0.05256299203754511
-0.0532111191517427
-0.05352613825575436
-0.05349956770110054
-0.05347005888158152
-0.05342760072767583
-0.05341893783796858
-0.053419332060486324
-0.05342036109714421
-0.053420361097151536
-0.05341933206049987
-0.05341893783797935
-0.05342760072768338
-0.05347005888158207
-0.05349956770109343
-0.05352613825575969
-0.05321111915174548
-0.05256299203755599
-0.051875282623701446
-0.05373046838435813
-0.06145668363555956
-0.07149531042318547
-0.0667400583185298
0.029136341303973246
0.20606822089935917
0.5031956932195578
0.27207724337027084
0.5275005793205618
0.2534200794608087
0.20250089431292395
-0.2039263036556256
0.1408504387615258
-0.5488464076366633
-0.6263371144639602
-0.8120491188068863
-0.8093998277573106
-0.7971422224315606
-0.783058103259342
-0.7780769039663714
-0.7780710418884764
-0.7787136511110268
-0.7794708734065352
-0.7795668383635606
-0.7796385878089602
-0.7795301871118288
-0.7795160317495525
-0.7795027951835011
-0.7795004479563615
-0.7795005894985771
-0.7795005894985784
-0.7795004479563666
-0.7795027951835006
-0.7795160317495492
-0.7795301871118159
-0.7796385878089545
-0.7795668383635628
-0.7794708734065389
-0.7787136511110437
-0.7780710418884994
-0.778076903966394
-0.7830581032593574
-0.7971422224315613
-0.8093998277573292
-0.8120491188069012
-0.6263371144639771
-0.5488464076366769
0.1408504387614833
-0.20392630365567618
0.20250089431289753
0.022940833657061344
-0.31800744011310145
-0.31036700635473624
-0.7530600601952802
-0.7542840014026447
-0.7640287859599653
-0.7164663164082249
-0.6978769373105671
-0.691045187301265
-0.6913595101473207
-0.6926919218125557
-0.6934098529942926
-0.6937413104833464
-0.6936975053446539
-0.6936888277298998
-0.693614734492931
-0.6936021001913002
-0.6935949247738784
-0.6935935443265744
-0.693593629099408
-0.6935936290994021
-0.6935935443265565
-0.6935949247738585
-0.6936021001912868
-0.6936147344929241
-0.693688827729897
-0.6936975053446622
-0.6937413104833549
-0.6934098529943017
-0.6926919218125606
-0.6913595101473294
-0.6910451873012652
-0.6978769373105508
-0.7164663164082173
-0.7640287859599683
-0.7542840014026748
-0.7530600601953197
-0.3103670063547693
-0.3180074401131202
0.02294083365706423
0.12626655237279238
-0.002060608216889248
-0.10582145390070541
-0.18461163751260146
-0.09659179018353159
0.008503499107160195
0.06535429299532769
0.07744693885421294
0.07404716057513205
0.06968307451139144
0.06782406439449251
0.06768021096463217
0.06797095240510287
0.06818207598153969
0.06827262379954857
0.06830746108383545
0.06831371389706442
0.0683152505591973
0.06831680539919405
0.06831732105758848
0.06831732105759292
0.06831680539920804
0.06831525055921528
0.06831371389707352
0.06830746108383368
0.06827262379954502
0.06818207598154014
0.0679709524051122
0.06768021096464527
0.06782406439451072
0.06968307451140654
0.07404716057514649
0.07744693885422937
0.06535429299534479
0.008503499107160417
-0.09659179018355779
-0.18461163751263454
-0.10582145390071829
-0.0020606082168824758
0.12626655237280904
0.2948911117722973
0.33956325125079556
0.3265308303038932
0.4135366234520519
0.5636322132642138
0.701303177105604
0.7529161932558028
0.7555052653644923
0.746428207556816
0.7408541842898073
0.7395516983401078
0.7401312725110358
0.7408439424729365
0.7411875482047214
0.7413003635823383
0.7413108990002852
0.741307533525998
0.7413087783069003
0.7413128504566815
0.7413145658079423
0.7413145658079416
0.741312850456683
0.7413087783069012
0.7413075335259958
0.7413108990002832
0.7413003635823407
0.741187548204735
0.7408439424729518
0.7401312725110609
0.7395516983401336
0.7408541842898277
0.7464282075568331
0.7555052653645029
0.7529161932558104
0.7013031771056031
0.5636322132642031
0.41353662345203945
0.32653083030389407
0.3395632512508171
0.2948911117723165
0.3447981525495861
0.43789379623610314
0.48978273472939726
0.6018697506581685
0.7701088635139952
0.9037373903419397
0.948736563351565
0.9464641588106442
0.9361765809067046
0.9311493243101105
0.9306323602984714
0.9316364270530288
0.9324860018918442
0.9328598308908314
0.9329574642506522
0.9329543583234281
0.9329463290136566
0.9329505675698084
0.9329574955786322
0.9329601901126596
0.9329601901126594
0.9329574955786273
0.9329505675698055
0.9329463290136499
0.9329543583234272
0.9329574642506624
0.9328598308908482
0.9324860018918644
0.9316364270530486
0.9306323602984845
0.9311493243101203
0.9361765809067084
0.9464641588106475
0.9487365633515679
0.903737390341941
0.7701088635139879
0.6018697506581636
0.4897827347293986
0.4378937962361189
0.3447981525495981
0.31317521959476957
0.3976509947186644
0.4551687634021824
0.554517679094418
0.7176934794029002
0.8421779492931774
0.8832490317995705
0.8799228278620728
0.8701662949272284
0.8658215474875715
0.865678323011696
0.8667491961846545
0.8675579062757124
0.8679033432638841
0.8679859154923018
0.8679801103214702
0.8679734157313443
0.867980631742004
0.8679890830918708
0.8679920933444407
0.8679920933444443
0.8679890830918748
0.8679806317420011
0.8679734157313397
0.8679801103214684
0.8679859154923071
0.8679033432638914
0.8675579062757244
0.8667491961846625
0.8656783230116984
0.8658215474875717
0.8701662949272262
0.8799228278620717
0.8832490317995816
0.842177949293172
0.7176934794028873
0.5545176790944086
0.45516876340218304
0.39765099471867815
0.31317521959478234
0.2612581219005602
0.3258202308869971
0.36930550677949925
0.4555600179386776
0.6082488995140618
0.7243506647167568
0.7628561319930656
0.7598980035340834
0.7510057141985393
0.7470999808336984
0.7470197901331901
0.7479981578886847
0.7487228559862269
0.7490368109198973
0.749115621165809
0.7491141648641904
0.7491108526351833
0.7491194728542909
0.7491280050391829
0.7491308333899152
0.7491308333899189
0.7491280050391933
0.7491194728542989
0.7491108526351848
0.7491141648641857
0.7491156211658014
0.7490368109199006
0.7487228559862285
0.7479981578886785
0.7470197901331879
0.7470999808336956
0.7510057141985362
0.7598980035340896
0.7628561319930796
0.7243506647167588
0.6082488995140456
0.45556001793865675
0.3693055067794946
0.32582023088700907
0.26125812190057296
0.205256269255494
0.25026547860012593
0.2789031466828389
0.355070015352962
0.49445571164999325
0.6000857419709522
0.635229131002192
0.6328377221298362
0.6249863656157972
0.6215211407783636
0.6214499492844663
0.622320599915867
0.6229725789241505
0.6232639226454935
0.6233432637623548
0.6233466441639288
0.6233456011880201
0.6233539928098779
0.6233617058481913
0.6233641425968115
0.6233641425968193
0.623361705848203
0.6233539928098868
0.6233456011880234
0.6233466441639222
0.623343263762347
0.6232639226454924
0.6229725789241498
0.6223205999158656
0.6214499492844645
0.6215211407783592
0.6249863656157972
0.6328377221298476
0.6352291310022076
0.6000857419709538
0.49445571164997526
0.3550700153529407
0.278903146682832
0.2502654786001348
0.20525626925550744
0.14371999926791057
0.17046506238821446
0.18547189036736955
0.2508094296520009
0.37170019332301285
0.4621628061958437
0.49182417323343086
0.48965642427085687
0.48299521215315366
0.4800897805745421
0.48006671275276
0.4808439362311224
0.48143088532862244
0.48170033826309566
0.48177800100626
0.48178407238647936
0.48178377695812624
0.4817908967154315
0.4817973298389697
0.48179930226171763
0.4817993022617224
0.48179732983898094
0.4817908967154384
0.48178377695812746
0.4817840723864746
0.4817780010062569
0.4817003382630951
0.4814308853286231
0.4808439362311221
0.4800667127527596
0.48008978057454277
0.4829952121531558
0.48965642427086875
0.4918241732334454
0.4621628061958478
0.371700193322998
0.2508094296519803
0.18547189036736267
0.170465062388224
0.1437199992679234
0.07936109339707798
0.08968663678114708
0.09182262730781032
0.1437082063992987
0.24054106079440085
0.3113232710450412
0.3335281851886669
0.3312012976119445
0.32582722594306757
0.3235858968321246
0.3236464045100025
0.3243300409416813
0.32484277300240005
0.3250818660147017
0.32515295550335865
0.32515971870367266
0.3251593702791813
0.3251647571625428
0.32516969534178863
0.32517116967481297
0.3251711696748153
0.32516969534179585
0.32516475716254956
0.3251593702791845
0.32515971870367244
0.3251529555033579
0.325081866014702
0.32484277300240194
0.3243300409416815
0.32364640451000204
0.32358589683212324
0.32582722594306746
0.3312012976119527
0.33352818518867844
0.3113232710450463
0.2405410607943903
0.14370820639928494
0.09182262730780533
0.08968663678115374
0.07936109339708897
0.021815405483777528
0.019828093955882753
0.011543351924217626
0.048603352253639986
0.11861586504760369
0.16784483829874997
0.18190932964330037
0.17932373114940764
0.17528455677954669
0.17374811772107557
0.17389980308623354
0.17447683633501088
0.17489856760416733
0.17509577459419
0.17515500548135965
0.17516081657955657
0.17516004026599186
0.17516358544714528
0.17516699363734795
0.17516797480815238
0.17516797480815371
0.1751669936373541
0.17516358544714855
0.1751600402659944
0.17516081657955623
0.17515500548135998
0.17509577459419168
0.17489856760416866
0.174476836335012
0.17389980308623293
0.17374811772107435
0.1752845567795454
0.17932373114941136
0.1819093296433097
0.16784483829875352
0.11861586504759702
0.04860335225362988
0.011543351924215739
0.019828093955888026
0.021815405483786743
-0.01808017131136508
-0.02602052436810151
-0.03977887831978194
-0.016105446894056907
0.02871479132838256
0.058143904847899
0.06500761382577924
0.06236238493258961
0.05960245997560115
0.05871447863504692
0.05893469503164256
0.0593940765009533
0.05971552867728297
0.05986428596653254
0.059908373538103354
0.059912067806907054
0.059910682800747406
0.05991254106554755
0.05991458019162643
0.05991513681594607
0.059915136815947345
0.0599145801916291
0.05991254106554966
0.05991068280074752
0.05991206780690478
0.059908373538102855
0.05986428596653354
0.05971552867728491
0.059394076500954185
0.05893469503164145
0.05871447863504464
0.05960245997559882
0.062362384932591663
0.06500761382578496
0.05814390484790205
0.028714791328378342
-0.01610544689406307
-0.03977887831978333
-0.026020524368097625
-0.018080171311357585
-0.035598785351011415
-0.04321584623852773
-0.05667224062937812
-0.0426539974328322
-0.01751452943275726
-0.0030613338030509446
-0.0011819696849632438
-0.0035086929399918837
-0.0051624805447835626
-0.005545594518471211
-0.00529858058571607
-0.004956298510553042
-0.0047302615525944
-0.004628327996748366
-0.004599554096143502
-0.004598371932510378
-0.0046003046473732795
-0.00459972942307478
-0.0045987182118964465
-0.004598457627303598
-0.004598457627302932
-0.004598718211894726
-0.0045997294230737396
-0.004600304647374112
-0.00459837193251228
-0.00459955409614414
-0.00462832799674763
-0.004730261552593207
-0.00495629851055214
-0.005298580585716237
-0.005545594518472641
-0.00516248054478502
-0.0035086929399908706
-0.0011819696849597605
-0.0030613338030486964
-0.01751452943275944
-0.042653997432835766
-0.05667224062937817
-0.04321584623852513
-0.03559878535100607
-0.03534405055079379
-0.03922447865101404
-0.048516116985180956
-0.039985909891829825
-0.027365037460223802
-0.021851208017754187
-0.022362711570176462
-0.02402234817710462
-0.02482832786033448
-0.02489033615332012
-0.02466070914373345
-0.024423532589210043
-0.024277204543172292
-0.024214243226779727
-0.0241983817086981
-0.02419931838559823
-0.024201488499564536
-0.024201644131934326
-0.024201239186907808
-0.024201127711941713
-0.024201127711941498
-0.02420123918690718
-0.024201644131933892
-0.02420148849956491
-0.02419931838559909
-0.02419838170869851
-0.024214243226779175
-0.024277204543171404
-0.024423532589209478
-0.024660709143733542
-0.02489033615332091
-0.024828327860335547
-0.02402234817710429
-0.022362711570174627
-0.021851208017753
-0.027365037460225092
-0.0399859098918317
-0.0485161169851808
-0.03922447865101259
-0.03534405055079035
-0.02734964310679423
-0.02769611602268984
-0.03226568926173658
-0.02633383625609716
-0.020076775289968506
-0.01846439032051668
-0.019422619685511427
-0.02031692902173143
-0.020576155203596146
-0.020489268889466755
-0.020308848110958316
-0.020157498976157394
-0.020070683330122206
-0.02003613502474772
-0.02002941099007286
-0.020031542280429887
-0.020033520637369646
-0.020033886679692074
-0.020033723871769528
-0.02003364877752917
-0.0200336487775291
-0.0200337238717693
-0.020033886679691894
-0.02003352063736976
-0.020031542280430102
-0.02002941099007279
-0.020036135024747367
-0.020070683330121818
-0.020157498976157238
-0.02030884811095851
-0.020489268889467255
-0.020576155203596673
-0.020316929021731454
-0.019422619685510546
-0.01846439032051614
-0.020076775289969234
-0.026333836256098087
-0.032265689261736355
-0.02769611602268915
-0.027349643106792096
-0.01968363129182289
-0.018565985901196024
-0.02011873493227479
-0.015554188464550638
-0.011943633682193209
-0.01138033781032819
-0.011952437879056888
-0.012269182005409872
-0.01226337238912222
-0.012149582280778655
-0.012029479739001267
-0.011941583325223
-0.011894753106272327
-0.011878368141730208
-0.011876908211916757
-0.011879224618335984
-0.011880671306057458
-0.011880916922006572
-0.011880783178203558
-0.011880694389182518
-0.011880694389182503
-0.011880783178203546
-0.01188091692200654
-0.011880671306057532
-0.011879224618336036
-0.01187690821191668
-0.011878368141730022
-0.011894753106272185
-0.011941583325222993
-0.01202947973900138
-0.012149582280778904
-0.012263372389122494
-0.01226918200540987
-0.011952437879056477
-0.011380337810327957
-0.011943633682193653
-0.015554188464551064
-0.020118734932274597
-0.0185659859011957
-0.019683631291821532
-0.0148434391090388
-0.01396385310670144
-0.014394612666900149
-0.010895562551541404
-0.00837234679753322
-0.007889739172293585
-0.008058377802940223
-0.008094078449863273
-0.008019091539497265
-0.007936436723649307
-0.007868776104795562
-0.007822771298749061
-0.007800089585244489
-0.007793776793810563
-0.00779456560135989
-0.007796378336006914
-0.007797187982381812
-0.007797216328159884
-0.007797051235326394
-0.007796950948306115
-0.007796950948306103
-0.007797051235326374
-0.007797216328159905
-0.007797187982381874
-0.007796378336006958
-0.0077945656013598315
-0.007793776793810482
-0.007800089585244458
-0.007822771298749108
-0.007868776104795635
-0.007936436723649415
-0.0080190915394974
-0.008094078449863254
-0.008058377802939979
-0.007889739172293436
-0.008372346797533464
-0.010895562551541638
-0.014394612666900005
-0.013963853106701245
-0.014843439109037921
-0.011834308870459566
-0.011717540386022195
-0.01199304183708452
-0.009429670295385098
-0.007540858769583466
-0.007063009786937946
-0.007060820911979117
-0.0070302276800834115
-0.006974240445933862
-0.006931271817098277
-0.0068989297072513485
-0.006877311472637169
-0.006867622215481674
-0.0068659874279142045
-0.00686720747426317
-0.006868283644147561
-0.006868571556636611
-0.00686844477465837
-0.006868273434052849
-0.006868183605541171
-0.006868183605541155
-0.006868273434052814
-0.006868444774658381
-0.006868571556636647
-0.006868283644147603
-0.006867207474263156
-0.00686598742791416
-0.006867622215481656
-0.006877311472637189
-0.006898929707251389
-0.006931271817098329
-0.006974240445933936
-0.007030227680083386
-0.007060820911978923
-0.007063009786937814
-0.0075408587695836
-0.009429670295385238
-0.011993041837084412
-0.011717540386022074
-0.011834308870458983
-0.009447242105132815
-0.009904760246423186
-0.01022248838168924
-0.008400077377736667
-0.007012026950554967
-0.006628113507573492
-0.006608968076746769
-0.006595348415919277
-0.006572198318827711
-0.006555746074350873
-0.00654250009691341
-0.0065333150099367516
-0.006529714687715308
-0.006529702401284203
-0.006530561036991719
-0.006531004938438268
-0.006530983992507334
-0.006530808278190629
-0.006530668940014261
-0.006530604823803411
-0.006530604823803396
-0.006530668940014236
-0.006530808278190625
-0.006530983992507359
-0.006531004938438296
-0.006530561036991704
-0.006529702401284169
-0.006529714687715289
-0.00653331500993675
-0.006542500096913417
-0.0065557460743508955
-0.006572198318827762
-0.006595348415919254
-0.006608968076746628
-0.006628113507573386
-0.007012026950555035
-0.008400077377736749
-0.010222488381689172
-0.00990476024642312
-0.00944724210513243
-0.007323535460677964
-0.008050382220561576
-0.008355790810501083
-0.007074757969952545
-0.006089588826519755
-0.005825503140289125
-0.005830121590868399
-0.005839813693850986
-0.005836721204123176
-0.005832672077021978
-0.005827922016916817
-0.005824263633466553
-0.0058230317940093715
-0.005823241858568054
-0.005823598942453007
-0.0058236531336476795
-0.0058235154557028405
-0.005823365674389157
-0.005823274446565554
-0.00582323718659611
-0.0058232371865961025
-0.0058232744465655335
-0.005823365674389147
-0.0058235154557028535
-0.005823653133647693
-0.0058235989424529995
-0.005823241858568027
-0.005823031794009357
-0.005824263633466548
-0.005827922016916818
-0.005832672077021994
-0.005836721204123215
-0.0058398136938509785
-0.005830121590868307
-0.0058255031402890435
-0.006089588826519792
-0.007074757969952591
-0.008355790810501043
-0.008050382220561548
-0.007323535460677726
-0.005504246230311654
-0.006296388628942466
-0.0065439602211248855
-0.005654264375810174
-0.00497726299500069
-0.004811315356863719
-0.004833384568224799
-0.004853581177898724
-0.004858217636941172
-0.004858391201988924
-0.004856775161266135
-0.00485522974880111
-0.00485468721978301
-0.004854699079540457
-0.004854711425196816
-0.004854604015950945
-0.004854466628699208
-0.0048543691512539944
-0.004854320029378554
-0.00485430219610077
-0.004854302196100766
-0.0048543200293785435
-0.004854369151253989
-0.004854466628699218
-0.004854604015950959
-0.004854711425196814
-0.004854699079540447
-0.004854687219783003
-0.00485522974880111
-0.004856775161266135
-0.004858391201988935
-0.004858217636941199
-0.004853581177898725
-0.00483338456822474
-0.004811315356863668
-0.004977262995000708
-0.005654264375810204
-0.006543960221124862
-0.006296388628942454
-0.0055042462303115155
-0.004020706383093039
-0.004764809034551055
-0.0049487608078601876
-0.0043447366214981265
-0.0038951877016595044
-0.003798182625892696
-0.003826406133315488
-0.0038478207604445685
-0.0038539546523812303
-0.0038549318668035844
-0.003854213336694279
-0.0038533470164347694
-0.0038529243844572427
-0.0038527610882996693
-0.0038526331420310122
-0.0038525071853586232
-0.0038524142382559082
-0.003852363031325968
-0.0038523411361211456
-0.0038523341148905313
-0.0038523341148905287
-0.00385234113612114
-0.0038523630313259663
-0.003852414238255916
-0.0038525071853586345
-0.003852633142031015
-0.003852761088299667
-0.0038529243844572444
-0.003853347016434776
-0.003854213336694282
-0.003854931866803593
-0.0038539546523812486
-0.00384782076044457
-0.0038264061333154534
-0.003798182625892662
-0.003895187701659513
-0.004344736621498141
-0.004948760807860174
-0.00476480903455105
-0.004020706383092958
-0.002842681152218933
-0.0034771289125724515
-0.003606581984022027
-0.003209322995695174
-0.002922705840923986
-0.002871124498252977
-0.0028986843399485995
-0.0029171933180777007
-0.002922456248659566
-0.002923123938836743
-0.0029225399169506335
-0.0029218780762575096
-0.0029214847972353257
-0.0029212746617409075
-0.002921140357482464
-0.0029210524170688074
-0.002921003616362721
-0.0029209816207299718
-0.002920973592979138
-0.0029209713452745647
-0.002920971345274563
-0.0029209735929791336
-0.0029209816207299713
-0.0029210036163627266
-0.0029210524170688126
-0.0029211403574824647
-0.0029212746617409075
-0.002921484797235329
-0.0029218780762575135
-0.002922539916950635
-0.0029231239388367455
-0.002922456248659575
-0.0029171933180777015
-0.0028986843399485787
-0.0028711244982529563
-0.002922705840923988
-0.0032093229956951814
-0.0036065819840220203
-0.0034771289125724476
-0.00284268115221889
-0.0019259663941401184
-0.0024226521459400326
-0.0025083625531184526
-0.002256702454532416
-0.002082571340062599
-0.0020590213707886184
-0.00208247781881039
-0.002096667569456834
-0.0021003676196526453
-0.0021005225133347944
-0.0020999207137416456
-0.0020993752946827588
-0.0020990515975539935
-0.0020988814057985843
-0.002098790671741765
-0.0020987443940591226
-0.0020987238633807946
-0.002098716193923299
-0.0020987138032642918
-0.002098713218792028
-0.0020987132187920265
-0.0020987138032642887
-0.0020987161939232976
-0.0020987238633807955
-0.002098744394059124
-0.002098790671741764
-0.002098881405798584
-0.0020990515975539956
-0.00209937529468276
-0.0020999207137416447
-0.002100522513334793
-0.0021003676196526483
-0.0020966675694568337
-0.002082477818810378
-0.002059021370788605
-0.002082571340062597
-0.0022567024545324184
-0.002508362553118447
-0.0024226521459400313
-0.001925966394140097
-0.0012329733395584426
-0.001589210587754766
-0.0016410640701937061
-0.0014882039983681336
-0.0013882275527927822
-0.001380303220741953
-0.001398224108763588
-0.0014080096901454753
-0.001410187939093932
-0.001409965655474135
-0.0014094020317664494
-0.001408988540428601
-0.0014087641275881634
-0.0014086577800716867
-0.001408610373805849
-0.0014085909866620246
-0.0014085840799120863
-0.001408581946391739
-0.0014085813560841209
-0.0014085812139997228
-0.001408581213999721
-0.0014085813560841187
-0.0014085819463917372
-0.0014085840799120855
-0.001408590986662025
-0.0014086103738058485
-0.0014086577800716865
-0.0014087641275881638
-0.0014089885404286017
-0.0014094020317664468
-0.0014099656554741335
-0.0014101879390939335
-0.001408009690145476
-0.0013982241087635815
-0.0013803032207419452
-0.0013882275527927804
-0.0014882039983681332
-0.0016410640701937022
-0.0015892105877547663
-0.0012329733395584324
-0.0007319116964668462
-0.0009635277285770644
-0.0009906438267558628
-0.0009020536102639274
-0.0008483618474793033
-0.0008478737701325615
-0.0008602381320973623
-0.000866290268131643
-0.0008673245468301912
-0.0008669456086462557
-0.000866497735268658
-0.0008662231950441006
-0.0008660912014432957
-0.0008660366007701844
-0.0008660164459416795
-0.0008660099227698361
-0.0008660081034738902
-0.0008660076193145869
-0.0008660074644262156
-0.0008660074100190044
-0.0008660074100190042
-0.0008660074644262151
-0.0008660076193145866
-0.00086600810347389
-0.0008660099227698367
-0.0008660164459416799
-0.0008660366007701848
-0.0008660912014432962
-0.0008662231950441008
-0.0008664977352686573
-0.000866945608646255
-0.0008673245468301925
-0.0008662902681316437
-0.0008602381320973601
-0.0008478737701325578
-0.0008483618474793015
-0.0009020536102639267
-0.000990643826755861
-0.0009635277285770645
-0.0007319116964668426
-0.0003923143924939316
-0.000526144438980499
-0.0005368421901382088
-0.0004881565538054046
-0.0004615872715598707
-0.00046376419524076613
-0.0004714847841658721
-0.00047482451957679483
-0.0004751744640235239
-0.00047481367470970194
-0.0004745120423738909
-0.00047435410890294023
-0.00047428762993784103
-0.0004742640266228445
-0.0004742569468854952
-0.00047425520213695163
-0.0004742548221204692
-0.00047425469642168694
-0.0004742546241206879
-0.0004742545894476766
-0.00047425458944767645
-0.0004742546241206877
-0.00047425469642168726
-0.0004742548221204698
-0.0004742552021369523
-0.0004742569468854956
-0.0004742640266228453
-0.00047428762993784217
-0.00047435410890294067
-0.0004745120423738905
-0.0004748136747097016
-0.00047517446402352433
-0.0004748245195767954
-0.00047148478416587155
-0.00046376419524076466
-0.00046158727155986955
-0.000488156553805404
-0.0005368421901382081
-0.0005261444389804994
-0.0003923143924939309
-0.00018225305108884204
-0.0002486339749549379
-0.0002500218136167561
-0.00022488080902201572
-0.00021307854003477548
-0.00021559135957129454
-0.00021997450815141028
-0.00022161702575682453
-0.00022165579318958687
-0.0002213968066223611
-0.0002212238178359907
-0.00022114536535169878
-0.00022111658147604867
-0.00022110790617278973
-0.00022110583628799003
-0.00022110545445877249
-0.00022110535976389883
-0.0002211052926255602
-0.00022110524563532976
-0.00022110522406938634
-0.0002211052240693863
-0.00022110524563532968
-0.00022110529262556037
-0.00022110535976389907
-0.00022110545445877295
-0.00022110583628799025
-0.00022110790617279008
-0.00022111658147604916
-0.00022114536535169926
-0.00022122381783599076
-0.00022139680662236106
-0.000221655793189587
-0.00022161702575682464
-0.00021997450815140998
-0.0002155913595712938
-0.00021307854003477486
-0.0002248808090220153
-0.0002500218136167558
-0.00024863397495493797
-0.00018225305108884182
-6.813742670570768e-05
-9.456038614530474e-05
-9.203091750390702e-05
-8.002067123095891e-05
-7.556586164371787e-05
-7.755607634594278e-05
-7.984157940984105e-05
-8.05690654461421e-05
-8.051957284265811e-05
-8.03696542087974e-05
-8.028515487169921e-05
-8.025164260731853e-05
-8.024091861574595e-05
-8.023817570504101e-05
-8.023764492674978e-05
-8.023754598312362e-05
-8.023748986417183e-05
-8.023744368922574e-05
-8.023741626760894e-05
-8.023740517823941e-05
-8.023740517823944e-05
-8.023741626760888e-05
-8.023744368922579e-05
-8.023748986417194e-05
-8.023754598312371e-05
-8.023764492674982e-05
-8.023817570504112e-05
-8.02409186157462e-05
-8.025164260731877e-05
-8.028515487169921e-05
-8.036965420879733e-05
-8.051957284265816e-05
-8.056906544614214e-05
-7.9841579409841e-05
-7.755607634594254e-05
-7.556586164371761e-05
-8.002067123095876e-05
-9.2030917503907e-05
-9.456038614530482e-05
-6.813742670570758e-05
-1.7052895914644784e-05
-2.410897037448357e-05
-2.1051110190015358e-05
-1.590345734113371e-05
-1.4686786399278695e-05
-1.6014769866699944e-05
-1.712830453462422e-05
-1.742872544949335e-05
-1.7384175104262756e-05
-1.7312965257412607e-05
-1.7277984109759284e-05
-1.72657268153935e-05
-1.726225831206624e-05
-1.7261471565768208e-05
-1.726131803995537e-05
-1.7261263653257768e-05
-1.726122296115869e-05
-1.7261196141523077e-05
-1.726118292277279e-05
-1.726117819132638e-05
-1.7261178191326403e-05
-1.7261182922772788e-05
-1.7261196141523057e-05
-1.726122296115873e-05
-1.726126365325777e-05
-1.726131803995532e-05
-1.7261471565768174e-05
-1.7262258312066268e-05
-1.726572681539351e-05
-1.7277984109759247e-05
-1.7312965257412546e-05
-1.7384175104262766e-05
-1.7428725449493375e-05
-1.7128304534624195e-05
-1.6014769866699876e-05
-1.4686786399278683e-05
-1.590345734113371e-05
-2.1051110190015372e-05
-2.41089703744836e-05
-1.7052895914644744e-05
-6.475650036808768e-07
-8.410568536032602e-07
1.2312327911557785e-06
3.076161643458073e-06
3.1130971033007963e-06
2.322099624360353e-06
1.8037925995761069e-06
1.6799417637584983e-06
1.700873727921376e-06
1.728505218149641e-06
1.7406930449367823e-06
1.744556992046774e-06
1.7455827403568085e-06
1.7458274200655216e-06
1.7458984193768174e-06
1.745935974072529e-06
1.7459598412653447e-06
1.7459725270899662e-06
1.7459778680037872e-06
1.7459795817417506e-06
1.745979581741762e-06
1.745977868003796e-06
1.7459725270899982e-06
1.7459598412653653e-06
1.7459359740725491e-06
1.7458984193768574e-06
1.7458274200655614e-06
1.7455827403568418e-06
1.7445569920467971e-06
1.7406930449368e-06
1.7285052181496499e-06
1.70087372792136e-06
1.6799417637584803e-06
1.8037925995761005e-06
2.322099624360351e-06
3.113097103300768e-06
3.0761616434580277e-06
1.2312327911557658e-06
-8.410568536032454e-07
-6.475650036808363e-07
1.3383515878539488e-06
2.261536436686542e-06
3.16720818793533e-06
3.606455043558263e-06
3.359900090003917e-06
2.93070979196947e-06
2.6955633987545243e-06
2.640804132227437e-06
2.6461287261791337e-06
2.654722561721865e-06
2.658319481568656e-06
2.6594332606948083e-06
2.659759879576903e-06
2.659863790225449e-06
2.6599060015213448e-06
2.659927808236399e-06
2.659939095866882e-06
2.6599441207539962e-06
2.6599459692041967e-06
2.6599465060181706e-06
2.659946506018174e-06
2.659945969204197e-06
2.659944120753997e-06
2.6599390958668795e-06
2.6599278082364033e-06
2.659906001521353e-06
2.659863790225464e-06
2.6597598795769203e-06
2.6594332606948133e-06
2.6583194815686567e-06
2.6547225617218565e-06
2.6461287261791193e-06
2.640804132227434e-06
2.69556339875453e-06
2.93070979196947e-06
3.359900090003892e-06
3.606455043558242e-06
3.167208187935318e-06
2.2615364366865527e-06
1.338351587853987e-06
-7.149655892691967e-10
4.273728487462845e-07
5.975745024238785e-07
5.606819812158324e-07
3.4136533512427346e-07
1.2773745608618855e-07
2.2885715379662596e-08
-3.110677615870774e-09
-3.5379859044523448e-09
-1.4196895482643682e-09
-4.380735433485214e-10
-8.115168418718817e-11
5.580077104453604e-11
1.108794634722664e-10
1.3417940017500563e-10
1.4455593516498443e-10
1.4902665686682292e-10
1.507364224767748e-10
1.512938570567781e-10
1.514412927603656e-10
1.5144129276121264e-10
1.512938570582604e-10
1.507364224742337e-10
1.4902665686089369e-10
1.4455593516434916e-10
1.3417940017754673e-10
1.1087946348031322e-10
5.5800771048771205e-11
-8.115168418443531e-11
-4.3807354334873314e-10
-1.419689548266274e-09
-3.53798590445658e-09
-3.110677615873315e-09
2.28857153796717e-08
1.277374560861932e-07
3.413653351242649e-07
5.606819812158209e-07
5.975745024238802e-07
4.273728487462947e-07
-7.149655892455857e-10
-7.446001660463999e-07
-7.458897768484848e-07
-8.435160933084594e-07
-9.62426365048313e-07
-1.0929545559380737e-06
-1.190457918001349e-06
-1.235922873571227e-06
-1.2481630547808193e-06
-1.2493159051198239e-06
-1.2488174693460502e-06
-1.2484824299817613e-06
-1.2483242191952081e-06
-1.2482537835595696e-06
-1.2482251166943284e-06
-1.2482141210331578e-06
-1.2482099558105595e-06
-1.248208430833438e-06
-1.2482079219192273e-06
-1.2482077735119523e-06
-1.248207737606052e-06
-1.2482077376060516e-06
-1.248207773511953e-06
-1.2482079219192283e-06
-1.2482084308334394e-06
-1.2482099558105601e-06
-1.248214121033158e-06
-1.248225116694329e-06
-1.2482537835595709e-06
-1.2483242191952094e-06
-1.2484824299817602e-06
-1.24881746934605e-06
-1.2493159051198251e-06
-1.2481630547808176e-06
-1.235922873571218e-06
-1.1904579180013418e-06
-1.092954555938071e-06
-9.624263650483134e-07
-8.435160933084554e-07
-7.458897768484814e-07
-7.446001660463919e-07
-6.487815697968755e-07
-7.595385256339063e-07
-8.700981431903604e-07
-9.507327400231984e-07
-1.0122619800468534e-06
-1.0528029737140574e-06
-1.0714418705471596e-06
-1.0766441749299858e-06
-1.0771941250503737e-06
-1.076964551939908e-06
-1.0767882017486813e-06
-1.0767022672206164e-06
-1.0766661726015131e-06
-1.0766528902482791e-06
-1.0766484276687473e-06
-1.0766469799450497e-06
-1.0766465235432222e-06
-1.0766463893869067e-06
-1.0766463541662692e-06
-1.076646346337942e-06
-1.0766463463379424e-06
-1.0766463541662694e-06
-1.0766463893869063e-06
-1.0766465235432226e-06
-1.0766469799450512e-06
-1.0766484276687471e-06
-1.0766528902482798e-06
-1.0766661726015146e-06
-1.0767022672206172e-06
-1.0767882017486804e-06
-1.0769645519399076e-06
-1.0771941250503737e-06
-1.076644174929984e-06
-1.0714418705471548e-06
-1.0528029737140517e-06
-1.0122619800468513e-06
-9.50732740023196e-07
-8.700981431903571e-07
-7.595385256339036e-07
-6.487815697968705e-07
-3.3033420904804206e-07
-4.056576653291247e-07
-4.641598218481494e-07
-5.001521551727652e-07
-5.241050951145307e-07
-5.393229755313155e-07
-5.46280752106713e-07
-5.481118320340812e-07
-5.481787304872527e-07
-5.480035223393825e-07
-5.478982506980931e-07
-5.478531943218899e-07
-5.478365416183162e-07
-5.478311233275383e-07
-5.478295274684331e-07
-5.478290806572788e-07
-5.478289590693944e-07
-5.478289276773698e-07
-5.478289202922302e-07
-5.478289187929424e-07
-5.478289187929426e-07
-5.4782892029223e-07
-5.478289276773698e-07
-5.478289590693953e-07
-5.478290806572796e-07
-5.478295274684333e-07
-5.478311233275394e-07
-5.478365416183166e-07
-5.478531943218904e-07
-5.478982506980929e-07
-5.480035223393821e-07
-5.481787304872526e-07
-5.481118320340807e-07
-5.462807521067109e-07
-5.393229755313127e-07
-5.241050951145285e-07
-5.001521551727639e-07
-4.6415982184814805e-07
-4.056576653291234e-07
-3.3033420904803983e-07
-1.1883977567375359e-07
-1.4956452292815783e-07
-1.7074099295820116e-07
-1.8283217662597641e-07
-1.907950518848891e-07
-1.9595124244554215e-07
-1.982106233433068e-07
-1.9865304806453167e-07
-1.9854091174432623e-07
-1.9841844295721945e-07
-1.9836170912712815e-07
-1.9834108960532346e-07
-1.9833441531632358e-07
-1.9833246377577936e-07
-1.9833194640417545e-07
-1.9833181964397388e-07
-1.983317906790372e-07
-1.983317846447549e-07
-1.9833178355824544e-07
-1.983317834045738e-07
-1.9833178340457368e-07
-1.9833178355824536e-07
-1.983317846447551e-07
-1.983317906790373e-07
-1.983318196439741e-07
-1.983319464041755e-07
-1.9833246377577963e-07
-1.9833441531632406e-07
-1.9834108960532367e-07
-1.98361709127128e-07
-1.984184429572192e-07
-1.9854091174432628e-07
-1.9865304806453193e-07
-1.9821062334330612e-07
-1.9595124244554117e-07
-1.9079505188488855e-07
-1.8283217662597612e-07
-1.707409929582009e-07
-1.495645229281576e-07
-1.1883977567375333e-07
