1600
-25484408475.816162
-309674823416.32983
-787997537624.2372
-1356788018442.9543
-1857939034723.352
-2138878634064.7764
-2234805581447.514
-2248550686043.335
-2249252797639.175
-2251128122003.243
-2252579543754.0747
-2252356044028.5635
-2251555392626.3047
-2250857834213.517
-2250434336520.4067
-2250263988338.275
-2250233839336.1357
-2250244854876.1733
-2250251272238.018
-2250252597704.867
-2250252597704.8477
-2250251272237.9834
-2250244854876.1533
-2250233839336.154
-2250263988338.304
-2250434336520.407
-2250857834213.4834
-2251555392626.2705
-2252356044028.56
-2252579543754.106
-2251128122003.2764
-2249252797639.168
-2248550686043.247
-2234805581447.3755
-2138878634064.7205
-1857939034723.4675
-1356788018443.1323
-787997537624.2871
-309674823416.2163
-25484408475.65576
-740300197342.7799
-2401642183611.4033
133365261715.16602
1667615113918.51
2308014009020.032
1899146456440.53
2234094384186.1655
1984169306444.308
2152521616253.3
2075512907244.1865
2110263551994.9414
2095512182717.1008
2100557583905.406
2098130696816.2476
2098384407702.7908
2098600255201.1167
2098431391726.0693
2098546088842.0178
2098422919191.9365
2098491872449.7725
2098491872449.772
2098422919191.9111
2098546088841.7888
2098431391726.1794
2098600255201.3281
2098384407702.6338
2098130696816.316
2100557583905.238
2095512182717.0967
2110263551995.142
2075512907244.1719
2152521616253.0632
1984169306444.8015
2234094384185.757
1899146456439.4817
2308014009020.9717
1667615113918.9583
133365261715.30908
-2401642183612.039
-740300197342.6642
-1273467049079.4292
-1151371096981.6301
-508714622260.5206
647540937173.8794
1398669931003.5195
1698266253647.7197
1736876645663.8796
1732739454479.6316
1732139732606.0547
1735006759223.3076
1736380850057.7832
1736748892793.0117
1736751964710.5557
1736552921741.7593
1736497458088.7178
1736432386836.829
1736417463454.439
1736402845672.3452
1736401813699.0405
1736400711822.7207
1736400711822.71
1736401813699.018
1736402845672.3276
1736417463454.435
1736432386836.8384
1736497458088.717
1736552921741.7485
1736751964710.545
1736748892793.0117
1736380850057.793
1735006759223.3157
1732139732606.0312
1732739454479.5493
1736876645663.7678
1698266253647.6624
1398669931003.562
647540937174.0083
-508714622260.38354
-1151371096981.522
-1273467049079.3691
-1102313501717.136
-1342483546949.621
-378286913193.6156
674191305360.6431
1341743586383.1165
1635573282060.083
1635464603008.937
1634037292553.7754
1619506974517.9082
1625346852141.1772
1624363393884.2754
1625641521104.7397
1625336667975.8901
1625276395695.2798
1625257225532.5752
1625154045425.0146
1625170102634.251
1625152043958.6758
1625166765228.9492
1625161462122.932
1625161462122.9194
1625166765228.9214
1625152043958.6736
1625170102634.2444
1625154045425.0176
1625257225532.5806
1625276395695.2578
1625336667975.8804
1625641521104.7388
1624363393884.2827
1625346852141.1929
1619506974517.9014
1634037292553.6772
1635464603008.8293
1635573282060.0552
1341743586383.1433
674191305360.7949
-378286913193.4717
-1342483546949.4854
-1102313501717.096
-423794721278.63184
-649503586549.0524
-139861046486.66116
241987556431.87106
511197973827.41614
557551238594.988
518210294144.4226
495531825789.1703
483264214661.2245
483666230130.8889
483295837592.4259
484008547386.277
484026669310.65546
484151302607.897
484163252740.0469
484152788133.41345
484161386343.4707
484164353406.02747
484172690257.09204
484173049175.87537
484173049175.87195
484172690257.0831
484164353406.0285
484161386343.47723
484152788133.42303
484163252740.0498
484151302607.8804
484026669310.6425
484008547386.2726
483295837592.4336
483666230130.9078
483264214661.2366
495531825789.1408
518210294144.3744
557551238594.9716
511197973827.44666
241987556431.95517
-139861046486.58664
-649503586548.9889
-423794721278.6155
157924585048.17798
144136211509.9273
151794240922.41034
108342187266.80548
41979500421.962585
-21323187566.863075
-62501598824.61216
-79736025747.17462
-85422625249.3914
-86351336793.66849
-86172338149.04997
-85798081900.95952
-85596035411.1962
-85497455246.74214
-85469917198.56026
-85473498246.84404
-85471608769.35757
-85464659322.05212
-85458487284.91998
-85456145052.55495
-85456145052.55612
-85458487284.92177
-85464659322.04921
-85471608769.34811
-85473498246.83371
-85469917198.55931
-85497455246.75282
-85596035411.2091
-85798081900.96463
-86172338149.04346
-86351336793.65125
-85422625249.37091
-79736025747.1673
-62501598824.624435
-21323187566.874702
41979500421.972885
108342187266.82242
151794240922.4028
144136211509.90256
157924585048.14462
385016070006.78265
480148427036.94885
365264740613.078
174874957136.78925
33101131006.149178
-24766917649.45813
-35544659866.07605
-37193877427.94533
-36663777633.851654
-36477911957.1637
-35900638619.5728
-35757448013.524765
-35741136536.68323
-35794543312.27124
-35851886510.12451
-35887810220.97009
-35897408060.791824
-35891177761.3882
-35886134127.806854
-35883461641.66492
-35883461641.66725
-35886134127.81125
-35891177761.38968
-35897408060.78465
-35887810220.96057
-35851886510.122574
-35794543312.27902
-35741136536.69653
-35757448013.53151
-35900638619.56821
-36477911957.15074
-36663777633.83722
-37193877427.94295
-35544659866.093414
-24766917649.473007
33101131006.158733
174874957136.78793
365264740613.0292
480148427036.8686
385016070006.6996
400006418295.83093
531214671768.08057
426057068009.1123
226295806615.19763
100543958048.16983
73672418818.89029
83943401958.44528
91359026496.81174
94354979554.56383
95495450198.30626
95996365565.36102
95874898457.7017
95626315725.17409
95417862748.28789
95286891756.78685
95229046474.57368
95219280382.42334
95226066823.14034
95230496465.54996
95232097226.52373
95232097226.5201
95230496465.54182
95226066823.13484
95219280382.42683
95229046474.5824
95286891756.79059
95417862748.28188
95626315725.1625
95874898457.6948
95996365565.36278
95495450198.31432
94354979554.5696
91359026496.80203
83943401958.41882
73672418818.8753
100543958048.18793
226295806615.20642
426057068009.06116
531214671767.9834
400006418295.73157
375182713814.85974
508737480478.79
417823361514.4376
227607403949.5916
116936603194.94023
104354368193.66783
121417079297.066
131157311336.38275
134471632741.19835
135701874056.68398
135943825960.48895
135599323800.70198
135199886293.87646
134926058454.44098
134780416966.49445
134730584000.24794
134730631432.42125
134739994892.93642
134743505598.81128
134743779282.46252
134743779282.45853
134743505598.80267
134739994892.93039
134730631432.42319
134730584000.25555
134780416966.49808
134926058454.43591
135199886293.86801
135599323800.69656
135943825960.49011
135701874056.69032
134471632741.20175
131157311336.37112
121417079297.04059
104354368193.65727
116936603194.9639
227607403949.6103
417823361514.3993
508737480478.7114
375182713814.77466
355134501652.34326
481066070029.96826
396644765452.0616
216003893272.52106
113759903646.167
105492035806.28769
123603447159.80792
133408443373.74677
136450424509.0666
137454559291.11627
137497840576.24866
137064786333.86127
136642742357.39609
136381851780.49362
136259229042.8056
136228354996.22607
136237815689.62679
136249000729.5636
136251680364.92796
136251071227.15237
136251071227.14963
136251680364.92184
136249000729.55984
136237815689.6296
136228354996.23308
136259229042.80795
136381851780.48962
136642742357.3898
137064786333.85909
137497840576.25208
137454559291.123
136450424509.07132
133408443373.73877
123603447159.78802
105492035806.28055
113759903646.18913
216003893272.53973
396644765452.0342
481066070029.9061
355134501652.2743
326410884063.6953
439633847746.0515
363433332363.37915
199231587625.688
107390965212.11206
101184928579.95746
118291353716.518
127257882009.07462
129830577089.18301
130581446944.65797
130536866664.53555
130119197361.73366
129740259506.18063
129518731308.57658
129421757552.06288
129402176414.73822
129413879292.62378
129424303335.16959
129426216297.5075
129425262312.38036
129425262312.37827
129426216297.50302
129424303335.16716
129413879292.62726
129402176414.7441
129421757552.06483
129518731308.57283
129740259506.17648
130119197361.73413
130536866664.54123
130581446944.66614
129830577089.18819
127257882009.06891
118291353716.5015
101184928579.95097
107390965212.12994
199231587625.70215
363433332363.35254
439633847745.9959
326410884063.63306
279301945836.3342
374954877433.2601
310540231240.04126
171224912633.0345
94174350885.49084
89853702078.25002
104721104868.6905
112222998794.93922
114192835268.50789
114698571908.34592
114613610544.3175
114250736519.19005
113934139228.83832
113754008435.81259
113676282811.74155
113660280384.48482
113669261126.77005
113677263645.17146
113678479799.52954
113677534383.47466
113677534383.4728
113678479799.52582
113677263645.17044
113669261126.77382
113660280384.4906
113676282811.74437
113754008435.8108
113934139228.83653
114250736519.19273
114613610544.32437
114698571908.35463
114192835268.51335
112222998794.9345
104721104868.67705
89853702078.24445
94174350885.50496
171224912633.0445
310540231240.01624
374954877433.2119
279301945836.2782
216952276877.07117
291014550389.3057
240978411035.2688
132654106007.45338
73919168041.37794
71870631428.08342
83988722970.5691
89790241921.56961
91141994733.00957
91416903819.36804
91302877016.737
91006527411.21072
90759711363.83656
90622694802.74905
90563632849.27975
90550572084.7322
90556563226.01335
90562220901.68466
90563003693.4595
90562273901.59436
90562273901.59322
90563003693.45795
90562220901.68445
90556563226.0169
90550572084.73735
90563632849.2826
90622694802.7487
90759711363.83597
91006527411.21364
91302877016.74344
91416903819.37532
91141994733.01395
89790241921.56601
83988722970.5587
71870631428.07965
73919168041.38986
132654106007.46239
240978411035.25034
291014550389.2667
216952276877.0284
148789075314.30728
200056687802.4081
164993166057.40805
89537094712.97516
50179338876.695114
50554387580.684784
59850977590.73543
63969235171.0156
64760928280.64898
64839186725.251335
64709193364.825584
64486203403.67837
64312742900.65824
64220224935.061295
64181277198.22387
64173017018.6286
64177429328.82861
64181429954.44635
64182020472.404144
64181567997.81004
64181567997.80957
64182020472.40347
64181429954.44667
64177429328.830925
64173017018.631714
64181277198.2257
64220224935.06102
64312742900.6581
64486203403.68043
64709193364.82989
64839186725.25618
64760928280.65155
63969235171.01271
59850977590.727905
50554387580.68227
50179338876.704315
89537094712.9826
164993166057.3974
200056687802.38388
148789075314.28015
86087294237.34158
116780549146.51288
95048597492.48065
49363479583.755936
27270621886.05661
29507412970.683643
36090053563.94797
38676154678.88169
39003566793.357346
38937204726.99647
38807881846.23076
38656671976.36074
38550829489.65866
38498596422.31181
38478335921.524
38475334366.878716
38479024366.07522
38481817857.737465
38482260902.27438
38482014603.6234
38482014603.62348
38482260902.27446
38481817857.7378
38479024366.07611
38475334366.879875
38478335921.52449
38498596422.31125
38550829489.658264
38656671976.36172
38807881846.232895
38937204726.99884
39003566793.35852
38676154678.87972
36090053563.94335
29507412970.682045
27270621886.062378
49363479583.761566
95048597492.47595
116780549146.50008
86087294237.32703
38690215944.12482
53813278749.9205
42150199316.39995
19110205594.161057
9604011801.447815
12585715724.629818
16740880792.174755
18082977744.13606
18084363421.826405
17939382037.97599
17826215027.52937
17735143487.92093
17681703711.08911
17659680538.623955
17653272185.491966
17654120957.822876
17657156594.583447
17658935385.048172
17659179811.147396
17659030405.638626
17659030405.63878
17659179811.14761
17658935385.048225
17657156594.583534
17654120957.822998
17653272185.491776
17659680538.62342
17681703711.088657
17735143487.921173
17826215027.530247
17939382037.976982
18084363421.82685
18082977744.135002
16740880792.17228
12585715724.628963
9604011801.45094
19110205594.16451
42150199316.39838
53813278749.91493
38690215944.11859
10946041711.939709
16579101153.666447
11283564256.329374
2250125994.0074925
-164807383.78351602
2443640895.6931105
4664815819.821736
5157335022.0666685
4995323351.895899
4839297622.54044
4754513782.795099
4707106520.4645405
4686859814.7589655
4682398878.149521
4683381274.847567
4685783867.5810585
4687918683.091105
4688843811.329653
4688885014.433142
4688765223.454339
4688765223.454458
4688885014.433323
4688843811.329704
4687918683.091053
4685783867.580982
4683381274.847394
4682398878.149207
4686859814.758678
4707106520.464543
4754513782.795382
4839297622.540802
4995323351.896126
5157335022.066324
4664815819.820753
2443640895.692765
-164807383.78208187
2250125994.0093
11283564256.329268
16579101153.664658
10946041711.937801
-117661758.54210305
1158627871.9731057
-805615025.9502964
-3157098432.052843
-2866869296.4594774
-1221653538.2721562
-300332197.30428433
-255984087.24409842
-442311900.0471604
-561939598.5702531
-613861459.3385322
-633896200.7604673
-637894334.2560171
-635597814.1153213
-632672718.0863624
-630579456.000894
-629432996.7563431
-629118265.9263651
-629209023.2695295
-629313949.086291
-629313949.0862292
-629209023.2694479
-629118265.9263331
-629432996.7563694
-630579456.0009297
-632672718.0864077
-635597814.1154279
-637894334.2561306
-633896200.7604933
-613861459.3384762
-561939598.5701513
-442311900.04705644
-255984087.24412656
-300332197.3045459
-1221653538.2722547
-2866869296.458964
-3157098432.0520725
-805615025.9500227
1158627871.9728513
-117661758.54229379
-1838850640.7537396
-1859247418.230665
-2402398116.1054654
-2543067973.684974
-1893804294.790624
-1161315834.3906493
-925169207.5200093
-1027736156.1098423
-1162164986.0809999
-1231049423.5734584
-1255563374.8807807
-1261418976.1278286
-1260105627.7871437
-1257214346.3191714
-1255103511.6889644
-1254010570.2904673
-1253620538.375183
-1253629357.6471395
-1253756532.2680068
-1253837167.950045
-1253837167.9500294
-1253756532.2679858
-1253629357.6471334
-1253620538.3751824
-1254010570.2904682
-1255103511.6889615
-1257214346.3191864
-1260105627.7871733
-1261418976.1278467
-1255563374.880786
-1231049423.573454
-1162164986.080968
-1027736156.1098087
-925169207.520044
-1161315834.3906903
-1893804294.7905464
-2543067973.684784
-2402398116.1053095
-1859247418.2305822
-1838850640.7535746
-771202930.75945
-898938224.0252186
-967131066.5958189
-768176462.8612158
-437084961.51231366
-238687467.9037208
-251511371.12180918
-347005639.56362903
-417185408.55892944
-446713057.7279687
-454773743.25353384
-455139358.83503765
-453418061.5098055
-451810809.75403446
-450926139.8419412
-450611605.4050998
-450601206.4485941
-450704854.7696466
-450804238.4453725
-450854096.5544685
-450854096.5544679
-450804238.4453736
-450704854.7696517
-450601206.4485947
-450611605.40509427
-450926139.841933
-451810809.7540272
-453418061.5098035
-455139358.8350442
-454773743.2535492
-446713057.72798496
-417185408.5589328
-347005639.56361794
-251511371.12181702
-238687467.90376833
-437084961.5123763
-768176462.8612466
-967131066.5958048
-898938224.025169
-771202930.7593601
31514897.907850653
2348490.91392532
37209344.76413095
137967274.4220132
219365771.5444996
224171758.7596336
174720643.96781936
124310715.41833587
97249399.51033969
88324947.21161106
87051415.89033082
87844773.47895047
88787215.56636369
89354079.01086503
89549009.21004918
89537258.45978153
89453041.2710247
89368918.26512137
89314034.279744
89289980.78292316
89289980.78292266
89314034.27973977
89368918.26511851
89453041.27102494
89537258.45978606
89549009.2100552
89354079.01087266
88787215.56636944
87844773.47895068
87051415.89032322
88324947.21159868
97249399.5103321
124310715.41833223
174720643.96780574
224171758.7595965
219365771.5444405
137967274.42195636
37209344.76410094
2348490.9139271677
31514897.90785852
190572495.54591623
202761516.14274684
232676132.27961627
254286333.1978769
252556317.26271087
228403165.97152525
200313651.89500666
181923103.57955298
174405367.00624412
172820155.0082261
173150983.05692092
173708571.10694844
174058423.47419906
174181541.00631586
174167540.47934642
174104729.66377947
174043376.49612203
174001315.84552935
173978860.1418289
173970032.65281856
173970032.65281785
173978860.14182818
174001315.8455281
174043376.49612337
174104729.6637819
174167540.47934985
174181541.00632155
174058423.4742027
173708571.10695034
173150983.05691874
172820155.00822312
174405367.00624168
181923103.57954937
200313651.89499927
228403165.9715087
252556317.2626881
254286333.19785228
232676132.2795988
202761516.14273933
190572495.5459019
111624205.60430844
122453117.30120358
134446431.73799473
133785553.68207343
124334850.27568448
111595273.15602346
101934936.96360306
97179088.34374455
95799220.62004223
95801122.28171037
96094476.66508637
96313902.62019463
96407865.24903587
96416517.06651485
96387006.11454777
96351621.21087751
96325434.54797146
96310630.22499643
96303892.70956305
96301565.28648001
96301565.28647998
96303892.70956314
96310630.22499648
96325434.54797173
96351621.21087806
96387006.1145488
96416517.06651634
96407865.24903725
96313902.6201956
96094476.66508713
95801122.2817114
95799220.62004346
97179088.343745
101934936.96360204
111595273.1560211
124334850.27568258
133785553.68207149
134446431.73799157
122453117.30119929
111624205.60429727
39347980.835138686
43054464.31915049
45717678.077668026
43572216.35007244
39783607.77600741
36140075.75172973
33908408.53337288
33062412.41485863
32934983.336576637
33015570.421972845
33110259.322346855
33166531.126751613
33183835.02624494
33179297.848612327
33166848.846557915
33154908.767514702
33147283.184886534
33143655.206081904
33142305.910983853
33141950.78093794
33141950.780937973
33142305.910983972
33143655.20608201
33147283.184886623
33154908.767514803
33166848.846558083
33179297.8486123
33183835.026244935
33166531.126752045
33110259.322347853
33015570.421974376
32934983.336578213
33062412.414859902
33908408.53337382
36140075.751731366
39783607.77601084
43572216.350076005
45717678.077669375
43054464.31914928
39347980.83513333
9944817.807172794
10552099.117881741
10602283.361099033
9786959.219067568
9065673.46172408
8485017.46041751
8139237.204499853
8029102.228769317
8022306.911051925
8033148.283483159
8046033.06122076
8054393.925861526
8056005.559262288
8054143.408752077
8051161.503757559
8048527.571484611
8047095.5138007
8046599.172287965
8046500.180851613
8046516.257126331
8046516.257126393
8046500.18085168
8046599.172287931
8047095.513800624
8048527.5714846365
8051161.503757577
8054143.408751838
8056005.559261907
8054393.925861455
8046033.061221199
8033148.283483894
8022306.911052693
8029102.22877
8139237.204500538
8485017.460418725
9065673.461726211
9786959.219069807
10602283.361100018
10552099.117881395
9944817.807170782
1924699.024359859
1897630.1598236593
1700740.817629631
1543809.6203253495
1557976.785478625
1546326.9282309988
1496382.9463346857
1467013.787601208
1454237.6060689278
1446437.2950755702
1444283.9661718782
1444579.451237947
1444612.5437151073
1444438.0245609484
1444144.993656383
1443863.2549411843
1443784.266035532
1443820.066586605
1443857.9079899883
1443880.7640318056
1443880.7640318405
1443857.9079900149
1443820.0665865568
1443784.2660354988
1443863.2549412432
1444144.9936564195
1444438.0245608017
1444612.5437148558
1444579.4512378233
1444283.9661719683
1446437.2950757581
1454237.6060691024
1467013.7876013438
1496382.9463348114
1546326.9282312812
1557976.7854792112
1543809.6203259593
1700740.8176298253
1897630.1598234135
1924699.024359216
282349.43111964024
244668.0258723222
172982.4091668097
177995.23329560907
236442.97690495846
249779.21262423106
227402.15945527115
209648.1439519593
200802.50807736197
196253.58252961226
195053.00752792647
195215.33696441312
195427.65112453012
195601.10281079292
195707.9816168631
195759.87820001488
195812.64699265134
195849.00070271472
195859.0655131298
195860.4686593227
195860.46865934954
195859.06551316372
195849.0007027124
195812.64699266118
195759.87820007786
195707.98161692018
195601.10281077377
195427.6511244651
195215.33696438605
195053.0075279493
196253.58252962373
200802.50807733316
209648.1439519034
227402.1594551895
249779.21262415414
236442.97690493127
177995.2332955962
172982.4091667258
244668.02587216103
282349.43111946015
22811.789441798115
17306.68185654418
8924.287360347993
25381.074474148027
45949.262910107245
43721.97550033605
30845.78763403934
23092.400815391644
20290.146795346016
19430.587059596204
19560.035036879497
19914.425168391084
20136.749601082156
20267.336127114526
20338.155211020297
20371.248710818814
20389.979850908792
20394.90180251538
20390.257257509587
20386.006073123095
20386.006073140088
20390.257257535333
20394.901802524062
20389.979850921587
20371.248710853513
20338.15521105531
20267.336127131424
20136.74960109661
19914.42516842024
19560.035036908135
19430.587059595076
20290.14679531129
23092.400815337453
30845.787633966556
43721.9755002461
45949.26291001714
25381.074474068035
8924.287360279415
17306.681856503932
22811.78944175811
-3070.0128499045973
-1001.2175122262581
1805.481883534077
8426.007076659767
11677.041173721194
7763.717691725041
2777.439509908758
786.8722590822545
614.7367924218161
881.3870056699543
1219.73898487254
1466.702771436444
1591.9186560793732
1650.3773847940283
1674.5504239273255
1681.7105842283613
1682.3415045540064
1678.8668249428079
1674.0360457267168
1671.0777163372327
1671.077716343501
1674.0360457340657
1678.866824940037
1682.3415045508978
1681.710584232967
1674.5504239335626
1650.377384800177
1591.9186560935673
1466.702771460118
1219.7389848938951
881.387005676336
614.7367924133073
786.8722590651059
2777.439509883804
7763.717691693064
11677.041173690386
8426.00707663714
1805.481883521445
-1001.21751222808
-3070.0128499090356
-1444.9712427981735
-212.53544381031185
1302.4984726792384
2641.8204414596903
2277.180211605267
511.7659898350503
-720.6332772764608
-844.295380200896
-545.1998855490392
-265.9596803831992
-72.67827084878158
37.40861120224061
87.84522146993302
108.15202833427203
114.27120119973358
114.27696857530118
112.279030525947
109.63874549369022
107.33823002173314
106.10721082387856
106.10721082404325
107.33823001843004
109.6387454841897
112.2790305153079
114.27696856750235
114.27120119347545
108.15202832991017
87.84522147060432
37.408611208451
-72.67827084075222
-265.9596803776043
-545.1998855463106
-844.2953801999306
-720.6332772771912
511.7659898344573
2277.180211609233
2641.8204414677084
1302.4984726881457
-212.53544379961588
-1444.9712427996674
-97.64720950039168
142.56893625497426
376.71853878923423
368.2458353941852
-50.75022652079247
-534.0536617276013
-679.4344065343441
-534.7249546984331
-348.5027231729042
-221.94390029631364
-149.04417250226874
-111.98541090965523
-95.90795720982925
-89.98467508331075
-88.67206054795773
-89.22405804362447
-90.28705076598813
-91.34241927683473
-92.11541191663352
-92.49653132358759
-92.49653132497052
-92.1154119211683
-91.34241928418365
-90.28705077441683
-89.22405805172029
-88.67206055490799
-89.98467508850533
-95.90795721302123
-111.98541091051783
-149.04417250100013
-221.94390029391343
-348.5027231699237
-534.7249546950338
-679.4344065307268
-534.0536617223567
-50.750226511820074
368.2458354044012
376.7185387968208
142.56893625839473
-97.64720950426556
81.53840423953898
36.384951100699524
-13.390925578660443
-151.8434494018825
-300.4241060543978
-394.1820092394745
-369.0705555383689
-289.38581912218103
-221.3533180205015
-180.66962396670806
-159.14331503551887
-148.8295736410716
-144.50873595124952
-142.9687689137914
-142.72163822157586
-142.94869140749668
-143.30019324437154
-143.6101990631402
-143.81720743437307
-143.91234755673645
-143.91234755770358
-143.81720743658568
-143.61019906592242
-143.30019324843144
-142.9486914128568
-142.721638226198
-142.96876891644698
-144.5087359529238
-148.82957364230987
-159.14331503592842
-180.66962396638706
-221.3533180194846
-289.38581912047925
-369.070555536294
-394.182009236509
-300.4241060495442
-151.84344939693463
-13.390925576225953
36.38495110180084
81.53840423518159
36.69733711380486
38.36714246907259
-54.49139940988461
-70.51213905962919
-119.0096937026847
-118.11589752651098
-98.97087193781518
-72.84062669988955
-52.836627859648615
-41.97845624830314
-36.337887327602715
-33.731078506784534
-32.6004357490421
-32.297527230283876
-32.240278968746
-32.32448401799134
-32.42418468943432
-32.5101760487018
-32.56092700348243
-32.58327763273251
-32.58327763314801
-32.560927003811216
-32.51017604849166
-32.42418469036554
-32.3244840206802
-32.24027897092702
-32.29752723068265
-32.60043574896085
-33.731078507145185
-36.33788732806028
-41.978456248645585
-52.83662785960395
-72.84062669927411
-98.97087193698604
-118.11589752548488
-119.00969370092825
-70.5121390580228
-54.49139940961267
38.367142469371224
36.69733711062848
44.85235331392394
24.637126486758863
73.37466895590066
42.200106276007446
55.46842835058139
53.36703313937353
62.38460066966748
72.0881376371786
77.07754948505652
80.32602675565752
81.68574439130633
82.39237227936383
82.58397430104193
82.69885097995575
82.67103967135203
82.63854648233416
82.5934203334205
82.56354717931546
82.54693541732864
82.54130808016859
82.54130808001902
82.54693541766652
82.56354718055594
82.59342033412672
82.63854648185492
82.67103967120639
82.69885098091598
82.5839743019865
82.39237227962565
81.68574439120894
80.32602675542654
77.07754948495129
72.08813763741328
62.38460067004077
53.36703313978858
55.46842835136812
42.200106276800554
73.37466895605053
24.637126486743405
44.852353312069425
57.46302030197369
79.76665576209123
138.51010578135742
147.9926786448194
165.67150881882594
170.8339882510386
174.96710136822503
178.11331061123155
179.28067254925355
179.87509697510336
180.00157041071338
180.08792128921314
180.08828829700644
180.08756626159249
180.05668724630968
180.02658657134248
180.00264377426618
179.99031035971132
179.98587962409584
179.9850831036053
179.98508310353446
179.98587962441854
179.9903103608106
180.00264377539924
180.02658657205797
180.05668724722415
180.0875662629237
180.08828829807837
180.08792128973727
180.00157041093237
179.87509697509853
179.2806725491459
178.11331061121734
174.96710136829415
170.8339882512269
165.6715088193488
147.99267864549196
138.51010578158838
79.76665576210489
57.46302030091475
23.004425051193174
172.16330767252674
92.5015680258715
193.27300037731013
192.26291717863467
206.9752006107734
206.4769413575681
202.59429387479486
203.14316671207058
201.82216243523465
201.92148112175573
201.69292816334945
201.80062601883873
201.70776554868252
201.70899408685676
201.68324920983943
201.67529822721264
201.67242607171653
201.67304368941694
201.6743820690026
201.67438206895872
201.6730436895342
201.67242607226734
201.67529822800356
201.68324921066284
201.70899408778968
201.70776554966545
201.8006260195795
201.6929281638009
201.92148112203546
201.8221624352965
203.14316671192876
202.59429387462689
206.47694135741415
206.9752006107644
192.26291717889703
193.27300037768867
92.50156802601144
172.16330767232563
23.004425050541986
-39.34447341175233
-120.7202126168342
9.641561965366023
16.30071425234258
49.8764705246066
55.70960275354254
50.39368280593351
52.07443644001378
47.47511447103968
48.154472632108394
47.44145274306629
47.77604420618142
47.69589992499512
47.803498692072694
47.81066157775902
47.809959963429115
47.81159498511491
47.81049963897472
47.81401444257621
47.81418116910303
47.81418116906088
47.81401444255157
47.81049963909358
47.811594985423305
47.80995996389129
47.8106615782951
47.80349869254233
47.69589992533006
47.77604420641816
47.44145274321873
48.15447263211399
47.47511447089897
52.07443643980588
50.39368280572668
55.7096027534549
49.876470524648866
16.300714252484017
9.641561965359841
-120.72021261697282
-39.34447341212109
-75.92312165392721
-119.11448411456453
-57.72424934844555
-43.381577116556066
-7.0149472060675
0.6001870788692152
1.1773654536581475
-0.3468557958564986
-1.2668539011254722
-1.3682502232129607
-1.3189698316810734
-1.1893365759342913
-1.1289927241020479
-1.0565771444176093
-1.0319931456692615
-1.0173847366115254
-1.0158205309670478
-1.0142747883242862
-1.0126008449759354
-1.0111586288101506
-1.0111586288350694
-1.012600845041682
-1.0142747883802912
-1.0158205309361463
-1.0173847364743622
-1.0319931454907092
-1.0565771442868623
-1.128992724035058
-1.1893365758892074
-1.3189698316525735
-1.368250223250108
-1.2668539012332403
-0.3468557959852845
1.1773654535362112
0.6001870787881707
-7.01494720607684
-43.38157711652483
-57.72424934847236
-119.1144841147058
-75.92312165407893
-63.39422856096242
-81.72576118509213
25.991050869334373
2.2094229845011064
44.09428634651326
21.40531584307321
41.11441197448734
31.383831943611746
38.98148784064205
35.82023049794231
37.31632642463566
36.79068028382586
37.018835353400235
36.993638240316955
37.01510901713657
37.03886892010732
37.03136454796903
37.03746103025927
37.03406380235778
37.03853222337763
37.038532223354856
37.034063802339176
37.037461030159335
37.031364547943966
37.03886892011653
37.015109017170914
36.993638240336615
37.018835353359954
36.79068028379238
37.316326424628784
35.820230497915226
38.98148784057156
31.38383194356146
41.114411974431974
21.405315843003237
44.094286346547136
2.209422984530974
25.99105086932795
-81.72576118521206
-63.39422856098649
-28.295231688057655
-87.67626071714751
-144.7994833673213
-173.96434285098601
-183.5677236686762
-182.99736850832736
-180.53527099393267
-178.74045619615902
-178.22734785980305
-178.30515192804035
-178.39645211223979
-178.37878710204012
-178.31794032365846
-178.26935045132774
-178.23860923642275
-178.23242946415698
-178.23209699529588
-178.23188082646618
-178.22773338756207
-178.22426244051198
-178.22426244051212
-178.22773338757813
-178.23188082650756
-178.23209699533646
-178.2324294641759
-178.23860923643494
-178.26935045135016
-178.31794032368353
-178.378787102055
-178.39645211224456
-178.30515192804114
-178.2273478598018
-178.7404561961553
-180.53527099393003
-182.99736850832886
-183.56772366867716
-173.96434285097834
-144.79948336730428
-87.67626071712684
-28.295231688033184
