1600
38185781210.77197
52161244410.82973
51702561165.037994
45510589560.30324
42605981523.55046
44128883218.159805
46251210620.37999
47213707698.08826
47343442866.217926
47269275914.6182
47241658893.89525
47241217428.038055
47241356650.53512
47237646234.72096
47234215457.71568
47232284760.973206
47232119252.66966
47232599833.71245
47233062148.85084
47233305062.10261
47233305062.10291
47233062148.85162
47232599833.71307
47232119252.669815
47232284760.97299
47234215457.71553
47237646234.72119
47241356650.53584
47241217428.038826
47241658893.89575
47269275914.61802
47343442866.217064
47213707698.087234
46251210620.37844
44128883218.157425
42605981523.54652
45510589560.29699
51702561165.02969
52161244410.8212
38185781210.76581
9081270531.893312
-182350656400.45297
56626525481.37413
-75486690632.55968
-17532814995.818825
-44181197609.11297
-37597493028.16198
-38066344989.80149
-38521061967.98067
-38550090945.392654
-38675768398.74233
-38536717792.29854
-38668135137.503456
-38556492763.562935
-38607477927.007515
-38584866100.60702
-38594480085.76559
-38590387590.71169
-38592601308.317856
-38591764232.96335
-38591764232.96251
-38592601308.31975
-38590387590.714035
-38594480085.764366
-38584866100.60768
-38607477927.00549
-38556492763.5648
-38668135137.50375
-38536717792.30046
-38675768398.74366
-38550090945.393425
-38521061967.97632
-38066344989.80098
-37597493028.16507
-44181197609.106415
-17532814995.81707
-75486690632.55693
56626525481.37598
-182350656400.4223
9081270531.894281
-18227061710.513798
-16986975270.543732
-24043443814.82569
-19824753154.03155
-18191800134.783524
-17264470606.462513
-17017319757.60543
-17234438816.32603
-17364398975.838524
-17503716878.256435
-17519961722.138496
-17522190306.298508
-17513932736.589188
-17512639947.503525
-17512679174.53108
-17512904441.449818
-17512951436.590706
-17512687844.770966
-17512703792.747147
-17512675080.951885
-17512675080.95213
-17512703792.74748
-17512687844.771343
-17512951436.590965
-17512904441.44995
-17512679174.531364
-17512639947.50398
-17513932736.589897
-17522190306.29916
-17519961722.138702
-17503716878.256195
-17364398975.837807
-17234438816.325157
-17017319757.604713
-17264470606.46175
-18191800134.7814
-19824753154.027267
-24043443814.818336
-16986975270.536098
-18227061710.50648
-17801384149.295906
-12531904099.280376
-24172536661.642403
-13884770989.922277
-14532465631.306503
-12297704003.41156
-12650806524.174767
-13105645472.704391
-13013399908.83371
-13091785265.334023
-13056444703.06958
-13070093796.592567
-13051078966.137863
-13060562811.371414
-13057493322.107533
-13059789449.152458
-13059336845.06451
-13059487103.593994
-13059374931.874863
-13059433115.24318
-13059433115.24337
-13059374931.874985
-13059487103.594475
-13059336845.064621
-13059789449.15223
-13057493322.107876
-13060562811.371681
-13051078966.138676
-13070093796.59322
-13056444703.069675
-13091785265.33361
-13013399908.833183
-13105645472.703484
-12650806524.174091
-12297704003.411808
-14532465631.304573
-13884770989.918343
-24172536661.635414
-12531904099.272383
-17801384149.288986
-6071016459.337826
-6032773289.001246
-7427982783.803111
-2825485976.9192724
-2755987958.4070244
-2505921204.0851936
-3080285348.2608204
-3210142015.950447
-3119835289.950865
-3039236703.8489
-3008668194.93787
-3004778313.7093754
-3001601079.9540234
-3006513529.649233
-3006730259.298012
-3008437325.7025833
-3008348454.800169
-3008415644.986088
-3008273050.952589
-3008288743.354309
-3008288743.354439
-3008273050.9527626
-3008415644.986162
-3008348454.8001556
-3008437325.702469
-3006730259.297983
-3006513529.6492577
-3001601079.9541683
-3004778313.7094574
-3008668194.937872
-3039236703.848675
-3119835289.950474
-3210142015.9502163
-3080285348.2607746
-2505921204.085417
-2755987958.407236
-2825485976.918338
-7427982783.800448
-6032773288.997418
-6071016459.334927
-2361417273.654562
-2116346520.3259134
-1507141808.4272718
805115678.2856991
1077619427.077215
382946696.75742996
-256480344.82906577
-401395682.86853164
-290320579.62422895
-191344559.89694336
-160118385.33407578
-163693956.99366528
-170799383.87887046
-175327786.11634076
-177100914.2517844
-177777871.16517267
-177814587.72381133
-177717316.7640196
-177621370.35785925
-177576023.5375009
-177576023.53759888
-177621370.35804257
-177717316.7640803
-177814587.72360176
-177777871.16482276
-177100914.25147533
-175327786.11608928
-170799383.87865296
-163693956.99348307
-160118385.3339925
-191344559.89689362
-290320579.62415665
-401395682.86843127
-256480344.8290326
382946696.75722593
1077619427.0767603
805115678.2852557
-1507141808.4272203
-2116346520.3255339
-2361417273.6543016
-5398776831.088658
-6297612551.904936
-5336908109.717859
-3859473195.9030204
-3513980802.4017653
-4463068671.32457
-5166410929.898084
-5346633295.86282
-5274918050.113833
-5193266278.173087
-5175285102.4817
-5184487662.940508
-5194561994.872942
-5197947975.426559
-5198847559.979049
-5198561266.952473
-5198464884.644527
-5198419746.005509
-5198414333.388721
-5198400486.067268
-5198400486.067376
-5198414333.388895
-5198419746.005509
-5198464884.6442375
-5198561266.952036
-5198847559.978634
-5197947975.426255
-5194561994.87265
-5184487662.940293
-5175285102.48164
-5193266278.173178
-5274918050.11392
-5346633295.862787
-5166410929.897793
-4463068671.32413
-3513980802.401621
-3859473195.903185
-5336908109.718197
-6297612551.905502
-5398776831.088991
-8178458374.837908
-9670082087.60325
-9328916115.545677
-7792945461.4855995
-7591521702.9835205
-8532373684.901047
-9248700056.878126
-9449166221.152273
-9400418136.821692
-9339357593.989258
-9328452409.922037
-9336638845.694187
-9343150854.116398
-9344168549.26864
-9343211853.147629
-9342243877.31614
-9342079105.608738
-9342202183.246181
-9342322165.447939
-9342377154.4118
-9342377154.411877
-9342322165.448084
-9342202183.246155
-9342079105.608498
-9342243877.315792
-9343211853.147339
-9344168549.268427
-9343150854.116192
-9336638845.694029
-9328452409.922005
-9339357593.98933
-9400418136.821812
-9449166221.152225
-9248700056.877739
-8532373684.900357
-7591521702.98299
-7792945461.485419
-9328916115.545858
-9670082087.603735
-8178458374.838115
-8745639251.756996
-10320229052.3573
-10247725255.858929
-8654810092.138536
-8548842995.0311165
-9480959594.330791
-10197577105.311752
-10409065939.647394
-10375149431.621809
-10326112672.714928
-10315956563.912977
-10319578422.51211
-10321281267.285992
-10319873270.159573
-10317771573.96193
-10316594352.11465
-10316513738.557001
-10316780049.651163
-10316995544.92138
-10317104283.744858
-10317104283.744953
-10316995544.921556
-10316780049.651226
-10316513738.556896
-10316594352.114483
-10317771573.961773
-10319873270.159464
-10321281267.285866
-10319578422.512043
-10315956563.912952
-10326112672.71495
-10375149431.62187
-10409065939.647312
-10197577105.311398
-9480959594.330173
-8548842995.030695
-8654810092.138357
-10247725255.85902
-10320229052.357555
-8745639251.756956
-8044148426.5175295
-9441180731.055508
-9346480257.363903
-7808286694.0983925
-7756698180.5235195
-8664183845.783375
-9362271997.219723
-9577587459.574364
-9556242448.889565
-9515371063.458553
-9505352516.715899
-9505664316.74627
-9504540482.932251
-9502080371.042406
-9499883475.107372
-9498905684.696144
-9498955918.096096
-9499282668.298231
-9499529101.0413
-9499655790.628998
-9499655790.629116
-9499529101.041529
-9499282668.29844
-9498955918.096172
-9498905684.696125
-9499883475.107363
-9502080371.042427
-9504540482.93227
-9505664316.746342
-9505352516.716
-9515371063.458643
-9556242448.889616
-9577587459.574274
-9362271997.219398
-8664183845.782951
-7756698180.523302
-7808286694.098337
-9346480257.363853
-9441180731.055511
-8044148426.517212
-6915465637.682018
-8052600841.780542
-7940483911.287815
-6592869161.436066
-6594328581.829954
-7433367394.608946
-8071572017.441191
-8272448263.388197
-8258410476.502967
-8224142841.322358
-8215064598.268846
-8214139811.289098
-8212225859.670434
-8209862698.4764595
-8208106089.341749
-8207442053.805708
-8207581509.743771
-8207901178.528175
-8208130436.644043
-8208247406.67842
-8208247406.678532
-8208130436.644308
-8207901178.528445
-8207581509.743929
-8207442053.805774
-8208106089.341806
-8209862698.476574
-8212225859.670618
-8214139811.289312
-8215064598.2690735
-8224142841.322565
-8258410476.503044
-8272448263.388073
-8071572017.440853
-7433367394.608589
-6594328581.8298435
-6592869161.436073
-7940483911.287721
-8052600841.780401
-6915465637.681559
-5555828881.886999
-6429099078.767937
-6336449488.863045
-5274220156.676882
-5330209265.025602
-6050390926.073922
-6583325611.553474
-6747786887.359008
-6734016991.567195
-6704503784.422985
-6696464503.028235
-6695389949.260706
-6693737478.030818
-6691945821.139034
-6690711679.71101
-6690306108.261667
-6690477806.405544
-6690754513.476315
-6690943371.636015
-6691037219.121656
-6691037219.121748
-6690943371.636219
-6690754513.476535
-6690477806.405666
-6690306108.261711
-6690711679.711096
-6691945821.139183
-6693737478.031025
-6695389949.260976
-6696464503.028538
-6704503784.423238
-6734016991.567282
-6747786887.358873
-6583325611.553164
-6050390926.073627
-5330209265.025565
-5274220156.6769285
-6336449488.862986
-6429099078.767809
-5555828881.886604
-4017426933.2644567
-4617288910.3072195
-4544593837.074803
-3795895853.0499315
-3892836765.901349
-4458453000.952633
-4858096377.881119
-4973437669.742588
-4956514707.330303
-4931315937.440028
-4924604177.394878
-4923936123.3951435
-4922963368.261543
-4921852797.84716
-4921085192.5316
-4920865640.806042
-4921027731.560533
-4921241516.834757
-4921379866.638634
-4921446442.914362
-4921446442.91443
-4921379866.6388035
-4921241516.834919
-4921027731.560637
-4920865640.80609
-4921085192.531666
-4921852797.847274
-4922963368.261696
-4923936123.395325
-4924604177.395097
-4931315937.440203
-4956514707.33035
-4973437669.742463
-4858096377.880888
-4458453000.952426
-3892836765.901349
-3795895853.0499997
-4544593837.07479
-4617288910.307126
-4017426933.264206
-2491396621.865197
-2836502518.6809554
-2764974337.659901
-2302849891.2805486
-2417884396.0289593
-2818103429.054392
-3081737018.303681
-3148269193.5608053
-3129277325.7169747
-3109323345.997119
-3104488910.0860586
-3104476516.0338583
-3104229509.432959
-3103739756.236862
-3103361489.0359154
-3103278162.09762
-3103409565.6562243
-3103554468.487547
-3103642526.056958
-3103683711.916955
-3103683711.9170127
-3103642526.0570755
-3103554468.4876647
-3103409565.6562934
-3103278162.0976505
-3103361489.0359507
-3103739756.236906
-3104229509.433011
-3104476516.0339403
-3104488910.086155
-3109323345.9972057
-3129277325.7169847
-3148269193.5607257
-3081737018.30353
-2818103429.054275
-2417884396.0289774
-2302849891.280632
-2764974337.659923
-2836502518.680925
-2491396621.8650646
-1234749608.3824136
-1382990612.2936234
-1305265496.1155815
-1064326964.6233578
-1171308667.8143735
-1419190473.468613
-1565632501.370676
-1592940207.5598626
-1574659676.151451
-1560584000.1965904
-1557803816.5022771
-1558366997.899816
-1558651188.7679884
-1558613710.041482
-1558520936.2574263
-1558530290.9571538
-1558626220.7676249
-1558710956.0140443
-1558757750.789605
-1558778896.8559606
-1558778896.8559937
-1558757750.7896733
-1558710956.01411
-1558626220.7676582
-1558530290.9571557
-1558520936.2574267
-1558613710.0414786
-1558651188.767986
-1558366997.8998241
-1557803816.5023012
-1560584000.1966076
-1574659676.1514363
-1592940207.559816
-1565632501.370601
-1419190473.46856
-1171308667.8143957
-1064326964.6234062
-1305265496.1155987
-1382990612.2936072
-1234749608.3823464
-419003327.5823686
-451166416.195372
-375482285.66059303
-274772612.6432129
-353364925.5683842
-481161355.2513098
-543520052.0984762
-546142841.1806344
-531231985.18944883
-522692661.50625575
-521642200.67581904
-522508005.07491934
-523035363.13352007
-523230063.82906777
-523291680.6372361
-523343475.11276245
-523405178.52457494
-523445834.16005844
-523464302.1674201
-523471934.2073021
-523471934.207317
-523464302.1674545
-523445834.1600858
-523405178.5245812
-523343475.11275303
-523291680.63722116
-523230063.8290499
-523035363.1334998
-522508005.07490563
-521642200.67581606
-522692661.5062536
-531231985.18943673
-546142841.1806123
-543520052.0984488
-481161355.2512964
-353364925.5684024
-274772612.6432402
-375482285.660601
-451166416.1953628
-419003327.5823411
-41696533.19778216
-29721342.356225967
28580176.035102963
59232681.45986521
14920833.20270501
-35217889.9538368
-50509927.07295032
-43179335.270992085
-33308558.287404776
-29196663.22890708
-29280900.09010379
-30159110.36270961
-30677444.17968081
-30910318.944931895
-31007428.392621428
-31057331.107162774
-31089097.1251332
-31102609.898441553
-31105550.493519813
-31106012.099390507
-31106012.099395066
-31105550.493528754
-31102609.898446456
-31089097.125129
-31057331.1071534
-31007428.392610863
-30910318.944921985
-30677444.179669082
-30159110.36270018
-29280900.090099514
-29196663.228905216
-33308558.287401408
-43179335.27098861
-50509927.072949275
-35217889.95383954
14920833.202693302
59232681.45985255
28580176.035097033
-29721342.356224477
-41696533.19777703
47360594.7947723
62053669.35106303
94590084.58503667
99278457.03990778
81245988.4572671
69436728.08199424
71843268.36597458
79104868.60239403
83968237.57055426
85183229.07055748
84592655.10392243
83898720.52603398
83526520.92390823
83360825.72985059
83292984.59773378
83265303.77417228
83254649.13834943
83253992.42618862
83256712.75824875
83258559.29371558
83258559.29371502
83256712.75824824
83253992.4261904
83254649.13835278
83265303.77417548
83292984.59773588
83360825.72985186
83526520.92391023
83898720.52603562
84592655.10392319
85183229.07055718
83968237.57055344
79104868.60239136
71843268.36597015
69436728.08198997
81245988.45726323
99278457.03990325
94590084.58503342
62053669.35106157
47360594.79476888
26359233.723404147
32361440.974154808
43414533.68262949
41863378.79626593
37216379.6487158
37772178.68405783
42139789.72237538
45805231.66738199
47217654.41033005
47052798.04355419
46433087.89007678
45989667.98495139
45781091.71572626
45697448.808443144
45667955.733963594
45659659.06347594
45659339.14026588
45662189.68237761
45665157.509848095
45666777.14530155
45666777.14530203
45665157.509849355
45662189.68237904
45659339.14026699
45659659.06347597
45667955.73396261
45697448.80844201
45781091.71572538
45989667.984950855
46433087.89007636
47052798.04355373
47217654.410329424
45805231.6673806
42139789.72237342
37772178.684056714
37216379.64871669
41863378.796266675
43414533.68262938
32361440.97415355
26359233.723401368
311317.4739071857
810123.3937774915
1101231.113286132
-747467.0414824449
-1305856.2661651084
304726.45009117946
2221605.409305784
3064875.874093313
2946106.037336288
2463028.0188465733
2041786.3497485444
1812091.5262109414
1719032.4968151655
1688033.5464465544
1680543.6992892548
1680740.949375743
1682875.8804309405
1685125.574445242
1686745.984901756
1687543.6191316005
1687543.619131865
1686745.984902449
1685125.5744458232
1682875.8804309778
1680740.9493752439
1680543.6992884055
1688033.5464456435
1719032.496814426
1812091.5262105167
2041786.349748375
2463028.0188466534
2946106.0373363923
3064875.874093391
2221605.409306052
304726.4500922924
-1305856.2661631377
-747467.0414805487
1101231.1132869124
810123.3937771954
311317.47390641645
-6754083.268888621
-7375430.461066402
-9465721.311886411
-10606061.256352123
-10764914.563471485
-10386567.582524385
-10210872.927125923
-10436571.973788094
-10832361.064977808
-11175660.35775493
-11385181.847319774
-11480538.37010598
-11513760.422419809
-11522274.623566592
-11522781.459375085
-11521381.118024634
-11519983.127811924
-11518998.637445405
-11518431.605449397
-11518183.497335821
-11518183.497335775
-11518431.605449261
-11518998.637445364
-11519983.127812065
-11521381.118024891
-11522781.459375376
-11522274.623566862
-11513760.42242001
-11480538.370106075
-11385181.847319681
-11175660.357754774
-10832361.064977584
-10436571.973787757
-10210872.927125357
-10386567.582523478
-10764914.563470382
-10606061.256351145
-9465721.311885986
-7375430.461066465
-6754083.268888605
-4507531.108690561
-4731191.819890931
-6022997.597575879
-6566838.025599214
-6865326.315832462
-7094560.146912
-7365928.72172071
-7660264.98515478
-7901776.274364859
-8056090.6432587635
-8134330.181138626
-8165533.946049696
-8175059.252267263
-8176919.4886063095
-8176662.470184839
-8176074.539935019
-8175619.542804811
-8175353.42206322
-8175232.152572278
-8175192.675993157
-8175192.675993178
-8175232.152572335
-8175353.422063305
-8175619.542804887
-8176074.539935095
-8176662.470184922
-8176919.488606327
-8175059.252267273
-8165533.946049665
-8134330.181138586
-8056090.643258749
-7901776.274364834
-7660264.985154677
-7365928.721720563
-7094560.146911817
-6865326.315832336
-6566838.025599124
-6022997.597575895
-4731191.819890969
-4507531.10869041
-1773718.0058418922
-1699585.9371826379
-2095978.413164122
-2302603.5905135814
-2556032.199967212
-2796032.1979008215
-2982761.1328876186
-3118205.0896745324
-3206558.7558548492
-3255383.8153195614
-3277400.7579007805
-3285381.617010166
-3287660.309209393
-3288124.6352743963
-3288146.030614148
-3288090.701661588
-3288030.704835746
-3287989.3117145672
-3287976.8140184004
-3287980.0954160346
-3287980.095416059
-3287976.814018449
-3287989.311714609
-3288030.7048357846
-3288090.701661604
-3288146.0306141553
-3288124.6352743837
-3287660.309209353
-3285381.617010152
-3277400.7579007996
-3255383.8153196275
-3206558.7558549168
-3118205.0896745846
-2982761.1328876773
-2796032.1979009444
-2556032.199967419
-2302603.5905137677
-2095978.413164212
-1699585.9371826155
-1773718.0058417711
-512458.0902539785
-411564.68194507505
-455157.2123295893
-521520.3396694496
-656924.2334123083
-771940.3447110904
-836639.3672052007
-871697.5290067445
-892433.0794050493
-903595.595776396
-908404.0475469294
-910105.8759992961
-910652.4654748796
-910842.4480386286
-910936.434389747
-910984.5355966373
-910992.5248117208
-910983.7706564206
-910980.727038928
-910983.8643050388
-910983.8643050492
-910980.7270389509
-910983.7706564383
-910992.5248117251
-910984.5355966364
-910936.4343897442
-910842.4480386185
-910652.4654748574
-910105.8759992919
-908404.047546961
-903595.5957764486
-892433.0794050941
-871697.5290067885
-836639.3672052736
-771940.3447112147
-656924.2334124749
-521520.3396695759
-455157.2123296213
-411564.6819450301
-512458.0902539082
-119514.00049393275
-70698.3757448906
-53959.42408724231
-75588.51622811184
-129004.19641076372
-164671.2924148546
-175571.1647612609
-178423.35487180648
-180999.1066424519
-183057.59940949993
-184085.53920625764
-184507.0692139385
-184686.28055069613
-184768.34581567685
-184813.12478562057
-184833.2592588064
-184831.52274184505
-184822.31368149433
-184818.0679876646
-184818.50039003015
-184818.50039003458
-184818.06798767307
-184822.313681499
-184831.52274184226
-184833.25925880365
-184813.12478561915
-184768.34581567004
-184686.28055068583
-184507.0692139368
-184085.53920627228
-183057.59940951888
-180999.10664246278
-178423.35487181402
-175571.16476127977
-164671.2924148998
-129004.19641082501
-75588.51622815122
-53959.424087236664
-70698.37574485602
-119514.00049390004
-22299.384804343325
-8596.609359907408
7.306090415771905
-8202.577957795656
-24381.962972645488
-30787.99220096141
-28973.665370592127
-27053.85581486777
-27046.628097355693
-27606.027215658287
-27964.47187404103
-28129.831345770064
-28200.981941231395
-28225.344669886494
-28231.716777729533
-28230.004794533415
-28222.983199922033
-28216.29686912895
-28213.64004161433
-28213.596369874533
-28213.596369875864
-28213.64004161644
-28216.29686912874
-28222.983199919647
-28230.00479453177
-28231.716777728543
-28225.344669883045
-28200.981941225975
-28129.831345767387
-27964.471874042516
-27606.027215659233
-27046.62809735081
-27053.855814859977
-28973.665370587885
-30787.992200965236
-24381.96297265512
-8202.577957798654
7.306090427162417
-8596.609359890484
-22299.384804332338
-2375.152498148802
-646.5255038112145
561.2644577414167
-2555.269338612487
-6079.20553481018
-5746.5030898451005
-3680.3848487007217
-2670.698129882001
-2747.3822202624706
-3043.055280052119
-3213.030447967456
-3282.4359158056004
-3305.227370147072
-3307.017369573842
-3302.672667027182
-3297.620850874897
-3293.030941924797
-3290.180544215791
-3289.374832054572
-3289.4945907203846
-3289.494590720835
-3289.374832055025
-3290.180544215188
-3293.030941923682
-3297.620850874514
-3302.6726670270946
-3307.01736957264
-3305.2273701447275
-3282.435915803455
-3213.0304479658607
-3043.055280049417
-2747.38222025739
-2670.6981298754154
-3680.3848486944617
-5746.503089840927
-6079.205534808229
-2555.2693386097744
561.2644577470087
-646.5255038059258
-2375.152498146608
359.78926542954576
8.18415442300872
-362.2934694386411
-1306.9594845021197
-1671.7373571258813
-931.3108517695417
-120.67524114475316
87.8198782491894
-58.830189148197405
-210.51398691023581
-279.7550800293611
-301.5358130380306
-305.0165509474258
-302.1071197163172
-298.4557859888026
-295.7821035703485
-294.1445665072029
-293.49152695103453
-293.5121337995859
-293.68452124917246
-293.68452124936755
-293.51213379972927
-293.4915269506852
-294.14456650682024
-295.78210357044486
-298.4557859890606
-302.1071197161721
-305.0165509468626
-301.53581303731914
-279.7550800285341
-210.51398690899777
-58.83018914633732
87.8198782515567
-120.67524114219464
-931.3108517673278
-1671.7373571244034
-1306.9594845010242
-362.2934694373131
8.18415442440974
359.7892654292257
230.74088124362925
10.112942588738733
-215.15961536832765
-395.7664745011447
-298.6370036266263
2.2695400000742865
181.730555155108
154.63016705860198
60.3176515959847
-0.44194694643433863
-21.772592686719996
-25.584157949745894
-24.30540697852785
-22.15052983677314
-20.57338751379681
-19.758208223306347
-19.475052017394198
-19.516963426025022
-19.679724046990565
-19.795495256153167
-19.795495256227483
-19.679724047015583
-19.51696342582202
-19.475052017216257
-19.758208223393943
-20.57338751399179
-22.150529836904987
-24.30540697863573
-25.584157949852397
-21.772592686768434
-0.4419469463937631
60.31765159612792
154.63016705885138
181.7305551554559
2.269540000442376
-298.63700362634813
-395.7664745010287
-215.15961536826632
10.112942588965602
230.74088124303137
28.030805035089323
-3.0391052040753674
-43.32395915683111
-41.536559709024964
23.73071501779158
93.1039780707331
99.98154583383312
58.90410220018377
18.828280389062144
-0.35594952664014556
-5.050680475482952
-4.661765184571888
-3.416559400031179
-2.4575673746491193
-1.975918115338735
-1.8451040670281378
-1.8949835814632596
-2.008877345369998
-2.1107017063743467
-2.163966176222682
-2.1639661762314404
-2.1107017063056213
-2.0088773451760966
-1.894983581310406
-1.8451040670406442
-1.9759181154234096
-2.4575673747465716
-3.4165594001891932
-4.661765184782083
-5.0506804756938655
-0.35594952684385284
18.828280388873758
58.90410220000595
99.98154583365974
93.10397807060892
23.730715017780174
-41.5365597089944
-43.32395915681906
-3.039105203873988
28.030805034682565
-21.443399171958383
-6.126472209545224
1.8764802361259136
20.445406652332455
41.49046014600339
47.95335031152083
34.78664007826408
15.260305248705375
2.187092037742846
-2.722165784122762
-3.3236000184361956
-2.747987520498943
-2.175030327468055
-1.8459262910652847
-1.73187967245445
-1.7425484019736648
-1.8007194523648016
-1.8608949494255942
-1.9019747552315271
-1.920524586937079
-1.9205245869240573
-1.9019747551483932
-1.8608949492681577
-1.8007194522592438
-1.7425484019852224
-1.7318796724984087
-1.8459262910886376
-2.1750303275102327
-2.747987520579485
-3.32360001853488
-2.722165784230497
2.187092037639464
15.260305248591116
34.78664007811561
47.953350311397315
41.490460146007784
20.445406652415066
1.8764802362062794
-6.126472209325053
-21.443399172207165
-17.713031543964906
-6.086769631456206
2.771972765239802
12.675740698716256
18.40734952051197
16.50308674243585
9.703853790516675
3.288480950127332
-0.2183781549127315
-1.2598078927552752
-1.2421983207715577
-0.9911360005488472
-0.7953106919387654
-0.6954772751429115
-0.6704718165648242
-0.6847542951536827
-0.7104616166742792
-0.7321063567734478
-0.7445890699040532
-0.7494633429452204
-0.7494633429408373
-0.7445890698596882
-0.7321063566875987
-0.7104616166321531
-0.684754295187324
-0.6704718165962096
-0.6954772751297726
-0.7953106919228556
-0.9911360005591583
-1.2421983207981528
-1.25980789278256
-0.2183781549339665
3.2884809500853045
9.703853790427551
16.50308674234552
18.40734952050029
12.675740698775263
2.771972765291025
-6.086769631461579
-17.713031544111786
-9.465059543650398
-2.5292056050920717
0.3095507800003543
5.052513585399466
7.231140494040105
6.219161616765573
4.12854202213123
2.4258431327866763
1.683730746665804
1.4813921713737939
1.5263538057219155
1.6030711963513593
1.6644232830231644
1.6954191849875395
1.7030526804198485
1.697773730265704
1.6890682456705988
1.6827869852996216
1.6800111096199088
1.6794011131244702
1.679401113119419
1.6800111096292323
1.6827869853322495
1.6890682456766188
1.697773730232704
1.703052680402384
1.6954191850058342
1.6644232830371986
1.6030711963399398
1.5263538057049455
1.4813921713725096
1.6837307466770104
2.4258431327794474
4.128542022080881
6.219161616697625
7.231140494004054
5.052513585400931
0.3095507800063282
-2.52920560509045
-9.465059543716627
-5.533190339194189
-3.2245138037478434
-1.618942937556266
0.876602922088872
1.8707086299494817
1.669145904629632
0.9347318417962028
0.5560766720665351
0.3976534015960391
0.40687015835785767
0.4290153185565071
0.46089380010821135
0.4821229674342703
0.4937194834814056
0.4966329609459338
0.49427650113155774
0.49121793007024495
0.4895334847212127
0.48950710540978215
0.48991261041749046
0.4899126104105537
0.4895071054071214
0.4895334847335975
0.49121793007083225
0.4942765011148127
0.49663296094317
0.4937194834977269
0.48212296743895455
0.4608938000913144
0.42901531854035546
0.4068701583613229
0.39765340161410523
0.5560766720751862
0.9347318417764623
1.669145904590204
1.8707086299149798
0.8766029220696889
-1.6189429375618967
-3.224513803736402
-5.53319033920482
-4.782894150209061
-3.357763888624051
-3.153361142284476
-1.589848737591561
-1.105184440351926
-1.3929973146285146
-1.8514143632593862
-2.028765926692079
-2.0404867697560203
-2.001047081641376
-1.9730685233730818
-1.9555845274083796
-1.946560995761545
-1.943018397476341
-1.9430374567562843
-1.9449177387537264
-1.9465325432851555
-1.9469719989020833
-1.946463903240299
-1.9459117353927575
-1.9459117353970843
-1.9464639032418813
-1.9469719988929541
-1.9465325432795337
-1.9449177387558794
-1.943037456749925
-1.9430183974613442
-1.946560995757097
-1.955584527418539
-1.9730685233822558
-2.001047081637739
-2.040486769742092
-2.028765926679776
-1.8514143632598814
-1.3929973146424457
-1.1051844403720663
-1.5898487376039545
-3.1533611422848966
-3.357763888634719
-4.782894150194112
-5.15427066484466
-3.4515755410994466
-3.6234484343968796
-3.583577867592362
-2.8324245569351856
-3.435002326188222
-3.6769130531673255
-3.839396319072309
-3.791170376812797
-3.7731231382157406
-3.7414016118424813
-3.7343200440995323
-3.7312257919377423
-3.7300905768115724
-3.7316549911336954
-3.732637734937108
-3.733764033580907
-3.733724234930407
-3.733270978834163
-3.732778489542369
-3.732778489543903
-3.7332709788322127
-3.7337242349213113
-3.73376403357143
-3.7326377349305924
-3.73165499112417
-3.7300905767989603
-3.73122579193074
-3.7343200440999227
-3.7414016118430853
-3.7731231382121684
-3.791170376804817
-3.839396319062674
-3.6769130531611696
-3.4350023261901628
-2.8324245569437867
-3.5835778676007775
-3.623448434395052
-3.451575541088133
-5.154270664826448
-4.596623952107509
-2.1427124060670693
-4.6992592585772766
-2.1390874954903376
-2.4050976964209343
-1.7758702020951407
-1.9273272215171393
-1.9356530584808325
-1.9240049496271596
-1.8995807395676452
-1.890509584551054
-1.8866110971362116
-1.883579854136477
-1.8846593107616996
-1.8839084141988915
-1.8847446577791156
-1.8848716509866412
-1.8847420719122958
-1.8841828715644766
-1.8838106269390966
-1.8838106269390151
-1.8841828715615154
-1.8847420719045176
-1.8848716509772299
-1.8847446577703186
-1.8839084141897442
-1.8846593107527192
-1.8835798541294744
-1.8866110971314654
-1.8905095845475506
-1.8995807395643791
-1.9240049496237288
-1.9356530584763172
-1.9273272215130244
-1.7758702020940662
-2.405097696424151
-2.1390874954947705
-4.699259258577016
-2.1427124060619374
-4.596623952097469
-1.7874764815261328
-0.8201501171465155
-0.5848027337052524
0.032408859162382786
0.6237012417355992
1.067830945490929
1.2482532458461741
1.344308879094407
1.3540897866224806
1.3593248654179422
1.3577447242732799
1.359652789259346
1.360920064422888
1.3622260886281183
1.3633343371615294
1.3636313799963202
1.3638177606146435
1.3641635105269116
1.3647478725919804
1.3651583587685534
1.3651583587686957
1.3647478725937163
1.3641635105315815
1.3638177606209168
1.3636313800024498
1.3633343371673858
1.362226088633426
1.360920064427308
1.3596527892633277
1.3577447242767582
1.3593248654199994
1.3540897866230839
1.3443088790950224
1.2482532458474385
1.0678309454916404
0.6237012417344954
0.03240885916010705
-0.5848027337065582
-0.8201501171453072
-1.7874764815244688
2.1122496641132082
-5.169807858060199
5.357267398647652
-0.6799701957954185
2.2375220488234646
1.658718313092349
2.1587835594720355
2.2791596113446673
2.253742905543513
2.2572855700929195
2.244452238173212
2.2520144406913305
2.2477993417237774
2.2537096457547188
2.2533313258964407
2.2545368615877344
2.254435451704211
2.2547945562149856
2.2552965200278052
2.2557417398009747
2.255741739801019
2.2552965200280592
2.254794556216507
2.254435451706777
2.254536861590369
2.2533313258992713
2.253709645756233
2.2477993417257593
2.2520144406928004
2.2444522381749366
2.257285570093069
2.2537429055428175
2.279159611343869
2.1587835594709013
1.6587183130935266
2.2375220488230285
-0.6799701957959325
5.357267398646182
-5.169807858060541
2.1122496641112707
3.5740444034396015
4.168735389262714
4.6155806302789175
5.451621843662833
6.097755279125501
6.478577819209444
6.686529743420188
6.76164879264491
6.762116754926744
6.748930535840631
6.74989216402885
6.753867644717408
6.758028576406817
6.760882268701511
6.763418831434547
6.763585593466299
6.763734431676518
6.764040226475069
6.764937199941029
6.765591925167303
6.765591925167179
6.764937199940742
6.764040226474897
6.763734431676839
6.763585593467003
6.763418831435066
6.760882268701568
6.75802857640681
6.753867644717644
6.7498921640290614
6.748930535840321
6.762116754925829
6.761648792643829
6.686529743419474
6.478577819209329
6.097755279125634
5.451621843662609
4.615580630277718
4.168735389260714
3.5740444034379593
