1600
1.3282667419587137
2.732189598524062
3.6473750042131567
3.9123324002260915
3.79318310800391
3.6496954592103057
3.6007044333975147
3.6026210442684454
3.6099333951922716
3.6173532641591772
3.6175035285261967
3.6173244328885783
3.617257838297443
3.6171077706292913
3.6167943888001908
3.6168849576270725
3.6168881968772197
3.616866008389313
3.6168594689990172
3.6168599849568555
3.616859984956851
3.6168594689990123
3.6168660083893087
3.6168881968772126
3.6168849576270325
3.616794388800127
3.6171077706292096
3.6172578382973755
3.6173244328885463
3.6175035285262376
3.617353264159238
3.609933395192323
3.6026210442684308
3.600704433397442
3.649695459210273
3.7931831080040075
3.91233240022623
3.6473750042132096
2.7321895985240214
1.3282667419586374
1.4741653879606316
1.8512598644111917
-0.08221101613126386
1.5027722459497745
0.7588164432985012
0.9447794669432753
0.7706674876101542
0.8350572760098343
0.8057657706653186
0.8279364640730795
0.8219602024606774
0.8233918304050123
0.8232050807617333
0.8229221219977179
0.8228596294463908
0.8228765314293591
0.8228859313720616
0.8228746778333939
0.8228726647107671
0.8228740471847489
0.8228740471847547
0.8228726647107765
0.8228746778334497
0.8228859313719801
0.822876531429328
0.8228596294464409
0.8229221219976497
0.8232050807617898
0.8233918304050322
0.8219602024605994
0.8279364640731043
0.8057657706653696
0.8350572760096142
0.7706674876102392
0.9447794669436689
0.7588164432981673
1.5027722459497266
-0.08221101613127163
1.8512598644112948
1.4741653879605536
0.6056697779358655
0.5090099629532687
0.6225409196441696
0.37132767083336804
0.0687638917684027
-0.07256932127669552
-0.1137020319827261
-0.10845112496405418
-0.10516248197577238
-0.10052169858793625
-0.10065504869700959
-0.10084004664822327
-0.10110150465895473
-0.101225600920692
-0.10124776352667475
-0.10124181660544135
-0.10123589579501269
-0.10123342562227688
-0.10123080822336528
-0.10122906241031604
-0.10122906241031271
-0.10123080822336017
-0.10123342562226811
-0.1012358957950178
-0.10124181660544207
-0.10124776352666731
-0.10122560092070021
-0.10110150465894957
-0.10084004664822288
-0.10065504869701053
-0.10052169858792903
-0.10516248197576267
-0.10845112496407117
-0.1137020319827407
-0.0725693212766717
0.0687638917684012
0.37132767083339036
0.6225409196441585
0.5090099629532474
0.6056697779358236
-0.2854444197829859
-0.36973886784290955
-0.7281850693353726
-1.2667625200440753
-1.4355404962645104
-1.5587232620746319
-1.559277996613929
-1.5635772045514995
-1.5539676780677647
-1.5555988921899306
-1.5537410822512638
-1.5544117790421272
-1.554637845646849
-1.554683014072117
-1.5546654072521857
-1.554650532556979
-1.5546384595352094
-1.5546303858069774
-1.5546274200970633
-1.5546267156732068
-1.5546267156732068
-1.5546274200970558
-1.554630385806982
-1.5546384595351965
-1.5546505325569595
-1.554665407252164
-1.5546830140720735
-1.5546378456468346
-1.5544117790421181
-1.55374108225126
-1.5555988921899462
-1.5539676780677834
-1.5635772045514729
-1.5592779966139325
-1.5587232620746732
-1.4355404962644616
-1.2667625200440904
-0.7281850693353891
-0.36973886784294374
-0.2854444197829823
-0.561478735941022
-0.8530518414437925
-1.243525444549821
-1.5012362083775113
-1.5192159113469796
-1.5176785629049716
-1.4992708598606632
-1.4978448466488996
-1.4925926421186029
-1.4934616092942274
-1.4923492053622454
-1.4926833488682716
-1.4927870190799934
-1.492761292591969
-1.4927124729819181
-1.4926778192758423
-1.4926616199232867
-1.4926551631087275
-1.4926547459196318
-1.4926556122520602
-1.492655612252062
-1.492654745919632
-1.4926551631087341
-1.4926616199232754
-1.4926778192758217
-1.492712472981889
-1.492761292591927
-1.4927870190799701
-1.492683348868268
-1.4923492053622534
-1.4934616092942494
-1.4925926421186198
-1.4978448466488792
-1.4992708598606406
-1.5176785629049858
-1.5192159113469765
-1.5012362083775426
-1.2435254445498276
-0.853051841443786
-0.5614787359409903
-0.45228482613342214
-0.8166755230151739
-1.041125176295031
-1.0383647452839986
-0.9260164853735403
-0.8471485854600154
-0.819374343933285
-0.8158221094778468
-0.8162824060978633
-0.81672159300637
-0.8166817535769308
-0.8166685895656223
-0.8166039073936164
-0.8165038471618464
-0.8164230347927817
-0.8163798451493753
-0.8163621358589728
-0.8163580400467488
-0.8163595376670351
-0.8163613073279736
-0.816361307327975
-0.8163595376670378
-0.8163580400467554
-0.8163621358589769
-0.8163798451493702
-0.816423034792765
-0.8165038471618258
-0.8166039073936022
-0.8166685895656256
-0.8166817535769483
-0.8167215930063968
-0.8162824060978815
-0.8158221094778384
-0.8193743439332548
-0.8471485854600009
-0.9260164853735657
-1.0383647452840372
-1.041125176295039
-0.8166755230151532
-0.4522848261333874
-0.36645430728155526
-0.7067709619793937
-0.8541723991342554
-0.752857213675425
-0.5894552953226895
-0.48784844561250346
-0.4608818658889523
-0.46138689850566655
-0.46623690702971
-0.46828441231622747
-0.4688798224946196
-0.46870727899074893
-0.4684741351206232
-0.4682991717346936
-0.4681993735779963
-0.468154308557071
-0.4681368041467435
-0.46813278839705474
-0.4681342976460195
-0.4681361093272358
-0.4681361093272375
-0.4681342976460248
-0.4681327883970618
-0.4681368041467529
-0.46815430855707374
-0.4681993735779923
-0.46829917173468444
-0.4684741351206163
-0.4687072789907543
-0.4688798224946366
-0.4682844123162517
-0.46623690702972764
-0.4613868985056633
-0.4608818658889239
-0.48784844561248875
-0.5894552953227219
-0.7528572136754716
-0.8541723991342731
-0.7067709619793788
-0.36645430728152845
-0.3813267105204079
-0.7192535064492374
-0.8644065406662949
-0.7563150858468765
-0.5838648189028709
-0.4834485586541124
-0.4610280302619942
-0.46660932089275275
-0.4743383650018104
-0.4778081450235395
-0.47855206210694196
-0.47823320261940305
-0.47786627600638876
-0.47764199829993886
-0.4775371832566158
-0.47749668605196655
-0.4774809745356518
-0.47747615179324693
-0.4774767886501391
-0.47747829160862443
-0.4774782916086251
-0.4774767886501413
-0.47747615179325453
-0.47748097453565935
-0.4774966860519685
-0.477537183256613
-0.4776419982999311
-0.47786627600638154
-0.47823320261940117
-0.4785520621069522
-0.4778081450235554
-0.47433836500182375
-0.4666093208927452
-0.46102803026196704
-0.48344855865409925
-0.5838648189029001
-0.7563150858469195
-0.8644065406663116
-0.7192535064492246
-0.3813267105203797
-0.417048150480809
-0.7609957418700657
-0.9179403045744783
-0.8188661063782102
-0.6501010802055471
-0.5551697457511734
-0.5368263002638152
-0.5451781932648047
-0.5538456634214035
-0.5575644006539826
-0.5581001410579777
-0.5576060287043599
-0.5571472572318776
-0.5568993604870488
-0.5567991196973461
-0.5567669245253515
-0.5567546520209699
-0.5567496645928167
-0.5567495810937668
-0.5567508022250958
-0.5567508022250951
-0.5567495810937648
-0.5567496645928198
-0.5567546520209695
-0.5567669245253497
-0.5567991196973368
-0.5568993604870336
-0.5571472572318636
-0.5576060287043539
-0.5581001410579813
-0.5575644006539933
-0.5538456634214122
-0.5451781932647934
-0.5368263002637865
-0.5551697457511588
-0.6501010802055744
-0.8188661063782503
-0.9179403045744915
-0.760995741870049
-0.41704815048077487
-0.4275763696447859
-0.763585508221023
-0.9226223533378903
-0.8321201380625889
-0.6732228069955873
-0.585698129538706
-0.5703988401294812
-0.5792763760366345
-0.5874669533863163
-0.5907247642029557
-0.5909647574315959
-0.5903434649954071
-0.5898404332919724
-0.5895862120379667
-0.5894922585859843
-0.5894666627778113
-0.5894573359394175
-0.5894526072677497
-0.5894521247978594
-0.5894531421240455
-0.5894531421240433
-0.5894521247978564
-0.5894526072677454
-0.5894573359394153
-0.5894666627778027
-0.5894922585859697
-0.589586212037946
-0.5898404332919539
-0.590343464995398
-0.5909647574315983
-0.5907247642029663
-0.5874669533863255
-0.5792763760366268
-0.5703988401294514
-0.5856981295386916
-0.6732228069956139
-0.8321201380626282
-0.9226223533378997
-0.7635855082210037
-0.42757636964475054
-0.40712402573789475
-0.715565492117104
-0.8649534394791186
-0.7841621593972113
-0.6414689665626971
-0.5641526369605299
-0.5514961834085383
-0.5596811248167007
-0.5667641342834626
-0.5694049905197458
-0.5694411052301067
-0.5687897004882088
-0.5682929959416325
-0.5680467747862437
-0.5679579481027817
-0.5679351889697342
-0.5679272520700329
-0.5679228518649665
-0.5679222059104322
-0.5679230612910973
-0.5679230612910967
-0.5679222059104302
-0.567922851864961
-0.567927252070027
-0.5679351889697233
-0.5679579481027642
-0.5680467747862232
-0.5682929959416143
-0.5687897004881997
-0.5694411052301112
-0.5694049905197606
-0.5667641342834768
-0.5596811248166969
-0.5514961834085154
-0.5641526369605178
-0.6414689665627243
-0.7841621593972485
-0.8649534394791281
-0.7155654921170848
-0.4071240257378602
-0.36013480978536244
-0.6231315443568971
-0.7529493563900744
-0.6839320282456565
-0.5633113331534638
-0.4992290549986199
-0.48945308091947193
-0.49648511944171847
-0.5022497515733
-0.5042898378020059
-0.5042173740958588
-0.5036133702189622
-0.5031634188741623
-0.502939659284486
-0.5028583134994303
-0.5028375507442792
-0.5028307461654877
-0.502827025844031
-0.5028264461962662
-0.5028271628909351
-0.5028271628909333
-0.5028264461962656
-0.502827025844027
-0.5028307461654847
-0.502837550744271
-0.5028583134994153
-0.5029396592844693
-0.5031634188741464
-0.5036133702189556
-0.5042173740958654
-0.5042898378020213
-0.5022497515733152
-0.4964851194417167
-0.48945308091945205
-0.49922905499861053
-0.5633113331534852
-0.6839320282456895
-0.7529493563900828
-0.6231315443568828
-0.360134809785332
-0.2932737583087644
-0.4981083671916235
-0.6012100909781022
-0.5456535937992747
-0.45139902076043803
-0.40297625525363584
-0.39660508724593163
-0.4024346154437249
-0.40684384212420743
-0.4083064453757933
-0.40816901489626595
-0.4076495980106474
-0.4072691928855526
-0.40707922268759966
-0.40701003650777734
-0.40699297044970906
-0.40698810838847443
-0.40698553658980885
-0.4069851843882901
-0.4069857642034245
-0.40698576420342325
-0.4069851843882888
-0.406985536589807
-0.40698810838847294
-0.4069929704497047
-0.40701003650776846
-0.407079222687588
-0.40726919288554264
-0.4076495980106438
-0.408169014896272
-0.4083064453758062
-0.4068438421242191
-0.40243461544372494
-0.3966050872459161
-0.4029762552536279
-0.4513990207604561
-0.5456535937993021
-0.6012100909781102
-0.49810836719161217
-0.29327375830874103
-0.21548453299527365
-0.35726711431098296
-0.4302454064510935
-0.38839826711105996
-0.32161975212824856
-0.2893939213493227
-0.28654693417471744
-0.2912330418967812
-0.29434915955826846
-0.2952730751948089
-0.29508854330362416
-0.2946637900232163
-0.29436037572138773
-0.2942094961363104
-0.29415562185453153
-0.29414370724673117
-0.2941413127326296
-0.29414004925923315
-0.2941399519275651
-0.2941403835470728
-0.2941403835470725
-0.294139951927564
-0.2941400492592321
-0.2941413127326297
-0.29414370724673106
-0.2941556218545283
-0.294209496136303
-0.2943603757213812
-0.29466379002321474
-0.2950885433036292
-0.29527307519481777
-0.2943491595582766
-0.29123304189678006
-0.2865469341747052
-0.2893939213493162
-0.3216197521282615
-0.3883982671110794
-0.430245406451099
-0.35726711431097596
-0.2154845329952565
-0.13911341172902214
-0.2225808354609107
-0.26664107914296886
-0.23695638413358439
-0.1947257428684217
-0.17660418130314975
-0.17658119262290162
-0.18014203815673932
-0.18211584906269263
-0.18258501643589264
-0.18237303674989708
-0.18204120859532308
-0.18181284395758346
-0.1817012503469607
-0.18166335241512704
-0.1816568152088233
-0.1816567108702502
-0.18165655777066653
-0.18165664591296682
-0.18165692571981162
-0.1816569257198112
-0.18165664591296624
-0.18165655777066647
-0.18165671087025154
-0.1816568152088247
-0.18166335241512643
-0.18170125034695717
-0.18181284395757968
-0.1820412085953222
-0.18237303674990035
-0.18258501643589828
-0.18211584906269757
-0.18014203815673774
-0.17658119262289346
-0.17660418130314492
-0.19472574286842947
-0.236956384133596
-0.26664107914297186
-0.222580835460906
-0.13911341172901087
-0.07741713201156837
-0.11609201519739791
-0.13716346204470511
-0.11704118846151335
-0.09334391227184896
-0.08521072342958816
-0.08670005810459322
-0.08914143037870292
-0.09020649363432577
-0.09035114078984868
-0.09014134676529592
-0.08989662868502084
-0.08973622370619092
-0.08966066456278408
-0.08963743864172166
-0.08963550065587854
-0.08963700908897622
-0.08963755252274723
-0.08963771237787124
-0.08963785113458572
-0.08963785113458553
-0.089637712377871
-0.08963755252274752
-0.0896370090889775
-0.0896355006558798
-0.08963743864172163
-0.08966066456278235
-0.08973622370618886
-0.08989662868502032
-0.0901413467652975
-0.09035114078985147
-0.09020649363432823
-0.0891414303787021
-0.08670005810458845
-0.08521072342958526
-0.09334391227185287
-0.11704118846151934
-0.13716346204470625
-0.11609201519739523
-0.07741713201156161
-0.03836945290865213
-0.049979675619557934
-0.056791555424423726
-0.043610457135285725
-0.031582289211529384
-0.028909194472229262
-0.030610273121253063
-0.03203198389243807
-0.0324731146195652
-0.03243938199242779
-0.03226242646037615
-0.032095417643662305
-0.031991942831899996
-0.03194623653797122
-0.031934700147884514
-0.031935863307480314
-0.03193806829063876
-0.03193883116996993
-0.031938946724718094
-0.031938966950247547
-0.03193896695024745
-0.03193894672471799
-0.031938831169970025
-0.03193806829063934
-0.031935863307481
-0.03193470014788442
-0.03194623653797041
-0.031991942831899114
-0.03209541764366211
-0.032262426460376734
-0.03243938199242889
-0.03247311461956628
-0.03203198389243782
-0.030610273121250843
-0.02890919447222777
-0.031582289211531056
-0.04361045713528826
-0.05679155542442378
-0.0499796756195565
-0.03836945290864851
-0.02041727828478588
-0.02052859796457931
-0.0212109048852155
-0.012855111804898673
-0.006917934553087829
-0.006317417117417743
-0.007491989983649083
-0.008143067603479028
-0.008239725278420425
-0.00814841751503457
-0.00802210246777317
-0.007918476941614992
-0.00785802705506499
-0.00783401429660144
-0.007830190991613733
-0.007832708069619405
-0.0078347673607896
-0.007835373069928975
-0.007835373302198882
-0.007835308740283677
-0.007835308740283653
-0.007835373302198804
-0.007835373069928953
-0.00783476736078975
-0.007832708069619568
-0.007830190991613601
-0.007834014296601079
-0.007858027055064663
-0.007918476941614922
-0.008022102467773327
-0.00814841751503493
-0.008239725278420868
-0.008143067603479003
-0.0074919899836482584
-0.006317417117417118
-0.006917934553088539
-0.0128551118048996
-0.021210904885215317
-0.020528597964578645
-0.020417278284783954
-0.014987904286187799
-0.012894744103191367
-0.012407047115995475
-0.007247759682179012
-0.004009113042053044
-0.0037887095244341458
-0.004346620114070865
-0.004554024429592404
-0.004520045020954142
-0.004441030751773872
-0.004364871058493541
-0.004306983680975921
-0.0042753521792557505
-0.004264873176261921
-0.004264997777340568
-0.004267482253482443
-0.0042689069513413775
-0.004269192533617912
-0.004269078762185741
-0.004268971538963205
-0.004268971538963157
-0.004269078762185652
-0.004269192533617849
-0.004268906951341407
-0.0042674822534824715
-0.004264997777340495
-0.004264873176261782
-0.004275352179255658
-0.0043069836809758785
-0.00436487105849356
-0.004441030751773952
-0.004520045020954316
-0.004554024429592424
-0.00434662011407053
-0.0037887095244339038
-0.004009113042053343
-0.007247759682179328
-0.012407047115995246
-0.01289474410319106
-0.014987904286186666
-0.01345029901980382
-0.012418761045705636
-0.012418641175972408
-0.009202692984277805
-0.0070942577260365205
-0.006796786334627423
-0.006978566868118757
-0.007012206224380802
-0.006964783456623501
-0.006919025300166124
-0.006880033535977201
-0.006850928257018618
-0.006836275784750439
-0.0068328890917342625
-0.006834304298683428
-0.006836057814975584
-0.006836774055196875
-0.006836777813617555
-0.0068366053480341405
-0.0068364954922277045
-0.00683649549222768
-0.0068366053480340815
-0.006836777813617528
-0.006836774055196905
-0.006836057814975602
-0.006834304298683405
-0.006832889091734208
-0.006836275784750395
-0.006850928257018616
-0.0068800335359772
-0.006919025300166151
-0.0069647834566235875
-0.0070122062243807935
-0.006978566868118549
-0.0067967863346272694
-0.0070942577260366645
-0.009202692984277942
-0.012418641175972248
-0.012418761045705473
-0.013450299019803085
-0.011653868108093329
-0.011776386086500928
-0.012188035128154912
-0.010058518032929018
-0.008516040835274864
-0.00817868805874344
-0.00822091408701081
-0.008222893460727337
-0.008198377283520252
-0.00817919710736543
-0.008161955952373047
-0.00814865767143186
-0.00814273621133977
-0.008142292552697576
-0.00814360437810278
-0.00814452810089868
-0.00814472525070643
-0.008144579979398806
-0.008144412435716675
-0.008144325862721761
-0.008144325862721742
-0.008144412435716633
-0.008144579979398794
-0.008144725250706466
-0.008144528100898711
-0.008143604378102768
-0.008142292552697538
-0.008142736211339752
-0.008148657671431862
-0.008161955952373057
-0.008179197107365461
-0.008198377283520311
-0.008222893460727314
-0.008220914087010645
-0.008178688058743312
-0.008516040835274952
-0.01005851803292911
-0.012188035128154811
-0.011776386086500846
-0.011653868108092833
-0.009237769465167796
-0.009901463684966357
-0.010358496355074793
-0.008850670103529771
-0.007697430712367962
-0.007409427086499771
-0.007426998120761368
-0.007438654152521762
-0.007433819440528509
-0.007428468221457936
-0.00742167791956407
-0.007416029415088276
-0.0074139353649798605
-0.007414250885372118
-0.007415000738233142
-0.007415311618137656
-0.007415241392259603
-0.007415069229242749
-0.007414944416652601
-0.007414888894183504
-0.007414888894183494
-0.007414944416652578
-0.007415069229242744
-0.007415241392259624
-0.007415311618137672
-0.007415000738233132
-0.007414250885372088
-0.0074139353649798415
-0.007416029415088279
-0.0074216779195640774
-0.00742846822145796
-0.007433819440528557
-0.00743865415252175
-0.007426998120761249
-0.007409427086499673
-0.007697430712368015
-0.008850670103529839
-0.010358496355074735
-0.009901463684966312
-0.009237769465167476
-0.006916194185239009
-0.007728907777438292
-0.008078677826128181
-0.006988270006318854
-0.0061501590312449585
-0.0059425765214913
-0.005965314009574253
-0.005986147056008781
-0.00599035024946998
-0.005990185402459577
-0.005987677116531595
-0.0059853056559509964
-0.005984552223011148
-0.005984763737943046
-0.0059850018069891025
-0.0059849850639518785
-0.005984837949403812
-0.005984704395733745
-0.005984628933643426
-0.005984599372939669
-0.005984599372939664
-0.005984628933643406
-0.005984704395733735
-0.005984837949403827
-0.0059849850639518915
-0.005985001806989097
-0.005984763737943026
-0.005984552223011132
-0.005985305655950993
-0.005987677116531597
-0.005990185402459596
-0.005990350249470016
-0.005986147056008778
-0.005965314009574172
-0.00594257652149123
-0.00615015903124499
-0.006988270006318902
-0.008078677826128155
-0.00772890777743827
-0.006916194185238807
-0.005046959716803703
-0.005847116320266747
-0.00609021675666406
-0.005319076296433181
-0.004736445058133658
-0.004602497416726319
-0.004630599124430041
-0.00465364426387458
-0.004660246524012065
-0.004661359619463485
-0.004660350697599832
-0.004659199636983527
-0.00465876232191899
-0.0046587168730128775
-0.00465866640892588
-0.004658541404164613
-0.0046584155061124705
-0.004658335015681974
-0.004658297225832933
-0.004658284110406032
-0.004658284110406027
-0.00465829722583292
-0.004658335015681969
-0.004658415506112478
-0.004658541404164623
-0.004658666408925877
-0.004658716873012869
-0.004658762321918985
-0.004659199636983528
-0.004660350697599833
-0.0046613596194634965
-0.00466024652401209
-0.004653644263874581
-0.004630599124429993
-0.004602497416726274
-0.004736445058133674
-0.005319076296433209
-0.006090216756664043
-0.005847116320266736
-0.005046959716803584
-0.0036135879042567356
-0.004329089478339447
-0.0044968765030488555
-0.003972500216388937
-0.003586390345219688
-0.00350819288233937
-0.003537241731228144
-0.00355828297200402
-0.003564487308979036
-0.003565486569717525
-0.0035648650081807217
-0.003564103830992476
-0.003563698758566981
-0.0035635090819485923
-0.003563369298681584
-0.0035632525841414755
-0.0035631750666504274
-0.003563135697710099
-0.003563119997198511
-0.0035631151826227667
-0.003563115182622763
-0.0035631199971985048
-0.003563135697710098
-0.0035631750666504356
-0.0035632525841414837
-0.0035633692986815854
-0.0035635090819485914
-0.0035636987585669837
-0.0035641038309924804
-0.003564865008180724
-0.0035654865697175306
-0.003564487308979052
-0.003558282972004021
-0.0035372417312281162
-0.0035081928823393425
-0.0035863903452196945
-0.003972500216388951
-0.004496876503048844
-0.004329089478339443
-0.0036135879042566697
-0.0025131703854893344
-0.0031038432039595886
-0.0032179194771648437
-0.002875827218411888
-0.0026323228337104794
-0.0025919818587984327
-0.0026184318115503088
-0.0026355915595716387
-0.002640389742767391
-0.002640882375976689
-0.00264028703218267
-0.0026396671895206614
-0.002639294381896813
-0.002639091841880649
-0.0026389698202129654
-0.002638896646109441
-0.0026388590492097135
-0.0026388433204760607
-0.002638837964161253
-0.0026388365176676478
-0.002638836517667646
-0.0026388379641612493
-0.00263884332047606
-0.002638859049209717
-0.002638896646109445
-0.002638969820212966
-0.0026390918418806495
-0.0026392943818968166
-0.0026396671895206657
-0.00264028703218267
-0.002640882375976691
-0.0026403897427673987
-0.0026355915595716395
-0.002618431811550293
-0.0025919818587984145
-0.0026323228337104803
-0.0028758272184118945
-0.003217919477164838
-0.003103843203959586
-0.0025131703854892997
-0.001672140047802685
-0.0021213004602315838
-0.0021946932686358117
-0.0019806562521548655
-0.0018350955960332164
-0.001817919144231701
-0.0018395669341045489
-0.0018522387844183675
-0.0018554049122739358
-0.001855406979830316
-0.0018548059859949386
-0.0018543035257345814
-0.0018540126285789505
-0.0018538636537385616
-0.001853788731541091
-0.0018537532311630129
-0.0018537385892382478
-0.0018537335173205835
-0.0018537320305821445
-0.0018537316643250984
-0.0018537316643250977
-0.0018537320305821424
-0.0018537335173205818
-0.0018537385892382482
-0.0018537532311630142
-0.0018537887315410906
-0.0018538636537385614
-0.001854012628578952
-0.0018543035257345822
-0.001854805985994937
-0.0018554069798303152
-0.0018554049122739384
-0.0018522387844183673
-0.0018395669341045393
-0.001817919144231691
-0.0018350955960332153
-0.0019806562521548668
-0.002194693268635807
-0.0021213004602315833
-0.0016721400478026684
-0.001046140154409985
-0.001358390722423482
-0.001401028024914543
-0.0012729185518373888
-0.0011910255075000143
-0.0011862901890931133
-0.0012022850524383087
-0.0012107212775770747
-0.0012124681568436372
-0.001212169205587245
-0.0012116376126960027
-0.0012112722145243553
-0.0012110813326315318
-0.0012109945218868716
-0.0012109581179707161
-0.0012109443178503182
-0.0012109397839817557
-0.0012109384839113307
-0.0012109381247426547
-0.0012109380234223536
-0.0012109380234223534
-0.0012109381247426532
-0.0012109384839113302
-0.001210939783981756
-0.0012109443178503188
-0.0012109581179707153
-0.001210994521886872
-0.0012110813326315327
-0.001211272214524355
-0.0012116376126960007
-0.0012121692055872435
-0.001212468156843638
-0.001210721277577075
-0.0012022850524383041
-0.0011862901890931075
-0.0011910255075000126
-0.0012729185518373883
-0.0014010280249145402
-0.001358390722423482
-0.0010461401544099782
-0.0006023006554433945
-0.0007980222826293251
-0.0008187949030412287
-0.0007457825261093962
-0.0007028870705967932
-0.0007036693486579804
-0.0007143486348641995
-0.0007193768159208814
-0.0007201348039614592
-0.0007197474351682642
-0.0007193483060556023
-0.0007191167897172121
-0.0007190101960417552
-0.0007189681903675509
-0.0007189536904225291
-0.0007189493922089049
-0.000718948300928494
-0.0007189480137764499
-0.0007189479019470981
-0.0007189478533472301
-0.0007189478533472297
-0.0007189479019470977
-0.00071894801377645
-0.0007189483009284946
-0.0007189493922089052
-0.0007189536904225293
-0.0007189681903675516
-0.0007190101960417562
-0.0007191167897172123
-0.0007193483060556015
-0.0007197474351682636
-0.00072013480396146
-0.0007193768159208819
-0.000714348634864198
-0.0007036693486579776
-0.0007028870705967918
-0.0007457825261093954
-0.0008187949030412272
-0.0007980222826293256
-0.000602300655443392
-0.0003095406705186621
-0.00041754517530828456
-0.0004244264919763492
-0.00038507396289927745
-0.00036451835284968153
-0.0003669728469089319
-0.0003734306301690939
-0.0003761009325516871
-0.000376313558174594
-0.00037598237251488647
-0.00037572763010022435
-0.0003756006841783056
-0.00037554962283247806
-0.00037553243618169345
-0.0003755276550590883
-0.00037552659300329176
-0.0003755263725916133
-0.00037552627947029906
-0.0003755262164177577
-0.00037552618525579545
-0.00037552618525579535
-0.0003755262164177578
-0.00037552627947029906
-0.00037552637259161375
-0.0003755265930032924
-0.0003755276550590888
-0.0003755324361816943
-0.0003755496228324786
-0.00037560068417830605
-0.000375727630100224
-0.0003759823725148862
-0.0003763135581745944
-0.00037610093255168765
-0.00037343063016909346
-0.0003669728469089307
-0.00036451835284968045
-0.0003850739628992767
-0.00042442649197634865
-0.0004175451753082848
-0.0003095406705186616
-0.00013523399732002055
-0.00018552551304639424
-0.0001851058990719877
-0.00016526070956557332
-0.0001565380656059938
-0.0001589236519369963
-0.0001624826939600088
-0.0001637484377803814
-0.00016374075348023326
-0.0001635202257271688
-0.00016338164745746653
-0.00016332161686614672
-0.00016330058342344878
-0.0001632945887875681
-0.00016329326680710436
-0.00016329303910595167
-0.00016329296687460582
-0.00016329290726604096
-0.00016329286685081183
-0.0001632928489082098
-0.00016329284890820986
-0.00016329286685081188
-0.0001632929072660411
-0.0001632929668746061
-0.000163293039105952
-0.00016329326680710466
-0.00016329458878756842
-0.0001633005834234493
-0.00016332161686614707
-0.0001633816474574667
-0.0001635202257271687
-0.0001637407534802335
-0.00016374843778038163
-0.00016248269396000858
-0.00015892365193699576
-0.00015653806560599325
-0.000165260709565573
-0.00018510589907198746
-0.00018552551304639424
-0.00013523399732002044
-4.564590397002773e-05
-6.372863312760832e-05
-6.074707249883578e-05
-5.1561757331164296e-05
-4.851962182427558e-05
-5.028502011756502e-05
-5.209532165703596e-05
-5.263999424318803e-05
-5.2586789241523685e-05
-5.246730364667439e-05
-5.240317333589904e-05
-5.237880545289422e-05
-5.237134249632093e-05
-5.236952602164494e-05
-5.23691882651561e-05
-5.236911382990556e-05
-5.236906280686095e-05
-5.2369023301923324e-05
-5.236900124030453e-05
-5.236899266474063e-05
-5.236899266474062e-05
-5.236900124030458e-05
-5.2369023301923385e-05
-5.2369062806861e-05
-5.236911382990564e-05
-5.2369188265156184e-05
-5.2369526021645e-05
-5.237134249632107e-05
-5.2378805452894335e-05
-5.240317333589905e-05
-5.2467303646674344e-05
-5.258678924152375e-05
-5.26399942431881e-05
-5.2095321657035895e-05
-5.028502011756481e-05
-4.85196218242754e-05
-5.156175733116419e-05
-6.0747072498835744e-05
-6.372863312760835e-05
-4.5645903970027706e-05
-8.924222568337588e-06
-1.2683577006883456e-05
-9.866341506897248e-06
-6.115325895599371e-06
-5.4483332726422005e-06
-6.5783246367456425e-06
-7.444787075128185e-06
-7.66755404768123e-06
-7.630927687015075e-06
-7.5777893274679286e-06
-7.55270074241035e-06
-7.544233299888527e-06
-7.54191263618608e-06
-7.5413920993812865e-06
-7.54128003734507e-06
-7.541231679439295e-06
-7.5411967337088935e-06
-7.541175358171178e-06
-7.5411653787651624e-06
-7.541161936367175e-06
-7.541161936367163e-06
-7.5411653787651286e-06
-7.541175358171157e-06
-7.541196733708911e-06
-7.541231679439272e-06
-7.541280037345046e-06
-7.541392099381261e-06
-7.541912636186075e-06
-7.544233299888544e-06
-7.552700742410331e-06
-7.577789327467892e-06
-7.630927687015088e-06
-7.667554047681252e-06
-7.444787075128171e-06
-6.578324636745593e-06
-5.448333272642211e-06
-6.115325895599374e-06
-9.86634150689726e-06
-1.268357700688345e-05
-8.924222568337532e-06
8.876438014588527e-07
1.4427388622360947e-06
3.1013966928090214e-06
4.326178599673059e-06
4.207226155652635e-06
3.5556751782793956e-06
3.1565591695016404e-06
3.0631267867502225e-06
3.0775765164614266e-06
3.0967833568995324e-06
3.105035097612214e-06
3.1075968182625055e-06
3.108282995182811e-06
3.1084597607429285e-06
3.1085190566646757e-06
3.108551103398509e-06
3.10857010905584e-06
3.1085796034681784e-06
3.108583419547561e-06
3.108584603114438e-06
3.1085846031144336e-06
3.108583419547552e-06
3.108579603468195e-06
3.1085701090558356e-06
3.1085511033985306e-06
3.108519056664704e-06
3.108459760742971e-06
3.1082829951828335e-06
3.1075968182625216e-06
3.1050350976122202e-06
3.0967833568995387e-06
3.0775765164614105e-06
3.0631267867502115e-06
3.156559169501646e-06
3.5556751782793833e-06
4.207226155652612e-06
4.326178599673025e-06
3.1013966928090058e-06
1.4427388622361116e-06
8.876438014588885e-07
9.526679477687863e-07
1.7642162264048082e-06
2.3659976004852623e-06
2.576558276045724e-06
2.3218474795815317e-06
1.9784796958312285e-06
1.798469157023743e-06
1.7559655668948893e-06
1.7584931788773085e-06
1.7640150398569932e-06
1.7663458970584163e-06
1.7670884473965822e-06
1.7673246320920943e-06
1.767407823377018e-06
1.7674429941644842e-06
1.7674603726271456e-06
1.7674688129107912e-06
1.7674723778061787e-06
1.7674736362153652e-06
1.7674739902304939e-06
1.7674739902304968e-06
1.7674736362153692e-06
1.767472377806179e-06
1.7674688129107906e-06
1.767460372627146e-06
1.7674429941644924e-06
1.7674078233770325e-06
1.7673246320921074e-06
1.767088447396594e-06
1.7663458970584208e-06
1.7640150398569894e-06
1.7584931788773013e-06
1.755965566894886e-06
1.798469157023751e-06
1.9784796958312293e-06
2.3218474795815126e-06
2.5765582760457e-06
2.365997600485254e-06
1.7642162264048167e-06
9.526679477688196e-07
-3.679202889791921e-07
-1.214901875638082e-07
-8.386485637122293e-08
-1.741690142358089e-07
-3.644776700152419e-07
-5.305854233801751e-07
-6.10280567488985e-07
-6.306235746547068e-07
-6.316183661718147e-07
-6.303375043826605e-07
-6.296823109388892e-07
-6.294204128428053e-07
-6.293118566885078e-07
-6.292670764372591e-07
-6.292485951105231e-07
-6.292408020803186e-07
-6.2923762905097e-07
-6.29236471237847e-07
-6.292361078780184e-07
-6.292360146547334e-07
-6.292360146547317e-07
-6.292361078780158e-07
-6.292364712378482e-07
-6.292376290509718e-07
-6.292408020803188e-07
-6.292485951105224e-07
-6.29267076437257e-07
-6.293118566885055e-07
-6.294204128428021e-07
-6.296823109388894e-07
-6.303375043826614e-07
-6.316183661718176e-07
-6.306235746547064e-07
-6.102805674889753e-07
-5.30585423380169e-07
-3.644776700152453e-07
-1.7416901423581588e-07
-8.386485637121902e-08
-1.2149018756380027e-07
-3.679202889791735e-07
-7.747354710992249e-07
-8.414174049242429e-07
-9.60137098230325e-07
-1.0714870149685938e-06
-1.17541991393239e-06
-1.2489760366363074e-06
-1.2830156264518245e-06
-1.2923620573088333e-06
-1.2933524788464618e-06
-1.2930079661771646e-06
-1.2927489212175408e-06
-1.2926212912061013e-06
-1.2925645628974396e-06
-1.2925420581544442e-06
-1.292533779680384e-06
-1.2925308038842911e-06
-1.2925297689253891e-06
-1.2925294382959058e-06
-1.2925293453137962e-06
-1.2925293234728763e-06
-1.2925293234728768e-06
-1.2925293453137962e-06
-1.2925294382959073e-06
-1.2925297689253919e-06
-1.2925308038842932e-06
-1.2925337796803855e-06
-1.2925420581544448e-06
-1.2925645628974404e-06
-1.2926212912061017e-06
-1.2927489212175408e-06
-1.2930079661771642e-06
-1.2933524788464622e-06
-1.2923620573088312e-06
-1.2830156264518177e-06
-1.2489760366363e-06
-1.1754199139323875e-06
-1.0714870149685933e-06
-9.60137098230321e-07
-8.414174049242401e-07
-7.74735471099219e-07
-5.423601402249071e-07
-6.477240670667065e-07
-7.41956622530792e-07
-8.058699138054426e-07
-8.516836471174291e-07
-8.81259694486158e-07
-8.948399962107534e-07
-8.986061080090252e-07
-8.989578190785828e-07
-8.987512881481809e-07
-8.986031062537506e-07
-8.98533435931268e-07
-8.985053058899295e-07
-8.984953556066227e-07
-8.984921533549845e-07
-8.984911633315798e-07
-8.984908656961749e-07
-8.984907817560886e-07
-8.984907604722306e-07
-8.984907558744842e-07
-8.98490755874484e-07
-8.984907604722299e-07
-8.984907817560886e-07
-8.984908656961759e-07
-8.984911633315799e-07
-8.984921533549844e-07
-8.984953556066227e-07
-8.98505305889931e-07
-8.985334359312683e-07
-8.986031062537494e-07
-8.9875128814818e-07
-8.989578190785824e-07
-8.986061080090244e-07
-8.948399962107498e-07
-8.812596944861538e-07
-8.516836471174255e-07
-8.058699138054406e-07
-7.419566225307891e-07
-6.477240670667046e-07
-5.423601402249039e-07
-2.4313093651487145e-07
-3.008928229485671e-07
-3.4394549833384473e-07
-3.696042096491387e-07
-3.864151172630768e-07
-3.9712015473797886e-07
-4.019857054876898e-07
-4.031996294418699e-07
-4.0318182521079065e-07
-4.0302475596425083e-07
-4.029382341628641e-07
-4.029030811049331e-07
-4.0289067105748524e-07
-4.028867949747934e-07
-4.0288569907319666e-07
-4.0288540559001465e-07
-4.028853292520783e-07
-4.0288531032975655e-07
-4.0288530603011143e-07
-4.028853051818461e-07
-4.0288530518184605e-07
-4.028853060301112e-07
-4.028853103297566e-07
-4.028853292520787e-07
-4.028854055900149e-07
-4.028856990731968e-07
-4.028867949747937e-07
-4.0289067105748593e-07
-4.0290308110493345e-07
-4.02938234162864e-07
-4.030247559642505e-07
-4.0318182521079055e-07
-4.031996294418697e-07
-4.019857054876881e-07
-3.9712015473797695e-07
-3.864151172630755e-07
-3.6960420964913767e-07
-3.4394549833384356e-07
-3.00892822948566e-07
-2.4313093651487024e-07
-7.896068396498789e-08
-9.955933816742564e-08
-1.134755444766114e-07
-1.213778910604832e-07
-1.266977436409943e-07
-1.3018163661520768e-07
-1.3166567775994867e-07
-1.319021825251879e-07
-1.3178373402587077e-07
-1.3168229793420534e-07
-1.3163804796738022e-07
-1.316226906384007e-07
-1.3161792890041972e-07
-1.3161658955769327e-07
-1.316162477956683e-07
-1.3161616763076106e-07
-1.3161615025563713e-07
-1.3161614686626134e-07
-1.316161463098093e-07
-1.3161614624328968e-07
-1.316161462432897e-07
-1.3161614630980932e-07
-1.3161614686626134e-07
-1.3161615025563737e-07
-1.3161616763076124e-07
-1.3161624779566834e-07
-1.3161658955769356e-07
-1.3161792890042002e-07
-1.3162269063840092e-07
-1.3163804796738017e-07
-1.3168229793420528e-07
-1.317837340258708e-07
-1.3190218252518794e-07
-1.3166567775994827e-07
-1.301816366152071e-07
-1.2669774364099388e-07
-1.21377891060483e-07
-1.1347554447661123e-07
-9.955933816742549e-08
-7.896068396498771e-08
