1600
7048707315.876976
8903220896.89123
7704111142.685551
5464003719.899879
4079976580.723055
3948014488.3345795
4213028477.6556416
4373834968.644577
4390115640.885174
4367794986.598434
4358805534.909456
4359669308.471514
4361766972.2466545
4362660751.407072
4362933265.493052
4362914415.576796
4362941258.6168785
4363010760.7407055
4363091644.217367
4363139538.536762
4363139538.536919
4363091644.217669
4363010760.740942
4362941258.616922
4362914415.576773
4362933265.493092
4362660751.407265
4361766972.246916
4359669308.471708
4358805534.909466
4367794986.598257
4390115640.884993
4373834968.644598
4213028477.6557484
3948014488.334282
4079976580.7219925
5464003719.8981495
7704111142.683777
8903220896.889826
7048707315.876156
-142329022.25998688
-42488548648.50504
13350253856.763662
-12597501592.84869
1177413463.3919497
-5423984686.240126
-3316885355.6666355
-3969869715.9266453
-3712971656.2947845
-3886237441.5950565
-3839366948.1731453
-3840818382.859741
-3857450625.6489487
-3838674630.8288517
-3848709066.925909
-3843427036.050806
-3845788104.775196
-3844696137.587137
-3845415687.296482
-3845099359.773987
-3845099359.7737217
-3845415687.296995
-3844696137.588291
-3845788104.7746887
-3843427036.050497
-3848709066.9260807
-3838674630.829111
-3857450625.649357
-3840818382.860121
-3839366948.172817
-3886237441.595337
-3712971656.2942963
-3969869715.92544
-3316885355.6683235
-5423984686.241274
1177413463.3946533
-12597501592.847075
13350253856.76455
-42488548648.50006
-142329022.25943756
-6211247239.31139
-5330662115.488285
-5732823940.271311
-2322418329.9661427
-509066284.7599449
274155082.8165951
396057373.0744028
337294037.82633495
310288813.3184824
283980648.6056433
283407435.5858946
283734989.6510773
286061697.2449894
286167543.83430576
286222330.3317566
286101073.32492924
286066845.95981884
286090875.8413353
286081063.7686968
286087104.705637
286087104.7055664
286081063.7685547
286090875.84117126
286066845.9596653
286101073.3248167
286222330.33160305
286167543.8341265
286061697.2447834
283734989.65099144
283407435.5859022
283980648.60574913
310288813.3185539
337294037.8263025
396057373.0742998
274155082.8166046
-509066284.75943375
-2322418329.964964
-5732823940.26946
-5330662115.486502
-6211247239.309715
-5408243080.089933
-4608378195.728024
-5030212813.536507
-658295714.5959463
450675479.05212784
1552489263.8741255
1488791189.2044291
1419238832.623889
1408288363.7091203
1405870184.748599
1409285346.1540008
1409758003.9665284
1413344768.12319
1411474033.0490165
1412206251.6814442
1411496161.7558885
1411635052.4693336
1411551918.774835
1411611863.7847095
1411586206.1634593
1411586206.163375
1411611863.7845783
1411551918.7746959
1411635052.4692163
1411496161.7558126
1412206251.6812978
1411474033.0488558
1413344768.1229973
1409758003.9664288
1409285346.1540403
1405870184.7487574
1408288363.7092285
1419238832.623786
1488791189.2042532
1552489263.8739915
450675479.05254936
-658295714.5948067
-5030212813.534722
-4608378195.72613
-5408243080.088444
-1723306913.5873842
-2049030005.5608418
-1264003131.1437294
419750977.62367177
930891456.093317
1117764750.0007796
954713513.2910986
906862735.7541022
901997657.6135416
919480043.9528059
923709514.4660889
926292942.317434
927147154.0837857
926454725.8518732
926459061.3079742
926040783.7017998
926070557.3677826
926054285.592607
926105811.3189943
926102687.4245237
926102687.4244839
926105811.3189317
926054285.5925784
926070557.3677791
926040783.7018098
926459061.3079563
926454725.8518195
927147154.0837399
926292942.3174301
923709514.4661283
919480043.9529016
901997657.6136339
906862735.7540431
954713513.2909429
1117764750.000659
930891456.0932913
419750977.62403035
-1264003131.1430507
-2049030005.559908
-1723306913.5867877
-18467357.201598406
93193471.54551578
215191419.89888322
547544994.0222402
437437290.0671212
180875387.87918645
-14281355.110027745
-71020640.73495963
-60340789.91782412
-43304522.963349104
-37058547.64526479
-37053179.44813773
-38115618.36952786
-38889149.8949624
-39245765.61308858
-39429667.932227686
-39445622.28137486
-39410339.70863305
-39374096.79693034
-39358303.42699632
-39358303.42702426
-39374096.7969735
-39410339.708633676
-39445622.28129676
-39429667.93211457
-39245765.61300585
-38889149.89491989
-38115618.36949879
-37053179.448097035
-37058547.645219594
-43304522.96330263
-60340789.917767555
-71020640.73493795
-14281355.11007233
180875387.87910545
437437290.06705105
547544994.0221922
215191419.89886618
93193471.54553711
-18467357.201645494
-286945175.8748262
-207572425.40686917
-257395309.37684608
-404841611.18249226
-670794605.1653953
-1007654127.3489959
-1179381543.8895187
-1222757438.5429401
-1207933438.6403651
-1191135544.2085965
-1186163483.7655163
-1187936098.2507975
-1190165874.6371841
-1191103503.9892771
-1191483251.1295915
-1191529818.3309343
-1191537324.676818
-1191510414.4404812
-1191495141.2764559
-1191484884.7625165
-1191484884.762548
-1191495141.2765079
-1191510414.4404817
-1191537324.676722
-1191529818.3307993
-1191483251.129483
-1191103503.9892182
-1190165874.6371527
-1187936098.2507687
-1186163483.765492
-1191135544.2085838
-1207933438.6403513
-1222757438.5429351
-1179381543.8895178
-1007654127.3489472
-670794605.1653228
-404841611.1825094
-257395309.37705088
-207572425.40722895
-286945175.87512493
-822414268.1501763
-785809359.4701304
-934317829.7474146
-1092605869.393509
-1381596171.8898046
-1676965014.888381
-1820395275.8787231
-1850021890.8431911
-1832388205.4660997
-1816012389.343732
-1812282616.4005861
-1814478012.1180456
-1816639660.6593933
-1817462687.553462
-1817621597.1329098
-1817569428.7209957
-1817558076.118629
-1817564427.16989
-1817577409.6853437
-1817584680.124295
-1817584680.1243238
-1817577409.6854033
-1817564427.1699052
-1817558076.1185565
-1817569428.7208838
-1817621597.1328301
-1817462687.553433
-1816639660.6593838
-1814478012.1180303
-1812282616.4005802
-1816012389.343728
-1832388205.466109
-1850021890.8432198
-1820395275.878727
-1676965014.88828
-1381596171.8896413
-1092605869.3934376
-934317829.747602
-785809359.4705148
-822414268.1504998
-965548821.1391861
-933880021.1263633
-1103717089.536201
-1233250481.0387926
-1521884636.1449213
-1791390634.3793356
-1920640481.8076742
-1944343829.649839
-1926717665.6877613
-1911646802.593654
-1908547183.2428217
-1910340215.5525289
-1911869839.23565
-1912339416.7411466
-1912286917.94454
-1912166940.9630275
-1912147457.2303765
-1912178100.2178557
-1912214282.9052835
-1912236710.2022395
-1912236710.2022662
-1912214282.905346
-1912178100.2178876
-1912147457.2303524
-1912166940.9629622
-1912286917.944497
-1912339416.741142
-1911869839.2356625
-1910340215.5525284
-1908547183.2428112
-1911646802.5936465
-1926717665.6877675
-1944343829.6498675
-1920640481.8076735
-1791390634.3792472
-1521884636.1447659
-1233250481.038704
-1103717089.5363274
-933880021.1266475
-965548821.1394107
-852458310.6668754
-798850028.7777233
-948019057.7993479
-1065835042.283987
-1344918410.0414581
-1595869478.2863297
-1715266141.3420594
-1737226408.5653746
-1721965249.5629668
-1708987834.5288677
-1706436000.2383242
-1707765525.7778528
-1708749920.961406
-1708957978.5705085
-1708823490.7899098
-1708696300.9988189
-1708680415.9371934
-1708719638.9130797
-1708764923.246389
-1708793647.4621809
-1708793647.4622161
-1708764923.2464633
-1708719638.9131396
-1708680415.9372003
-1708696300.9987953
-1708823490.789906
-1708957978.5705307
-1708749920.9614396
-1707765525.7778735
-1706436000.2383394
-1708987834.528867
-1721965249.5629578
-1737226408.565372
-1715266141.3420427
-1595869478.286251
-1344918410.0413425
-1065835042.2839153
-948019057.7993994
-798850028.7778854
-852458310.6669805
-680723149.6241369
-604870375.1443391
-732229672.9684093
-848156226.9964886
-1107103833.7112954
-1332631940.215977
-1438682931.1208627
-1458840389.2003882
-1446422044.8952866
-1435678435.4582405
-1433617866.958377
-1434644175.2103515
-1435338106.9686594
-1435458831.9868145
-1435349710.022128
-1435259944.4350498
-1435257591.6549206
-1435297591.6645665
-1435341370.7649384
-1435368979.0837574
-1435368979.0837903
-1435341370.7650144
-1435297591.6646318
-1435257591.6549459
-1435259944.4350467
-1435349710.022139
-1435458831.9868567
-1435338106.9687152
-1434644175.2104034
-1433617866.9584193
-1435678435.4582605
-1446422044.89528
-1458840389.200375
-1438682931.120828
-1332631940.2159114
-1107103833.7112145
-848156226.9964337
-732229672.9684327
-604870375.1444297
-680723149.6241851
-505095822.4724071
-421237607.5198934
-528292088.36044264
-642522172.0892713
-870092952.4635069
-1059566017.6688633
-1146209202.8730512
-1162168633.4664366
-1151825942.003471
-1143010147.8077335
-1141337678.2704964
-1142176294.1106627
-1142747677.4847748
-1142875382.2027426
-1142825773.5566833
-1142782009.5123153
-1142794135.0259206
-1142831571.3940027
-1142868623.604319
-1142891270.5475054
-1142891270.5475368
-1142868623.604382
-1142831571.3940592
-1142794135.025942
-1142782009.512313
-1142825773.5566993
-1142875382.2027845
-1142747677.4848316
-1142176294.1107173
-1141337678.270544
-1143010147.8077586
-1151825942.0034704
-1162168633.4664207
-1146209202.8730273
-1059566017.6688108
-870092952.4634502
-642522172.0892322
-528292088.3604646
-421237607.5199685
-505095822.4724486
-327729575.3275672
-245580275.3721497
-327801164.8695092
-432151570.56492114
-616531922.976715
-760968234.4167418
-823376651.6707351
-833078031.5954671
-824180111.3683972
-817179961.547988
-815924801.6486919
-816658407.9533737
-817174207.02631
-817326772.2241106
-817325926.240346
-817314200.8142418
-817332463.6374061
-817362806.1674777
-817390239.1775815
-817406471.2048578
-817406471.2048781
-817390239.1776264
-817362806.167516
-817332463.6374199
-817314200.8142378
-817325926.2403576
-817326772.2241431
-817174207.0263493
-816658407.9534101
-815924801.6487241
-817179961.5480052
-824180111.3683963
-833078031.5954545
-823376651.670721
-760968234.4167172
-616531922.9766805
-432151570.56490004
-327801164.86953807
-245580275.3722136
-327729575.3276093
-167495944.86584008
-94849249.27312112
-147516227.27062285
-232139316.6088618
-366032660.9110894
-462737858.67433393
-500435531.56160474
-503838615.2079433
-496437968.1666759
-491353953.0472013
-490596667.44392073
-491259205.7470832
-491718892.63513684
-491879209.15416145
-491906423.9083525
-491910922.22082376
-491926941.75311136
-491947040.8868128
-491964246.0509403
-491974296.13135576
-491974296.1313691
-491964246.05096614
-491947040.8868356
-491926941.7531159
-491910922.2208204
-491906423.90835357
-491879209.1541736
-491718892.6351509
-491259205.7470932
-490596667.44392884
-491353953.04720306
-496437968.1666715
-503838615.2079375
-500435531.5615996
-462737858.6743225
-366032660.91106945
-232139316.60885048
-147516227.27064633
-94849249.27316976
-167495944.86587524
-52301322.880248606
4200827.791355073
-21091064.44924414
-80116414.58318329
-164254678.7241745
-218355601.87807536
-235485294.30587697
-234283231.618537
-228665890.56902784
-225460893.7959757
-225186340.3806799
-225764885.14588708
-226142879.7220478
-226286366.74255127
-226323199.70851123
-226333301.78695363
-226343725.43675303
-226354235.069152
-226363024.3906194
-226368227.84368145
-226368227.8436867
-226363024.39063364
-226354235.06916308
-226343725.43675512
-226333301.78694832
-226323199.70850956
-226286366.74255323
-226142879.72204828
-225764885.1458857
-225186340.38067687
-225460893.79597127
-228665890.56902212
-234283231.61853403
-235485294.3058777
-218355601.87807137
-164254678.72416395
-80116414.58317739
-21091064.449257433
4200827.7913252115
-52301322.880271375
5480291.18394804
42306627.51748684
35841250.504208356
1850865.5773927867
-41476316.586669475
-64303691.85150424
-67992362.66346997
-64673785.28452733
-60968373.04476118
-59337091.65048133
-59419484.24510528
-59887427.247519165
-60164958.188789815
-60272462.01485729
-60304052.99251127
-60312800.820655346
-60317708.890756816
-60321555.05657637
-60324833.592510715
-60326881.038659215
-60326881.038661376
-60324833.592515856
-60321555.05657981
-60317708.89075601
-60312800.8206515
-60304052.992507964
-60272462.01485537
-60164958.188786745
-59887427.24751456
-59419484.245100945
-59337091.65047732
-60968373.04475674
-64673785.28452627
-67992362.66347301
-64303691.85150464
-41476316.586664245
1850865.5773965567
35841250.50420171
42306627.51747292
5480291.1839360595
17600912.80988338
36470319.37612824
38296505.12406593
23084126.13191917
6550982.324609328
1413640.0007520393
3677277.800191477
6851097.697290979
8802830.9701625
9341800.396072501
9079032.829098443
8738263.461504653
8560755.817451557
8495495.685861401
8476885.75748797
8472763.800555747
8471796.294444734
8471429.98485305
8470915.823966349
8470485.879293231
8470485.879292533
8470915.823965216
8471429.984852504
8471796.294445893
8472763.800557928
8476885.757489689
8495495.685862608
8560755.817452937
8738263.46150639
9079032.829100095
9341800.39607411
8802830.970163848
6851097.697290406
3677277.800188832
1413640.0007505044
6550982.324611385
23084126.131921355
38296505.12406367
36470319.37612258
17600912.809878297
9326530.428803198
16088992.214770453
18763077.809364602
14007863.557009295
10562821.874864656
11996959.009656958
14966417.661884189
16830150.168284297
17490289.205971293
17447018.871726554
17163098.516808294
16945619.463292703
16849025.362826068
16818247.563556753
16811490.76080484
16811288.54564119
16812144.35991537
16812865.962287966
16813202.490962155
16813309.66661872
16813309.6666188
16813202.490962345
16812865.96228831
16812144.35991596
16811288.54564178
16811490.760805044
16818247.56355664
16849025.362826116
16945619.46329289
17163098.51680843
17447018.87172683
17490289.205971472
16830150.168283638
14966417.661882568
11996959.009655945
10562821.874865428
14007863.557010628
18763077.8093644
16088992.214768894
9326530.428801626
771972.3155525308
1895976.4041836765
2874718.4452145696
2100049.9864723776
2639716.4620396215
4614958.3731167
6240156.724152442
6839861.629912855
6818464.335581422
6594037.281628884
6382738.791095074
6264351.973077074
6220528.585082611
6209875.501353281
6209260.288310744
6210483.865507379
6211488.908906173
6212078.955334876
6212368.901641421
6212495.352584368
6212495.352584455
6212368.90164171
6212078.955335094
6211488.908906333
6210483.865507312
6209260.2883104645
6209875.501352917
6220528.585082334
6264351.973076874
6382738.791094901
6594037.281628776
6818464.335581403
6839861.629912633
6240156.724151952
4614958.37311646
2639716.462040091
2100049.9864731487
2874718.445214927
1895976.4041835703
771972.3155523743
-1941421.1306187182
-2268652.2789650694
-2471027.313229043
-2440769.5675251586
-1754968.0578593207
-889446.6831138134
-477318.90450379986
-523354.5384274812
-732088.3281000631
-921876.972615863
-1040541.0457527179
-1094010.4369526133
-1110299.352879503
-1112755.7121367771
-1111949.2564805201
-1111034.7879516154
-1110542.7125490769
-1110341.208878844
-1110264.3845773665
-1110229.4299450081
-1110229.429944956
-1110264.3845772564
-1110341.2088787642
-1110542.712549123
-1111034.7879517393
-1111949.2564806934
-1112755.7121369496
-1110299.3528796444
-1094010.4369527095
-1040541.0457528009
-921876.9726158952
-732088.3281000196
-523354.538427436
-477318.9045037689
-889446.6831136928
-1754968.057859007
-2440769.567524784
-2471027.313228816
-2268652.2789649675
-1941421.1306185925
-1351320.1072630412
-1590427.9305556617
-1985309.402316758
-1996491.4726323015
-1827026.0459219639
-1724723.333408616
-1805242.3487214004
-1982608.2063847408
-2142082.2424046416
-2243789.8421742856
-2294895.5201510396
-2314340.2859452055
-2319218.2401417266
-2319544.74895865
-2319115.361245713
-2318840.569672193
-2318767.9941098373
-2318785.5525575643
-2318813.3891065083
-2318825.698372449
-2318825.6983724404
-2318813.3891065
-2318785.552557569
-2318767.9941098755
-2318840.56967225
-2319115.361245759
-2319544.7489586724
-2319218.2401417503
-2314340.2859452153
-2294895.5201510387
-2243789.842174293
-2142082.242404619
-1982608.2063846765
-1805242.3487213152
-1724723.3334085261
-1827026.0459218784
-1996491.4726322268
-1985309.402316728
-1590427.9305556472
-1351320.1072629858
-457241.5661902821
-471062.21724029095
-674083.4951729993
-733710.1433979124
-797159.717170038
-903245.6584753837
-1031635.8916346761
-1143349.6095787839
-1216901.1449347495
-1255880.10026228
-1272657.3305326726
-1278166.9581344123
-1279337.989861806
-1279409.1827753652
-1279389.0145970578
-1279432.2727730367
-1279501.414227437
-1279558.861470941
-1279593.9843398738
-1279609.526744793
-1279609.5267447964
-1279593.9843398817
-1279558.8614709573
-1279501.4142274524
-1279432.2727730449
-1279389.0145970548
-1279409.1827753605
-1279337.9898617957
-1278166.9581343993
-1272657.3305326602
-1255880.1002622773
-1216901.1449347478
-1143349.6095787806
-1031635.8916346626
-903245.6584753874
-797159.7171700739
-733710.1433979587
-674083.4951730426
-471062.21724030795
-457241.5661902814
-82621.83752511372
-32348.423730787938
-83082.95939790108
-124888.7485160277
-199760.35327766417
-281494.0441750664
-345615.58673409256
-387344.08034354576
-410566.2709041402
-421510.8528867611
-425672.5425032764
-426865.949136463
-427115.4681912967
-427192.4519966671
-427276.6966910707
-427361.04093324207
-427419.57639786555
-427451.0486749562
-427466.6924132557
-427473.7145008106
-427473.7145008142
-427466.69241326046
-427451.0486749612
-427419.57639786834
-427361.0409332423
-427276.6966910653
-427192.45199665776
-427115.46819128725
-426865.9491364532
-425672.5425032766
-421510.8528867691
-410566.2709041516
-387344.08034355554
-345615.5867341121
-281494.044175104
-199760.35327771725
-124888.74851607508
-83082.95939792879
-32348.423730793293
-82621.8375251157
-4933.51449617045
29565.19771131585
29055.10290288669
11039.807501661213
-26419.388993089844
-59539.3865709854
-78776.59792065775
-88510.61985630548
-93445.86481053708
-95741.71105073899
-96569.41474970826
-96797.06146472433
-96870.15999453401
-96923.44999614201
-96977.45752990508
-97020.36837160983
-97042.9290476272
-97050.93612064689
-97053.93489454518
-97055.56584956107
-97055.5658495631
-97053.93489455013
-97050.93612064974
-97042.92904762615
-97020.36837160855
-96977.45752990356
-96923.44999613863
-96870.15999452915
-96797.06146472311
-96569.41474971219
-95741.71105074539
-93445.8648105432
-88510.6198563113
-78776.59792067166
-59539.386571008305
-26419.38899311723
11039.807501642324
29055.10290288186
29565.197711321904
-4933.5144961685
796.3343955221135
13976.87902592888
18353.1444533443
11990.251139410735
-1059.7265368451772
-9942.716124455073
-13020.043843007195
-13902.192137410573
-14512.224639812855
-14956.03240566932
-15153.736650545114
-15224.214723522964
-15258.672705516641
-15281.362032908393
-15299.076971191083
-15310.597314495179
-15314.146027973431
-15313.511061370795
-15312.854440022697
-15312.899890366622
-15312.899890367407
-15312.854440024385
-15313.511061371813
-15314.14602797282
-15310.597314493978
-15299.076971190363
-15281.3620329076
-15258.672705515419
-15224.214723523066
-15153.736650547056
-14956.032405671212
-14512.224639812848
-13902.192137410064
-13020.043843009691
-9942.716124461593
-1059.726536852686
11990.251139407581
18353.144453347737
13976.879025935334
796.3343955241799
250.36155972922006
3437.626563894975
4945.855752663156
2818.9713630871966
-589.2992022547551
-1927.0573014446
-1621.1035776740991
-1284.8314625564271
-1333.0640440921634
-1484.327860541005
-1569.9553017716826
-1604.8204445358333
-1619.865789664127
-1625.4957713227577
-1627.625471502064
-1628.0193182413623
-1626.726305889415
-1625.1847034388957
-1624.5040729365046
-1624.4311826810754
-1624.4311826812864
-1624.5040729369248
-1625.1847034390357
-1626.7263058889785
-1628.0193182408075
-1627.6254715017021
-1625.4957713224576
-1619.8657896637233
-1604.820444535686
-1569.9553017718063
-1484.327860540583
-1333.0640440904954
-1284.8314625542152
-1621.1035776726821
-1927.0573014445908
-589.2992022552589
2818.971363088023
4945.855752666039
3437.6265638980403
250.3615597300468
193.1395470079217
537.9898451285605
649.2958012863572
-6.120263965080198
-607.470403026336
-482.1726612512757
-85.79581099500956
80.8861424977166
34.11247755482236
-44.76826730520975
-84.8416260402796
-98.97052867482466
-103.08350538835703
-102.91714350424218
-101.66225877562874
-100.42741755654765
-99.29546783354704
-98.58055206674976
-98.37723914113121
-98.3984163452908
-98.39841634531581
-98.3772391411469
-98.58055206663744
-99.29546783328215
-100.42741755627071
-101.66225877543502
-102.91714350404072
-103.08350538804166
-98.97052867444404
-84.84162603986806
-44.768267304590836
34.11247755585123
80.8861424990215
-85.79581099382699
-482.1726612505354
-607.4704030259716
-6.120263964563492
649.2958012873206
537.9898451293025
193.1395470079584
120.66108873560877
42.22963233272079
-53.38047146713089
-212.09403166235427
-232.7186222336935
-72.8341330121261
69.75284569612386
91.90540874975996
50.70701184795957
15.232136959436176
0.98591457460671
-2.4295047071824456
-2.4337009670573764
-1.4040490132634744
-0.40996727764861873
0.2585449090334606
0.661798299220024
0.8164730892290208
0.8006963729962422
0.7528308144516842
0.7528308144608076
0.8006963730396137
0.8164730893265499
0.661798299334464
0.25854490911403616
-0.4099672776010692
-1.4040490131783372
-2.433700966878604
-2.429504706924021
0.9859145748840916
15.232136959705258
50.70701184825816
91.90540875011669
69.75284569648316
-72.83413301188273
-232.71862223361444
-212.09403166233872
-53.38047146702547
42.22963233293604
120.66108873544665
35.457614750172205
-5.43441883664461
-46.77782164361485
-66.53591246112956
-34.34742500020844
22.21486073162187
47.85451696651222
35.93299949288787
14.726474936085719
2.4766639035976157
-0.938331987969816
-0.921304037209179
-0.2375219297769906
0.4080532830382033
0.8199766793312344
1.0154807574411286
1.0773038079304076
1.0588918823691769
1.0116663740820142
0.9795410844950174
0.9795410844983703
1.0116663740993195
1.058891882404251
1.077303807955813
1.0154807574334273
0.8199766793056664
0.40805328302946897
-0.2375219297509048
-0.9213040371530425
-0.9383319879091339
2.4766639036274234
14.726474936087715
35.93299949288918
47.85451696651458
22.214860731612184
-34.34742500023458
-66.53591246116798
-46.77782164363028
-5.4344188365874135
35.457614750037635
-1.1624542973500525
-3.8340945900384695
-9.068165683538707
-3.8439898877706735
10.633208684342048
21.443630494947588
19.51128128323098
10.098015530435346
2.252820378498275
-0.9921259263701133
-1.3511116053836854
-0.8995139111595375
-0.46730880073630887
-0.19625950973667605
-0.07334307107227
-0.04561295946506605
-0.0628000897582075
-0.09456778379102448
-0.12189859964547467
-0.13590306980041467
-0.1359030698007868
-0.12189859963999561
-0.09456778377756381
-0.06280008975818174
-0.04561295949234789
-0.07334307111118954
-0.19625950977178042
-0.4673088007681119
-0.89951391118565
-1.3511116054048324
-0.9921259263976007
2.2528203784644787
10.098015530398747
19.511281283189597
21.4436304949164
10.633208684347297
-3.843989887744611
-9.068165683510268
-3.834094589958242
-1.162454297437984
-7.619788051243331
-2.564705275299019
-0.4416860718822233
4.513423795031388
8.695691666075003
8.930514589332185
5.573466094069739
1.6793600374454662
-0.6084124667945779
-1.261387672009966
-1.1460745785505289
-0.8979379353661376
-0.721133435077252
-0.6301416418572878
-0.6009281066424272
-0.6054080608871057
-0.6217512883020051
-0.6376175486131188
-0.6477931648967998
-0.6520939525744209
-0.6520939525756277
-0.6477931648923703
-0.6376175486010448
-0.6217512883048001
-0.6054080609153483
-0.6009281066744314
-0.630141641878675
-0.7211334350971896
-0.8979379353871968
-1.1460745785694944
-1.2613876720267838
-0.6084124668081825
1.6793600374304747
5.57346609404749
8.930514589317973
8.695691666097272
4.513423795073935
-0.44168607184471864
-2.564705275238376
-7.619788051304894
-5.929718009503521
-2.4624068455101997
-0.7481018854686134
1.781152620654756
3.15448678958902
2.5597369575007556
1.0795852991701584
-0.12374468391637472
-0.6845967045903811
-0.7784651150155159
-0.7022545825470787
-0.6129033987568889
-0.5550938828455142
-0.5271756032453441
-0.5204767355895932
-0.5248041455464156
-0.532058860926396
-0.5375574835073228
-0.5401343048045169
-0.5408245888267702
-0.5408245888290162
-0.5401343048019529
-0.537557483497232
-0.5320588609303099
-0.5248041455714908
-0.5204767356115088
-0.5271756032507502
-0.555093882847353
-0.6129033987635668
-0.7022545825550202
-0.7784651150210915
-0.6845967045922157
-0.12374468392040305
1.0795852991561103
2.5597369574878135
3.1544867895972417
1.7811526206782347
-0.7481018854518704
-2.4624068455076267
-5.929718009544949
-3.8607896018251133
-1.4751492866238678
-1.1233943252074265
0.48341356150246684
1.2547751600264494
1.1033325965640133
0.6528517397515714
0.33162444482011416
0.22561491279348123
0.21599498826287106
0.24439612446412007
0.2705020479292622
0.28898087003056044
0.2981732084784754
0.3004973291095788
0.29863084579960447
0.29588911292776093
0.29433696929680503
0.2941585340023982
0.2944608938972709
0.2944608938946789
0.2941585340031609
0.2943369693044976
0.29588911292574926
0.29863084578315324
0.3004973290984758
0.29817320848128537
0.28898087003386175
0.2705020479252299
0.24439612445832148
0.21599498826095992
0.22561491279587875
0.3316244448203709
0.6528517397427234
1.1033325965509415
1.254775160021567
0.4834135615051014
-1.1233943252061045
-1.4751492866219613
-3.8607896018463763
-2.631190348150927
-1.5176003104449716
-1.06282656155482
-0.08991937105324999
0.514671234803743
0.5256262057787487
0.3546126279349548
0.2786329106952893
0.2544684978131345
0.2650841011823015
0.274193887674191
0.2842592710307798
0.2911139545230127
0.29538633830125627
0.2964605413995421
0.29550541627218513
0.2942810365849896
0.29388608378831915
0.29428032138356813
0.2947342909893754
0.29473429098725024
0.294280321383942
0.29388608379504333
0.2942810365872695
0.29550541626667753
0.29646054139846256
0.29538633830810673
0.2911139545271516
0.2842592710276714
0.2741938876699481
0.26508410118196946
0.2544684978165966
0.27863291069791385
0.35461262793168197
0.5256262057708383
0.5146712347974376
-0.08991937105637887
-1.0628265615558083
-1.5176003104417546
-2.63119034815693
-2.181221996008023
-1.2920143928993373
-1.113708324431161
-0.32359900723319057
0.12574420218355675
0.13148386890793606
0.016512367141685025
-0.029261823356549144
-0.03227707596375451
-0.023152843364805054
-0.01669773182105838
-0.01164053260799891
-0.008100810727604046
-0.0059880320944931675
-0.0055674435698559455
-0.006286296197790864
-0.007018824983316074
-0.007086630140890171
-0.0066386358668845125
-0.006231902097036057
-0.006231902098254194
-0.006638635866183518
-0.007086630135188066
-0.007018824978321514
-0.0062862961958876085
-0.005567443565339225
-0.0059880320866174674
-0.00810081072297919
-0.011640532608534926
-0.016697731822473805
-0.023152843364066755
-0.03227707596101803
-0.029261823353814553
0.01651236714186477
0.1314838689053407
0.12574420218026294
-0.3235990072343804
-1.1137083244304504
-1.2920143929010441
-2.1812219960066637
-2.235727376824522
-0.9842380667453243
-1.2125393674179668
-0.6251589976737421
-0.2175292213928086
-0.2654250393400541
-0.3387254092298342
-0.39684412925663115
-0.38813109137307167
-0.3886484129342964
-0.3814043908422182
-0.3793621848219657
-0.37691959211409176
-0.37564100480326723
-0.3755138120079099
-0.37592215831827924
-0.37640270700544154
-0.3763211919672962
-0.37594456305196755
-0.37561726965063236
-0.37561726965111397
-0.3759445630510907
-0.376321191963372
-0.37640270700063905
-0.3759221583140435
-0.375513812002624
-0.3756410047971057
-0.3769195921100026
-0.3793621848205133
-0.38140439084139355
-0.388648412933269
-0.3881310913717093
-0.3968441292549387
-0.3387254092288683
-0.26542503934050776
-0.2175292213940777
-0.6251589976746592
-1.212539367417012
-0.9842380667429962
-2.2357273768216457
-2.1994839502982337
-1.3597582545695068
-1.6817710944249131
-0.8335823434213083
-0.6032403036286188
-0.406629253085693
-0.4633472925635834
-0.4712622761329103
-0.482985418928884
-0.4769749740713438
-0.4762238183428255
-0.47326390610934777
-0.4712206294660128
-0.469938913251402
-0.4692730970800924
-0.4694563737627311
-0.469576791770343
-0.46942535083087045
-0.4690570326546696
-0.4688031408787931
-0.46880314087890496
-0.46905703265405013
-0.4694253508286712
-0.4695767917671675
-0.4694563737592098
-0.4692730970762533
-0.46993891324781173
-0.4712206294633089
-0.4732639061074757
-0.4762238183414898
-0.4769749740705358
-0.4829854189285101
-0.4712622761324895
-0.4633472925632269
-0.4066292530857002
-0.6032403036293071
-0.8335823434219837
-1.6817710944248045
-1.3597582545685456
-2.1994839502967087
-1.4258932274156129
-0.9659137472905945
-0.8214573668445204
-0.4294580498795018
-0.037855792486185924
0.1328627997516642
0.17041388986703065
0.1814396498834993
0.1783146385442973
0.1788867334619783
0.17953181259510664
0.181832476692053
0.18387278588216266
0.1855529201870168
0.18648825048963452
0.1867159677248047
0.18678736406893687
0.18701616364581525
0.1873836776289724
0.1876377257610365
0.18763772576099186
0.1873836776291709
0.18701616364671603
0.1867873640704804
0.1867159677266496
0.18648825049154033
0.18555292018864572
0.18387278588338335
0.18183247669311942
0.17953181259601525
0.17888673346235123
0.17831463854411356
0.18143964988326278
0.17041388986698042
0.13286279975158255
-0.03785579248651305
-0.4294580498799695
-0.8214573668448504
-0.9659137472905959
-1.4258932274154716
-0.08657798679789608
-1.4832624815032864
0.9097113406924384
-0.2888542411707298
0.5476045034437312
0.4346449070592836
0.5827198883836553
0.5877223251194722
0.595447736268836
0.5901050574806941
0.5912319996772233
0.5931527719116554
0.5939863657475748
0.5961410951630416
0.5967907044567564
0.5972234350902251
0.5972430163182073
0.597432774276236
0.597755152781145
0.5980141188581634
0.5980141188581102
0.5977551527811313
0.597432774276288
0.5972430163187099
0.5972234350908616
0.5967907044575078
0.59614109516345
0.5939863657479174
0.593152771911907
0.5912319996776042
0.5901050574806466
0.5954477362684647
0.5877223251191406
0.5827198883832488
0.4346449070593633
0.5476045034437069
-0.2888542411707814
0.9097113406921224
-1.4832624815036393
-0.08657798679829143
0.6062157296221679
0.20652533327486267
0.14214103573043513
0.5453857229665338
0.8516862552702658
0.9617798248916116
0.9992583624313678
1.0155627918831056
1.016908400745236
1.0144634298225568
1.0168496869536374
1.0195431077910841
1.0221113065999146
1.02392353622177
1.0254326720347586
1.0255659124824377
1.0256527174111936
1.0258356937717288
1.0263046361396189
1.026632646585013
1.0266326465849862
1.0263046361395078
1.025835693771569
1.02565271741114
1.025565912482537
1.0254326720348463
1.0239235362217256
1.0221113065998466
1.0195431077910964
1.0168496869536698
1.0144634298224744
1.016908400745013
1.0155627918828554
0.9992583624312221
0.9617798248915963
0.8516862552702689
0.5453857229665013
0.14214103573024484
0.20652533327450517
0.606215729621936
