1600
-0.0010522772632284502
-0.0003624400349397811
-0.0003874314223460229
-0.0004467897321619673
-0.0004546552251457896
-0.00044848691853184694
-0.00044514779358797735
-0.0004449453228473558
-0.0004453787737126445
-0.00044560721513259836
-0.0004456714390341822
-0.0004456835426992616
-0.00044568518645078984
-0.0004456853530027578
-0.0004456853658519976
-0.00044568536658550254
-0.0004456853665969608
-0.0004456853665887315
-0.00044568536658618765
-0.0004456853665856697
-0.00044568536658566766
-0.0004456853665861882
-0.00044568536658873487
-0.0004456853665969566
-0.00044568536658549875
-0.00044568536585199965
-0.00044568535300276073
-0.00044568518645079363
-0.00044568354269926465
-0.0004456714390341773
-0.00044560721513260074
-0.00044537877371264394
-0.00044494532284734107
-0.0004451477935879894
-0.00044848691853186743
-0.0004546552251457665
-0.00044678973216195385
-0.0003874314223460216
-0.00036244003493978024
-0.001052277263228464
-0.00044691889220684387
-0.0003311124198983207
-0.0003392439878772962
-0.0003294972078383477
-0.0003124191544607102
-0.00030448852259369017
-0.00030346408601814923
-0.0003041395672049197
-0.00030458058873557563
-0.00030471980753023366
-0.000304749273285875
-0.00030475371852925487
-0.00030475412054768535
-0.000304754105981997
-0.0003047540953611077
-0.0003047540960384898
-0.0003047540976394713
-0.00030475409832119945
-0.00030475409850894386
-0.0003047540985472742
-0.000304754098547272
-0.0003047540985089437
-0.0003047540983212004
-0.0003047540976394697
-0.00030475409603848767
-0.00030475409536110857
-0.00030475410598199793
-0.00030475412054768584
-0.00030475371852925557
-0.0003047492732858722
-0.0003047198075302347
-0.00030458058873557514
-0.0003041395672049158
-0.0003034640860181551
-0.00030448852259369705
-0.0003124191544607019
-0.00032949720783833996
-0.00033924398787729486
-0.0003311124198983171
-0.00044691889220684603
-0.000453000097383655
-0.0005131535225829611
-0.0005086436695757467
-0.00046108993091464596
-0.00042891223864970226
-0.0004215232911212426
-0.00042343573835980277
-0.0004252357833945227
-0.0004257708427564497
-0.0004258409959417327
-0.00042583834430610256
-0.0004258352166802024
-0.000425834382413061
-0.00042583421176629345
-0.0004258341886601754
-0.00042583419121357903
-0.0004258341942322492
-0.0004258341953888634
-0.00042583419569180644
-0.0004258341957518553
-0.00042583419575185444
-0.00042583419569180525
-0.0004258341953888616
-0.0004258341942322485
-0.00042583419121357865
-0.00042583418866017504
-0.00042583421176629226
-0.00042583438241306014
-0.00042583521668020135
-0.00042583834430610175
-0.000425840995941733
-0.00042577084275645155
-0.0004252357833945225
-0.0004234357383598009
-0.0004215232911212415
-0.0004289122386497011
-0.0004610899309146462
-0.0005086436695757468
-0.0005131535225829601
-0.000453000097383652
-0.00041879032374330944
-0.0005421191075994152
-0.0005537392048992379
-0.000505959226264476
-0.00047546010274370876
-0.00047160797542662963
-0.00047574035141378517
-0.0004781276971458957
-0.00047864067855164945
-0.0004786410348137914
-0.0004786121427240184
-0.000478603287528719
-0.0004786016270561896
-0.0004786013907273137
-0.00047860137273402853
-0.00047860137862589533
-0.00047860138241054534
-0.0004786013836732278
-0.0004786013839816924
-0.0004786013840402951
-0.0004786013840402951
-0.0004786013839816921
-0.0004786013836732267
-0.00047860138241054544
-0.00047860137862589577
-0.0004786013727340281
-0.00047860139072731297
-0.00047860162705618806
-0.0004786032875287177
-0.0004786121427240179
-0.00047864103481379185
-0.0004786406785516511
-0.0004781276971458975
-0.0004757403514137827
-0.0004716079754266256
-0.0004754601027437105
-0.0005059592262644783
-0.0005537392048992389
-0.0005421191075994172
-0.00041879032374330803
-0.00047064625906470867
-0.0006151224322326742
-0.0006506108464567376
-0.0006103077585705272
-0.0005810863307467876
-0.0005780807955896766
-0.0005828558318627772
-0.0005854140993186374
-0.0005858909489250787
-0.0005858506325097043
-0.0005858074613950216
-0.0005857957461303397
-0.0005857937853814573
-0.0005857935627175881
-0.0005857935566733559
-0.0005857935642915935
-0.0005857935677543811
-0.0005857935687691734
-0.0005857935689993273
-0.0005857935690409984
-0.000585793569040999
-0.0005857935689993279
-0.000585793568769174
-0.0005857935677543823
-0.0005857935642915949
-0.000585793556673357
-0.0005857935627175886
-0.0005857937853814576
-0.0005857957461303403
-0.0005858074613950219
-0.0005858506325097047
-0.00058589094892508
-0.0005854140993186384
-0.0005828558318627768
-0.0005780807955896746
-0.0005810863307467885
-0.000610307758570528
-0.000650610846456739
-0.0006151224322326787
-0.0004706462590647103
-0.0006015385566757763
-0.0007741236042882868
-0.0008270754693289558
-0.0007847120285071742
-0.0007499926319741471
-0.0007449244305195468
-0.0007496547197999575
-0.000752392653703302
-0.0007529109969849637
-0.0007528644993180661
-0.0007528162998694011
-0.000752803482633822
-0.0007528014493306954
-0.0007528012463552812
-0.0007528012441304715
-0.00075280125019272
-0.0007528012525089892
-0.0007528012531216504
-0.0007528012532514164
-0.0007528012532738181
-0.0007528012532738191
-0.0007528012532514174
-0.0007528012531216512
-0.0007528012525089896
-0.0007528012501927203
-0.0007528012441304727
-0.0007528012463552823
-0.0007528014493306968
-0.0007528034826338233
-0.000752816299869402
-0.0007528644993180665
-0.0007529109969849643
-0.0007523926537033032
-0.0007496547197999581
-0.0007449244305195466
-0.0007499926319741474
-0.0007847120285071742
-0.0008270754693289566
-0.0007741236042882912
-0.0006015385566757788
-0.0007405349948429105
-0.0009489835223491887
-0.001012995965621483
-0.0009632296845549149
-0.000921119764259007
-0.0009138565634029456
-0.0009187753030571625
-0.0009218446510824487
-0.000922461988756993
-0.000922425173929922
-0.0009223751649066552
-0.0009223616364077706
-0.0009223595055532433
-0.0009223592923265268
-0.0009223592846633087
-0.0009223592875780087
-0.0009223592886986434
-0.0009223592889763413
-0.0009223592890319222
-0.000922359289041112
-0.0009223592890411128
-0.0009223592890319233
-0.0009223592889763422
-0.0009223592886986437
-0.0009223592875780092
-0.0009223592846633085
-0.0009223592923265282
-0.0009223595055532449
-0.000922361636407772
-0.0009223751649066555
-0.0009224251739299229
-0.0009224619887569933
-0.0009218446510824501
-0.0009187753030571638
-0.000913856563402946
-0.0009211197642590073
-0.0009632296845549136
-0.0010129959656214836
-0.0009489835223491928
-0.0007405349948429129
-0.0008469702702977933
-0.0010861489665560102
-0.0011574410461294752
-0.0011011925246894464
-0.0010536552764728376
-0.0010451934681849412
-0.0010505336581725351
-0.0010539470365734142
-0.0010546583793762383
-0.001054630967587351
-0.0010545794560641668
-0.0010545652370616346
-0.0010545629738807662
-0.001054562736797129
-0.0010545627221372304
-0.001054562722589543
-0.0010545627229655075
-0.0010545627230593448
-0.0010545627230774159
-0.0010545627230802966
-0.0010545627230802968
-0.001054562723077416
-0.0010545627230593457
-0.0010545627229655078
-0.0010545627225895433
-0.0010545627221372304
-0.0010545627367971294
-0.0010545629738807675
-0.0010545652370616359
-0.0010545794560641664
-0.0010546309675873514
-0.0010546583793762383
-0.0010539470365734148
-0.0010505336581725355
-0.0010451934681849414
-0.0010536552764728374
-0.0011011925246894449
-0.0011574410461294743
-0.0010861489665560146
-0.0008469702702977946
-0.0009119790970812522
-0.0011709971492858263
-0.0012463306296263531
-0.0011863168473400674
-0.0011359172668318311
-0.0011269946748279024
-0.0011326656027594018
-0.0011362934656567341
-0.0011370596521865627
-0.0011370373819208966
-0.001136984937230483
-0.001136970297780347
-0.0011369679487646537
-0.0011369676956837053
-0.0011369676770286922
-0.0011369676763137815
-0.0011369676763776024
-0.0011369676764004803
-0.0011369676764049202
-0.0011369676764056097
-0.0011369676764056106
-0.0011369676764049206
-0.001136967676400481
-0.0011369676763776028
-0.0011369676763137817
-0.0011369676770286922
-0.0011369676956837053
-0.0011369679487646547
-0.001136970297780347
-0.0011369849372304822
-0.0011370373819208964
-0.0011370596521865623
-0.0011362934656567352
-0.001132665602759402
-0.0011269946748279015
-0.001135917266831831
-0.001186316847340067
-0.0012463306296263544
-0.001170997149285831
-0.0009119790970812541
-0.0009343401776064301
-0.0012010861804413163
-0.0012769013437580218
-0.0012159402933544635
-0.0011651070286426589
-0.0011562028430051846
-0.0011619540147997883
-0.0011656179966646704
-0.0011663947951762754
-0.0011663752759944938
-0.001166323468652297
-0.0011663089409341015
-0.0011663066023739517
-0.0011663063479018941
-0.0011663063282051078
-0.0011663063271384368
-0.0011663063271108098
-0.0011663063271138952
-0.001166306327114696
-0.0011663063271148218
-0.0011663063271148224
-0.0011663063271146962
-0.0011663063271138954
-0.00116630632711081
-0.001166306327138437
-0.0011663063282051085
-0.0011663063479018943
-0.001166306602373952
-0.0011663089409341013
-0.0011663234686522961
-0.0011663752759944928
-0.0011663947951762754
-0.001165617996664672
-0.0011619540147997892
-0.0011562028430051844
-0.0011651070286426589
-0.001215940293354462
-0.0012769013437580216
-0.0012010861804413206
-0.0009343401776064322
-0.0009113455012220159
-0.0011730339410895652
-0.001245450202942562
-0.0011863705549485563
-0.0011375531007607798
-0.0011291262673441028
-0.0011346931366256108
-0.001138215203527841
-0.0011389618487904368
-0.0011389444929582214
-0.0011388954180776268
-0.0011388816359157229
-0.0011388794158630083
-0.0011388791737221536
-0.001138879154773953
-0.0011388791536859596
-0.0011388791536412592
-0.0011388791536403576
-0.001138879153640438
-0.0011388791536404547
-0.0011388791536404552
-0.0011388791536404382
-0.0011388791536403576
-0.0011388791536412592
-0.0011388791536859598
-0.0011388791547739532
-0.0011388791737221545
-0.0011388794158630092
-0.001138881635915723
-0.0011388954180776268
-0.0011389444929582205
-0.0011389618487904363
-0.0011382152035278412
-0.0011346931366256114
-0.0011291262673441024
-0.0011375531007607788
-0.0011863705549485539
-0.0012454502029425616
-0.0011730339410895697
-0.0009113455012220177
-0.0008409992323784465
-0.0010844911431972322
-0.0011495401663483044
-0.001095062471887463
-0.001050658442604234
-0.0010431842621622216
-0.001048333786634755
-0.0010515524320115328
-0.0010522326330553206
-0.0010522174257150503
-0.0010521731537319534
-0.0010521607240469464
-0.0010521587228771246
-0.0010521585046147199
-0.0010521584875065556
-0.0010521584865149254
-0.001052158486471901
-0.0010521584864705347
-0.001052158486470511
-0.0010521584864705124
-0.0010521584864705128
-0.0010521584864705117
-0.001052158486470535
-0.0010521584864719015
-0.0010521584865149254
-0.001052158487506556
-0.0010521585046147208
-0.0010521587228771248
-0.0010521607240469473
-0.0010521731537319534
-0.0010522174257150498
-0.0010522326330553208
-0.0010515524320115336
-0.0010483337866347556
-0.0010431842621622216
-0.0010506584426042333
-0.0010950624718874613
-0.001149540166348304
-0.001084491143197236
-0.0008409992323784475
-0.0007258844090371147
-0.000938817548169257
-0.000992915638223985
-0.0009453627127054408
-0.000907434686227992
-0.0009013352475667541
-0.0009058828560349535
-0.0009086669275298125
-0.0009092511309590351
-0.0009092380165931109
-0.0009092002067255109
-0.0009091896152374475
-0.0009091879126262791
-0.0009091877271129423
-0.0009091877125778927
-0.0009091877117346724
-0.0009091877116978449
-0.0009091877116966244
-0.0009091877116965949
-0.0009091877116965941
-0.0009091877116965943
-0.000909187711696595
-0.0009091877116966249
-0.0009091877116978453
-0.0009091877117346728
-0.0009091877125778928
-0.0009091877271129427
-0.0009091879126262798
-0.0009091896152374481
-0.000909200206725511
-0.0009092380165931111
-0.0009092511309590352
-0.0009086669275298132
-0.0009058828560349543
-0.0009013352475667543
-0.0009074346862279915
-0.00094536271270544
-0.0009929156382239848
-0.0009388175481692599
-0.0007258844090371158
-0.0005761479256062397
-0.0007487143493017322
-0.0007893720275172161
-0.0007503634027336511
-0.0007203043645270376
-0.0007158569617599084
-0.0007196813002346093
-0.000721946096500226
-0.000722415250979523
-0.0007224040422707887
-0.0007223736788693044
-0.000722365215734455
-0.0007223638591739175
-0.0007223637116538712
-0.0007223637001110403
-0.000722363699441942
-0.0007223636994127158
-0.000722363699411744
-0.0007223636994117193
-0.0007223636994117189
-0.0007223636994117193
-0.0007223636994117195
-0.0007223636994117443
-0.0007223636994127163
-0.0007223636994419421
-0.0007223637001110405
-0.0007223637116538716
-0.0007223638591739184
-0.0007223652157344557
-0.0007223736788693046
-0.0007224040422707887
-0.0007224152509795231
-0.0007219460965002263
-0.0007196813002346098
-0.0007158569617599085
-0.0007203043645270374
-0.00075036340273365
-0.0007893720275172157
-0.0007487143493017348
-0.0005761479256062404
-0.0004106607663119941
-0.0005376644253206055
-0.0005642244300127139
-0.0005344435660128589
-0.0005126960036620895
-0.0005099515096845134
-0.0005130026455489067
-0.0005147219807292974
-0.0005150707296242083
-0.000515061240646768
-0.0005150384968445658
-0.000515032212678919
-0.0005150312101389078
-0.0005150311014669821
-0.000515031092983674
-0.0005150310924927711
-0.0005150310924713557
-0.0005150310924706438
-0.0005150310924706256
-0.0005150310924706253
-0.0005150310924706256
-0.0005150310924706257
-0.0005150310924706439
-0.0005150310924713557
-0.0005150310924927714
-0.0005150310929836739
-0.0005150311014669822
-0.0005150312101389079
-0.0005150322126789193
-0.0005150384968445657
-0.0005150612406467677
-0.0005150707296242084
-0.0005147219807292978
-0.000513002645548907
-0.0005099515096845132
-0.0005126960036620893
-0.0005344435660128582
-0.0005642244300127138
-0.0005376644253206071
-0.0004106607663119945
-0.0002542125193049699
-0.00033666980512577144
-0.00035066987673625945
-0.00032976940373093426
-0.0003157143677906483
-0.0003144613970315872
-0.0003167579155573958
-0.00031796569353397463
-0.00031820304487265114
-0.00031819524122746987
-0.0003181795048754812
-0.00031817521454993394
-0.00031817453493413167
-0.00031817446162296875
-0.0003181744559207436
-0.000318174455591699
-0.00031817445557737623
-0.000318174455576901
-0.0003181744555768888
-0.00031817445557688867
-0.00031817445557688867
-0.0003181744555768888
-0.0003181744555769009
-0.0003181744555773761
-0.00031817445559169887
-0.0003181744559207435
-0.00031817446162296864
-0.0003181745349341318
-0.0003181752145499339
-0.00031817950487548097
-0.00031819524122746954
-0.00031820304487265103
-0.00031796569353397474
-0.00031675791555739604
-0.0003144613970315871
-0.00031571436779064823
-0.0003297694037309338
-0.0003506698767362593
-0.0003366698051257722
-0.00025421251930497
-0.0001298188114211595
-0.00017502791505392382
-0.00017982118564504167
-0.00016653699876371394
-0.00015866330714409742
-0.0001584769299284359
-0.0001600938731180047
-0.00016087219716833277
-0.00016101856693232858
-0.0001610125706192134
-0.0001610026347123956
-0.0001609999747003566
-0.00016099955745180251
-0.000160999512748561
-0.00016099950928952792
-0.00016099950909075116
-0.00016099950908212806
-0.0001609995090818427
-0.00016099950908183544
-0.00016099950908183533
-0.0001609995090818353
-0.00016099950908183544
-0.0001609995090818427
-0.00016099950908212798
-0.00016099950909075116
-0.00016099950928952786
-0.00016099951274856105
-0.00016099955745180254
-0.0001609999747003566
-0.00016100263471239556
-0.00016101257061921327
-0.00016101856693232863
-0.00016087219716833288
-0.00016009387311800475
-0.00015847692992843586
-0.00015866330714409723
-0.0001665369987637136
-0.00017982118564504142
-0.00017502791505392403
-0.00012981881142115962
-4.951749437086337e-05
-6.889476253816147e-05
-6.854582188851561e-05
-6.104621889813872e-05
-5.7404148930340284e-05
-5.7782525500239884e-05
-5.883528285108225e-05
-5.9291828912258743e-05
-5.937303251156621e-05
-5.9368941803743484e-05
-5.936330509781239e-05
-5.936182902446087e-05
-5.9361600363126485e-05
-5.936157608269874e-05
-5.9361574216986395e-05
-5.936157411037808e-05
-5.936157410577513e-05
-5.936157410562346e-05
-5.9361574105619614e-05
-5.936157410561954e-05
-5.936157410561955e-05
-5.936157410561962e-05
-5.936157410562343e-05
-5.936157410577516e-05
-5.936157411037812e-05
-5.936157421698637e-05
-5.9361576082698766e-05
-5.936160036312648e-05
-5.9361829024460886e-05
-5.936330509781233e-05
-5.936894180374344e-05
-5.9373032511566195e-05
-5.929182891225874e-05
-5.8835282851082225e-05
-5.7782525500239755e-05
-5.740414893034012e-05
-6.104621889813853e-05
-6.854582188851549e-05
-6.88947625381615e-05
-4.951749437086337e-05
-1.0179797150004072e-05
-1.5494434273522116e-05
-1.3461559729449817e-05
-9.821610501489778e-06
-8.579877759367845e-06
-9.106355074523756e-06
-9.732290338986034e-06
-9.974772978384584e-06
-1.0015322084911862e-05
-1.0012992698442682e-05
-1.0010177840926536e-05
-1.0009457438264758e-05
-1.0009347437661437e-05
-1.0009335883459894e-05
-1.0009335003367728e-05
-1.0009334953443642e-05
-1.00093349513014e-05
-1.0009334951231178e-05
-1.0009334951229413e-05
-1.0009334951229383e-05
-1.0009334951229383e-05
-1.000933495122942e-05
-1.0009334951231192e-05
-1.0009334951301421e-05
-1.0009334953443659e-05
-1.0009335003367744e-05
-1.0009335883459907e-05
-1.000934743766146e-05
-1.0009457438264764e-05
-1.0010177840926529e-05
-1.0012992698442679e-05
-1.001532208491186e-05
-9.974772978384587e-06
-9.732290338986036e-06
-9.106355074523705e-06
-8.579877759367788e-06
-9.82161050148972e-06
-1.346155972944978e-05
-1.54944342735221e-05
-1.0179797150004052e-05
2.0549312791152863e-06
2.0712162147964375e-06
3.777525147118987e-06
5.186806882911866e-06
5.354965303135443e-06
4.917257520162039e-06
4.580686032577033e-06
4.464054355214547e-06
4.445560628973357e-06
4.446566413392592e-06
4.447769703649719e-06
4.448072396016869e-06
4.448117958139046e-06
4.448122686849813e-06
4.4481230433861704e-06
4.448123063434484e-06
4.448123064288246e-06
4.448123064316045e-06
4.448123064316748e-06
4.448123064316761e-06
4.448123064316755e-06
4.448123064316742e-06
4.448123064316046e-06
4.4481230642882415e-06
4.4481230634344815e-06
4.448123043386178e-06
4.448122686849815e-06
4.448117958139045e-06
4.448072396016873e-06
4.4477697036497224e-06
4.446566413392599e-06
4.445560628973355e-06
4.464054355214553e-06
4.580686032577044e-06
4.917257520162059e-06
5.3549653031354605e-06
5.186806882911878e-06
3.777525147119e-06
2.071216214796451e-06
2.054931279115286e-06
2.3939642435019757e-06
3.2470286400979637e-06
4.0608402120726194e-06
4.3966920810121415e-06
4.238040020661122e-06
3.957950932843215e-06
3.794885357509619e-06
3.7436516717700817e-06
3.7356960502741553e-06
3.735943812487853e-06
3.7363670184182174e-06
3.7364737873441567e-06
3.7364897093559927e-06
3.7364913440139427e-06
3.7364914659835577e-06
3.7364914727765633e-06
3.7364914730633534e-06
3.736491473072621e-06
3.736491473072852e-06
3.736491473072858e-06
3.736491473072856e-06
3.73649147307285e-06
3.7364914730726204e-06
3.736491473063353e-06
3.736491472776562e-06
3.7364914659835615e-06
3.736491344013945e-06
3.736489709355994e-06
3.7364737873441567e-06
3.7363670184182174e-06
3.735943812487853e-06
3.7356960502741498e-06
3.7436516717700825e-06
3.794885357509613e-06
3.957950932843212e-06
4.238040020661119e-06
4.396692081012131e-06
4.060840212072608e-06
3.2470286400979654e-06
2.3939642435019736e-06
4.6971583300999845e-07
8.591358332831146e-07
1.0334195913507044e-06
9.862940926325658e-07
8.154210979603283e-07
6.675930942509975e-07
5.962281934070779e-07
5.753356315793104e-07
5.719908502789622e-07
5.719469056613667e-07
5.720628283702024e-07
5.720938762287737e-07
5.720985430146679e-07
5.720990205544443e-07
5.720990559455108e-07
5.720990579011633e-07
5.720990579830683e-07
5.720990579856947e-07
5.72099057985759e-07
5.720990579857613e-07
5.720990579857603e-07
5.720990579857596e-07
5.720990579856938e-07
5.720990579830674e-07
5.720990579011631e-07
5.720990559455096e-07
5.720990205544451e-07
5.720985430146679e-07
5.720938762287705e-07
5.720628283702002e-07
5.719469056613596e-07
5.719908502789593e-07
5.753356315793063e-07
5.962281934070715e-07
6.675930942509893e-07
8.154210979603196e-07
9.862940926325536e-07
1.0334195913506968e-06
8.591358332831105e-07
4.6971583300999877e-07
-4.473166195373959e-07
-4.308872811785089e-07
-4.967033372749359e-07
-6.023096945982993e-07
-7.054435336336109e-07
-7.715749412644839e-07
-7.999598760242257e-07
-8.080010620321588e-07
-8.093784181067203e-07
-8.094589820125769e-07
-8.094346053610519e-07
-8.094266393622965e-07
-8.094253827636464e-07
-8.094252518113079e-07
-8.094252420373562e-07
-8.094252414964602e-07
-8.094252414738475e-07
-8.094252414731257e-07
-8.094252414731073e-07
-8.09425241473107e-07
-8.094252414731073e-07
-8.094252414731073e-07
-8.094252414731253e-07
-8.09425241473848e-07
-8.094252414964597e-07
-8.094252420373564e-07
-8.094252518113074e-07
-8.094253827636453e-07
-8.094266393622967e-07
-8.094346053610538e-07
-8.094589820125784e-07
-8.093784181067222e-07
-8.080010620321614e-07
-7.999598760242286e-07
-7.715749412644893e-07
-7.054435336336165e-07
-6.023096945983048e-07
-4.96703337274939e-07
-4.308872811785113e-07
-4.4731661953739463e-07
-4.4890377385204514e-07
-5.244144427983795e-07
-6.054018465848178e-07
-6.716691534427667e-07
-7.177896389421239e-07
-7.431810172597828e-07
-7.535141233424733e-07
-7.564440349614609e-07
-7.569693041045444e-07
-7.570083709318366e-07
-7.570014118360315e-07
-7.56998723138438e-07
-7.56998277035524e-07
-7.56998229182231e-07
-7.569982255426709e-07
-7.569982253388191e-07
-7.569982253302394e-07
-7.569982253299646e-07
-7.569982253299576e-07
-7.569982253299574e-07
-7.569982253299576e-07
-7.569982253299572e-07
-7.569982253299644e-07
-7.56998225330239e-07
-7.56998225338819e-07
-7.569982255426706e-07
-7.569982291822306e-07
-7.569982770355236e-07
-7.569987231384387e-07
-7.570014118360319e-07
-7.570083709318373e-07
-7.569693041045444e-07
-7.564440349614607e-07
-7.535141233424736e-07
-7.431810172597837e-07
-7.177896389421256e-07
-6.71669153442768e-07
-6.054018465848181e-07
-5.244144427983796e-07
-4.489037738520441e-07
-2.2318814796031103e-07
-2.7338407307115864e-07
-3.147252960255296e-07
-3.419725567059291e-07
-3.582254966582083e-07
-3.6670705096827536e-07
-3.701735376686827e-07
-3.7116125110734754e-07
-3.7132605578917066e-07
-3.7132992634954146e-07
-3.713242904886019e-07
-3.713226721901422e-07
-3.7132241789621576e-07
-3.7132239102773907e-07
-3.713223889928167e-07
-3.7132238887897747e-07
-3.713223888741904e-07
-3.7132238887403747e-07
-3.7132238887403366e-07
-3.7132238887403366e-07
-3.7132238887403366e-07
-3.7132238887403355e-07
-3.713223888740374e-07
-3.7132238887419046e-07
-3.713223888789776e-07
-3.713223889928165e-07
-3.713223910277389e-07
-3.713224178962158e-07
-3.713226721901423e-07
-3.71324290488602e-07
-3.7132992634954135e-07
-3.7132605578917045e-07
-3.71161251107347e-07
-3.70173537668682e-07
-3.6670705096827494e-07
-3.582254966582078e-07
-3.4197255670592884e-07
-3.1472529602552915e-07
-2.733840730711583e-07
-2.2318814796031053e-07
-7.548272986582303e-08
-9.448858823373602e-08
-1.0841450475115809e-07
-1.1662328010617368e-07
-1.2129983652513125e-07
-1.2383178991644563e-07
-1.2490370627824562e-07
-1.251931022561544e-07
-1.2522361077674163e-07
-1.252145670961757e-07
-1.252098269421209e-07
-1.252087456356577e-07
-1.252085880764297e-07
-1.2520857200525195e-07
-1.2520857081195328e-07
-1.252085707460436e-07
-1.2520857074329756e-07
-1.2520857074321042e-07
-1.252085707432083e-07
-1.2520857074320828e-07
-1.252085707432083e-07
-1.2520857074320825e-07
-1.2520857074321042e-07
-1.252085707432976e-07
-1.2520857074604367e-07
-1.252085708119532e-07
-1.2520857200525187e-07
-1.252085880764297e-07
-1.2520874563565772e-07
-1.2520982694212076e-07
-1.2521456709617555e-07
-1.2522361077674141e-07
-1.2519310225615415e-07
-1.2490370627824517e-07
-1.2383178991644512e-07
-1.212998365251307e-07
-1.1662328010617318e-07
-1.084145047511577e-07
-9.448858823373581e-08
-7.54827298658229e-08
-1.8809617342417272e-08
-2.3749833696033006e-08
-2.7110744643527665e-08
-2.9005162536782056e-08
-3.0166911502729674e-08
-3.086639112692214e-08
-3.1163360087619287e-08
-3.1225772660823856e-08
-3.121914450772547e-08
-3.121025657053585e-08
-3.1207242490141095e-08
-3.1206632485182654e-08
-3.1206548367724595e-08
-3.120654005337956e-08
-3.120653944848993e-08
-3.1206539415559226e-08
-3.120653941420217e-08
-3.120653941415947e-08
-3.120653941415846e-08
-3.120653941415846e-08
-3.120653941415846e-08
-3.1206539414158445e-08
-3.1206539414159464e-08
-3.120653941420217e-08
-3.120653941555924e-08
-3.1206539448489935e-08
-3.1206540053379575e-08
-3.1206548367724635e-08
-3.120663248518267e-08
-3.1207242490141055e-08
-3.121025657053577e-08
-3.121914450772541e-08
-3.1225772660823796e-08
-3.116336008761914e-08
-3.086639112692194e-08
-3.0166911502729456e-08
-2.900516253678189e-08
-2.7110744643527572e-08
-2.374983369603297e-08
-1.8809617342417246e-08
-3.5651543787489277e-09
-4.472992816127242e-09
-5.062406161577598e-09
-5.418567679777659e-09
-5.690138152439964e-09
-5.8693882003529406e-09
-5.935723902308043e-09
-5.938159722539444e-09
-5.928252080996225e-09
-5.922977910517526e-09
-5.9214716586773185e-09
-5.921188533448651e-09
-5.9211510696566055e-09
-5.92114746325957e-09
-5.92114720569638e-09
-5.9211471918670174e-09
-5.921147191303292e-09
-5.921147191285715e-09
-5.9211471912853e-09
-5.921147191285297e-09
-5.921147191285299e-09
-5.921147191285299e-09
-5.921147191285712e-09
-5.921147191303297e-09
-5.921147191867025e-09
-5.9211472056963755e-09
-5.9211474632595766e-09
-5.9211510696566195e-09
-5.9211885334486555e-09
-5.9214716586773045e-09
-5.922977910517518e-09
-5.928252080996235e-09
-5.938159722539459e-09
-5.93572390230804e-09
-5.8693882003529174e-09
-5.6901381524399415e-09
-5.418567679777648e-09
-5.0624061615776125e-09
-4.472992816127263e-09
-3.5651543787489455e-09
-5.218989242081283e-10
-6.346450996659902e-10
-7.103100956230753e-10
-7.737457170325093e-10
-8.365531180530139e-10
-8.755375851470261e-10
-8.831147225300882e-10
-8.766631287118916e-10
-8.708227163341874e-10
-8.684307263938878e-10
-8.678130101174644e-10
-8.677029905231429e-10
-8.676889150478429e-10
-8.676875911229785e-10
-8.676874981644942e-10
-8.676874932384025e-10
-8.67687493039717e-10
-8.676874930335767e-10
-8.676874930334311e-10
-8.676874930334284e-10
-8.67687493033429e-10
-8.676874930334307e-10
-8.676874930335771e-10
-8.676874930397172e-10
-8.676874932384015e-10
-8.676874981644923e-10
-8.676875911229791e-10
-8.676889150478473e-10
-8.677029905231456e-10
-8.678130101174643e-10
-8.684307263938917e-10
-8.708227163342017e-10
-8.76663128711912e-10
-8.831147225301079e-10
-8.755375851470429e-10
-8.365531180530302e-10
-7.737457170325308e-10
-7.103100956230983e-10
-6.346450996660078e-10
-5.218989242081384e-10
-5.947178897752167e-11
-6.86139794737206e-11
-7.78008795730127e-11
-9.096722608387635e-11
-1.0414341011449228e-10
-1.0933895148992375e-10
-1.06819566813366e-10
-1.026004763048698e-10
-1.0010681716735828e-10
-9.921922798655047e-11
-9.900581534336427e-11
-9.89694217891645e-11
-9.896489997765083e-11
-9.896448352697001e-11
-9.896445474934112e-11
-9.896445324347858e-11
-9.896445318336836e-11
-9.89644531815268e-11
-9.896445318148295e-11
-9.896445318148218e-11
-9.896445318148246e-11
-9.89644531814835e-11
-9.896445318152723e-11
-9.896445318336872e-11
-9.896445324347827e-11
-9.896445474934024e-11
-9.89644835269696e-11
-9.896489997765131e-11
-9.896942178916542e-11
-9.900581534336536e-11
-9.921922798655334e-11
-1.0010681716736422e-10
-1.0260047630487869e-10
-1.0681956681337628e-10
-1.0933895148993483e-10
-1.0414341011450349e-10
-9.096722608388765e-11
-7.780087957302239e-11
-6.861397947372693e-11
-5.947178897752427e-11
-5.283620578517526e-12
-7.045245533150283e-12
-9.525202746495594e-12
-1.2638852964168122e-11
-1.4528696706218942e-11
-1.3874766269064689e-11
-1.1787416103863997e-11
-1.0032301472546845e-11
-9.176087409794026e-12
-8.898635523229731e-12
-8.835553659859556e-12
-8.825187289065675e-12
-8.823932663841299e-12
-8.823819354792309e-12
-8.823811643061654e-12
-8.823811244438044e-12
-8.823811228687467e-12
-8.823811228209082e-12
-8.82381122819772e-12
-8.823811228197467e-12
-8.823811228197572e-12
-8.823811228197968e-12
-8.823811228209342e-12
-8.823811228687631e-12
-8.823811244437998e-12
-8.823811643061365e-12
-8.823819354791999e-12
-8.823932663841191e-12
-8.825187289065794e-12
-8.835553659859858e-12
-8.8986355232303e-12
-9.176087409795044e-12
-1.0032301472548422e-11
-1.1787416103866228e-11
-1.3874766269067422e-11
-1.4528696706221764e-11
-1.2638852964170602e-11
-9.525202746497339e-12
-7.045245533150972e-12
-5.283620578517347e-12
-3.5908584453937674e-13
-1.4546640424054408e-12
-2.4829317241673167e-12
-3.1583283196760662e-12
-3.1023679250641584e-12
-2.377772276783255e-12
-1.5211338946683284e-12
-9.55217007466342e-13
-7.097293798440694e-13
-6.355535142872801e-13
-6.194490347627179e-13
-6.16887100682516e-13
-6.165843773622038e-13
-6.165575356078917e-13
-6.165557352339784e-13
-6.165556432760723e-13
-6.165556396789901e-13
-6.165556395706888e-13
-6.165556395681287e-13
-6.165556395680641e-13
-6.165556395680859e-13
-6.165556395681747e-13
-6.165556395707326e-13
-6.165556396790193e-13
-6.165556432760676e-13
-6.165557352339213e-13
-6.165575356077955e-13
-6.165843773621097e-13
-6.168871006824442e-13
-6.194490347626287e-13
-6.355535142870999e-13
-7.097293798437648e-13
-9.552170074659803e-13
-1.5211338946680336e-12
-2.3777722767830718e-12
-3.1023679250639803e-12
-3.15832831967579e-12
-2.4829317241669055e-12
-1.4546640424049347e-12
-3.5908584453887324e-13
-1.5903022177299848e-14
-4.919617541679434e-13
-8.423652423510781e-13
-9.56525810530814e-13
-8.110764026658997e-13
-5.24064181730341e-13
-2.647660613833049e-13
-1.1496259315151345e-13
-5.511269094085148e-14
-3.800031656864615e-14
-3.442771210670797e-14
-3.3875577229785284e-14
-3.381176075474985e-14
-3.380619970913422e-14
-3.380583190887609e-14
-3.380581334040492e-14
-3.380581262125668e-14
-3.380581259979512e-14
-3.380581259929421e-14
-3.3805812599279145e-14
-3.380581259927672e-14
-3.3805812599286245e-14
-3.380581259978351e-14
-3.380581262124788e-14
-3.3805813340400845e-14
-3.380583190886901e-14
-3.380619970911352e-14
-3.3811760754711566e-14
-3.387557722972472e-14
-3.442771210660234e-14
-3.8000316568455834e-14
-5.5112690940549946e-14
-1.149625931511172e-13
-2.647660613828608e-13
-5.240641817298836e-13
-8.110764026654337e-13
-9.56525810530347e-13
-8.423652423506403e-13
-4.919617541675755e-13
-1.5903022177030828e-14
3.747169504773262e-16
-1.4545267091003442e-13
-2.389481428715523e-13
-2.5138443802633095e-13
-1.9512783940785494e-13
-1.1477848206727714e-13
-5.1617429237536237e-14
-1.8227521500110734e-14
-5.690106948010188e-15
-2.2637646124487602e-15
-1.5722536409793467e-15
-1.4681267034807044e-15
-1.456335138342785e-15
-1.4553243585456988e-15
-1.4552584045318284e-15
-1.455255112503749e-15
-1.4552549862505329e-15
-1.4552549825165298e-15
-1.4552549824319562e-15
-1.4552549824290925e-15
-1.4552549824263585e-15
-1.4552549824246961e-15
-1.4552549825076889e-15
-1.455254986244203e-15
-1.4552551125021599e-15
-1.4552584045326512e-15
-1.4553243585431661e-15
-1.4563351383312352e-15
-1.4681267034549337e-15
-1.5722536409308405e-15
-2.2637646123650526e-15
-5.69010694788176e-15
-1.8227521499938696e-14
-5.161742923733167e-14
-1.1477848206705431e-13
-1.9512783940762646e-13
-2.5138443802611234e-13
-2.3894814287136233e-13
-1.454526709098889e-13
3.7471695057341373e-16
2.484526451682076e-16
-3.431354236103278e-14
-5.455267783528722e-14
-5.4612321059588696e-14
-4.00457423887267e-14
-2.2227528281926916e-14
-9.409004836020035e-15
-3.0551652956803673e-15
-7.834044153606403e-16
-1.8561869142527711e-16
-6.849647179473993e-17
-5.127065878416239e-17
-4.9356653064600915e-17
-4.919511864941815e-17
-4.9184714713527665e-17
-4.918420114176085e-17
-4.918418163551728e-17
-4.9184181064009036e-17
-4.9184181051877606e-17
-4.918418105155905e-17
-4.918418105067072e-17
-4.9184181049607264e-17
-4.918418106140231e-17
-4.9184181633831395e-17
-4.9184201141703745e-17
-4.918471471453375e-17
-4.91951186496918e-17
-4.935665306193706e-17
-5.127065877644624e-17
-6.849647177955702e-17
-1.8561869139968016e-16
-7.83404415322075e-16
-3.0551652956281194e-15
-9.409004835955899e-15
-2.2227528281855045e-14
-4.0045742388652854e-14
-5.461232105951954e-14
-5.455267783522938e-14
-3.431354236099034e-14
2.4845264519483803e-16
4.9799419936748223e-17
-6.607986027109432e-15
-1.0260120767800088e-14
-9.919360287142918e-15
-6.98393676548211e-15
-3.7181886758928675e-15
-1.5114651286702657e-15
-4.703402435796098e-16
-1.126378868879855e-16
-2.1501009814578544e-17
-4.106516338626615e-18
-1.6023897714710733e-18
-1.3290205119566153e-18
-1.3062872042971391e-18
-1.304841236450617e-18
-1.3047706258920132e-18
-1.304767969638811e-18
-1.3047678926240055e-18
-1.3047678911897452e-18
-1.304767891213461e-18
-1.3047678910348356e-18
-1.3047678907500004e-18
-1.304767892162105e-18
-1.3047679694199971e-18
-1.3047706260603283e-18
-1.3048412368858265e-18
-1.3062872045791657e-18
-1.329020511496074e-18
-1.6023897696766866e-18
-4.106516334946437e-18
-2.1501009808449197e-17
-1.126378868788554e-16
-4.703402435671344e-16
-1.5114651286546233e-15
-3.71818867587503e-15
-6.9839367654637534e-15
-9.919360287126005e-15
-1.0260120767786282e-14
-6.607986027099573e-15
4.9799419942773087e-17
7.683659745630259e-18
-1.0628654025428997e-15
-1.6215506364251691e-15
-1.5274173961708766e-15
-1.0426304697456261e-15
-5.373688523284216e-16
-2.1166922478963036e-16
-6.392573612963877e-17
-1.4821002080018338e-17
-2.6536041026987466e-18
-3.848387647454212e-19
-6.454330433390807e-20
-3.014798251269351e-20
-2.7327390426995075e-20
-2.715012958931451e-20
-2.7141564059506835e-20
-2.7141244974264706e-20
-2.7141235843297325e-20
-2.7141235711808635e-20
-2.71412357322901e-20
-2.7141235707070564e-20
-2.7141235653577956e-20
-2.7141235793703076e-20
-2.7141244976745966e-20
-2.71415641360366e-20
-2.715012971696165e-20
-2.732739052415672e-20
-3.014798245409907e-20
-6.454330399018473e-20
-3.8483876401185513e-19
-2.653604101486329e-18
-1.4821002078228412e-17
-6.392573612717935e-17
-2.116692247865018e-16
-5.373688523248138e-16
-1.0426304697419173e-15
-1.5274173961675023e-15
-1.6215506364224675e-15
-1.0628654025410057e-15
7.683659746771956e-18
9.943569898323865e-19
-1.4497496018136798e-16
-2.1820141315914522e-16
-2.0141320961903394e-16
-1.3415597761796893e-16
-6.735085562957975e-17
-2.5848607842283026e-17
-7.617334701867596e-18
-1.7256593956975945e-18
-3.008484234617278e-19
-4.066338159488699e-20
-4.5823663959294875e-21
-7.667468599134153e-22
-4.579626779804477e-22
-4.387798091084846e-22
-4.378623753652685e-22
-4.378285619816925e-22
-4.378276123061505e-22
-4.378276044519205e-22
-4.378276097319985e-22
-4.378276070851216e-22
-4.378275990852688e-22
-4.378276102198858e-22
-4.378285691595016e-22
-4.378623946044802e-22
-4.387798365593722e-22
-4.579626999558735e-22
-7.667468541535074e-22
-4.582366339203003e-21
-4.0663381470437636e-20
-3.0084842325775323e-19
-1.7256593953990873e-18
-7.617334701456335e-18
-2.5848607841754692e-17
-6.735085562896621e-17
-1.341559776173395e-16
-2.0141320961846774e-16
-2.1820141315869924e-16
-1.4497496018105946e-16
9.943569900173823e-19
1.1003366708422728e-19
-1.6937294957187555e-17
-2.5218843176769562e-17
-2.290361004976208e-17
-1.4954134888189098e-17
-7.345745641811856e-18
-2.7578953958858843e-18
-7.957729574762376e-19
-1.76778141982117e-19
-3.025156054040203e-20
-3.992317164319365e-21
-4.1008633298388046e-22
-3.6645800991748683e-23
-6.801077312634094e-24
-4.96745511690195e-24
-4.880667869817612e-24
-4.8775112043912145e-24
-4.8774250497525955e-24
-4.877425040547171e-24
-4.877425941550403e-24
-4.877425720666937e-24
-4.877424701643904e-24
-4.877425338433845e-24
-4.877512849571203e-24
-4.880671200929582e-24
-4.96745958960182e-24
-6.801080943233579e-24
-3.6645800424382834e-23
-4.100863247123884e-22
-3.992317146030643e-21
-3.0251560510717614e-20
-1.7677814193898778e-19
-7.957729574166701e-19
-2.757895395808725e-18
-7.345745641721602e-18
-1.4954134888096425e-17
-2.29036100496794e-17
-2.5218843176705206e-17
-1.693729495714349e-17
1.1003366711047889e-19
1.0493055501757769e-20
-1.7064359466949272e-18
-2.5185796530445525e-18
-2.2571189553819364e-18
-1.4495131282245807e-18
-6.990742663587755e-19
-2.5755381232768704e-19
-7.295957868891203e-20
-1.592915952458275e-20
-2.6825852891383647e-21
-3.486167013134067e-22
-3.498903180248451e-23
-2.728703638957489e-24
-1.8089467349718693e-25
-2.6031384422797707e-26
-1.8783576799736057e-26
-1.8524848199761238e-26
-1.8518089910082e-26
-1.8518160493589302e-26
-1.8518277372697425e-26
-1.851826043598446e-26
-1.8518145173206494e-26
-1.8518157687512187e-26
-1.8525079180286913e-26
-1.8784009198344682e-26
-2.603195560043959e-26
-1.8089513743454864e-25
-2.7287035636448523e-24
-3.4989030733371343e-23
-3.4861669896132753e-22
-2.6825852853371823e-21
-1.592915951904901e-20
-7.2959578681193e-20
-2.575538123175422e-19
-6.990742663467275e-19
-1.4495131282120594e-18
-2.2571189553707017e-18
-2.518579653035824e-18
-1.7064359466890236e-18
1.0493055505144294e-20
