1600
-27853.19046077119
-79175.78052958679
-130537.80249712185
-155825.2392609883
-162414.19742600105
-159975.10872096216
-158496.62229723617
-158622.46448677074
-159426.0608659744
-159953.30071827982
-160095.3655297394
-160038.32205464298
-159962.79949125188
-159917.19788828213
-159893.86082700308
-159886.72601130826
-159885.72107528418
-159886.1637851593
-159885.86526572666
-159885.50007065185
-159885.50007065226
-159885.86526572797
-159886.1637851633
-159885.72107529046
-159886.72601131338
-159893.86082700372
-159917.1978882793
-159962.7994912506
-160038.32205464676
-160095.36552974686
-159953.3007182877
-159426.06086597714
-158622.4644867644
-158496.6222972235
-159975.10872095864
-162414.19742601668
-155825.23926101142
-130537.8024971331
-79175.7805295823
-27853.19046076115
-84241.14513018896
-403068.132621558
169722.7563764447
-106618.93094116781
49221.70770418947
-24189.21468766287
6979.1758264158125
-8682.351074093429
-1412.4856231840386
-5805.450453934405
-4307.206478603184
-4763.330722249841
-4698.829055126815
-4595.909838451364
-4653.795521240681
-4600.5736093848245
-4622.724247110804
-4611.5309393689095
-4620.331075674301
-4616.179927453282
-4616.179927452147
-4620.331075674854
-4611.530939384043
-4622.7242470989
-4600.573609376064
-4653.795521250868
-4595.90983845052
-4698.829055139038
-4763.330722250073
-4307.206478590815
-5805.450453941536
-1412.4856231891608
-8682.351074056263
6979.175826383391
-24189.214687726082
49221.7077042575
-106618.93094113725
169722.7563764584
-403068.1326215614
-84241.14513017396
-84256.64832567418
-52695.14818640495
-54083.46710334555
19095.443583340544
59026.610376672754
76527.28988220505
79736.68474488228
78619.0622443035
78316.9819864574
77831.72028847184
77870.14294982265
77890.34481295676
77956.45698608476
77976.10716083918
77988.29047353887
77991.30534582255
77990.95572769533
77990.79600180202
77990.12023449418
77990.32691054637
77990.32691054571
77990.12023449282
77990.79600179999
77990.95572769328
77991.30534582098
77988.29047353695
77976.10716083806
77956.45698608196
77890.34481295521
77870.14294982173
77831.7202884714
78316.98198645652
78619.06224430226
79736.68474487923
76527.2898822012
59026.610376676625
19095.443583348744
-54083.467103331306
-52695.14818639416
-84256.64832566131
-32064.58412012527
-19020.11271691
13527.322010142518
96136.07194326355
123417.7542522321
146934.70629795548
147729.3505555981
149062.065334971
148163.03074673843
148422.2219234433
148248.00828258047
148358.5894222966
148398.49653480927
148406.0469485543
148421.47740952426
148413.64367610597
148415.83951607894
148413.4570926873
148414.59039239748
148413.98485973765
148413.98485973765
148414.59039239667
148413.45709268795
148415.8395160783
148413.6436761045
148421.4774095235
148406.04694855213
148398.49653480863
148358.58942229574
148248.00828258082
148422.22192344573
148163.03074673988
149062.0653349653
147729.35055559385
146934.70629795588
123417.75425223094
96136.07194327263
13527.322010153977
-19020.11271689767
-32064.584120119755
11577.090510452408
18448.131959034778
48919.5958566316
78545.95258893336
89586.45110734818
96226.16096419885
96051.04615620371
96565.11768301259
96039.26921608389
96166.05084237069
96075.023503253
96151.85857304333
96175.0476862941
96181.9661892828
96185.43718168573
96179.67634077446
96179.6358127665
96178.71662994829
96179.54271345324
96179.3739269404
96179.37392694068
96179.54271345411
96178.71662995084
96179.63581276813
96179.67634077556
96185.43718168605
96181.96618928168
96175.04768629471
96151.85857304471
96075.02350325543
96166.05084237407
96039.26921608584
96565.11768300972
96051.04615620035
96226.16096419864
89586.4511073479
78545.95258893784
48919.595856635024
18448.13195903881
11577.090510451524
21986.253829312907
36473.58938441457
41846.35176608395
40403.290728753636
33774.694020251816
29372.12446440206
27351.312994521075
26805.35733669481
26643.097811906744
26642.429395893712
26660.237813998712
26676.867570275157
26677.662871628818
26673.154935495404
26668.209724552522
26664.050585419944
26662.85322259613
26663.22127107795
26663.852939057535
26664.09442207024
26664.09442207081
26663.85293905934
26663.221271081402
26662.853222600534
26664.050585423618
26668.20972455416
26673.154935495753
26677.662871630047
26676.8675702782
26660.23781400248
26642.429395897103
26643.097811908934
26805.35733669448
27351.31299451858
29372.124464400513
33774.69402025352
40403.29072875618
41846.351766083346
36473.589384411345
21986.253829308742
17889.32619380431
33186.18850286957
31806.64495833535
18502.370632790065
4951.640635513151
-3579.8069919031186
-6293.150777097231
-6838.916198130391
-6653.143448017836
-6503.861386358782
-6428.906526952043
-6447.14756999426
-6475.711900765658
-6494.231148630228
-6504.826029914839
-6509.16394655803
-6510.353169684029
-6509.6659441552765
-6509.0991562411655
-6508.808789046394
-6508.808789046212
-6509.099156240096
-6509.665944152563
-6510.353169679765
-6509.163946554108
-6504.82602991302
-6494.231148629973
-6475.711900765113
-6447.147569992252
-6428.906526949053
-6503.861386356213
-6653.143448016475
-6838.916198131577
-6293.150777100651
-3579.806991904705
4951.640635516633
18502.370632794118
31806.644958334742
33186.18850286391
17889.32619379837
15349.470408592028
31717.478408210744
30168.63496767467
15829.433422070368
474.58738272738265
-8395.177494090975
-10870.046612856298
-10876.100405890073
-10330.014801015583
-9997.635673575394
-9910.20458852806
-9951.306976228589
-9999.621985285019
-10027.24387995692
-10039.879663946078
-10044.09969488535
-10044.739433961688
-10044.13857940324
-10043.79491668442
-10043.705969647199
-10043.705969647432
-10043.794916684434
-10044.138579402046
-10044.739433958923
-10044.099694882694
-10039.87966394498
-10027.243879957401
-9999.621985285528
-9951.306976228007
-9910.204588526307
-9997.635673573677
-10330.014801014957
-10876.100405892284
-10870.046612860373
-8395.177494092386
474.5873827316027
15829.433422075275
30168.63496767411
31717.478408204923
15349.47040858552
15956.331494227015
33108.90086681704
32465.540284054536
18835.62761632937
3498.899324992417
-4832.396037369355
-6791.285824934137
-6347.608615872574
-5600.862476376082
-5205.268656444445
-5134.055093903349
-5190.038702842969
-5244.72575009289
-5273.553162656441
-5284.970776223025
-5287.799454429922
-5287.588371066231
-5287.011370635264
-5286.943033497344
-5287.085208711396
-5287.085208711651
-5286.943033497773
-5287.011370634915
-5287.58837106479
-5287.799454428576
-5284.970776222763
-5273.5531626573575
-5244.725750093654
-5190.038702842692
-5134.055093902047
-5205.268656442968
-5600.862476375485
-6347.608615874116
-6791.285824937811
-4832.396037370592
3498.8993249964333
18835.627616334008
32465.540284054146
33108.90086681141
15956.33149422091
16897.802713482586
33947.29824382078
33933.48375488426
21245.38188289389
6839.193501224807
-666.6896773859262
-2167.867617129261
-1536.5193261499953
-776.1104659741104
-410.2187829819886
-363.3175899442431
-424.28023575981206
-476.3937054043199
-501.9396514203909
-510.88676497139386
-512.233722576224
-511.3686990511924
-510.7575745881477
-510.8507075993184
-511.1215064421631
-511.1215064424687
-510.85070759948576
-510.7575745878203
-511.3686990500428
-512.2337225751544
-510.8867649714157
-501.93965142122033
-476.39370540476375
-424.2802357592009
-363.3175899428388
-410.218782980548
-776.1104659731791
-1536.5193261509703
-2167.867617132004
-666.6896773867338
6839.193501228081
21245.38188289778
33933.48375488372
33947.298243816214
16897.802713477493
16617.47237074739
32523.037701203008
32812.98832570314
21433.219810388986
8599.906750564129
2094.398189760257
921.8354605403874
1544.919708761161
2212.8571822055674
2517.2216690876594
2546.477980142874
2489.0541274220523
2443.3017865978472
2421.748120193828
2414.572205084609
2413.7563585992393
2414.6626393588376
2415.1875968349486
2415.0304449864634
2414.735466462167
2414.7354664620943
2415.0304449864707
2415.187596835538
2414.662639360118
2413.75635860028
2414.57220508466
2421.7481201931732
2443.3017865975926
2489.0541274229254
2546.477980144402
2517.221669089173
2212.8571822063896
1544.919708760368
921.835460538161
2094.3981897595513
8599.906750566879
21433.219810392293
32812.98832570283
32523.037701199308
16617.47237074307
14981.474811333472
28764.14885889597
29160.396616921727
19511.62648184366
8769.911470145671
3453.7630182147404
2570.2042138116813
3110.7397564846106
3652.7020562395337
3891.693207169141
3909.3309697069635
3859.423234829468
3820.98064324852
3803.0625462578028
3796.95403538175
3796.0276203084213
3796.5982180118663
3796.9435132799335
3796.7737276947373
3796.515476647546
3796.5154766475753
3796.7737276949847
3796.943513280552
3796.5982180130522
3796.0276203094472
3796.954035382041
3803.0625462575117
3820.9806432487094
3859.4232348305086
3909.330969708455
3891.6932071705305
3652.7020562403995
3110.739756484014
2570.204213809877
3453.7630182142166
8769.911470148145
19511.62648184662
29160.396616921695
28764.148858892986
14981.474811329876
12337.05886856778
23303.04514256224
23725.6453429984
16181.723134651169
7945.503367661502
4016.8670808262323
3463.8628684305586
3921.478356492651
4336.102902420109
4510.392832873378
4517.7743073550555
4476.354440938445
4445.6003197361315
4431.4257648583625
4426.4670963172575
4425.514108441046
4425.809107826539
4426.024084522207
4425.888689003888
4425.697092025337
4425.697092025333
4425.888689004034
4426.024084522764
4425.809107827354
4425.514108441836
4426.467096317356
4431.425764858144
4445.600319736379
4476.354440939329
4517.774307356285
4510.39283287447
4336.10290242068
3921.4783564921345
3463.862868429049
4016.8670808256684
7945.503367663441
16181.723134653654
23725.64534299843
23303.045142559997
12337.058868564969
9067.618411857207
16914.186414925098
17318.010100348507
12023.73027467723
6418.638215993349
3923.273634495976
3711.128964691161
4093.524873368957
4387.3855344135645
4499.734651857334
4497.468844675026
4464.826485430831
4442.046859719596
4431.8701094441985
4428.3532432891025
4427.65642064627
4427.859416194209
4428.026233414152
4427.951381125882
4427.831220218624
4427.831220218608
4427.951381125811
4428.02623341427
4427.8594161945875
4427.656420646594
4428.353243289028
4431.870109443931
4442.046859719521
4464.826485431213
4497.468844675706
4499.734651858
4387.385534413908
4093.5248733684857
3711.128964690006
3923.273634495481
6418.638215994633
12023.7302746789
17318.010100348576
16914.18641492352
9067.618411855296
5665.632323965236
10549.953191697288
10868.254664449156
7625.0910283941475
4367.669053630719
3104.866156168583
3158.132138481911
3459.6385778210497
3645.1621895469643
3704.008820816357
3694.3494883951753
3670.3096017739117
3655.0965183262515
3648.728493887881
3646.680085945086
3646.357515523925
3646.5578803787685
3646.7045440076336
3646.679974333965
3646.6158085893258
3646.6158085892985
3646.6799743338706
3646.704544007538
3646.5578803787967
3646.357515523976
3646.680085944934
3648.7284938875773
3655.0965183259605
3670.309601773859
3694.349488395318
3704.008820816576
3645.1621895470935
3459.6385778207177
3158.132138481119
3104.8661561682
4367.669053631433
7625.091028395105
10868.254664449116
10549.95319169637
5665.632323964132
2757.1784215907396
5270.326687108534
5449.97350493997
3772.9937956744598
2247.966278141182
1827.2659150329694
2011.343487929592
2222.125691403713
2319.963268184484
2339.743284434828
2326.4462247810116
2310.121637505262
2301.1772418728674
2297.8911722143903
2297.03662597571
2297.0303111728044
2297.2274160630077
2297.3437689305815
2297.342949639319
2297.3127620978576
2297.3127620978457
2297.342949639255
2297.343768930492
2297.2274160629718
2297.0303111728126
2297.0366259756374
2297.8911722141975
2301.177241872641
2310.1216375051154
2326.4462247809925
2339.743284434904
2319.9632681845314
2222.1256914035366
2011.3434879291729
1827.2659150327663
2247.966278141525
3772.9937956749336
5449.973504939959
5270.326687108091
2757.1784215902235
837.9731817373937
1815.8114108600544
1861.4923754919703
1162.3569587553982
651.083522063129
646.85401546638
832.4108445249877
953.2638083137927
990.2691492922224
987.8717020942669
974.9870147156349
964.9647481690065
960.4697137826539
959.2163604143636
959.0962320512272
959.2526368203005
959.4128264382108
959.4867481700464
959.4889505407073
959.4750440556307
959.4750440556294
959.4889505406899
959.4867481700062
959.4128264382003
959.2526368203189
959.0962320512265
959.2163604143057
960.4697137825679
964.9647481689385
974.9870147156231
987.8717020943102
990.2691492922758
953.2638083137485
832.4108445248243
646.8540154662917
651.0835220632796
1162.3569587556076
1861.4923754919787
1815.8114108598836
837.9731817372077
-24.285584846823127
202.59684094443412
172.66758359769545
-44.43535747859431
-121.11133773307517
-17.573289929498685
100.25115229576704
150.21232443756833
153.91643652195728
143.80777523774964
134.14966780582932
128.75344349438387
126.90104225024555
126.65984273261404
126.81998440849407
126.98661599181156
127.08523117886978
127.11809920280007
127.11519624627238
127.10753683907956
127.10753683908501
127.11519624627613
127.11809920279995
127.0852311788758
126.98661599182924
126.81998440851191
126.65984273261608
126.90104225023663
128.75344349438308
134.149667805845
143.80777523778227
153.91643652199497
150.21232443757754
100.25115229572805
-17.573289929521195
-121.1113377330214
-44.435357478516494
172.66758359771006
202.59684094438893
-24.28558484686127
-181.90207186110797
-193.2108182263068
-234.87136281366867
-274.5750678776076
-241.89524475835145
-167.9381324705177
-119.71091584511976
-110.31395741340611
-118.25580423192403
-127.3825425466735
-133.07411644735623
-135.52417839422748
-136.1078087667678
-136.03007805811924
-135.8694001097578
-135.7694086560252
-135.7288917189008
-135.72352469582208
-135.73031961411664
-135.73547998175385
-135.7354799817509
-135.7303196141096
-135.72352469581756
-135.72889171889702
-135.76940865601915
-135.86940010975005
-136.03007805811143
-136.10780876675926
-135.5241783942179
-133.07411644734577
-127.3825425466612
-118.25580423190706
-110.31395741339361
-119.71091584512118
-167.93813247052051
-241.8952447583389
-274.5750678775882
-234.87136281366145
-193.2108182263114
-181.90207186110345
-87.80458299916805
-119.12225568844646
-142.15330856341922
-139.20784101026908
-111.91234624721665
-84.48774891144858
-75.22477624289068
-79.99531241201676
-87.72405674539183
-93.07847903271012
-95.693796884065
-96.58603885689375
-96.7024897287576
-96.61250072063638
-96.53311787004465
-96.49825326725481
-96.49244080948868
-96.4983038641554
-96.50492273901483
-96.50825437795231
-96.50825437795137
-96.50492273901241
-96.49830386415303
-96.49244080948829
-96.49825326725409
-96.53311787004284
-96.61250072063356
-96.70248972875369
-96.58603885688997
-95.6937968840636
-93.07847903270948
-87.72405674538938
-79.99531241201245
-75.22477624288828
-84.48774891144902
-111.91234624721794
-139.20784101026976
-142.15330856341978
-119.12225568844566
-87.80458299916192
-5.364486514815162
-14.257127428964537
-20.036010725776748
-14.46713044284693
-5.543447508083709
-1.5928021718629495
-4.273492518600598
-9.561775729943207
-13.778672063561359
-16.05544923498104
-16.970976200050956
-17.211930090232713
-17.211141548257515
-17.170909817403427
-17.149643460868674
-17.14722193478225
-17.152970389580446
-17.159423082447702
-17.163534535520128
-17.165222691563088
-17.165222691562875
-17.163534535519887
-17.159423082447802
-17.15297038958049
-17.14722193478231
-17.14964346086856
-17.17090981740266
-17.21114154825659
-17.211930090232514
-16.970976200051936
-16.05544923498286
-13.778672063562418
-9.561775729942958
-4.273492518600307
-1.5928021718643137
-5.5434475080873185
-14.46713044285088
-20.03601072577915
-14.257127428964274
-5.3644865148133505
16.13318448140929
18.25006829941796
19.14850366155927
21.61545474467719
22.517939099370782
20.876136216584364
17.957285382836517
15.353421788736256
13.772254526960914
13.058775204715808
12.824317123626571
12.784485784568268
12.795936175697335
12.806195828287379
12.80646363477878
12.801401850942845
12.795961481722422
12.792365264451789
12.790666455828656
12.790100641678983
12.790100641678912
12.790666455828536
12.79236526445164
12.795961481722372
12.801401850942725
12.806463634779028
12.80619582828757
12.795936175697413
12.784485784568126
12.82431712362586
13.058775204714735
13.77225452695997
15.353421788735638
17.957285382835845
20.87613621658298
22.517939099368636
21.615454744674974
19.14850366155808
18.25006829941787
16.133184481409163
10.567844452024971
13.448316728207724
14.870974022696057
15.568168776758629
15.01932077551369
13.743993268977954
12.522716014589395
11.70411798449447
11.28469132596556
11.120407191094664
11.078631170256285
11.07820643500929
11.083371345138804
11.084563743041777
11.082139036352814
11.078635858205496
11.076001443151691
11.074741740790953
11.07438420925538
11.074347591112256
11.074347591112204
11.074384209255204
11.07474174079081
11.076001443151592
11.078635858205464
11.082139036352817
11.084563743041791
11.083371345138781
11.078206435009198
11.078631170256148
11.120407191094484
11.284691325965412
11.704117984494317
12.522716014588921
13.743993268977388
15.019320775513041
15.56816877675818
14.870974022695918
13.44831672820779
10.567844452024755
3.6607919153324433
5.068014101693501
5.704922351479583
5.849599158970561
5.533438458102026
5.101054740630694
4.794759535047152
4.629497458860679
4.5517122318539895
4.521376608309967
4.5150987988776325
4.516617096123526
4.518180001626705
4.518271887286767
4.5172378934439825
4.515912848154364
4.5150847050858784
4.5148982609312505
4.515019836924942
4.515138568209124
4.515138568209086
4.515019836924861
4.514898260931178
4.515084705085843
4.515912848154361
4.5172378934439825
4.518271887286735
4.518180001626657
4.516617096123504
4.515098798877638
4.521376608310008
4.551712231854063
4.629497458860736
4.794759535047111
5.101054740630591
5.533438458102032
5.84959915897069
5.704922351479794
5.068014101693693
3.660791915332375
0.6963652490522986
1.2009353088413024
1.3674466293297065
1.4191077035274384
1.3580109699534062
1.2819499117239346
1.242484954160762
1.2254659948247864
1.2136121238284998
1.2057986174007993
1.2034140216247462
1.203742960012831
1.2044394478024325
1.2048445057913864
1.2047912614947136
1.2044965859303838
1.2043613566408802
1.204485119215856
1.2046897304249327
1.2048151406468128
1.2048151406468026
1.2046897304249005
1.2044851192158184
1.2043613566408666
1.2044965859303973
1.2047912614947147
1.204844505791346
1.2044394478023683
1.2037429600127911
1.2034140216247549
1.205798617400851
1.2136121238285904
1.225465994824892
1.2424849541608305
1.2819499117239868
1.358010969953497
1.4191077035275854
1.3674466293298737
1.200935308841444
0.6963652490523178
-0.07347283274385746
0.11059404019001554
0.13259972609220314
0.18788159564486176
0.218816288462574
0.22714407008207682
0.22989327104380597
0.22956389012905704
0.22561874523528702
0.22177530198795692
0.2204271330725074
0.22067462621432124
0.2213385491478733
0.22191174138200984
0.2221563043356031
0.22216422998588145
0.2222022923065702
0.22235887157356593
0.2225338129753473
0.22263227648035938
0.22263227648035877
0.22253381297534
0.2223588715735511
0.22220229230656763
0.2221642299858982
0.2221563043356145
0.22191174138199343
0.22133854914783924
0.22067462621429962
0.22042713307251088
0.22177530198798115
0.22561874523533124
0.22956389012911343
0.2298932710438567
0.22714407008211596
0.21881628846261258
0.1878815956449144
0.13259972609227222
0.11059404019007513
-0.07347283274381824
-0.1825996298744416
-0.08966957757293266
-0.09324247980009608
-0.0363847291485624
0.008271645172401636
0.02332426962516885
0.02515553477641976
0.02388437287748725
0.02150842070806997
0.019656518900199413
0.019214418422954734
0.019652016879086496
0.020321396145775744
0.020869994545602275
0.021129746792718354
0.021186645035809134
0.02124362712299574
0.021372168670788547
0.02150530630476798
0.02157814907662616
0.021578149076629857
0.021505306304772855
0.02137216867078895
0.021243627122999993
0.02118664503582215
0.021129746792730355
0.02086999454560437
0.020321396145773024
0.019652016879089157
0.01921441842296336
0.019656518900208062
0.021508420708079595
0.023884372877502398
0.025155534776435565
0.023324269625175684
0.008271645172397618
-0.03638472914856249
-0.0932424798000786
-0.08966957757291294
-0.18259962987440947
-0.16323403450562932
-0.09952020210552828
-0.10389141089765276
-0.054825929463142964
-0.017323270054272238
-0.007002369071572352
-0.007539275202505286
-0.008908572338123935
-0.010036032792654189
-0.010732384718491328
-0.010710183983913074
-0.01022235931012097
-0.009627507582762335
-0.009171156257357291
-0.008960917770874332
-0.008910968087453036
-0.008863359861270088
-0.008765363268332323
-0.008666820404520617
-0.00861398620225901
-0.00861398620225547
-0.008666820404514455
-0.008765363268328396
-0.008863359861266063
-0.008910968087446566
-0.00896091777086775
-0.00917115625735182
-0.009627507582755084
-0.010222359310110615
-0.01071018398390378
-0.010732384718488003
-0.010036032792655674
-0.008908572338124702
-0.007539275202505028
-0.00700236907157732
-0.01732327005428483
-0.05482592946315242
-0.10389141089764717
-0.09952020210551352
-0.163234034505605
-0.1318211107882873
-0.08355175176853573
-0.08668521225806092
-0.047606340685132406
-0.018786370013997914
-0.011821393882081454
-0.012696652906359152
-0.013485846201103005
-0.013884121349444441
-0.01410640945713509
-0.013955872573935225
-0.013521122982482531
-0.013029966930399667
-0.012668321763449833
-0.012507446818038599
-0.012469354926393296
-0.012432762041959974
-0.01236068653855401
-0.012290330806116644
-0.012253518139305983
-0.012253518139304375
-0.012290330806113964
-0.01236068653855294
-0.012432762041959877
-0.012469354926392779
-0.012507446818037584
-0.0126683217634479
-0.013029966930395627
-0.013521122982476793
-0.01395587257393047
-0.014106409457133965
-0.013884121349446252
-0.013485846201104636
-0.01269665290636008
-0.011821393882085217
-0.018786370014005686
-0.04760634068513689
-0.08668521225805503
-0.0835517517685247
-0.13182111078826833
-0.10527224472754666
-0.06858021568493612
-0.07107379684327557
-0.04062925177658477
-0.018450692670953353
-0.013238066902240482
-0.013815911801194347
-0.01417506250626783
-0.014285670169254833
-0.014362981109785677
-0.014206651814768106
-0.013843457486510733
-0.013446275870964393
-0.01316304518071521
-0.013040951180200851
-0.013012593634727555
-0.012986305562989407
-0.012936483446519596
-0.012889444345126596
-0.012865597871115964
-0.012865597871115644
-0.012889444345126413
-0.012936483446520632
-0.012986305562991343
-0.013012593634729461
-0.013040951180202204
-0.013163045180715788
-0.01344627587096415
-0.013843457486509878
-0.01420665181476728
-0.014362981109785714
-0.014285670169255443
-0.014175062506267612
-0.01381591180119342
-0.01323806690224136
-0.01845069267095668
-0.04062925177658571
-0.07107379684326973
-0.06858021568492732
-0.105272244727534
-0.0841385965271749
-0.056755131767217075
-0.058894792859263176
-0.035238797689051554
-0.01798263831166082
-0.013851902186400075
-0.01415522638070987
-0.014308615067694772
-0.014330967031708728
-0.01436512816766564
-0.014223790170095505
-0.013921511259934953
-0.013601686343211168
-0.013381527553296513
-0.013289875089187787
-0.013269789235912955
-0.01325301639312346
-0.013221693585798184
-0.013193097952837001
-0.013179216083421026
-0.013179216083421106
-0.013193097952837405
-0.013221693585799252
-0.01325301639312529
-0.013269789235914986
-0.013289875089189244
-0.013381527553297292
-0.013601686343211811
-0.013921511259935616
-0.014223790170096036
-0.014365128167666198
-0.014330967031709082
-0.01430861506769405
-0.01415522638070831
-0.013851902186399829
-0.017982638311662656
-0.03523879768905191
-0.05889479285925878
-0.05675513176721075
-0.08413859652716432
-0.06725910927907577
-0.047280380882190276
-0.04913944937564279
-0.030773261148134598
-0.017293216341260513
-0.013983121837822344
-0.014126435553993923
-0.014193857907442726
-0.014192556299874372
-0.014207815737859229
-0.014082237430987212
-0.013832954293137195
-0.013579727419822456
-0.013412443181778283
-0.013345892201135528
-0.013333118363587203
-0.013324345751289617
-0.013307069266140115
-0.013291765791767867
-0.013284810955547755
-0.013284810955547824
-0.01329176579176803
-0.013307069266140545
-0.01332434575129075
-0.01333311836358872
-0.013345892201136451
-0.01341244318177845
-0.013579727419822656
-0.01383295429313776
-0.014082237430987889
-0.014207815737859949
-0.014192556299874887
-0.014193857907442249
-0.014126435553992612
-0.013983121837822073
-0.017293216341262182
-0.030773261148135275
-0.04913944937563997
-0.04728038088218657
-0.06725910927906745
-0.053559665858808746
-0.039465867586973645
-0.04105801565660468
-0.026793308143555787
-0.016259631874808198
-0.013610779549347474
-0.01367018219509189
-0.013702810197966594
-0.013695749924552634
-0.013699594818118001
-0.013591212928153242
-0.013391671620696956
-0.013197873969795762
-0.01307577407986574
-0.013030106006949376
-0.013023410878247422
-0.013020426411145095
-0.01301254178283452
-0.01300566901448776
-0.013002892412905968
-0.01300289241290597
-0.01300566901448763
-0.013012541782834447
-0.01302042641114563
-0.013023410878248346
-0.013030106006949727
-0.013075774079865389
-0.013197873969795536
-0.013391671620697264
-0.013591212928153797
-0.013699594818118664
-0.013695749924553186
-0.01370281019796632
-0.013670182195090834
-0.013610779549347252
-0.016259631874809752
-0.026793308143556793
-0.041058015656602984
-0.039465867586971085
-0.05355966585880263
-0.042482432972303134
-0.03300022261300049
-0.034321321286709894
-0.02322773454961537
-0.01496788005972046
-0.012844509127161891
-0.012857531749801832
-0.012874709533050015
-0.012865175531825604
-0.012859810430674846
-0.012768843029420881
-0.01261439808694391
-0.012471996752597239
-0.012387220610140493
-0.012358182924435043
-0.012355920230988492
-0.012356346013446354
-0.012353783522755301
-0.012351427858363498
-0.01235071360887287
-0.012350713608872823
-0.01235142785836326
-0.012353783522755027
-0.012356346013446496
-0.012355920230988885
-0.01235818292443496
-0.012387220610139893
-0.012471996752596833
-0.012614398086944034
-0.012768843029421259
-0.012859810430675335
-0.012865175531826045
-0.012874709533049786
-0.012857531749800888
-0.012844509127161593
-0.014967880059721704
-0.023227734549616356
-0.03432132128670881
-0.03300022261299862
-0.042482432972298326
-0.034337564066345604
-0.027910860592723588
-0.02905855579679779
-0.02041710701655618
-0.013904257847540125
-0.012171462821245246
-0.012151597159729197
-0.012161790577981243
-0.012148938620987992
-0.012135549181084115
-0.012059861277730085
-0.011943159875639153
-0.011842550247888028
-0.011786992224651668
-0.011770340740261842
-0.01177081267633078
-0.011772677753970553
-0.011772493651996743
-0.011772033243126381
-0.011772046387248257
-0.011772046387248193
-0.011772033243126149
-0.011772493651996466
-0.01177267775397053
-0.01177081267633086
-0.011770340740261563
-0.011786992224651065
-0.011842550247887629
-0.011943159875639158
-0.012059861277730274
-0.012135549181084407
-0.012148938620988287
-0.012161790577981016
-0.012151597159728356
-0.012171462821244898
-0.013904257847541079
-0.020417107016556982
-0.029058555796797066
-0.027910860592722533
-0.034337564066342086
-0.0292549127799027
-0.024260722825717167
-0.025381597972685875
-0.01873290189516592
-0.01360244307920036
-0.012164296817889338
-0.01212031882406614
-0.012130847016607793
-0.012118874672746015
-0.012100628850930136
-0.012038394951921244
-0.011952548168427104
-0.011884946643968344
-0.011851262862780085
-0.011843240483987934
-0.011845069731602959
-0.011847102335035638
-0.01184757433889193
-0.011847605203221088
-0.01184770208981763
-0.011847702089817565
-0.011847605203220906
-0.011847574338891737
-0.011847102335035584
-0.011845069731602926
-0.011843240483987653
-0.011851262862779627
-0.011884946643968034
-0.011952548168427045
-0.012038394951921286
-0.01210062885093028
-0.012118874672746196
-0.012130847016607573
-0.012120318824065427
-0.012164296817889006
-0.013602443079201075
-0.01873290189516664
-0.02538159797268544
-0.024260722825716303
-0.029254912779899906
-0.024811772540919527
-0.021041751328260163
-0.022141422897847946
-0.017193893263071594
-0.013257439453270152
-0.012094292486604447
-0.012041246434586641
-0.012059728145492285
-0.012055705650342951
-0.012040237877587411
-0.0119937573508618
-0.011935378928237476
-0.01189375390689691
-0.011875866807492327
-0.011873311801682761
-0.01187548285895113
-0.011877039391552335
-0.011877401977326826
-0.01187738356880118
-0.011877374368072225
-0.011877374368072175
-0.011877383568801051
-0.011877401977326717
-0.011877039391552319
-0.011875482858951101
-0.011873311801682558
-0.011875866807492023
-0.011893753906896705
-0.011935378928237421
-0.011993757350861806
-0.012040237877587498
-0.012055705650343088
-0.012059728145492145
-0.01204124643458612
-0.012094292486604164
-0.01325743945327065
-0.017193893263072104
-0.022141422897847707
-0.021041751328259806
-0.02481177254091802
-0.017594324894392055
-0.016439566628363187
-0.017269536557988806
-0.013727045848042576
-0.010901838517210771
-0.010075886667001115
-0.010039848309848285
-0.010064240373389344
-0.010073050086902836
-0.010067227613888004
-0.010038388637306005
-0.010003907374111803
-0.009981763002967695
-0.009974197731147242
-0.009974450608842063
-0.009976252742690145
-0.00997714221010883
-0.009977212140057388
-0.009977061445189863
-0.0099769659811246
-0.00997696598112457
-0.009977061445189783
-0.009977212140057336
-0.009977142210108847
-0.009976252742690145
-0.009974450608841943
-0.009974197731147062
-0.00998176300296758
-0.010003907374111784
-0.010038388637306028
-0.010067227613888088
-0.010073050086902974
-0.010064240373389278
-0.010039848309847917
-0.010075886667000907
-0.010901838517211118
-0.01372704584804296
-0.01726953655798867
-0.016439566628362864
-0.01759432489439091
-0.009154121466944583
-0.010914753400856864
-0.011259919625011475
-0.008817908320884546
-0.006989361794067348
-0.006530073871568169
-0.006540338948179475
-0.006570987091244452
-0.006585300798194595
-0.006585199872929871
-0.006569783571842296
-0.0065520889894655964
-0.006542256486722839
-0.0065401921879886
-0.00654132683231711
-0.006542465521427405
-0.006542796597827189
-0.0065426631388677825
-0.006542462168150656
-0.006542350050696738
-0.006542350050696725
-0.00654246216815061
-0.006542663138867763
-0.006542796597827217
-0.006542465521427423
-0.006541326832317043
-0.0065401921879885
-0.0065422564867227695
-0.006552088989465585
-0.006569783571842333
-0.006585199872929954
-0.006585300798194723
-0.0065709870912444325
-0.006540338948179238
-0.006530073871568014
-0.006989361794067593
-0.008817908320884782
-0.011259919625011397
-0.010914753400856613
-0.009154121466943804
-0.004038513544845072
-0.008518712267084724
-0.00868912634837522
-0.006391362296341629
-0.004989840397153724
-0.004826870069099126
-0.004940815735854873
-0.004989902244769683
-0.004996246877711256
-0.00499010981993982
-0.004978781747117775
-0.004969233028706398
-0.004965401554683244
-0.0049654478917651405
-0.004966369872212269
-0.004966810473991882
-0.004966747817393367
-0.004966520349782978
-0.004966337545959999
-0.004966249516973219
-0.004966249516973203
-0.0049663375459599625
-0.004966520349782978
-0.004966747817393462
-0.004966810473991955
-0.004966369872212248
-0.004965447891765091
-0.004965401554683198
-0.004969233028706456
-0.004978781747117858
-0.004990109819939876
-0.004996246877711379
-0.0049899022447697184
-0.004940815735854693
-0.004826870069098911
-0.004989840397153978
-0.006391362296341782
-0.008689126348375188
-0.00851871226708462
-0.004038513544844646
