1600
2608499898.099489
3635548530.8493934
3716154448.1624985
3428221451.4912567
3342760028.8420863
3508747801.1498566
3671591210.5160685
3736691786.568126
3743303969.2941465
3737602823.7135043
3735824008.5342236
3735832449.875236
3735794248.936801
3735473381.359846
3735195888.7121234
3735046914.1968136
3735033477.4247904
3735067624.124155
3735099521.9415226
3735115981.476503
3735115981.476535
3735099521.941596
3735067624.124221
3735033477.424827
3735046914.196834
3735195888.7121487
3735473381.3598957
3735794248.936867
3735832449.875305
3735824008.534277
3737602823.713503
3743303969.2941055
3736691786.56806
3671591210.5159674
3508747801.1497064
3342760028.8418674
3428221451.490897
3716154448.1619854
3635548530.8488283
2608499898.0990734
794476576.9393754
-11657003761.172749
3571822489.1779604
-5438452711.6691
-1790048747.9452806
-3407075587.016248
-3024750911.32401
-3009692261.6004057
-3067918796.92403
-3058235302.8586407
-3072356881.7768035
-3061045951.5721574
-3070143168.0900674
-3062670220.0566664
-3065927678.120029
-3064545975.8210034
-3065120984.9901657
-3064880224.8392525
-3064995267.2210255
-3064952576.52773
-3064952576.52768
-3064995267.2211885
-3064880224.8393598
-3065120984.990138
-3064545975.8210974
-3065927678.1199303
-3062670220.056852
-3070143168.0900116
-3061045951.572283
-3072356881.776904
-3058235302.8587303
-3067918796.923684
-3009692261.600504
-3024750911.324149
-3407075587.015642
-1790048747.945403
-5438452711.669067
3571822489.178022
-11657003761.170708
794476576.9394047
-952217643.9295051
-919638987.3011339
-1443314451.9470453
-1388765854.4923904
-1375668580.9175446
-1345530389.306963
-1318367294.008522
-1327940562.1481938
-1336026352.6660903
-1346464081.863274
-1347867518.4761121
-1348031073.9158907
-1347472357.6174867
-1347329701.1576324
-1347355725.068616
-1347361829.439534
-1347368486.6534142
-1347345256.0622413
-1347344442.4158251
-1347340481.6460845
-1347340481.6461
-1347344442.415849
-1347345256.062278
-1347368486.6534445
-1347361829.439568
-1347355725.0686586
-1347329701.1576698
-1347472357.6175437
-1348031073.9159174
-1347867518.476118
-1346464081.8632631
-1336026352.666054
-1327940562.148139
-1318367294.0084765
-1345530389.3069346
-1375668580.9174323
-1388765854.4921699
-1443314451.9466524
-919638987.3007225
-952217643.9290848
-974283802.7025423
-539760383.4447346
-1500601118.3066022
-916737265.7693315
-1056464021.29772
-921756212.3544891
-936013552.2441294
-963910317.8915906
-955837601.4103651
-962472246.8014402
-959986636.7527993
-961055491.2266932
-959686560.8115029
-960344559.1159234
-960138459.5127983
-960294870.5892453
-960266497.4553943
-960272860.6455016
-960265123.581939
-960267604.906101
-960267604.9061196
-960265123.5819573
-960272860.6455426
-960266497.4554179
-960294870.5892639
-960138459.5128565
-960344559.1159568
-959686560.8115673
-961055491.2267337
-959986636.752801
-962472246.8014238
-955837601.4103386
-963910317.8915415
-936013552.2441154
-921756212.3545313
-1056464021.2976108
-916737265.7691238
-1500601118.3062115
-539760383.4443123
-974283802.7021501
-333232412.4908794
-250501396.57464164
-448185921.9166142
-148226868.99532503
-176810573.0658114
-153810435.84985352
-185069217.71308744
-191727669.04927433
-184523740.8804289
-179533869.03713632
-177317130.65440488
-177134260.44037175
-176890246.4876523
-177271018.86578238
-177288454.02006185
-177410443.50857842
-177404707.20895255
-177408620.45437646
-177399335.39909637
-177400276.4100461
-177400276.410056
-177399335.39911318
-177408620.45438528
-177404707.20894957
-177410443.50857735
-177288454.0200752
-177271018.86579752
-176890246.4876691
-177134260.44038165
-177317130.65440917
-179533869.0371275
-184523740.8804195
-191727669.04927182
-185069217.7131046
-153810435.84988642
-176810573.0658306
-148226868.9952743
-448185921.91646695
-250501396.57443658
-333232412.4907198
-210788514.51466882
-188509286.90821505
-144385063.69977176
26283811.437533647
51630263.53667813
8317003.307850659
-33692140.93010266
-43183447.28866048
-35304655.16194166
-28355240.14280828
-26154753.95845042
-26443910.522846527
-26976538.31896212
-27311394.198194437
-27438077.820731312
-27482832.579795606
-27483917.374435782
-27477478.235354714
-27471772.76206258
-27469155.62479177
-27469155.62479922
-27471772.76207661
-27477478.235357292
-27483917.374419197
-27482832.579770207
-27438077.8207123
-27311394.198181517
-26976538.318952523
-26443910.522837475
-26154753.958445176
-28355240.142808765
-35304655.16194299
-43183447.28866072
-33692140.9301029
8317003.307841226
51630263.536656335
26283811.437515736
-144385063.6997577
-188509286.9081813
-210788514.5146445
-463454146.3255333
-554692755.1666229
-476805059.59274834
-362003712.43983674
-333592742.6276776
-403725231.4367932
-456052545.8368405
-469045976.0455624
-463731040.8016292
-457781262.86528885
-456554113.86077666
-457243686.08075887
-457975223.6669891
-458211417.7010366
-458265576.1961295
-458237871.63715166
-458228391.7679516
-458225883.13408935
-458226494.19768536
-458226114.3650859
-458226114.36509454
-458226494.1976987
-458225883.1340904
-458228391.7679331
-458237871.6371224
-458265576.1961016
-458211417.7010139
-457975223.66696775
-457243686.0807445
-456554113.8607733
-457781262.86529684
-463731040.80163467
-469045976.0455524
-456052545.8368081
-403725231.4367533
-333592742.62766683
-362003712.4398422
-476805059.59275496
-554692755.1666272
-463454146.3255242
-649387233.6895388
-790391989.81619
-764374195.7479725
-650562044.3009915
-639553469.4011197
-714447873.0367929
-769395056.5697584
-783669341.7451265
-779648860.8806076
-775170182.4128823
-774471510.8911107
-775083692.9487219
-775537230.1211886
-775589144.8887322
-775504994.712811
-775428020.475437
-775414549.198968
-775424172.6050811
-775433478.3762438
-775437711.8157595
-775437711.8157644
-775433478.3762555
-775424172.605082
-775414549.1989529
-775428020.475415
-775504994.7127922
-775589144.8887172
-775537230.121171
-775083692.9487062
-774471510.8911073
-775170182.4128891
-779648860.8806124
-783669341.7451125
-769395056.569713
-714447873.0367354
-639553469.4010937
-650562044.3009849
-764374195.7479693
-790391989.816186
-649387233.6895161
-677823807.2329242
-823504401.4366496
-819548402.5837574
-703234897.621016
-700800786.4993637
-775660571.8177397
-830382152.5870988
-845180210.0719774
-842141773.3495967
-838578131.7776759
-837941907.6755933
-838215033.998251
-838309990.5145513
-838182877.6209321
-838017197.0892844
-837927579.696487
-837921739.1433289
-837941831.7790046
-837957667.595313
-837965454.261905
-837965454.2619119
-837957667.5953279
-837941831.7790136
-837921739.1433284
-837927579.6964796
-838017197.0892777
-838182877.6209239
-838309990.5145441
-838215033.9982437
-837941907.6755929
-838578131.7776792
-842141773.3495998
-845180210.071966
-830382152.5870566
-775660571.8176928
-700800786.499346
-703234897.6210147
-819548402.5837502
-823504401.4366353
-677823807.2328843
-623830478.9844891
-753855812.8080702
-748210364.4252195
-635190537.0294232
-636013758.5650682
-708518375.5139726
-761669183.5730507
-776786829.9717058
-774725626.61951
-771781821.8198743
-771149447.7962348
-771177218.4298158
-771066979.8262626
-770866345.9976822
-770697040.2891778
-770624204.7104403
-770628873.6626127
-770653400.515439
-770671232.9148524
-770680127.0341773
-770680127.0341852
-770671232.9148735
-770653400.5154566
-770628873.6626222
-770624204.7104459
-770697040.2891836
-770866345.997689
-771066979.8262686
-771177218.4298229
-771149447.7962452
-771781821.8198822
-774725626.619513
-776786829.9716923
-761669183.5730171
-708518375.5139368
-636013758.5650619
-635190537.0294272
-748210364.425204
-753855812.8080406
-623830478.9844393
-540192049.5086713
-648152202.3874309
-640491543.7338346
-540553326.1108655
-544431392.6721723
-611395775.4331462
-660119331.7303078
-674331752.132273
-672876712.0674243
-670410668.0049644
-669833695.336236
-669770717.2465665
-669607571.6432551
-669418171.5733075
-669283260.739333
-669234122.1486117
-669245386.1647084
-669269261.08185
-669285723.9869931
-669293858.6829544
-669293858.6829638
-669285723.9870145
-669269261.0818706
-669245386.1647241
-669234122.1486197
-669283260.7393422
-669418171.5733229
-669607571.6432716
-669770717.2465892
-669833695.3362572
-670410668.0049808
-672876712.0674291
-674331752.1322612
-660119331.7302772
-611395775.433118
-544431392.6721702
-540553326.1108702
-640491543.7338166
-648152202.3873978
-540192049.5086201
-437053280.7414745
-521558574.20533824
-514593732.23559105
-434933195.1815554
-441992832.0556302
-499557176.62467825
-540423454.6033375
-552096680.9282717
-550723500.2696943
-548590302.5319765
-548073541.2759482
-547999875.577242
-547860903.6141565
-547716794.7331824
-547621291.9145504
-547590937.1707599
-547604151.5906955
-547624659.5781394
-547638150.3927826
-547644642.384173
-547644642.3841802
-547638150.3928005
-547624659.5781586
-547604151.590709
-547590937.1707686
-547621291.9145598
-547716794.733197
-547860903.6141772
-547999875.5772672
-548073541.2759739
-548590302.5319955
-550723500.2697011
-552096680.9282615
-540423454.6033125
-499557176.6246567
-441992832.05563086
-434933195.18155956
-514593732.235577
-521558574.20531106
-437053280.7414292
-318484040.937956
-377975704.24807334
-371812111.56307423
-314707503.5371555
-323867728.99391997
-369158051.010933
-399965454.28367245
-408147411.6718982
-406616150.2258463
-404787053.49755645
-404350865.57126844
-404306419.6079776
-404221739.8731147
-404130628.80581754
-404070326.699399
-404053474.6884426
-404065644.70406
-404081411.327041
-404091274.3748672
-404095870.4868101
-404095870.48681474
-404091274.3748796
-404081411.3270533
-404065644.70406896
-404053474.68844783
-404070326.6994059
-404130628.80582887
-404221739.87312853
-404306419.60799456
-404350865.57128704
-404787053.49757135
-406616150.22585124
-408147411.67189026
-399965454.28365314
-369158051.01091874
-323867728.99392295
-314707503.53716195
-371812111.56306577
-377975704.2480527
-318484040.9379249
-199689464.5815313
-235335893.11852247
-228835441.1369
-192599350.06553948
-202209558.74652475
-234300747.04526007
-254757182.1132443
-259451337.09687474
-257848188.81699744
-256396181.353006
-256081590.33478552
-256084353.6392923
-256057132.68062136
-256014587.53274205
-255984040.42208657
-255977346.457537
-255987157.97436422
-255997863.19361168
-256004154.8806342
-256006999.66610533
-256006999.66610909
-256004154.88064212
-255997863.1936198
-255987157.97436893
-255977346.45753938
-255984040.42208877
-256014587.53274617
-256057132.680627
-256084353.6392992
-256081590.33479366
-256396181.35301182
-257848188.81699842
-259451337.09686816
-254757182.11323225
-234300747.04525143
-202209558.74652827
-192599350.06554568
-228835441.13689658
-235335893.11851102
-199689464.581513
-100772212.82230262
-117462218.23128688
-110396809.47588754
-90598575.9348938
-98938173.85700642
-118840747.99149069
-130303062.06317726
-132182314.59411398
-130702724.75630379
-129677052.6746269
-129499336.50948304
-129543687.02906623
-129559325.25112984
-129552788.74447246
-129544432.35906452
-129544864.26160355
-129552084.33988106
-129558400.0428293
-129561762.18259332
-129563222.135701
-129563222.13570285
-129561762.18259794
-129558400.04283339
-129552084.33988231
-129544864.26160303
-129544432.35906413
-129552788.74447265
-129559325.25113004
-129543687.02906689
-129499336.50948457
-129677052.6746278
-130702724.75630248
-132182314.59410992
-130303062.06317079
-118840747.9914869
-98938173.85700989
-90598575.93489835
-110396809.47588623
-117462218.2312808
-100772212.82229291
-35535914.011499785
-40461965.79817052
-33742988.56316223
-24755416.11716018
-30626069.57474672
-40920769.4483115
-45873482.22624473
-45978279.69314484
-44800581.023629606
-44178049.18716494
-44116772.58972997
-44182915.95201096
-44219472.101031214
-44232223.96775569
-44236230.940682665
-44240076.87437444
-44244800.90680609
-44247883.47706082
-44249220.13672388
-44249739.67650634
-44249739.67650731
-44249220.13672598
-44247883.477062196
-44244800.90680586
-44240076.87437326
-44236230.94068144
-44232223.96775463
-44219472.10102986
-44182915.95200972
-44116772.58972934
-44178049.18716438
-44800581.02362849
-45978279.69314277
-45873482.22624214
-40920769.44831035
-30626069.574748985
-24755416.117163204
-33742988.56316213
-40461965.79816757
-35535914.011495724
-4526447.599807655
-4400059.557128031
668463.7526539937
3875478.909711897
644297.6093681687
-3444881.0157794897
-4716332.079266361
-4115886.377000587
-3345920.930759318
-3046912.606433036
-3062064.6982019935
-3128778.1966641536
-3166589.808933817
-3183530.695176337
-3190764.769303214
-3194627.9827254154
-3197129.0989050698
-3198193.040782839
-3198407.074289473
-3198424.6469357796
-3198424.6469361447
-3198407.074290151
-3198193.040783122
-3197129.098904646
-3194627.982724637
-3190764.7693025507
-3183530.695175741
-3166589.808933084
-3128778.196663469
-3062064.6982015735
-3046912.606432747
-3345920.9307590425
-4115886.377000192
-4716332.079265906
-3444881.015779595
644297.6093669266
3875478.9097103495
668463.7526536267
-4400059.557127308
-4526447.599806771
3411159.693834671
4440111.298270129
7240679.730484685
8009431.961839179
6693416.127066836
5671170.149442185
5809843.714811987
6382064.504026929
6760039.122218199
6846562.51011156
6798099.028653413
6745303.949008651
6717417.594441288
6704870.054194635
6699592.731216162
6697361.8319443315
6696471.002181424
6696387.612695951
6696590.155456739
6696733.432464738
6696733.432464687
6696590.155456676
6696387.61269603
6696471.002181634
6697361.831944512
6699592.731216236
6704870.054194661
6717417.5944413915
6745303.949008791
6798099.028653443
6846562.510111487
6760039.1222180845
6382064.504026758
5809843.714811773
5671170.149441917
6693416.127066369
8009431.961838584
7240679.730484339
4440111.298270041
3411159.6938344096
2120920.623427002
2636085.448785407
3601420.4636742854
3602744.5180251393
3236621.0683378447
3221957.645863467
3539316.9943191437
3827173.167087828
3937615.0767770344
3922714.3475593487
3874161.660069282
3840245.053166516
3824307.0674206326
3817781.7039827714
3815387.4087104686
3814661.3355028667
3814591.9622057434
3814794.7654569875
3815019.5930031864
3815143.7929948103
3815143.792994832
3815019.593003261
3814794.7654570485
3814591.9622057835
3814661.335502825
3815387.408710372
3817781.7039826605
3824307.0674205692
3840245.0531664733
3874161.660069226
3922714.3475592835
3937615.0767769627
3827173.167087688
3539316.9943190035
3221957.645863413
3236621.068337881
3602744.518025132
3601420.4636742133
2636085.4487852594
2120920.6234267284
92709.45913572726
160660.42724996782
212941.24911655975
76499.73598814197
5173.692217768519
102083.69691059768
243472.0047762536
310930.5101496597
302458.4399123137
264549.7962526124
231804.34101703996
214090.72719472076
206855.0048787509
204364.22552330652
203709.3782956089
203683.6583975266
203833.5822782768
204005.19241373613
204131.66991604783
204194.07499558455
204194.07499560178
204131.6699160952
204005.19241377607
203833.58227826993
203683.65839748876
203709.37829554093
204364.22552324226
206855.0048787042
214090.7271946926
231804.34101702645
264549.7962526111
302458.43991230836
310930.5101496432
243472.0047762642
102083.6969106847
5173.692217930802
76499.73598829145
212941.24911661143
160660.4272499308
92709.45913564519
-516759.24973549024
-566762.1106287806
-726110.1043589034
-828212.048685302
-857881.8527799016
-838339.9378243876
-826104.1853290308
-842619.8747181138
-873113.7872490025
-899946.1261314774
-916294.9031904396
-923729.5129046505
-926356.6202799693
-927062.2291920704
-927126.7363116569
-927026.4530853147
-926917.2956706139
-926837.4983608616
-926790.7727972898
-926770.3134523586
-926770.3134523546
-926790.7727972809
-926837.4983608578
-926917.2956706252
-927026.4530853322
-927126.7363116723
-927062.2291920875
-926356.6202799839
-923729.5129046562
-916294.903190434
-899946.1261314632
-873113.7872489856
-842619.8747180931
-826104.1853289888
-838339.9378243173
-857881.8527798059
-828212.0486852105
-726110.1043588596
-566762.1106287816
-516759.2497354859
-363202.99528148957
-390382.2161732507
-493818.517569856
-543856.6038439522
-572135.7269974867
-591329.5589392707
-612061.3633085839
-634624.8591000215
-653482.0676137123
-665633.129498191
-671798.7004203517
-674265.710847153
-675031.2819812121
-675187.6777542259
-675169.2012647867
-675120.0695613383
-675080.4201456278
-675056.497938939
-675045.203598878
-675041.3385300671
-675041.338530071
-675045.203598882
-675056.4979389436
-675080.4201456314
-675120.0695613457
-675169.2012647918
-675187.6777542306
-675031.2819812133
-674265.7108471512
-671798.7004203447
-665633.1294981873
-653482.0676137059
-634624.8591000141
-612061.3633085698
-591329.558939253
-572135.7269974696
-543856.6038439373
-493818.51756984886
-390382.2161732472
-363202.99528147234
-146859.5860671126
-147806.7749578013
-181469.0201022309
-199869.7987052447
-219570.80457385466
-237408.47267885396
-251509.12949239905
-262070.6557092083
-269096.1102195921
-272996.4463478904
-274755.4796169747
-275396.2000786582
-275580.9691666366
-275617.4290598932
-275615.8790098239
-275607.74787449196
-275600.30163033353
-275595.5705430935
-275593.8786408155
-275593.8292784891
-275593.8292784904
-275593.87864081876
-275595.57054309687
-275600.30163033586
-275607.7478744937
-275615.87900982413
-275617.4290598924
-275580.9691666342
-275396.2000786563
-274755.4796169765
-272996.4463478944
-269096.11021959694
-262070.65570921084
-251509.1294924037
-237408.47267886228
-219570.8045738684
-199869.79870525695
-181469.02010223537
-147806.77495779778
-146859.58606710043
-42902.649007739135
-37929.924248007126
-42822.72562577999
-48355.72260891655
-58132.056871369554
-66407.85021807515
-71304.61705944751
-74147.41096094751
-75864.32536713147
-76775.04318669689
-77162.22710810087
-77298.93955073596
-77342.17707474243
-77355.76911145692
-77361.13187377834
-77363.12124903024
-77362.73406536994
-77361.66891301365
-77361.2996436905
-77361.48015150745
-77361.48015150848
-77361.29964369239
-77361.6689130151
-77362.73406536986
-77363.12124903029
-77361.13187377815
-77355.76911145585
-77342.17707474116
-77298.93955073584
-77162.22710810309
-76775.04318670035
-75864.32536713521
-74147.41096095098
-71304.6170594529
-66407.85021808409
-58132.05687138179
-48355.72260892617
-42822.725625782434
-37929.92424800362
-42902.64900773286
-9934.370130348094
-7008.482068149417
-6246.587293933737
-7891.879699714003
-11637.782083316404
-14172.464409516775
-15041.749582212673
-15352.881488887233
-15599.009455735204
-15767.644527892578
-15846.63414126499
-15878.47475059824
-15891.809315453062
-15897.614189244083
-15900.503476688507
-15901.612307959444
-15901.297171551116
-15900.58351361788
-15900.277221094111
-15900.31024802634
-15900.310248026566
-15900.277221094726
-15900.583513618125
-15901.297171550927
-15901.612307959174
-15900.503476688336
-15897.614189243654
-15891.809315452254
-15878.474750598176
-15846.634141266099
-15767.644527894032
-15599.009455736032
-15352.881488887879
-15041.749582214223
-14172.46440952016
-11637.782083321134
-7891.879699717274
-6246.587293933582
-7008.482068146925
-9934.370130345309
-1838.1806040094298
-942.089009488489
-392.8682688922527
-974.6325478328613
-2104.198800570936
-2566.2901951328613
-2470.597420616867
-2364.8498833211856
-2377.2562458144944
-2418.413163668268
-2443.090115677697
-2454.6661960162874
-2459.8076558938337
-2461.5840855445194
-2462.019992691241
-2461.8598001781575
-2461.3452661799297
-2460.8768024104547
-2460.6958000052064
-2460.694865128293
-2460.69486512841
-2460.695800005387
-2460.8768024104347
-2461.3452661797464
-2461.859800178044
-2462.0199926911655
-2461.5840855442602
-2459.8076558934035
-2454.6661960160836
-2443.090115677839
-2418.413163668332
-2377.256245814137
-2364.84988332062
-2470.5974206165647
-2566.2901951332046
-2104.1988005717367
-974.6325478332164
-392.8682688914955
-942.0890094872284
-1838.180604008493
-215.7381889664831
-86.41061869896146
2.0894779122997136
-213.16022156371116
-462.67653655122535
-447.019984658256
-311.97775612847573
-247.8667808204499
-254.73656281613393
-274.533362357428
-285.7675568819793
-290.54900170273675
-292.2152471744222
-292.38199609816775
-292.0883871156435
-291.73373166347244
-291.41346943765944
-291.2169155222059
-291.1613290860404
-291.1689014978014
-291.1689014978431
-291.16132908608694
-291.21691552216106
-291.413469437578
-291.7337316634503
-292.08838711564204
-292.38199609807316
-292.2152471742352
-290.5490017025721
-285.76755688186233
-274.53336235722577
-254.73656281575484
-247.86678081995404
-311.9777561280039
-447.0199846579409
-462.6765365510847
-213.16022156352568
2.089477912710123
-86.41061869854627
-215.73818896627807
12.043067978560016
-4.4888824301875765
-26.20643191828904
-90.70553278128325
-117.8945477840675
-68.87289873896522
-14.540689779724488
-0.9575257465450022
-10.890390060175939
-20.878291625827664
-25.450477876681923
-26.964312327457712
-27.241761176365173
-27.053118529613897
-26.80089851786221
-26.614749869775395
-26.501687143372834
-26.45657104197388
-26.456789656483416
-26.467378701200666
-26.467378701219744
-26.45678965650208
-26.456571041952145
-26.501687143346842
-26.614749869787794
-26.800898517885763
-27.053118529603083
-27.24176117632232
-26.96431232740747
-25.450477876623445
-20.87829162573575
-10.890390060034015
-0.9575257463648157
-14.540689779527284
-68.87289873879052
-117.89454778394595
-90.7055327811911
-26.20643191817964
-4.4888824300739945
12.04306797855211
10.567231795104101
-1.6941461365282264
-16.526026901032754
-28.164450566575706
-21.338918835632185
-0.7417026403743456
11.50392291379401
9.696574473701311
3.4293633963283954
-0.5608168414303019
-1.9685022801742749
-2.2387091582987653
-2.1607203531602766
-2.0127845795265706
-1.9022968860989269
-1.8458154709743617
-1.8269534285157039
-1.829732461037588
-1.8397788438898006
-1.8466464599914842
-1.8466464599986727
-1.8397788438942149
-1.8297324610225636
-1.8269534285026325
-1.8458154709825672
-1.902296886115049
-2.0127845795370054
-2.160720353170089
-2.23870915831092
-1.9685022801818821
-0.5608168414295924
3.42936339633853
9.696574473720933
11.503922913822562
-0.7417026403426679
-21.33891883560753
-28.164450566564383
-16.526026901024863
-1.69414613650825
10.567231795066787
-1.3958666404961888
-2.1849931210965425
-5.095325423842713
-4.114153691181693
1.0357327416004982
6.030664599313644
6.5643445957916455
3.8230241351171825
1.1710114721640958
-0.08246678970484522
-0.386948190683716
-0.3608086258153183
-0.275332114422458
-0.207256569557219
-0.17282771331015823
-0.16427566837417884
-0.16860482321532125
-0.17641878932953253
-0.1824878011061738
-0.18528153433589722
-0.18528153433654332
-0.18248780110064042
-0.17641878931300958
-0.1686048232020405
-0.16427566837438223
-0.17282771331647961
-0.20725656956446067
-0.27533211443508554
-0.3608086258331613
-0.38694819070179237
-0.08246678972195542
1.171011472148991
3.8230241351039895
6.564344595779248
6.030664599304421
1.035732741597784
-4.11415369118299
-5.095325423843953
-2.184993121082669
-1.395866640521838
-3.99541799214942
-1.9370173022824893
-1.5291107656332947
0.5237918147900249
2.580690691616423
3.199018557531328
2.306924400855709
0.9880557210823724
0.12343949262467402
-0.19393728929082424
-0.22908738825514008
-0.18781930323424836
-0.14634737175779267
-0.1215348779687864
-0.11287935676829398
-0.11425409533405273
-0.1190938033327375
-0.12320825444974767
-0.1252528224354873
-0.12581922361795803
-0.12581922361675923
-0.1252528224283018
-0.12320825443604333
-0.1190938033230266
-0.11425409533397285
-0.11287935677102606
-0.12153487796987492
-0.1463473717606784
-0.18781930324044868
-0.22908738826324573
-0.193937289299514
0.12343949261660536
0.9880557210737608
2.3069244008446166
3.199018557521263
2.580690691614203
0.5237918147924727
-1.5291107656295884
-1.9370173022667134
-3.9954179921643904
-3.231451398602701
-1.5661392967527
-1.0288064743712373
0.3026980101420962
1.1740886577010965
1.1525959164971789
0.6649630182149308
0.21698627517039437
-0.0171477540811088
-0.08362729172581543
-0.08028514838118465
-0.06132377573872523
-0.045683532772852656
-0.036918940873125805
-0.03456983335905783
-0.03611805331648574
-0.03855713667440977
-0.03998598084553083
-0.04018619063649463
-0.03994390540555384
-0.03994390540512298
-0.040186190632686775
-0.039985980838221
-0.038557136670422806
-0.036118053318496296
-0.034569833360967334
-0.03691894087162895
-0.04568353277114391
-0.0613237757392098
-0.08028514838315398
-0.08362729172788341
-0.017147754082648847
0.2169862751673447
0.6649630182081361
1.1525959164898678
1.1740886576988139
0.30269801014463615
-1.0288064743681722
-1.5661392967526635
-3.231451398610983
-2.2627931638783307
-1.0838528886245176
-0.9032017611949374
-0.06371602834566192
0.4627529609957323
0.4658608168515327
0.29466056136776064
0.16251479482151238
0.10998160286289405
0.09653637155327352
0.10025999451050538
0.1068852764733626
0.11301917025976511
0.11681496950661138
0.11789555973239635
0.1171013799740414
0.11599909552512845
0.11565221350802925
0.11600023430267245
0.11641211697433651
0.11641211697394083
0.11600023430341865
0.11565221351065577
0.11599909552576237
0.11710137997168896
0.11789555973123092
0.11681496950817175
0.11301917026097186
0.10688527647257354
0.10025999450924256
0.0965363715532413
0.10998160286386761
0.16251479482103193
0.29466056136388225
0.46586081684614855
0.4627529609924994
-0.06371602834615431
-0.9032017611944643
-1.083852888623954
-2.2627931638816046
-1.6686413035406535
-0.9636047382732468
-0.8894193092350972
-0.28698135217881326
0.08018883850515575
0.1263631627875491
0.05182970780532149
0.011123524828674847
-0.002970804448397729
-0.0032868838175048876
-0.0016505124618046707
0.0016424796607468622
0.004814966555643577
0.007065824508535712
0.007789450441239021
0.00732505086929823
0.0067568335745277625
0.006739545457637497
0.0071677194460367105
0.0075421920204815085
0.007542192019918806
0.007167719445764539
0.006739545458505414
0.006756833574503657
0.0073250508679713056
0.0077894504409977
0.007065824509727717
0.004814966555923242
0.0016424796593626223
-0.0016505124631125273
-0.0032868838172376014
-0.00297080444694027
0.011123524829383544
0.05182970780379836
0.1263631627844836
0.08018883850237254
-0.28698135218045057
-0.8894193092353914
-0.9636047382721145
-1.6686413035405365
-1.3902138038457932
-0.8661331037803608
-0.8845236253881981
-0.4295034075598305
-0.14696827481552371
-0.11392673542884585
-0.16258288015444414
-0.18620821993739317
-0.19007073685912568
-0.1885062258825695
-0.18660580875620314
-0.18438049011053437
-0.1822049064174268
-0.18065687063282487
-0.1801694609878778
-0.18048518000289052
-0.1808339553196366
-0.18075433467107566
-0.1803780379291048
-0.18007882652994678
-0.1800788265303046
-0.18037803792927626
-0.18075433467047086
-0.18083395531933472
-0.18048518000317848
-0.18016946098749778
-0.18065687063178815
-0.1822049064171898
-0.18438049011141439
-0.18660580875698185
-0.18850622588229154
-0.19007073685800333
-0.186208219936391
-0.16258288015444983
-0.11392673542991485
-0.1469682748171281
-0.42950340756086636
-0.8845236253881763
-0.8661331037809263
-1.3902138038442189
-1.313672014772807
-0.8163747849603722
-0.8140103007006443
-0.5570261040657856
-0.2869100610894644
-0.28103246613784505
-0.30805031993918996
-0.3271184487805835
-0.32663586982088444
-0.32618167386580127
-0.3239862826530856
-0.32237577366074416
-0.3207131626457934
-0.3194134480757058
-0.31907062771518585
-0.3192217790427522
-0.3194339866796986
-0.31930435640455246
-0.31899963331102177
-0.3187698544182611
-0.31876985441838546
-0.3189996333108839
-0.3193043564038861
-0.31943398667903866
-0.31922177904234195
-0.3190706277145452
-0.31941344807481487
-0.32071316264532435
-0.3223757736608278
-0.323986282653164
-0.32618167386551544
-0.32663586982021986
-0.3271184487797816
-0.30805031993865806
-0.2810324661379636
-0.2869100610901536
-0.5570261040664836
-0.8140103007004997
-0.8163747849594465
-1.3136720147711574
-1.2227825737001201
-0.6161832468171001
-0.8360489418349993
-0.41364557265921653
-0.24948754170033527
-0.15749778126603844
-0.17241527308093185
-0.1799356048996298
-0.18091607487044098
-0.1800647202108811
-0.1789709077305263
-0.17747928975590854
-0.17575188212174092
-0.17464618655546876
-0.17412522351979154
-0.17414750653155706
-0.174186805925667
-0.17402068155950118
-0.17374996666112538
-0.17357014510101404
-0.173570145101002
-0.1737499666608899
-0.17402068155888634
-0.17418680592494684
-0.17414750653091335
-0.1741252235191264
-0.17464618655480274
-0.17575188212121848
-0.17747928975555974
-0.1789709077302586
-0.180064720210611
-0.18091607487014022
-0.1799356048992324
-0.17241527308056392
-0.15749778126593408
-0.24948754170059573
-0.41364557265958013
-0.8360489418349488
-0.6161832468166394
-1.2227825736991949
-0.838495470243594
-0.4542620545754096
-0.4895591520839915
-0.23904100994744867
-0.051867418244407895
0.024422120084935037
0.035207464432189334
0.03704778959457458
0.03600200279368779
0.03590604947638315
0.03657372802199556
0.03807206810754238
0.039647156740781384
0.04085176438447034
0.04150443794776715
0.04166252276581141
0.041733052637838844
0.04191903382688986
0.042174623223011576
0.042340609740994545
0.04234060974100866
0.04217462322316448
0.041919033827281016
0.04173305263834422
0.041662522766287985
0.04150443794821329
0.04085176438488258
0.039647156741127176
0.03807206810785549
0.03657372802227074
0.035906049476550184
0.03600200279374857
0.03704778959464265
0.035207464432310445
0.024422120084995835
-0.05186741824451141
-0.23904100994762584
-0.4895591520840374
-0.4542620545752283
-0.8384954702433074
-0.19901112539271948
-0.6133323875830978
0.0019525463853929392
-0.2144469784344608
0.06682770801828884
0.06830973667110173
0.09467788654437982
0.10100829118034534
0.09708245843549357
0.09745968470492544
0.09726671690516957
0.09890338486091414
0.09975509441749772
0.10097426671802306
0.10155180114853701
0.10175180116235844
0.10181193476754481
0.10194601774220138
0.10216837862698329
0.10232194012980365
0.10232194012981052
0.10216837862701042
0.10194601774234713
0.1018119347677585
0.10175180116257414
0.10155180114875555
0.1009742667181475
0.09975509441766098
0.09890338486103778
0.09726671690530163
0.09745968470493566
0.09708245843543487
0.1010082911802756
0.09467788654430156
0.06830973667118724
0.06682770801823726
-0.2144469784344999
0.0019525463853433678
-0.6133323875830505
-0.1990111253927455
0.1569055612590383
-0.09632574689427648
-0.0750720263644411
0.20262688979679222
0.3770179681521015
0.408806823036433
0.4066469481073276
0.40762618062908973
0.40778229028264046
0.40737653124045603
0.4093436978114656
0.4110571206024133
0.4125982345084455
0.413701369108043
0.41459116397889706
0.41468223409618654
0.41474727538521183
0.41487862468019815
0.4151407794743736
0.41531309196089994
0.41531309196089095
0.4151407794743587
0.414878624680199
0.41474727538524164
0.41468223409623856
0.4145911639789383
0.41370136910805566
0.4125982345084568
0.4110571206024342
0.40934369781147356
0.4073765312404177
0.40778229028254953
0.4076261806289936
0.40664694810727386
0.40880682303642535
0.3770179681520819
0.2026268897967738
-0.07507202636448573
-0.09632574689437029
0.15690556125899457
