1600
-753.2769301673632
-1327.8087333294793
-1693.796121795676
-1802.1232933854067
-1810.167430991667
-1814.5705104973676
-1829.084701259422
-1838.3699073654293
-1842.0770997941036
-1842.877738754772
-1843.0885913534235
-1842.8829557657982
-1842.6361928171573
-1842.4579759227422
-1842.366599027132
-1842.3308290779132
-1842.330514155004
-1842.335022351618
-1842.3369420739791
-1842.3378266109992
-1842.3378266109999
-1842.3369420739868
-1842.335022351624
-1842.3305141550113
-1842.3308290779148
-1842.3665990271206
-1842.4579759227108
-1842.6361928171245
-1842.882955765786
-1843.088591353434
-1842.877738754798
-1842.0770997941213
-1838.369907365413
-1829.0847012593745
-1814.5705104973401
-1810.1674309917057
-1802.1232933854621
-1693.796121795685
-1327.8087333294325
-753.2769301673052
-683.0935182650836
0.8737638702716595
180.47730394696367
121.59529738388363
231.8480071635262
136.28959795774287
188.6940370000833
131.93355629544777
160.51844094505145
145.97819567220847
152.03688388454327
149.6970839379868
150.70376797058069
150.4246889937379
150.5366791020162
150.58950033164115
150.56578958343823
150.57839909210566
150.56302521954646
150.5688905727422
150.5688905727652
150.563025219559
150.57839909204023
150.56578958347006
150.58950033168395
150.53667910197834
150.42468899377573
150.70376797050656
149.6970839379523
152.03688388457653
145.97819567219528
160.51844094500015
131.93355629559082
188.69403700002786
136.28959795745936
231.84800716378786
121.59529738396094
180.47730394701438
0.8737638701566084
-683.0935182650333
-259.5877242430971
-139.73112220481627
-210.10772237027916
41.25536389702779
145.1397946546631
189.26285540323104
187.09819280977536
180.66901678648304
181.07968927917918
180.498918420003
180.86792715343245
180.90974092847392
181.11201319468918
181.1583527924706
181.2208330256758
181.2332095825349
181.23039634568687
181.22708248414935
181.2241691349094
181.22367610686746
181.22367610686564
181.2241691349057
181.22708248414307
181.23039634568485
181.2332095825383
181.22083302567557
181.158352792469
181.11201319467568
180.90974092845624
180.8679271534156
180.4989184199894
181.07968927917025
180.66901678648316
187.09819280977882
189.2628554032262
145.13979465466525
41.25536389703011
-210.10772237026038
-139.73112220480246
-259.5877242430753
88.9235057283835
41.052645227184136
290.422406169178
464.59695740158617
568.1382082743884
614.8358512165057
619.1979667373172
628.8640853229771
625.2637491940743
627.3452988378647
626.3489696811647
626.7952150542573
626.7574839952506
626.8881870147485
626.9029592076085
626.8996068299729
626.9031448482126
626.8950961382856
626.8957400965513
626.8944141898498
626.8944141898501
626.8957400965476
626.8950961382891
626.9031448482099
626.8996068299682
626.9029592076109
626.8881870147346
626.7574839952393
626.7952150542426
626.3489696811498
627.3452988378624
625.2637491940778
628.864085322957
619.1979667373121
614.8358512165255
568.1382082743571
464.59695740159117
290.4224061691843
41.05264522720262
88.92350572837934
195.97303055754904
227.54185476463903
404.9393785477915
450.9734571354118
491.3054311902551
509.6076133269783
518.811503296586
525.7026503930238
523.6746245745929
523.7407658653088
522.9649476263198
523.1667928927034
523.1940023449758
523.2789473606356
523.2853834972709
523.2810940022466
523.2800532648002
523.2761681540197
523.2767658857982
523.2762805140221
523.2762805140235
523.2767658858
523.2761681540233
523.2800532648
523.2810940022415
523.2853834972659
523.2789473606246
523.1940023449711
523.1667928927025
522.9649476263238
523.7407658653178
523.6746245745996
525.7026503930126
518.8115032965734
509.60761332697564
491.3054311902436
450.97345713541586
404.9393785477903
227.54185476463698
195.97303055753304
196.4485370222
306.82091200821026
359.1687077892934
338.26417184075376
313.3932183474985
308.67700462949404
312.93773938972356
315.0063396664007
313.81949508623336
312.7304000329838
312.38833938378207
312.46674262399006
312.5470651371322
312.58013342443707
312.58008431369524
312.5723422352712
312.5681804487555
312.5677789131264
312.56871074185034
312.569176711586
312.5691767115884
312.568710741856
312.5677789131326
312.5681804487607
312.5723422352729
312.5800843136916
312.58013342443076
312.54706513713006
312.4667426239963
312.38833938379486
312.7304000329993
313.81949508624314
315.00633966639657
312.937739389707
308.67700462948187
313.3932183475023
338.2641718407651
359.16870778929183
306.82091200819644
196.44853702218055
202.7334477738933
345.69157398183006
378.5297540474983
334.6733061479974
286.5013910998358
269.3065280906004
269.2696101618469
269.7635567153659
269.4453577224223
268.8986250942386
268.9490826308862
269.0042316838776
269.0270248941076
269.00590627099984
268.9832177244428
268.96746909927157
268.96268607032005
268.9642001992545
268.9661021001798
268.96716065635405
268.96716065635565
268.96610210018343
268.96420019925915
268.9626860703261
268.9674690992765
268.9832177244426
269.005906270996
269.0270248941028
269.00423168387937
268.94908263089627
268.8986250942528
269.4453577224328
269.76355671536317
269.26961016182906
269.30652809058773
286.5013910998493
334.673306148017
378.5297540475024
345.69157398181653
202.7334477738734
218.87854632461327
376.5516811882527
423.69478160801634
380.23536049225265
327.80936542869404
307.0934511882597
306.0914089235033
307.79420105312835
308.7791041561428
309.16289912323657
309.38601721189514
309.36093604776033
309.27677516154824
309.20182494569895
309.1556225021695
309.13497139383844
309.13204861143197
309.13514564807025
309.13767662759994
309.13886242358876
309.1388624235891
309.1376766276005
309.13514564807167
309.1320486114347
309.1349713938421
309.1556225021691
309.20182494569383
309.2767751615398
309.3609360477557
309.3860172118988
309.16289912324646
308.77910415615037
307.79420105312295
306.091408923485
307.0934511882491
327.8093654287104
380.23536049227715
423.6947816080208
376.5516811882371
218.8785463245912
225.84052160648886
386.6311502516142
442.0407458190948
401.05969340367824
349.276356168804
329.1122594467355
329.36148776008076
332.75477942766395
334.7424202053901
335.5847293345977
335.78290035432263
335.64813138606496
335.4820558932213
335.375494676128
335.3215864791091
335.3038432521374
335.30477360618903
335.3092500439177
335.31183036634684
335.31281319666164
335.312813196662
335.3118303663469
335.30925004391804
335.30477360618994
335.3038432521378
335.3215864791067
335.375494676121
335.4820558932122
335.6481313860587
335.7829003543247
335.5847293346043
334.74242020539594
332.7547794276577
329.36148776006223
329.1122594467256
349.27635616881923
401.05969340370166
442.04074581909845
386.6311502515982
225.84052160646496
218.6438929240389
372.53132102104007
427.30148779649414
388.8487342255755
340.5624463257173
322.94304966768766
324.74511898746704
329.055061397812
331.3745481990891
332.26190525507485
332.3835634600987
332.189384752611
331.99722405976905
331.88896218219134
331.8417841959116
331.83076117233367
331.83502375806745
331.840105559107
331.84237832180975
331.84307015356956
331.84307015357
331.8423783218111
331.8401055591072
331.83502375806773
331.8307611723329
331.8417841959075
331.88896218218383
331.99722405976183
332.189384752608
332.38356346010266
332.2619052550824
331.374548199095
329.05506139780687
324.7451189874508
322.943049667678
340.5624463257316
388.8487342255967
427.3014877964969
372.53132102102506
218.6438929240165
198.7522802987498
337.49250704283156
387.16663203373037
352.96679307976456
310.72569561040984
296.3148772637176
298.9111670195507
303.1803782806148
305.31643892799786
306.0748186176227
306.14509563146134
305.9505912929148
305.7730369249888
305.6797217248286
305.64299848971183
305.6368054869291
305.6420048848976
305.64667224577266
305.64849615621927
305.648962241512
305.6489622415133
305.6484961562215
305.6466722457743
305.6420048848985
305.6368054869289
305.6429984897087
305.67972172482314
305.7730369249847
305.9505912929153
306.1450956314678
306.0748186176325
305.31643892800537
303.180378280612
298.91116701953774
296.3148772637094
310.72569561042235
352.96679307978206
387.166632033733
337.4925070428176
198.7522802987299
167.52535419354388
284.07041211738317
325.774039673551
297.3026135409116
262.8240956770306
251.76303746830254
254.4497057187082
258.0912552453407
259.796029245131
260.36682111313326
260.4012051186931
260.23288401645345
260.0858801054119
260.0116556115738
259.98383368333907
259.9797412106524
259.9841263413703
259.98782210057834
259.9892044650469
259.98953501512966
259.9895350151307
259.9892044650487
259.9878221005806
259.9841263413716
259.97974121065306
259.98383368333737
260.01165561156984
260.0858801054098
260.2328840164553
260.40120511870043
260.3668211131426
259.7960292451381
258.0912552453386
254.4497057186969
251.76303746829612
262.8240956770413
297.30261354092704
325.77403967355326
284.0704121173733
167.52535419352708
127.83420557517427
217.1882050776307
248.81756528317814
226.78304231775866
201.02023072922012
193.44675568891796
195.9728896659562
198.81382991070626
200.0364256899638
200.41150027848994
200.41344030945476
200.27824226158722
200.16609709705565
200.11141198756607
200.09147987570975
200.08866889969977
200.09192907914218
200.0946521584094
200.09567991278846
200.0959371075646
200.0959371075652
200.09567991279
200.094652158411
200.09192907914434
200.08866889970133
200.09147987570952
200.11141198756366
200.16609709705386
200.27824226158856
200.41344030946
200.41150027849673
200.03642568996844
198.81382991070444
195.9728896659477
193.44675568891347
201.0202307292288
226.7830423177714
248.81756528318084
217.18820507762325
127.83420557516206
85.18070938198935
145.99467340577957
166.83943193921635
151.18184417636166
134.06663926473772
129.83382233256287
132.12830607010403
134.19187919798327
134.97616647448012
135.17922882526346
135.1561014495095
135.05606945078011
134.979094869516
134.94349153192826
134.93120002574835
134.92985754666014
134.9322903892039
134.93422917096433
134.934979631362
134.935186799142
134.93518679914274
134.93497963136318
134.93422917096566
134.9322903892055
134.92985754666137
134.93120002574807
134.94349153192596
134.9790948695137
135.05606945077992
135.15610144951197
135.17922882526733
134.97616647448262
134.1918791979813
132.12830607009784
129.8338223325597
134.06663926474383
151.1818441763707
166.8394319392185
145.99467340577488
85.1807093819815
46.69666959469967
82.00784654519002
93.15364187038652
83.04999061467726
73.28212646350882
71.67949168527727
73.61342995018029
74.97563172569183
75.4021033508277
75.47492212036815
75.43822392623137
75.37168875836332
75.32614480948064
75.30724026309153
75.30168893879744
75.30180936586288
75.30366548069568
75.30497947094528
75.30549284687639
75.30564699136013
75.30564699136053
75.30549284687702
75.30497947094577
75.30366548069651
75.30180936586375
75.30168893879718
75.30724026309005
75.32614480947876
75.3716887583624
75.43822392623215
75.47492212036994
75.40210335082898
74.97563172569072
73.61342995017664
71.67949168527535
73.28212646351253
83.04999061468263
93.15364187038784
82.0078465451873
46.696669594695265
18.640133385158006
35.0628750193294
39.17383065792671
33.323270619948744
28.75411719383259
28.702801916851527
30.12408509211948
30.899756820667022
31.070294789796353
31.06334993154063
31.025086234509146
30.9863129471672
30.964563764756043
30.957773037374878
30.9569642762676
30.958041578302737
30.959404921837177
30.960218601409274
30.960530698973102
30.960629550800736
30.96062955080092
30.960530698973347
30.96021860140946
30.959404921837486
30.958041578303007
30.95696427626755
30.957773037374054
30.964563764754892
30.986312947166514
31.02508623450941
31.063349931541396
31.07029478979703
30.89975682066659
30.12408509211771
28.70280191685054
28.754117193834475
33.32327061995149
39.17383065792734
35.06287501932807
18.64013338515599
3.3686157198170728
8.753384956637959
9.106208884703012
6.14498462637671
4.547270317136817
5.0497512885612466
5.91170461288845
6.262625671283713
6.286645075395295
6.248438074520605
6.218279566858273
6.1994261026979744
6.192299017220384
6.1921405861979615
6.193571681734728
6.194853484150012
6.195733347792536
6.196171331735901
6.196336226236623
6.196391710984599
6.196391710984683
6.196336226236735
6.196171331735897
6.19573334779257
6.194853484150146
6.1935716817347455
6.192140586197695
6.192299017219985
6.199426102697771
6.218279566858415
6.248438074520977
6.286645075395654
6.262625671283642
5.9117046128878314
5.049751288560924
4.547270317137626
6.144984626377837
9.106208884703234
8.753384956637412
3.3686157198163986
-1.671682223993025
-0.9254610192916821
-1.6984733089800288
-2.9219774318865435
-3.2141463963709436
-2.746869828895835
-2.3380538905774295
-2.2321372231450756
-2.2629315930950455
-2.298721636284064
-2.3164916027075075
-2.323213350569616
-2.323548753075958
-2.3215284655700015
-2.3198264768028185
-2.318891872168715
-2.318439670399372
-2.318245110632195
-2.3181653481143987
-2.318134033038567
-2.3181340330385547
-2.31816534811438
-2.318245110632235
-2.3184396703994006
-2.318891872168687
-2.3198264768027927
-2.3215284655700406
-2.3235487530760244
-2.323213350569639
-2.3164916027074414
-2.2987216362839415
-2.2629315930949003
-2.2321372231450267
-2.3380538905775565
-2.746869828895906
-3.2141463963707064
-2.9219774318862153
-1.698473308979976
-0.9254610192918613
-1.6716822239931348
-1.5800419326954438
-1.8956290424508737
-2.4882262324110753
-2.821624755046709
-2.7237978597218886
-2.460066786413944
-2.3180627665180227
-2.311331827739222
-2.3430437062065916
-2.363448191690345
-2.370555272824695
-2.3714081819478063
-2.369817489149072
-2.3679712592612785
-2.3668604875586414
-2.3664001194776523
-2.3662377273192985
-2.366167074806927
-2.3661234194160032
-2.366101322279542
-2.3661013222795404
-2.3661234194160086
-2.3661670748069508
-2.3662377273193265
-2.3664001194776576
-2.3668604875586228
-2.367971259261255
-2.36981748914906
-2.3714081819477943
-2.3705552728246837
-2.3634481916903374
-2.3430437062065645
-2.31133182773919
-2.3180627665180236
-2.46006678641396
-2.723797859721878
-2.8216247550466838
-2.4882262324110904
-1.8956290424509104
-1.5800419326953965
-0.4644271949143822
-0.6491893143766692
-0.8407724143629937
-0.8267299611172074
-0.695229694320906
-0.5845448066773002
-0.5517271520835008
-0.5638622044167174
-0.5800096892071998
-0.5872622835839857
-0.588444786790431
-0.5874236777517254
-0.5859717852399909
-0.5848824468678875
-0.5843654441723374
-0.584220100284137
-0.584192442009085
-0.584165102945523
-0.5841322364000994
-0.5841132403077354
-0.5841132403077363
-0.5841322364001049
-0.5841651029455321
-0.5841924420090937
-0.5842201002841394
-0.5843654441723272
-0.5848824468678715
-0.5859717852399751
-0.5874236777517186
-0.5884447867904418
-0.587262283584005
-0.5800096892072102
-0.5638622044167128
-0.5517271520834975
-0.5845448066773185
-0.6952296943209505
-0.8267299611172509
-0.8407724143630169
-0.6491893143766673
-0.46442719491433615
0.08367319441230353
0.09432031637259793
0.10403194722659688
0.1885422646371619
0.272432668785229
0.3122593606099813
0.31703465030418027
0.31076866301195816
0.30629765874725134
0.305302829043527
0.30600452104360126
0.307069582752362
0.30796701529611614
0.30850821434742015
0.30871061732307825
0.30873282942856317
0.30872670224075094
0.3087459793482139
0.3087740193355082
0.30878981641056
0.3087898164105582
0.3087740193355066
0.3087459793482117
0.3087267022407518
0.3087328294285637
0.308710617323082
0.30850821434742637
0.307967015296123
0.3070695827523635
0.30600452104359377
0.3053028290435138
0.3062976587472404
0.31076866301195416
0.3170346503041773
0.3122593606099657
0.27243266878519856
0.1885422646371307
0.1040319472265864
0.09432031637260693
0.08367319441232766
0.12333722689646484
0.18278589072444942
0.2237946858487247
0.28593331673240097
0.32928992705837057
0.34432086134438317
0.3457309078717129
0.34491803632284057
0.34485005631635945
0.34536834009420503
0.3460803397855343
0.34675055414774525
0.34725308638755653
0.3475352786871275
0.3476274810844441
0.34762753372237687
0.3476238277280026
0.34764111370105283
0.34766240260465775
0.34767350406972736
0.34767350406972747
0.34766240260465764
0.3476411137010532
0.34762382772800277
0.347627533722377
0.34762748108444463
0.34753527868712886
0.3472530863875584
0.34675055414774464
0.346080339785532
0.3453683400942014
0.34485005631635673
0.34491803632283946
0.3457309078717106
0.3443208613443767
0.3292899270583599
0.28593331673239336
0.2237946858487269
0.1827858907244569
0.12333722689647629
0.033488471469451206
0.07590910298855374
0.09706452278464378
0.1305065779869125
0.1524869052269688
0.15947389087359515
0.1606922835623435
0.1613004183309765
0.16183710874217583
0.16222356588285322
0.16259538933454884
0.1629700610445124
0.16327225745294535
0.16344853238992652
0.16350844163686173
0.16351143996583453
0.16351230217520346
0.16352487587475534
0.16353807183275915
0.1635443330625161
0.16354433306251603
0.16353807183275956
0.16352487587475514
0.16351230217520324
0.16351143996583464
0.16350844163686157
0.16344853238992652
0.16327225745294516
0.16297006104451248
0.1625953893345486
0.16222356588285403
0.16183710874217688
0.16130041833097825
0.16069228356234538
0.15947389087359629
0.15248690522696912
0.13050657798691404
0.0970645227846487
0.07590910298855894
0.033488471469458186
-0.02132030662553369
0.0011430094985091371
0.006705567949757206
0.024767323237232117
0.037510197531435086
0.04148070084036671
0.042193001150630224
0.04260544683976586
0.042863654867442424
0.042987909970818
0.04315942775730841
0.04338974451972603
0.04359436864072472
0.043717429502640605
0.04376099696574397
0.043765163914912385
0.0437660824601289
0.04377280195535398
0.043779246974871525
0.043781924175498255
0.04378192417549834
0.043779246974871636
0.04377280195535396
0.04376608246012855
0.043765163914912086
0.043760996965743815
0.043717429502640334
0.04359436864072433
0.04338974451972592
0.04315942775730894
0.042987909970818916
0.04286365486744363
0.04260544683976772
0.042193001150632854
0.0414807008403691
0.03751019753143678
0.024767323237234344
0.006705567949760821
0.001143009498512114
-0.021320306625528695
-0.035291144025749295
-0.023403523212925416
-0.023344963185241173
-0.011747970138703871
-0.003032122989585516
-0.00045476091018551573
-0.00017637714307598695
-5.4788077251871625e-05
9.435722775156044e-06
3.277579693460736e-05
0.00013384865286787673
0.0002964835203601388
0.0004425852934605793
0.0005282254180616498
0.0005573635999551255
0.0005594085353319133
0.000558609380751883
0.000560944785471626
0.0005632515624711502
0.0005639726452331198
0.0005639726452331753
0.0005632515624712422
0.0005609447854715011
0.0005586093807515395
0.0005594085353316635
0.0005573635999550387
0.0005282254180614537
0.0004425852934602046
0.0002964835203598769
0.00013384865286793224
3.277579693478777e-05
9.435722775454417e-06
-5.478807725098518e-05
-0.0001763771430743008
-0.0004547609101840655
-0.003032122989584987
-0.011747970138703259
-0.023344963185239424
-0.023403523212923827
-0.035291144025745416
-0.0328841639263045
-0.026004495857306208
-0.0270014380827648
-0.01850153632994973
-0.012014464231143569
-0.01019800951954398
-0.010114403693873985
-0.010106035068193046
-0.010095516459800837
-0.01008610044425801
-0.010008990094003013
-0.009889046451587682
-0.009786781619352307
-0.009730691031631112
-0.009713752470536496
-0.00971418478440417
-0.009716159272229907
-0.009716040175351897
-0.009715578576191193
-0.009715580787811734
-0.009715580787811668
-0.009715578576191087
-0.009716040175351949
-0.009716159272230115
-0.009714184784404327
-0.009713752470536484
-0.009730691031631121
-0.009786781619352475
-0.009889046451587908
-0.010008990094003177
-0.010086100444258218
-0.010095516459801045
-0.01010603506819276
-0.010114403693873099
-0.01019800951954339
-0.012014464231143966
-0.018501536329950084
-0.027001438082764086
-0.026004495857305306
-0.03288416392630153
-0.027102586833056865
-0.023013707757081996
-0.023980980227209677
-0.017519104510377696
-0.012595169141798668
-0.011255347899040327
-0.011229364464928764
-0.011242395882998905
-0.01123597923521253
-0.011222703616056652
-0.0111620763485212
-0.011076859981389726
-0.011009484873214818
-0.01097592616613233
-0.010967846885899203
-0.010969743321849398
-0.010971883878486854
-0.010972399761130092
-0.010972425448000686
-0.010972513201201482
-0.010972513201201411
-0.010972425448000539
-0.01097239976113003
-0.010971883878486912
-0.01096974332184945
-0.010967846885899126
-0.0109759261661322
-0.011009484873214764
-0.011076859981389775
-0.011162076348521318
-0.011222703616056899
-0.011235979235212828
-0.011242395882998841
-0.011229364464928247
-0.011255347899040084
-0.012595169141799265
-0.017519104510378258
-0.023980980227209327
-0.023013707757081437
-0.027102586833054724
-0.021660903413371176
-0.019407051124022922
-0.020214975620040876
-0.015318441299112768
-0.011588246882838821
-0.010580433391403408
-0.010567761002357182
-0.01058100192127067
-0.010573277240703281
-0.010559295482061198
-0.010515210157981934
-0.010458849286634018
-0.010418029255485796
-0.010400286995057526
-0.010397720361857982
-0.010399993349249615
-0.010401657189695214
-0.01040205489191996
-0.010402030313601037
-0.010402012800660776
-0.010402012800660719
-0.010402030313600916
-0.01040205489191987
-0.010401657189695223
-0.01039999334924965
-0.010397720361857918
-0.010400286995057377
-0.010418029255485661
-0.010458849286633957
-0.01051521015798196
-0.010559295482061358
-0.010573277240703508
-0.010581001921270643
-0.010567761002356813
-0.010580433391403242
-0.011588246882839291
-0.015318441299113215
-0.020214975620040647
-0.0194070511240225
-0.02166090341336964
-0.01714018031098696
-0.0161503859249874
-0.01681688699594923
-0.013144902261397117
-0.01033989746578591
-0.00958169809846027
-0.009575571114845041
-0.009589581907765196
-0.009583865077285994
-0.009573033056346207
-0.009544048212872684
-0.009509862960704456
-0.009487578451037572
-0.009479749283948062
-0.009479958569465544
-0.009481882880268662
-0.009482877388719885
-0.00948298054562846
-0.009482828943990572
-0.009482729247049222
-0.009482729247049189
-0.009482828943990496
-0.009482980545628402
-0.009482877388719911
-0.009481882880268714
-0.009479958569465529
-0.009479749283947965
-0.009487578451037468
-0.009509862960704404
-0.009544048212872691
-0.0095730330563463
-0.009583865077286143
-0.009589581907765161
-0.009575571114844751
-0.009581698098460116
-0.010339897465786209
-0.013144902261397412
-0.016816886995949056
-0.01615038592498709
-0.0171401803109859
-0.01345956383661501
-0.013315609096521394
-0.013861258656287984
-0.01113948006968007
-0.00905398542809075
-0.008492068005221393
-0.008494141811864222
-0.008511286694033034
-0.008509527280501705
-0.008503029518524137
-0.008485934644807274
-0.008467132298835391
-0.00845642004061388
-0.008453892903800768
-0.008454992457502869
-0.008456255715596562
-0.00845667555544691
-0.00845656816837474
-0.0084563682892981
-0.008456254368424631
-0.008456254368424619
-0.008456368289298067
-0.008456568168374728
-0.008456675555446951
-0.008456255715596621
-0.008454992457502877
-0.008453892903800718
-0.008456420040613831
-0.008467132298835384
-0.008485934644807298
-0.008503029518524207
-0.008509527280501797
-0.008511286694032992
-0.008494141811863995
-0.008492068005221256
-0.009053985428090933
-0.011139480069680262
-0.013861258656287867
-0.013315609096521215
-0.013459563836614367
-0.010465733605407862
-0.010847918192598385
-0.01128797686606223
-0.009298420336170864
-0.007772645830164559
-0.007367366691621883
-0.007378753402122508
-0.007399474934864128
-0.007401676338114387
-0.0073989552933650515
-0.007390025279277667
-0.007380725286523737
-0.0073762898840738795
-0.0073759718005635775
-0.00737693983201102
-0.007377554184556422
-0.0073776068394739314
-0.007377422548366312
-0.007377249706409626
-0.00737716280821118
-0.0073771628082111755
-0.0073772497064096155
-0.007377422548366313
-0.00737760683947397
-0.0073775541845564705
-0.007376939832011026
-0.007375971800563556
-0.0073762898840738726
-0.007380725286523757
-0.0073900252792777
-0.0073989552933651035
-0.007401676338114448
-0.00739947493486409
-0.007378753402122335
-0.0073673666916217705
-0.0077726458301646765
-0.009298420336170996
-0.011287976866062158
-0.010847918192598251
-0.010465733605407375
-0.008026588966327927
-0.008694640338802944
-0.00904206309538856
-0.0076123646456084555
-0.006519470933470207
-0.006238212566596027
-0.0062580915335852545
-0.006281367672665106
-0.006286505837527423
-0.0062863204269283796
-0.006282246049405779
-0.006278069911975614
-0.0062764609619377345
-0.006276669180054539
-0.006277171409022846
-0.006277329729961118
-0.006277216498980428
-0.006277047791076884
-0.00627693151183642
-0.006276879837862845
-0.006276879837862841
-0.006276931511836412
-0.006277047791076887
-0.006277216498980455
-0.00627732972996115
-0.006277171409022846
-0.006276669180054518
-0.00627646096193773
-0.00627806991197563
-0.006282246049405802
-0.006286320426928414
-0.006286505837527465
-0.006281367672665083
-0.006258091533585133
-0.006238212566595944
-0.006519470933470281
-0.007612364645608549
-0.009042063095388514
-0.00869464033880286
-0.008026588966327615
-0.006040210330994215
-0.0068194496826627145
-0.007085988292647647
-0.006079053672248752
-0.0053163268000039655
-0.005130706006270703
-0.00515665025116986
-0.005180695327866378
-0.005187353938018095
-0.0051884052178232136
-0.005186741066557429
-0.005184903662380746
-0.005184265089268684
-0.005184350629552857
-0.005184454349098846
-0.005184385678358035
-0.005184243556789427
-0.005184127315250847
-0.005184062965179058
-0.005184037816449454
-0.005184037816449452
-0.005184062965179051
-0.005184127315250847
-0.0051842435567894425
-0.0051843856783580534
-0.005184454349098841
-0.00518435062955284
-0.005184265089268679
-0.005184903662380755
-0.005186741066557438
-0.005188405217823232
-0.0051873539380181246
-0.005180695327866368
-0.005156650251169782
-0.005130706006270645
-0.00531632680000401
-0.006079053672248811
-0.007085988292647621
-0.006819449682662671
-0.006040210330994031
-0.00444455652491653
-0.005212669380662799
-0.005411017715904481
-0.004718631832261246
-0.004202270358766441
-0.004087141557790836
-0.004115688291217753
-0.0041384307104263595
-0.004145191010082505
-0.004146455519384129
-0.004145698701490097
-0.004144729589028433
-0.004144300348585245
-0.00414418293546903
-0.004144084892540784
-0.004143958606864652
-0.0041438512349763704
-0.00414378642866679
-0.004143756634733179
-0.00414374649275532
-0.004143746492755316
-0.004143756634733169
-0.004143786428666784
-0.004143851234976379
-0.004143958606864663
-0.00414408489254078
-0.004144182935469018
-0.004144300348585238
-0.004144729589028435
-0.0041456987014901
-0.004146455519384138
-0.0041451910100825246
-0.004138430710426357
-0.0041156882912177055
-0.004087141557790799
-0.004202270358766465
-0.004718631832261282
-0.005411017715904467
-0.0052126693806627735
-0.00444455652491642
-0.003212619714797866
-0.003889760703257247
-0.004036718199085241
-0.0035764809799907196
-0.003239808603773028
-0.0031738050475151403
-0.0032013593785064996
-0.00322093546173828
-0.003226684298744718
-0.003227560974540972
-0.003226987612818658
-0.0032262862585514377
-0.00322588406450325
-0.0032256779847905635
-0.003225538237624963
-0.0032254368726702997
-0.0032253754311284493
-0.0032253456673885955
-0.003225334148714243
-0.003225330778774232
-0.0032253307787742293
-0.003225334148714236
-0.0032253456673885903
-0.0032253754311284528
-0.0032254368726703057
-0.0032255382376249614
-0.003225677984790558
-0.0032258840645032474
-0.003226286258551438
-0.003226987612818657
-0.0032275609745409757
-0.0032266842987447295
-0.0032209354617382794
-0.0032013593785064722
-0.0031738050475151143
-0.0032398086037730388
-0.003576480979990735
-0.004036718199085233
-0.0038897607032572397
-0.0032126197147978102
-0.00228302608416415
-0.0028272455569356577
-0.002938420893336178
-0.002648624344193661
-0.002441031054382378
-0.0024078890461260508
-0.0024318237999288034
-0.002447101873286257
-0.002451252457701603
-0.002451554055816543
-0.0024509497117091755
-0.0024503639240533977
-0.0024500127304217974
-0.002449824750426913
-0.002449718669888015
-0.00244966020989215
-0.002449632172435943
-0.0024496209462050427
-0.002449617265992643
-0.002449616347647178
-0.0024496163476471758
-0.002449617265992637
-0.0024496209462050384
-0.002449632172435944
-0.0024496602098921516
-0.0024497186698880145
-0.002449824750426911
-0.0024500127304217974
-0.002450363924053399
-0.002450949711709173
-0.0024515540558165422
-0.0024512524577016094
-0.0024471018732862564
-0.0024318237999287878
-0.0024078890461260347
-0.00244103105438238
-0.0026486243441936693
-0.0029384208933361717
-0.002827245556935652
-0.0022830260841641184
-0.001518098346977121
-0.0019172923458640506
-0.0019941754346179705
-0.0018228837557874899
-0.0017050061215919837
-0.0016927934754979728
-0.001711879777821253
-0.001722699238561712
-0.0017252288190239744
-0.0017250681564140314
-0.0017244652851143743
-0.0017239998898212446
-0.0017237407058448041
-0.0017236137547896287
-0.001723553828412993
-0.0017235273535553116
-0.001723517068600823
-0.0017235136355441426
-0.0017235126563937366
-0.0017235124327518029
-0.0017235124327518018
-0.001723512656393733
-0.0017235136355441395
-0.0017235170686008222
-0.0017235273535553116
-0.001723553828412992
-0.001723613754789627
-0.0017237407058448043
-0.0017239998898212446
-0.0017244652851143721
-0.0017250681564140301
-0.0017252288190239768
-0.0017226992385617123
-0.0017118797778212455
-0.0016927934754979634
-0.001705006121591981
-0.0018228837557874903
-0.0019941754346179683
-0.0019172923458640522
-0.0015180983469771136
-0.0008535865175271099
-0.0011145690938001189
-0.001150912798696847
-0.0010518874809892905
-0.0009903997375771034
-0.0009894219678813494
-0.0010034243715970005
-0.0010103945953466287
-0.0010116711027548383
-0.0010112880220363733
-0.0010107785531065462
-0.0010104513491620828
-0.0010102888589269715
-0.0010102190782269183
-0.0010101917522287297
-0.0010101820955277056
-0.0010101790894512961
-0.0010101782305279015
-0.0010101779784153827
-0.001010177904153356
-0.0010101779041533554
-0.0010101779784153812
-0.0010101782305278998
-0.0010101790894512961
-0.0010101820955277054
-0.001010191752228729
-0.0010102190782269177
-0.001010288858926972
-0.0010104513491620828
-0.0010107785531065449
-0.001011288022036372
-0.0010116711027548394
-0.0010103945953466296
-0.0010034243715969966
-0.0009894219678813444
-0.0009903997375771017
-0.00105188748098929
-0.001150912798696845
-0.0011145690938001189
-0.0008535865175271053
-0.0003917918373695985
-0.0005410094207754235
-0.0005465032798073045
-0.0004886792446022911
-0.00045824361685844865
-0.00046131601600418986
-0.0004705916976405126
-0.0004746221876862132
-0.00047510272863657244
-0.0004747028288496395
-0.00047434227696563857
-0.00047414414777680926
-0.0004740573029054524
-0.00047402502259288697
-0.00047401463395751347
-0.0004740117624215
-0.000474011049685279
-0.0004740108362222675
-0.0004740107389052533
-0.0004740106958509942
-0.000474010695850994
-0.0004740107389052529
-0.0004740108362222668
-0.0004740110496852792
-0.00047401176242150027
-0.0004740146339575131
-0.00047402502259288686
-0.0004740573029054523
-0.00047414414777680936
-0.00047434227696563797
-0.0004747028288496391
-0.0004751027286365733
-0.0004746221876862142
-0.0004705916976405114
-0.00046131601600418726
-0.0004582436168584483
-0.0004886792446022906
-0.0005465032798073039
-0.0005410094207754226
-0.0003917918373695959
-0.00016975305614409819
-0.000246276405974599
-0.00024057236883862884
-0.00020700790741130792
-0.0001929633890531462
-0.0001970912131969603
-0.00020300535087334836
-0.00020513152115193004
-0.00020516311036180638
-0.00020482278930044755
-0.0002045970359193857
-0.00020449325438091014
-0.00020445396272265106
-0.000204441399400628
-0.00020443804433399197
-0.00020443728855907826
-0.00020443709469286506
-0.00020443699755017295
-0.00020443693748404092
-0.00020443691009292383
-0.00020443691009292383
-0.0002044369374840409
-0.00020443699755017273
-0.00020443709469286525
-0.00020443728855907845
-0.00020443804433399214
-0.00020444139940062803
-0.0002044539627226511
-0.00020449325438091025
-0.00020459703591938554
-0.0002048227893004472
-0.00020516311036180673
-0.00020513152115193088
-0.00020300535087334803
-0.0001970912131969591
-0.00019296338905314624
-0.0002070079074113076
-0.00024057236883862857
-0.00024627640597459885
-0.00016975305614409786
