1600
3.8689268178074495e+20
7.505592267864557e+20
1.0992135904158645e+21
1.4134713753026636e+21
1.6910030086151054e+21
1.8656897113357612e+21
1.9376815561031711e+21
1.953411651632683e+21
1.955691461598284e+21
1.9568480081681984e+21
1.957677366945005e+21
1.9574513664563922e+21
1.9568584199877815e+21
1.956339601384232e+21
1.9560224982438102e+21
1.9558948099252562e+21
1.955874897728203e+21
1.9558864086796757e+21
1.9558934609203183e+21
1.9558955674012491e+21
1.9558955674012392e+21
1.955893460920299e+21
1.955886408679669e+21
1.9558748977282233e+21
1.9558948099252845e+21
1.9560224982438162e+21
1.9563396013842115e+21
1.9568584199877595e+21
1.9574513664563932e+21
1.9576773669450309e+21
1.9568480081682256e+21
1.9556914615982765e+21
1.9534116516326078e+21
1.937681556103051e+21
1.865689711335701e+21
1.6910030086151762e+21
1.4134713753027692e+21
1.0992135904158607e+21
7.505592267863224e+20
3.868926817805915e+20
6.565283477242387e+20
6.455821918410291e+20
-1.0501888558484432e+20
-1.4717037897693103e+21
-1.72616103185419e+21
-1.5161135015514389e+21
-1.7182443617547937e+21
-1.543655921985305e+21
-1.659751750461634e+21
-1.6069140586938934e+21
-1.6311295656622104e+21
-1.620667770551609e+21
-1.6246159581114828e+21
-1.6226550089879365e+21
-1.623032899257231e+21
-1.6231192141794763e+21
-1.62303931630088e+21
-1.6231006450961838e+21
-1.6230241312221862e+21
-1.6230668092252456e+21
-1.6230668092252477e+21
-1.623024131222185e+21
-1.623100645096014e+21
-1.6230393163009685e+21
-1.6231192141796291e+21
-1.6230328992571256e+21
-1.6226550089879928e+21
-1.6246159581113334e+21
-1.6206677705516125e+21
-1.631129565662355e+21
-1.606914058693885e+21
-1.6597517504614663e+21
-1.5436559219856654e+21
-1.7182443617544818e+21
-1.516113501550617e+21
-1.7261610318549166e+21
-1.471703789769666e+21
-1.0501888558497471e+20
6.455821918415929e+20
6.565283477241396e+20
7.353609680659853e+20
5.7931494478251596e+20
1.7496601806857863e+20
-6.155748649857198e+20
-1.0880386981268339e+21
-1.273562763061755e+21
-1.2912226504371276e+21
-1.2872026325647612e+21
-1.2874585587777145e+21
-1.2896858962136106e+21
-1.2907052964101305e+21
-1.2909610013564912e+21
-1.2910390073622187e+21
-1.290941920156735e+21
-1.2909503283188099e+21
-1.2909209186078016e+21
-1.2909143081690973e+21
-1.2909017092495004e+21
-1.2908997995966623e+21
-1.2908987843926103e+21
-1.2908987843926085e+21
-1.2908997995966533e+21
-1.290901709249495e+21
-1.2909143081690973e+21
-1.2909209186078066e+21
-1.2909503283188125e+21
-1.290941920156731e+21
-1.2910390073622114e+21
-1.29096100135649e+21
-1.290705296410134e+21
-1.2896858962136138e+21
-1.2874585587776912e+21
-1.2872026325646967e+21
-1.2912226504370432e+21
-1.2735627630617106e+21
-1.0880386981268618e+21
-6.155748649858086e+20
1.7496601806849035e+20
5.793149447824579e+20
7.353609680659575e+20
5.4726321924606794e+20
7.073119199610338e+20
-7.94713875345049e+18
-6.505128447431836e+20
-1.0692498661728924e+21
-1.2491451119990308e+21
-1.2491142249272653e+21
-1.2549562186525647e+21
-1.2448132074403122e+21
-1.249618370462554e+21
-1.2484365357932035e+21
-1.2494825352844733e+21
-1.2492180008644407e+21
-1.249282033844719e+21
-1.2492823548872635e+21
-1.2492271951903428e+21
-1.2492378317561604e+21
-1.2492234886131559e+21
-1.249233143428717e+21
-1.2492292180011385e+21
-1.2492292180011353e+21
-1.2492331434287036e+21
-1.2492234886131627e+21
-1.2492378317561636e+21
-1.2492271951903444e+21
-1.2492823548872743e+21
-1.249282033844705e+21
-1.249218000864438e+21
-1.249482535284473e+21
-1.248436535793202e+21
-1.2496183704625653e+21
-1.244813207440305e+21
-1.2549562186524847e+21
-1.2491142249271845e+21
-1.2491451119990176e+21
-1.0692498661728983e+21
-6.505128447432791e+20
-7.94713875353309e+18
7.073119199609576e+20
5.472632192460627e+20
1.73948798878565e+20
3.1183793829158067e+20
-4.812439148109518e+19
-2.5065650603753675e+20
-4.138313967452802e+20
-4.4536102695141723e+20
-4.282476700747687e+20
-4.1911323261968135e+20
-4.1104486534624195e+20
-4.110025687813513e+20
-4.103157709925865e+20
-4.108239216200039e+20
-4.1083889140003694e+20
-4.109716885739963e+20
-4.1098693596618084e+20
-4.1098362186374087e+20
-4.109873403281655e+20
-4.109877992835228e+20
-4.10993234432036e+20
-4.109934180766269e+20
-4.1099341807662596e+20
-4.1099323443203336e+20
-4.1098779928352935e+20
-4.109873403281719e+20
-4.10983621863749e+20
-4.109869359661872e+20
-4.109716885739874e+20
-4.1083889140003065e+20
-4.1082392162000306e+20
-4.10315770992593e+20
-4.110025687813663e+20
-4.110448653462516e+20
-4.191132326196588e+20
-4.282476700747342e+20
-4.4536102695140616e+20
-4.1383139674529523e+20
-2.5065650603758787e+20
-4.812439148113385e+19
3.118379382915452e+20
1.739487988785671e+20
-1.5342554880905678e+20
-1.589689150493298e+20
-1.553064238956995e+20
-9.945308312377539e+19
-4.78560836728101e+19
-1.408415167135142e+19
4.158838594928552e+18
1.2351356735968459e+19
1.6641519940620296e+19
1.8112346627556325e+19
1.8308543934692262e+19
1.8048378263386446e+19
1.7871420573725977e+19
1.7784907157184956e+19
1.7765088254026113e+19
1.7771000278277313e+19
1.7772394290816e+19
1.7768383801763815e+19
1.7764125143919174e+19
1.7762457293026718e+19
1.7762457293027283e+19
1.7764125143919276e+19
1.776838380176022e+19
1.77723942908079e+19
1.7771000278268416e+19
1.7765088254023713e+19
1.7784907157191647e+19
1.787142057373467e+19
1.8048378263388832e+19
1.8308543934685024e+19
1.8112346627541377e+19
1.664151994060342e+19
1.2351356735962513e+19
4.158838594938342e+18
-1.4084151671342332e+19
-4.785608367281752e+19
-9.94530831237862e+19
-1.5530642389568858e+20
-1.589689150493052e+20
-1.5342554880902657e+20
-3.040090184055181e+20
-3.895461823924054e+20
-3.05936940949784e+20
-1.630335337075879e+20
-6.278482708122997e+19
-2.9925099446273618e+19
-2.8000866279882695e+19
-2.784665208639729e+19
-2.7478294102893842e+19
-2.6925838388641743e+19
-2.7188035689491964e+19
-2.731222492565672e+19
-2.735614345922776e+19
-2.7318043390438896e+19
-2.727012975612639e+19
-2.7237358354262725e+19
-2.722851718450231e+19
-2.7233253129376313e+19
-2.723736409337439e+19
-2.723947000079701e+19
-2.723947000079531e+19
-2.7237364093370077e+19
-2.7233253129374056e+19
-2.7228517184506946e+19
-2.7237358354269577e+19
-2.7270129756126675e+19
-2.731804339043066e+19
-2.7356143459215704e+19
-2.731222492565101e+19
-2.7188035689496764e+19
-2.692583838865352e+19
-2.7478294102905254e+19
-2.784665208639692e+19
-2.8000866279864766e+19
-2.992509944625904e+19
-6.278482708123939e+19
-1.6303353370759053e+20
-3.059369409497462e+20
-3.8954618239233806e+20
-3.0400901840545094e+20
-3.297288687803443e+20
-4.445791986081352e+20
-3.750844015592744e+20
-2.270049361838318e+20
-1.3507007059087468e+20
-1.1852714786743085e+20
-1.2784770114489056e+20
-1.3318991381865675e+20
-1.3483577081611159e+20
-1.3535768327038829e+20
-1.3569599356968165e+20
-1.3563067026264523e+20
-1.3545564332478053e+20
-1.3528998006280508e+20
-1.3517988430990823e+20
-1.351292999434135e+20
-1.3512119270096652e+20
-1.3512754034897858e+20
-1.3513181299834669e+20
-1.3513339222096586e+20
-1.3513339222096267e+20
-1.3513181299833951e+20
-1.3512754034897273e+20
-1.3512119270096781e+20
-1.3512929994341882e+20
-1.3517988430990847e+20
-1.3528998006279668e+20
-1.3545564332476772e+20
-1.3563067026263784e+20
-1.3569599356968364e+20
-1.3535768327039602e+20
-1.3483577081611618e+20
-1.3318991381864505e+20
-1.2784770114486282e+20
-1.185271478674142e+20
-1.3507007059088998e+20
-2.2700493618384133e+20
-3.750844015592333e+20
-4.445791986080541e+20
-3.297288687802608e+20
-3.194526526312891e+20
-4.373523083542014e+20
-3.803141501687049e+20
-2.377851508678439e+20
-1.5429355309155503e+20
-1.456565370670808e+20
-1.590828466617026e+20
-1.6646236596184075e+20
-1.688248878943002e+20
-1.6968982659716694e+20
-1.6988868941192685e+20
-1.696365083439208e+20
-1.6932189323078825e+20
-1.6909523268571542e+20
-1.689694188228102e+20
-1.6892468903051723e+20
-1.6892479087110963e+20
-1.689337902665149e+20
-1.6893774350412792e+20
-1.6893851762204682e+20
-1.6893851762204423e+20
-1.6893774350412117e+20
-1.689337902665099e+20
-1.6892479087111124e+20
-1.689246890305223e+20
-1.689694188228112e+20
-1.6909523268570894e+20
-1.6932189323077865e+20
-1.6963650834391525e+20
-1.6988868941192826e+20
-1.6968982659717287e+20
-1.6882488789430298e+20
-1.6646236596182817e+20
-1.590828466616759e+20
-1.4565653706706749e+20
-1.5429355309157404e+20
-2.3778515086786006e+20
-3.8031415016867286e+20
-4.37352308354133e+20
-3.194526526312151e+20
-3.0304125780852585e+20
-4.143889132558197e+20
-3.6178737855598225e+20
-2.260286961368645e+20
-1.4857129491371986e+20
-1.4309921110362361e+20
-1.57682475157419e+20
-1.6558880630562406e+20
-1.6804417291434816e+20
-1.6885094334568278e+20
-1.689079936209692e+20
-1.685703745366541e+20
-1.6822394720640274e+20
-1.6800236132028668e+20
-1.6789412402830197e+20
-1.678651087789501e+20
-1.6787306570176987e+20
-1.67883663872926e+20
-1.6788705765497992e+20
-1.6788721018421176e+20
-1.6788721018420966e+20
-1.6788705765497537e+20
-1.678836638729237e+20
-1.6787306570177282e+20
-1.6786510877895593e+20
-1.6789412402830416e+20
-1.6800236132028288e+20
-1.6822394720639717e+20
-1.685703745366522e+20
-1.6890799362097267e+20
-1.688509433456895e+20
-1.6804417291435206e+20
-1.6558880630561564e+20
-1.5768247515739855e+20
-1.4309921110361398e+20
-1.4857129491373818e+20
-2.260286961368809e+20
-3.617873785559596e+20
-4.143889132557663e+20
-3.030412578084666e+20
-2.7640987486344554e+20
-3.7618852759622235e+20
-3.286740946124366e+20
-2.0566286815992296e+20
-1.3661433929466102e+20
-1.3308336989819208e+20
-1.4716735251360797e+20
-1.546003334609042e+20
-1.5677363576644574e+20
-1.5740665449091675e+20
-1.573915773828683e+20
-1.570582544508778e+20
-1.5674202912379794e+20
-1.5655205405038926e+20
-1.564661309262361e+20
-1.564474350663274e+20
-1.5645748362138144e+20
-1.5646737632407005e+20
-1.5647005336537622e+20
-1.5646988016308388e+20
-1.5646988016308217e+20
-1.564700533653727e+20
-1.5646737632406926e+20
-1.564574836213857e+20
-1.5644743506633386e+20
-1.5646613092623925e+20
-1.5655205405038795e+20
-1.567420291237961e+20
-1.5705825445087995e+20
-1.5739157738287455e+20
-1.5740665449092507e+20
-1.5677363576645075e+20
-1.546003334608984e+20
-1.4716735251359157e+20
-1.3308336989818415e+20
-1.3661433929467601e+20
-2.0566286815993617e+20
-3.28674094612416e+20
-3.761885275961761e+20
-2.764098748633944e+20
-2.3482845754446896e+20
-3.187433323628662e+20
-2.7860539881553687e+20
-1.7474445535885935e+20
-1.1732650557773963e+20
-1.1532412972180614e+20
-1.2763592735871214e+20
-1.3387552116266959e+20
-1.355486831003606e+20
-1.3597667226522832e+20
-1.3592242531251043e+20
-1.3563048953316939e+20
-1.3536564270109581e+20
-1.352116171944425e+20
-1.3514355299975116e+20
-1.3512893273701664e+20
-1.3513695259072628e+20
-1.3514469585905577e+20
-1.3514661344986572e+20
-1.3514633137999534e+20
-1.3514633137999405e+20
-1.3514661344986312e+20
-1.3514469585905579e+20
-1.3513695259073056e+20
-1.3512893273702303e+20
-1.3514355299975514e+20
-1.3521161719444315e+20
-1.3536564270109619e+20
-1.3563048953317338e+20
-1.359224253125179e+20
-1.3597667226523664e+20
-1.3554868310036542e+20
-1.3387552116266469e+20
-1.276359273586982e+20
-1.153241297217996e+20
-1.1732650557775213e+20
-1.7474445535887003e+20
-2.7860539881551872e+20
-3.1874333236282864e+20
-2.348284575444246e+20
-1.8110196493034255e+20
-2.457133841612147e+20
-2.14482402554451e+20
-1.3411839110566999e+20
-9.07339317960907e+19
-9.031852073698106e+19
-1.0030883502328359e+20
-1.050924385461212e+20
-1.0622373513102298e+20
-1.0645068621242414e+20
-1.0636704915500525e+20
-1.061290134198386e+20
-1.0592387122589612e+20
-1.0580784929869175e+20
-1.0575695481200781e+20
-1.0574557351641316e+20
-1.0575116771065374e+20
-1.0575673607989066e+20
-1.0575805612767271e+20
-1.0575780853423917e+20
-1.0575780853423843e+20
-1.0575805612767119e+20
-1.0575673607989122e+20
-1.0575116771065746e+20
-1.0574557351641829e+20
-1.0575695481201112e+20
-1.0580784929869259e+20
-1.0592387122589696e+20
-1.061290134198422e+20
-1.063670491550117e+20
-1.0645068621243092e+20
-1.0622373513102665e+20
-1.0509243854611712e+20
-1.0030883502327274e+20
-9.031852073697637e+19
-9.073393179610112e+19
-1.3411839110567959e+20
-2.1448240255443812e+20
-2.4571338416118448e+20
-1.8110196493030844e+20
-1.2302797994762052e+20
-1.6739072394432686e+20
-1.4530532212406898e+20
-8.958049710884636e+19
-6.080966791145611e+19
-6.1987384456640864e+19
-6.957571860871162e+19
-7.292250188800221e+19
-7.356689884734273e+19
-7.3625997638082675e+19
-7.35265403092048e+19
-7.334922408935735e+19
-7.320694003898285e+19
-7.312976646777757e+19
-7.309682300464554e+19
-7.308990981026656e+19
-7.309409229497751e+19
-7.309800042733121e+19
-7.309891382859911e+19
-7.309875835274555e+19
-7.309875835274536e+19
-7.309891382859901e+19
-7.3098000427332035e+19
-7.309409229497981e+19
-7.308990981026953e+19
-7.309682300464712e+19
-7.312976646777763e+19
-7.320694003898301e+19
-7.334922408935959e+19
-7.3526540309208826e+19
-7.3625997638086754e+19
-7.356689884734472e+19
-7.292250188799906e+19
-6.957571860870412e+19
-6.198738445663786e+19
-6.080966791146407e+19
-8.958049710885393e+19
-1.4530532212406128e+20
-1.673907239443077e+20
-1.2302797994759835e+20
-7.019121280238175e+19
-9.641383065972009e+19
-8.241455154993717e+19
-4.879716568838439e+19
-3.2863506594928206e+19
-3.515908106178133e+19
-4.045303939737039e+19
-4.251306563301828e+19
-4.276498338015646e+19
-4.27055933232224e+19
-4.260607400420412e+19
-4.2488038171301675e+19
-4.240304794283639e+19
-4.236052446260692e+19
-4.2343886800705176e+19
-4.2341589783594205e+19
-4.234501348238345e+19
-4.23476593691677e+19
-4.234824640899613e+19
-4.234815382921236e+19
-4.234815382921262e+19
-4.234824640899665e+19
-4.23476593691684e+19
-4.2345013482384376e+19
-4.234158978359505e+19
-4.2343886800705315e+19
-4.236052446260624e+19
-4.240304794283597e+19
-4.248803817130252e+19
-4.2606074004206e+19
-4.27055933232244e+19
-4.276498338015732e+19
-4.251306563301616e+19
-4.045303939736573e+19
-3.515908106177956e+19
-3.286350659493327e+19
-4.879716568838964e+19
-8.241455154993347e+19
-9.641383065970922e+19
-7.019121280236952e+19
-3.082039138331773e+19
-4.347125126186033e+19
-3.561907291604436e+19
-1.8679475395659547e+19
-1.1954202463955073e+19
-1.4528620482522962e+19
-1.7799647782148508e+19
-1.8835895962979103e+19
-1.8821730219827864e+19
-1.870181344237089e+19
-1.8615648818450596e+19
-1.854662242007123e+19
-1.850527459601278e+19
-1.848823261540207e+19
-1.8483399308599665e+19
-1.8484352561375584e+19
-1.84870776519223e+19
-1.848869448127534e+19
-1.8488980531198652e+19
-1.8488897744505197e+19
-1.8488897744505496e+19
-1.8488980531199177e+19
-1.8488694481275687e+19
-1.8487077651922465e+19
-1.848435256137555e+19
-1.8483399308599304e+19
-1.8488232615401394e+19
-1.8505274596012257e+19
-1.854662242007139e+19
-1.8615648818451366e+19
-1.870181344237177e+19
-1.8821730219828232e+19
-1.8835895962978013e+19
-1.7799647782146122e+19
-1.452862048252202e+19
-1.1954202463957813e+19
-1.8679475395662565e+19
-3.5619072916042945e+19
-4.34712512618553e+19
-3.08203913833122e+19
-8.245668801798731e+18
-1.2771170186735817e+19
-8.934573652119916e+18
-2.2528053662665262e+18
-6.154045387473048e+17
-2.696136390628364e+18
-4.393303613308357e+18
-4.749896408782932e+18
-4.610321077219675e+18
-4.4859411655038305e+18
-4.4228947843058703e+18
-4.3886837188369295e+18
-4.374284043753218e+18
-4.371619178416032e+18
-4.3728561813895834e+18
-4.375021782854504e+18
-4.3768774427195955e+18
-4.377679519054847e+18
-4.3777263977062845e+18
-4.377632261583672e+18
-4.377632261583835e+18
-4.377726397706565e+18
-4.3776795190549734e+18
-4.376877442719557e+18
-4.3750217828543816e+18
-4.3728561813893565e+18
-4.371619178415691e+18
-4.374284043752939e+18
-4.388683718836938e+18
-4.422894784306135e+18
-4.4859411655041603e+18
-4.6103210772198697e+18
-4.749896408782579e+18
-4.3933036133074243e+18
-2.6961363906280177e+18
-6.15404538748581e+17
-2.2528053662681062e+18
-8.934573652119736e+18
-1.2771170186734143e+19
-8.245668801796984e+18
4.252339819867091e+17
-4.850368264092608e+17
1.0933399665623195e+18
2.8789077415895997e+18
2.6275661955122893e+18
1.3805569387881405e+18
7.055327813096895e+17
6.911480041939487e+17
8.414821551109635e+17
9.332459649161743e+17
9.702494226932347e+17
9.833620988901714e+17
9.851460227865834e+17
9.826269633932823e+17
9.799766992005007e+17
9.78172581951999e+17
9.77208360372943e+17
9.769550965774333e+17
9.770408404559178e+17
9.771338332854714e+17
9.77133833285424e+17
9.770408404558337e+17
9.769550965774139e+17
9.772083603729696e+17
9.781725819520319e+17
9.79976699200545e+17
9.826269633933618e+17
9.851460227866719e+17
9.833620988901841e+17
9.702494226931781e+17
9.332459649160707e+17
8.41482155110855e+17
6.911480041939668e+17
7.055327813099099e+17
1.380556938788207e+18
2.62756619551182e+18
2.878907741588924e+18
1.0933399665621236e+18
-4.850368264089867e+17
4.252339819868841e+17
1.551880468295033e+18
1.6407786552362312e+18
2.1359812325045596e+18
2.2750359437987333e+18
1.7985112476849882e+18
1.2642492973609546e+18
1.103823999726361e+18
1.1899403802475553e+18
1.292903841752839e+18
1.343038988371263e+18
1.3591287123231508e+18
1.361928148705562e+18
1.3600447669555284e+18
1.3573798586564534e+18
1.3555581599977969e+18
1.35464644195508e+18
1.3543343433559235e+18
1.3543551586888248e+18
1.3544707103595994e+18
1.3545428190369295e+18
1.3545428190369216e+18
1.3544707103595924e+18
1.3543551586888348e+18
1.3543343433559363e+18
1.3546464419550738e+18
1.3555581599977815e+18
1.3573798586564506e+18
1.3600447669555448e+18
1.3619281487055736e+18
1.3591287123231557e+18
1.3430389883712594e+18
1.2929038417528023e+18
1.1899403802475133e+18
1.1038239997263743e+18
1.264249297360978e+18
1.7985112476849093e+18
2.27503594379856e+18
2.1359812325044252e+18
1.6407786552361661e+18
1.5518804682948808e+18
5.8165709200652e+17
7.042563805938717e+17
7.797435368277257e+17
6.412728838427835e+17
3.997457653289647e+17
2.585409979774591e+17
2.7287192390442794e+17
3.44673113671442e+17
3.95146988288205e+17
4.148562356777154e+17
4.1912843531305414e+17
4.184232509994827e+17
4.1666058609138003e+17
4.152421097260733e+17
4.145005644721356e+17
4.142499580475546e+17
4.1425153108974214e+17
4.143445834156503e+17
4.1443129301151194e+17
4.144747425802523e+17
4.144747425802555e+17
4.14431293011521e+17
4.1434458341566125e+17
4.142515310897452e+17
4.142499580475479e+17
4.1450056447212243e+17
4.1524210972606266e+17
4.1666058609137664e+17
4.184232509994898e+17
4.191284353130709e+17
4.148562356777334e+17
3.951469882882051e+17
3.4467311367142854e+17
2.7287192390443126e+17
2.585409979774978e+17
3.9974576532901766e+17
6.412728838428102e+17
7.797435368277112e+17
7.042563805938234e+17
5.81657092006434e+17
-6.91817446202138e+16
-4.727847668105777e+16
-7.918466329973813e+16
-1.5859018885158554e+17
-2.2200789208087075e+17
-2.271501032930439e+17
-1.9232099979156813e+17
-1.5740737274713446e+17
-1.3967329781357787e+17
-1.3473479919589536e+17
-1.347675472930528e+17
-1.3582688521670086e+17
-1.3672354417542283e+17
-1.3721484641825064e+17
-1.3737386463557808e+17
-1.3735867364948429e+17
-1.3728538996905298e+17
-1.3721399818274558e+17
-1.3716777308716906e+17
-1.3714752090782557e+17
-1.3714752090782344e+17
-1.3716777308716466e+17
-1.3721399818274208e+17
-1.3728538996905306e+17
-1.3735867364948845e+17
-1.3737386463558453e+17
-1.3721484641825768e+17
-1.3672354417542786e+17
-1.3582688521670006e+17
-1.3476754729304451e+17
-1.3473479919588322e+17
-1.3967329781356942e+17
-1.5740737274713062e+17
-1.9232099979155616e+17
-2.2715010329301008e+17
-2.2200789208081773e+17
-1.5859018885153616e+17
-7.918466329971398e+16
-4.727847668106167e+16
-6.9181744620223304e+16
-1.7506341620752912e+17
-1.8859126342025734e+17
-2.1923726541549962e+17
-2.409303708715698e+17
-2.4404987762131146e+17
-2.2955958650988083e+17
-2.114805453060659e+17
-1.999557238972072e+17
-1.9580358373092694e+17
-1.954527367254852e+17
-1.9610866253186886e+17
-1.966969324003815e+17
-1.9701929338615056e+17
-1.9712690806211853e+17
-1.9711540649517443e+17
-1.9706312647813066e+17
-1.9701241137324784e+17
-1.9697783229661178e+17
-1.969594747930542e+17
-1.9695230277791792e+17
-1.9695230277791766e+17
-1.969594747930538e+17
-1.9697783229661184e+17
-1.9701241137324893e+17
-1.9706312647813238e+17
-1.9711540649517738e+17
-1.9712690806212214e+17
-1.970192933861539e+17
-1.9669693240038253e+17
-1.961086625318673e+17
-1.95452736725482e+17
-1.9580358373092416e+17
-1.999557238972038e+17
-2.1148054530605872e+17
-2.295595865098658e+17
-2.4404987762129098e+17
-2.4093037087154925e+17
-2.192372654154851e+17
-1.8859126342025133e+17
-1.750634162075172e+17
-9.695653758777582e+16
-1.0730651261045386e+17
-1.2005723835051029e+17
-1.2240833468002086e+17
-1.1802836441166277e+17
-1.107357884006611e+17
-1.0509842603506333e+17
-1.025429278954044e+17
-1.0207697763549338e+17
-1.0236263466505414e+17
-1.0270749217489998e+17
-1.0291984429818568e+17
-1.0300555929599422e+17
-1.0301510877752722e+17
-1.0299211720692112e+17
-1.0296393409181355e+17
-1.0294293745108742e+17
-1.0293102490483498e+17
-1.0292563593038477e+17
-1.0292381226211605e+17
-1.0292381226211613e+17
-1.0292563593038496e+17
-1.0293102490483552e+17
-1.0294293745108798e+17
-1.0296393409181442e+17
-1.0299211720692214e+17
-1.0301510877752837e+17
-1.0300555929599523e+17
-1.0291984429818662e+17
-1.0270749217490093e+17
-1.0236263466505542e+17
-1.0207697763549434e+17
-1.0254292789540469e+17
-1.0509842603506242e+17
-1.1073578840065946e+17
-1.1802836441166168e+17
-1.2240833468001962e+17
-1.2005723835050794e+17
-1.0730651261045013e+17
-9.695653758776638e+16
-3.3383963149450284e+16
-3.677502972537074e+16
-3.977127393628979e+16
-3.909927281693709e+16
-3.732935003002568e+16
-3.5478838438679224e+16
-3.435303576141688e+16
-3.401413806219583e+16
-3.40672277402741e+16
-3.4195952649082096e+16
-3.4295018082240604e+16
-3.4347733737256772e+16
-3.436419819131081e+16
-3.4361669265560584e+16
-3.4352354923204532e+16
-3.4343168079515484e+16
-3.433717756403522e+16
-3.433426515329275e+16
-3.4333183071463164e+16
-3.4332916927977012e+16
-3.433291692797713e+16
-3.4333183071463428e+16
-3.4334265153292936e+16
-3.433717756403533e+16
-3.4343168079515692e+16
-3.435235492320473e+16
-3.4361669265560612e+16
-3.4364198191310692e+16
-3.4347733737257108e+16
-3.429501808224164e+16
-3.419595264908361e+16
-3.4067227740275588e+16
-3.401413806219702e+16
-3.435303576141798e+16
-3.5478838438681052e+16
-3.7329350030029e+16
-3.9099272816940264e+16
-3.977127393629089e+16
-3.677502972536952e+16
-3.3383963149445804e+16
-8313348647230054.0
-8872019921591040.0
-9064998755199694.0
-8683103769516870.0
-8462355371484561.0
-8270296337869442.0
-8131243305801336.0
-8099790869972454.0
-8118414024693939.0
-8137669025256147.0
-8152249938866889.0
-8160767943342271.0
-8162965625729779.0
-8161946329290334.0
-8159833412719349.0
-8157855351496143.0
-8156713749341153.0
-8156275690312605.0
-8156176242041753.0
-8156190407139620.0
-8156190407139691.0
-8156176242041846.0
-8156275690312592.0
-8156713749341116.0
-8157855351496179.0
-8159833412719356.0
-8161946329290088.0
-8162965625729392.0
-8160767943342211.0
-8152249938867328.0
-8137669025256853.0
-8118414024694646.0
-8099790869973071.0
-8131243305802003.0
-8270296337870617.0
-8462355371486531.0
-8683103769518763.0
-9064998755200422.0
-8872019921590620.0
-8313348647228374.0
-1582223150410071.5
-1575485669310107.5
-1439689277413995.8
-1373659137979993.0
-1462888097687551.5
-1500605395254146.0
-1473677245796029.2
-1451713901673222.0
-1442987263426201.2
-1438603156523521.8
-1438152006824252.5
-1439148092673082.2
-1439570890083301.5
-1439583159755816.0
-1439394399837205.5
-1439165140915941.8
-1439067596674929.8
-1439062844673200.5
-1439079551102996.8
-1439097104855647.2
-1439097104855682.8
-1439079551103027.8
-1439062844673158.2
-1439067596674892.8
-1439165140915987.2
-1439394399837236.8
-1439583159755678.8
-1439570890083058.8
-1439148092672964.0
-1438152006824335.0
-1438603156523675.5
-1442987263426326.2
-1451713901673312.2
-1473677245796130.2
-1500605395254409.2
-1462888097688068.2
-1373659137980481.8
-1439689277414090.2
-1575485669309843.8
-1582223150409529.0
-223542859992234.16
-199329389106108.3
-147751916330591.28
-165092175316039.8
-225108485054871.0
-238964934565359.22
-217975178650256.8
-201549785549598.84
-194558189771244.5
-191761915764732.47
-191449020320482.94
-191939490161907.94
-192258843531488.16
-192422811369657.84
-192491324089623.66
-192508151609332.22
-192527025159012.72
-192541686773509.72
-192545651478179.7
-192547264627826.16
-192547264627852.3
-192545651478211.3
-192541686773502.94
-192527025159016.25
-192508151609386.78
-192491324089674.2
-192422811369636.9
-192258843531422.12
-191939490161874.47
-191449020320492.53
-191761915764726.16
-194558189771195.4
-201549785549524.1
-217975178650167.47
-238964934565285.16
-225108485054842.84
-165092175316012.03
-147751916330493.88
-199329389105959.2
-223542859992084.62
-15379172551816.623
-12968314895393.674
-8468769111347.571
-24607267897084.61
-42477062918844.875
-39483753115171.03
-27463860265159.387
-20706913862879.996
-18814883286982.56
-18608478651121.844
-19008769552345.21
-19426460716129.477
-19642402390559.246
-19739979027702.734
-19780171095103.688
-19793380988616.094
-19800040526647.582
-19800713033478.562
-19797152657705.535
-19794630238585.18
-19794630238601.445
-19797152657729.168
-19800713033484.277
-19800040526656.543
-19793380988646.78
-19780171095135.105
-19739979027716.84
-19642402390570.137
-19426460716153.027
-19008769552366.97
-18608478651114.79
-18814883286943.973
-20706913862824.25
-27463860265089.793
-39483753115090.32
-42477062918765.734
-24607267897012.918
-8468769111284.984
-12968314895356.213
-15379172551786.62
3061465560719.152
1140118799447.4263
-1616327651881.7478
-7365967759757.8955
-9843415158541.46
-6151978533711.842
-1809449966380.7927
-293042034071.09143
-417779646289.0011
-841190209779.2034
-1215314220624.0574
-1447685251911.5972
-1550585303331.5044
-1589539290570.1577
-1601619121767.9468
-1603322157950.509
-1602403277518.3262
-1599868718706.0388
-1596863563178.2927
-1595100192757.7612
-1595100192763.7866
-1596863563185.0266
-1599868718702.6187
-1602403277514.4106
-1603322157954.6406
-1601619121773.9883
-1589539290576.0679
-1550585303345.0034
-1447685251933.8616
-1215314220643.7964
-841190209785.0406
-417779646281.21606
-293042034055.71735
-1809449966359.0798
-6151978533684.483
-9843415158515.037
-7365967759738.343
-1616327651871.2458
1140118799448.8994
3061465560719.91
1038724463642.4116
169091093212.69272
-1041687135210.4276
-2070374333398.8599
-1641714544409.401
-104305910735.99188
875864352555.3463
865392181444.0278
509734957647.38983
216038369852.0124
34285499961.999107
-58566495267.24177
-95897654532.27924
-108282045347.51268
-110949384706.7899
-110318104467.63043
-108976746178.27231
-107454016652.9905
-106144431250.94728
-105438792955.88034
-105438792956.08412
-106144431247.7145
-107454016643.58434
-108976746168.0149
-110318104460.66318
-110949384701.52786
-108282045344.05974
-95897654533.70905
-58566495273.98718
34285499953.66775
216038369845.8845
509734957643.9943
865392181442.337
875864352555.1532
-104305910735.94676
-1641714544412.3848
-2070374333404.936
-1041687135217.6747
169091093204.33936
1038724463641.7167
-81245327976.04155
-179026148511.62454
-315461891321.20166
-239086362484.57422
155419525387.03125
556765810734.9609
639919633317.6285
474024104467.73596
286700170824.5064
166629230483.4507
103151467243.75087
74184557876.2474
63275630934.43226
59944033563.29195
59425425342.13161
59812911457.59145
60371848344.02813
60908912199.235725
61313391780.12798
61519714332.842255
61519714334.12802
61313391784.56566
60908912206.57128
60371848352.05668
59812911464.7408
59425425348.111206
59944033567.83149
63275630937.08336
74184557876.63448
103151467242.1507
166629230480.85886
286700170821.46655
474024104464.3467
639919633314.0328
556765810730.3699
155419525380.18283
-239086362492.1264
-315461891326.9106
-179026148513.87552
-81245327974.14226
-159427871671.72906
-83017236061.50143
-17203583595.215652
132924884619.70326
277139815170.8371
352293011894.01605
316894008048.9391
236887752597.36478
172031793934.43484
135344301639.02962
117523362786.00768
109978879217.49696
107295611453.60904
106513423249.32005
106433600140.1607
106547160494.53543
106702061790.06967
106840312049.47218
106939370893.3287
106987926700.888
106987926701.78557
106939370895.54094
106840312052.38448
106702061793.90483
106547160499.17097
106433600144.14142
106513423251.777
107295611455.21141
109978879218.59207
117523362786.30734
135344301638.69225
172031793933.5253
236887752595.76187
316894008046.8813
352293011891.4283
277139815167.2571
132924884616.3832
-17203583596.776176
-83017236062.47296
-159427871669.02524
-78358180404.56683
-55085447007.72638
24674042863.87687
57062629217.801155
108905436321.55986
108779725013.84058
88981395535.6985
63549795087.93076
45396734700.08536
35911205353.38308
31501462449.23866
29709745091.50348
29078285348.514587
28975585799.252697
28965244203.952454
29006918420.042267
29044688142.5816
29080796221.32556
29104700022.767292
29117267918.703995
29117267919.057278
29104700023.114292
29080796221.300224
29044688143.460464
29006918422.292458
28965244205.83476
28975585799.715008
29078285348.53726
29709745091.812412
31501462449.620018
35911205353.73422
45396734700.14425
63549795087.38085
88981395534.77933
108779725012.834
108905436320.27736
57062629216.86079
24674042863.847507
-55085447008.01038
-78358180402.47429
-62005056669.59481
-36438596101.44994
-71440838925.5747
-34339420209.468193
-37111551011.3523
-33741101717.16085
-42568660238.6971
-51233996216.95894
-55737833964.98817
-58237022301.20476
-59210376782.314964
-59619265092.29397
-59679744547.05961
-59721776386.30318
-59692599605.99615
-59679440717.98921
-59659126511.856026
-59644947629.738976
-59634119340.62064
-59629129022.989845
-59629129022.89264
-59634119340.94627
-59644947630.796455
-59659126512.48665
-59679440717.637825
-59692599605.88191
-59721776387.081665
-59679744547.87879
-59619265092.593765
-59210376782.272865
-58237022300.950096
-55737833964.78715
-51233996217.13311
-42568660239.12715
-33741101717.64171
-37111551011.98489
-34339420209.984615
-71440838925.63737
-36438596101.484276
-62005056668.30671
-64662968621.043655
-74980879088.6596
-122184693505.87971
-121691283659.30612
-130262744550.98596
-133044969637.66728
-137206374930.0438
-140221997988.75824
-141237208720.09583
-141555263681.2313
-141528044680.30945
-141513782571.89114
-141481637509.42917
-141475195369.23358
-141458853318.79547
-141447089508.48502
-141436840079.28897
-141430231356.79733
-141425645592.79977
-141423225631.62955
-141423225631.59253
-141425645593.10498
-141430231357.74734
-141436840080.28247
-141447089509.14185
-141458853319.59656
-141475195370.3684
-141481637510.3766
-141513782572.4086
-141528044680.54266
-141555263681.20068
-141237208719.9254
-140221997988.69577
-137206374930.12477
-133044969637.87984
-130262744551.43236
-121691283659.81587
-122184693506.05501
-74980879088.77505
-64662968620.24841
-41328408600.434074
-149141602123.59433
-89712078335.49309
-164873328039.8986
-155442767311.78397
-165657581148.0238
-165062156922.06253
-162450381798.81027
-162782344820.96515
-161703207490.63046
-161659336550.5736
-161448138388.10526
-161522798075.56708
-161456265866.28506
-161468374700.94116
-161455997676.91354
-161455223419.19888
-161453652574.38348
-161452642348.93033
-161451845903.2248
-161451845903.19443
-161452642349.02982
-161453652574.8342
-161455223419.8651
-161455997677.6251
-161468374701.7387
-161456265867.11426
-161522798076.20532
-161448138388.5162
-161659336550.8275
-161703207490.66592
-162782344820.7985
-162450381798.62183
-165062156921.9084
-165657581148.0183
-155442767312.0052
-164873328040.20554
-89712078335.60735
-149141602123.4395
-41328408599.90682
547353870.9989588
76471311739.03326
-20651803473.715965
-7746218583.857034
-27003897850.94809
-25145761571.050762
-20963974294.279816
-22000054017.549202
-18587685388.164303
-18965662984.148773
-18413491225.403496
-18633763782.248627
-18564866164.401474
-18648637476.46531
-18651347190.437885
-18654712667.745964
-18656398035.548927
-18655626482.337543
-18656000129.566547
-18654624678.834896
-18654624678.795715
-18656000129.529617
-18655626482.40634
-18656398035.77938
-18654712668.117756
-18651347190.875774
-18648637476.846073
-18564866164.669518
-18633763782.438736
-18413491225.524055
-18965662984.138996
-18587685388.022953
-22000054017.348457
-20963974294.08933
-25145761570.97159
-27003897850.9796
-7746218583.970784
-20651803473.71037
76471311739.14316
547353871.3072317
32504688806.42652
78969150412.6213
33163453641.781334
35963636994.94198
15582840200.683424
12909395035.855236
13294137254.321224
14611162896.312283
15425767820.766916
15485158848.578989
15464991023.371122
15377404287.32092
15348270384.99557
15305810330.6125
15295821074.242218
15288792906.935663
15288642208.07811
15289037331.730423
15290300453.77941
15291350498.153547
15291350498.176588
15290300453.84712
15289037331.80336
15288642208.07975
15288792906.841284
15295821074.109581
15305810330.520084
15348270384.956417
15377404287.298918
15464991023.361275
15485158848.621239
15425767820.86481
14611162896.425526
13294137254.427202
12909395035.92412
15582840200.690767
35963636994.915344
33163453641.8019
78969150412.73318
32504688806.552956
42834170855.21003
8117768121.691403
-26855895234.480213
-12816106658.764286
-31333390904.817875
-20051709554.017628
-32729642771.32837
-26590023772.450867
-31572237453.99447
-29589753778.08195
-30575061923.24729
-30222769478.444733
-30369205808.58453
-30332275453.842422
-30342079092.408882
-30351317938.064472
-30346346775.220406
-30348644403.059338
-30344353112.187187
-30344855907.297657
-30344855907.27947
-30344353112.165916
-30348644402.966507
-30346346775.184906
-30351317938.06132
-30342079092.42783
-30332275453.852077
-30369205808.54446
-30222769478.412025
-30575061923.23311
-29589753778.05604
-31572237453.936985
-26590023772.411167
-32729642771.288006
-20051709553.961464
-31333390904.846493
-12816106658.786978
-26855895234.47337
8117768121.788292
42834170855.22935
33408296985.10915
76204692139.25851
120333950584.37988
145630396738.9167
151976196436.45477
148865174410.53986
145797593439.0306
144383881968.51413
144053262715.42474
144094224343.07825
144184115749.38016
144206853969.8501
144198578374.14655
144188485854.0402
144185878874.67487
144183618490.8823
144184138043.22705
144185434444.63998
144188316275.33673
144190401307.3526
144190401307.35214
144188316275.34933
144185434444.6756
144184138043.26376
144183618490.90155
144185878874.68707
144188485854.0592
144198578374.1676
144206853969.86328
144184115749.38434
144094224343.07785
144053262715.42102
144383881968.5077
145797593439.02545
148865174410.53815
151976196436.4528
145630396738.90964
120333950584.36676
76204692139.2422
33408296985.09103
