1600
178211874171.90265
310162992947.4484
390509122800.2099
415366194920.4773
416571863718.582
418066573302.0063
421142987653.3816
422993466382.5986
423324369623.62964
423355994917.96875
423310504177.3924
423308436913.6072
423298102295.7369
423298245604.34174
423283262588.5264
423283203381.64276
423283680547.24493
423283345630.19885
423284264236.90546
423284124148.86847
423284124148.86896
423284264236.90686
423283345630.2
423283680547.2452
423283203381.6409
423283262588.5219
423298245604.3367
423298102295.73224
423308436913.6056
423310504177.39484
423355994917.97253
423324369623.634
422993466382.6004
421142987653.37915
418066573302.00464
416571863718.5861
415366194920.4822
390509122800.2103
310162992947.4436
178211874171.89688
145315455493.7281
-114378430747.25365
26789601884.50613
-30308762193.27078
-3130128330.996615
-3989380158.09756
-3564286008.5659375
2170528263.265644
-585635372.3861912
613568309.2611264
-171453.6601546098
233159662.60455948
131006957.44988346
180754675.03966084
158741029.44502956
159555831.31723574
159761242.56916726
159245067.41652113
160074813.54529005
160071707.10758933
160071707.1069866
160074813.54486495
159245067.42354918
159761242.56344324
159555831.31372854
158741029.44971043
180754675.03228188
131006957.4574302
233159662.60561532
-171453.6648598112
613568309.2618825
-585635372.3781871
2170528263.2479954
-3564286008.5643144
-3989380158.063083
-3130128331.029045
-30308762193.271683
26789601884.500237
-114378430747.23917
145315455493.72403
38964229341.565575
27123734730.105843
56648194338.67468
32205744070.534668
28301856851.44514
26666095026.47498
28808681869.79992
29927491955.904747
29716577212.001465
29635640936.24272
29550063431.09411
29564807717.33893
29559786356.97019
29562744543.162205
29557645466.33161
29556153410.78281
29555985252.797913
29556331603.269596
29556695380.993225
29556790289.216133
29556790289.21648
29556695380.9939
29556331603.27035
29555985252.797695
29556153410.781815
29557645466.330723
29562744543.161125
29559786356.970577
29564807717.339947
29550063431.095654
29635640936.244274
29716577212.002598
29927491955.904404
28808681869.79881
26666095026.475273
28301856851.445
32205744070.536022
56648194338.67435
27123734730.106083
38964229341.56481
-33757195633.97237
-13648333095.397491
-54391082479.83121
-57038695178.74456
-67356085077.834915
-66949807881.52299
-67277279106.16969
-68617173172.87582
-68484620859.29534
-68839364034.9919
-68729170822.72177
-68758047640.2199
-68734711436.73624
-68745743468.5638
-68743438215.88644
-68745071410.27081
-68745229210.07367
-68744583210.77719
-68744484119.53918
-68744394334.04256
-68744394334.0425
-68744484119.53857
-68744583210.77779
-68745229210.07283
-68745071410.27028
-68743438215.8864
-68745743468.56165
-68734711436.7355
-68758047640.21803
-68729170822.7196
-68839364034.99144
-68484620859.2964
-68617173172.87427
-67277279106.169914
-66949807881.527
-67356085077.830376
-57038695178.74436
-54391082479.829956
-13648333095.397583
-33757195633.970974
-48110107600.1206
-54748005000.9178
-86996663067.32204
-85002250866.46747
-88797994210.36023
-89177824661.38678
-91044233545.14876
-92415663122.66379
-92395248375.57338
-92419122275.56374
-92294751617.3322
-92295628560.20625
-92287940774.92798
-92295838826.22067
-92294819916.64738
-92295349815.93367
-92295195398.52896
-92294839262.24092
-92294808510.72487
-92294777685.69994
-92294777685.70024
-92294808510.72533
-92294839262.24132
-92295195398.52823
-92295349815.93227
-92294819916.6456
-92295838826.21758
-92287940774.92638
-92295628560.20506
-92294751617.33168
-92419122275.56427
-92395248375.57458
-92415663122.66367
-91044233545.14821
-89177824661.3877
-88797994210.35823
-85002250866.46736
-86996663067.32094
-54748005000.91715
-48110107600.11864
-44524608566.03865
-70793752600.5639
-86435870834.4351
-84665738571.43486
-81945757185.99188
-82321932037.38843
-83979394989.64513
-84745070979.92978
-84654357665.90063
-84444668214.53796
-84355550342.871
-84356115442.93471
-84368479649.5266
-84374309855.85107
-84374820859.01822
-84374273318.21335
-84373831873.74022
-84373701808.3626
-84373716292.1501
-84373722264.19856
-84373722264.19899
-84373716292.15103
-84373701808.36357
-84373831873.74052
-84374273318.21274
-84374820859.01709
-84374309855.8495
-84368479649.5257
-84356115442.93486
-84355550342.87231
-84444668214.53986
-84654357665.90222
-84745070979.9299
-83979394989.64363
-82321932037.38696
-81945757185.99228
-84665738571.43613
-86435870834.43527
-70793752600.56299
-44524608566.036896
-46139149271.18038
-80400069585.20137
-95146209871.1388
-94115911528.76553
-89700689372.60783
-89364354737.60799
-90420485763.69174
-90794123061.98297
-90668545696.31586
-90486311302.86261
-90454447031.7016
-90470607576.52982
-90487034419.52596
-90490668978.0111
-90489941353.2769
-90488309590.64703
-90487645313.13942
-90487608390.66074
-90487649072.19034
-90487643326.85219
-90487643326.8525
-90487649072.191
-90487608390.6616
-90487645313.14037
-90488309590.64752
-90489941353.27681
-90490668978.01086
-90487034419.5258
-90470607576.53072
-90454447031.70355
-90486311302.86505
-90668545696.31767
-90794123061.98299
-90420485763.68977
-89364354737.60628
-89700689372.6095
-94115911528.76813
-95146209871.14
-80400069585.20088
-46139149271.17861
-50084875342.20072
-87131285561.8859
-105410908285.95218
-105184222127.57394
-100778519894.86406
-99897782486.14897
-100653470620.63162
-101033451052.04346
-101019393845.92162
-100955409970.21867
-100963114938.82887
-100980635344.80403
-100988595181.99638
-100987553951.64322
-100984394780.11708
-100982097322.35828
-100981460109.96753
-100981512586.11446
-100981545934.0474
-100981500891.54556
-100981500891.54585
-100981545934.04773
-100981512586.11505
-100981460109.96819
-100982097322.35873
-100984394780.11726
-100987553951.64299
-100988595181.99617
-100980635344.80446
-100963114938.83041
-100955409970.22064
-101019393845.92317
-101033451052.0432
-100653470620.6294
-99897782486.14757
-100778519894.86598
-105184222127.577
-105410908285.95361
-87131285561.8851
-50084875342.19868
-51280655498.136505
-88465370558.57982
-108184349660.74078
-108179117761.7623
-103881047288.34717
-102857017659.0386
-103645588964.44267
-104183995692.60074
-104295752298.35275
-104303035826.57211
-104317914152.34938
-104324135572.40137
-104321396002.11635
-104316042366.41061
-104311663565.94328
-104309544597.61484
-104309233079.20784
-104309396803.88283
-104309406031.32422
-104309323766.29988
-104309323766.30008
-104309406031.32466
-104309396803.88316
-104309233079.20796
-104309544597.6146
-104311663565.94263
-104316042366.40965
-104321396002.11528
-104324135572.40092
-104317914152.34999
-104303035826.5733
-104295752298.3539
-104183995692.60045
-103645588964.44077
-102857017659.03738
-103881047288.34895
-108179117761.76517
-108184349660.742
-88465370558.579
-51280655498.134315
-49019610174.007614
-84181648485.35037
-103109733745.41055
-103047833263.79985
-99040185436.43845
-98188910108.34683
-99102177662.1828
-99743736146.84259
-99911121948.2973
-99935612307.36383
-99943755406.38701
-99940244836.89372
-99931699824.95328
-99924852892.82599
-99920823959.2031
-99919378821.2038
-99919416940.48953
-99919640098.94504
-99919618456.40579
-99919514687.67697
-99919514687.67717
-99919618456.40614
-99919640098.94528
-99919416940.48926
-99919378821.2028
-99920823959.20177
-99924852892.8243
-99931699824.95158
-99940244836.89296
-99943755406.38722
-99935612307.36493
-99911121948.29837
-99743736146.84265
-99102177662.18127
-98188910108.34583
-99040185436.44002
-103047833263.8023
-103109733745.4113
-84181648485.34944
-49019610174.005394
-43962369111.03114
-75271494345.58107
-92151962746.16745
-92087732125.68279
-88657487892.50436
-88093218739.97163
-89047240819.56474
-89678770404.78305
-89839532962.71506
-89858484397.8347
-89860744476.74092
-89853922841.77943
-89844609017.40446
-89838422272.9798
-89835320729.20036
-89834436628.65236
-89834618021.61108
-89834810488.40933
-89834756052.1564
-89834646463.41885
-89834646463.41917
-89834756052.15686
-89834810488.4096
-89834618021.61076
-89834436628.6514
-89835320729.1987
-89838422272.97798
-89844609017.40302
-89853922841.77875
-89860744476.7414
-89858484397.83592
-89839532962.71652
-89678770404.78348
-89047240819.56363
-88093218739.97084
-88657487892.5056
-92087732125.68481
-92151962746.16794
-75271494345.58018
-43962369111.029106
-36513625965.98222
-62437871851.89935
-76392774641.17184
-76333977308.76953
-73631379120.69461
-73332575490.30682
-74210821960.28705
-74748180216.19583
-74870969592.14279
-74878534179.77393
-74877463754.3112
-74871093764.52782
-74863438149.29639
-74858681343.51077
-74856440941.54538
-74855858152.47571
-74856017367.23822
-74856135459.37897
-74856057791.6497
-74855954617.39703
-74855954617.3972
-74856057791.65009
-74856135459.37917
-74856017367.23814
-74855858152.47511
-74856440941.54428
-74858681343.50954
-74863438149.29526
-74871093764.52754
-74877463754.31192
-74878534179.7753
-74870969592.14423
-74748180216.19618
-74210821960.28624
-73332575490.306
-73631379120.69579
-76333977308.77133
-76392774641.17247
-62437871851.89879
-36513625965.980545
-27334744890.615875
-46837785445.617546
-57243171743.249596
-57097571206.17187
-55134713835.69344
-55046942119.91262
-55779460419.87593
-56188596307.25194
-56266979170.741974
-56264368225.308235
-56261634704.285774
-56257030530.794754
-56251726317.23544
-56248493055.47613
-56246981836.0866
-56246592305.17671
-56246697564.52599
-56246752689.78039
-56246668965.82321
-56246580899.618454
-56246580899.618614
-56246668965.82352
-56246752689.78061
-56246697564.52601
-56246592305.176414
-56246981836.08597
-56248493055.47541
-56251726317.23485
-56257030530.79468
-56261634704.2864
-56264368225.309326
-56266979170.74303
-56188596307.2523
-55779460419.87521
-55046942119.9122
-55134713835.69446
-57097571206.17338
-57243171743.25013
-46837785445.617165
-27334744890.614647
-17715667281.647785
-30627648163.166214
-37340525786.167465
-37026922884.33408
-35722674934.83266
-35781362736.68772
-36341080849.28726
-36621585188.35587
-36662150951.0306
-36653598364.97295
-36650655352.58578
-36648085208.26151
-36645034055.097694
-36643154295.27398
-36642270078.21961
-36642057145.96683
-36642132877.65734
-36642151541.637856
-36642076242.60301
-36642008030.71138
-36642008030.71148
-36642076242.603264
-36642151541.638054
-36642132877.65745
-36642057145.966736
-36642270078.21934
-36643154295.273506
-36645034055.09724
-36648085208.26142
-36650655352.58615
-36653598364.9736
-36662150951.031166
-36621585188.35594
-36341080849.28674
-35781362736.68742
-35722674934.83342
-37026922884.3352
-37340525786.1679
-30627648163.16596
-17715667281.647007
-9310194769.074427
-16490792509.291975
-19988450546.74323
-19513779899.50326
-18722178283.638836
-18847830354.252098
-19230973357.058823
-19398772262.088356
-19412099844.26844
-19401853553.7379
-19399672270.85274
-19398818078.729057
-19397511003.37974
-19396663547.878433
-19396271830.654957
-19396211418.266598
-19396276509.249855
-19396278271.433014
-19396219318.11244
-19396171877.992966
-19396171877.993053
-19396219318.11261
-19396278271.433167
-19396276509.24994
-19396211418.266556
-19396271830.65483
-19396663547.87815
-19397511003.37942
-19398818078.728985
-19399672270.852924
-19401853553.738224
-19412099844.26871
-19398772262.08834
-19230973357.05851
-18847830354.25193
-18722178283.639343
-19513779899.50394
-19988450546.74351
-16490792509.291842
-9310194769.07398
-3456667932.2780685
-6552877655.124253
-7810579427.498395
-7281495810.602246
-6840736105.805066
-6961984872.042715
-7187248592.638071
-7269136552.593948
-7266754525.156015
-7258029974.623131
-7257040925.703246
-7257312852.451385
-7257087420.399381
-7256881737.578615
-7256804807.17031
-7256842420.200219
-7256899880.621313
-7256896038.7932625
-7256855808.485304
-7256826923.268327
-7256826923.268376
-7256855808.485396
-7256896038.793341
-7256899880.621358
-7256842420.200219
-7256804807.170253
-7256881737.578476
-7257087420.399243
-7257312852.451349
-7257040925.703334
-7258029974.623272
-7266754525.156134
-7269136552.593943
-7187248592.637909
-6961984872.042644
-6840736105.805326
-7281495810.602586
-7810579427.498508
-6552877655.124171
-3456667932.2778587
-494196600.4590612
-1340140808.2385385
-1458981687.4032996
-1018344169.7526062
-797050284.064717
-878802373.3871773
-987598329.7344548
-1016646082.2798054
-1009248465.9373913
-1003940366.5583311
-1004153799.5060383
-1004955015.0818591
-1005199901.4584615
-1005268564.2850348
-1005323903.7105682
-1005393361.0920925
-1005437884.3833675
-1005433911.3874037
-1005410554.6290144
-1005395808.4527016
-1005395808.4527189
-1005410554.6290519
-1005433911.3874366
-1005437884.3833915
-1005393361.0921013
-1005323903.710561
-1005268564.2850031
-1005199901.4584279
-1004955015.0818613
-1004153799.5060786
-1003940366.558384
-1009248465.9374281
-1016646082.2798003
-987598329.7343968
-878802373.387156
-797050284.0648216
-1018344169.7527354
-1458981687.4033294
-1340140808.238493
-494196600.45897704
330944312.1144123
332532370.88486266
531850553.58016264
800492721.1634247
892330945.9262779
848397864.0231476
806123508.0951964
800218392.2519962
805616925.9538041
807328968.0450144
806309889.6649797
805455649.4966011
805161595.8259416
805067230.6071699
805006151.930188
804951055.6851394
804922836.2277734
804925095.3819455
804936162.9489181
804942041.1662171
804942041.1662143
804936162.9489142
804925095.381943
804922836.2277731
804951055.685134
805006151.9301827
805067230.6071723
805161595.8259424
805455649.4965978
806309889.6649697
807328968.0450082
805616925.9537991
800218392.2519963
806123508.0952086
848397864.0231538
892330945.9262518
800492721.1633978
531850553.580168
332532370.8848871
330944312.1144366
206616866.90754786
337780753.70158726
481326167.2033263
593001620.3183248
616881913.2117229
594637764.2059133
579945463.9427074
579205015.7534083
580683550.2392867
580077308.1832871
578875787.7994798
578254249.86641
578093145.7930905
578064932.297367
578040832.1898426
578011712.2212917
577996626.0028998
577997082.9788754
578001110.5410258
578002719.7296453
578002719.729647
578001110.5410305
577997082.9788812
577996626.0029037
578011712.2212907
578040832.1898394
578064932.2973635
578093145.7930886
578254249.8664117
578875787.7994839
580077308.1832925
580683550.2392905
579205015.7534095
579945463.94271
594637764.2059164
616881913.2117238
593001620.3183293
481326167.203337
337780753.7015972
206616866.90755397
-26077040.262327768
36812876.72178288
74708216.31659201
99477207.03098102
97491400.87155108
85249553.1986846
78637916.07906276
77147453.9053875
76212462.95418286
74922194.51952656
74022557.05309655
73706785.65699424
73680484.76593998
73703628.95996162
73704172.87674324
73691122.67555511
73683019.65363513
73682371.18978506
73683485.19189365
73683773.79171363
73683773.79171486
73683485.19189711
73682371.18978894
73683019.6536378
73691122.67555498
73704172.87674206
73703628.95996037
73680484.76593998
73706785.65699637
74022557.05310005
74922194.51953162
76212462.95418622
77147453.90538877
78637916.07906485
85249553.19868906
97491400.8715575
99477207.03098847
74708216.3165991
36812876.7217858
-26077040.262324616
-105233978.07302618
-94190634.88000505
-103397905.36197616
-104770853.27232234
-109533648.03078498
-116096145.66143872
-120200734.30932425
-122159589.99969438
-123503354.76367097
-124483759.88811935
-124948629.78280322
-125037558.20710774
-124998191.84194037
-124965113.56294796
-124961508.73988439
-124969566.23019436
-124974801.14378269
-124975595.14277695
-124975100.67160468
-124974858.80099812
-124974858.80099751
-124975100.67160374
-124975595.1427755
-124974801.14378169
-124969566.230194
-124961508.73988442
-124965113.56294794
-124998191.84194012
-125037558.20710698
-124948629.78280187
-124483759.88811785
-123503354.76367034
-122159589.99969338
-120200734.30932249
-116096145.66143571
-109533648.03078192
-104770853.27231929
-103397905.36197372
-94190634.88000496
-105233978.07302316
-85411873.589797
-87471870.88729039
-100819379.17639299
-101878569.33062214
-102452859.74959013
-105037985.21836837
-107362452.64346859
-108718132.7624691
-109551143.23312561
-110025094.13980435
-110179984.04686417
-110163402.05614541
-110117419.13010757
-110097335.29213482
-110099324.94463542
-110106320.93187474
-110109828.6805523
-110110094.56486037
-110109452.49817657
-110109034.05669242
-110109034.0566924
-110109452.49817628
-110110094.56486015
-110109828.68055218
-110106320.93187472
-110099324.94463521
-110097335.2921343
-110117419.1301071
-110163402.05614512
-110179984.04686421
-110025094.1398048
-109551143.23312628
-108718132.76246938
-107362452.64346765
-105037985.21836737
-102452859.74959022
-101878569.33062242
-100819379.1763929
-87471870.88729087
-85411873.58979441
-51254338.82394986
-52531417.51304879
-59416200.110126905
-56529459.43434072
-54001571.01067046
-54281388.58969363
-55262485.3338387
-55869743.44529695
-56197947.52247617
-56351339.82615041
-56368830.66633084
-56331417.98470989
-56302879.34586525
-56297236.41140132
-56302860.53529008
-56308249.54883597
-56310045.92425543
-56309687.498338126
-56308927.5436774
-56308481.46078286
-56308481.46078288
-56308927.54367729
-56309687.49833812
-56310045.924255535
-56308249.54883613
-56302860.53528998
-56297236.411400974
-56302879.345864825
-56331417.98470979
-56368830.66633115
-56351339.826151125
-56197947.52247706
-55869743.445297405
-55262485.333838604
-54281388.58969376
-54001571.01067167
-56529459.434342
-59416200.11012731
-52531417.513048925
-51254338.82394782
-30812042.415937006
-30915778.11924168
-33560197.973567285
-29326379.771976728
-26006948.67924808
-25397073.395716395
-25683765.15309152
-25876022.634868443
-25960515.734645583
-25990098.339257304
-25975282.25249062
-25949912.02767798
-25938391.05629295
-25940059.11955139
-25945251.017131224
-25948224.06221621
-25948596.351982918
-25947915.820942745
-25947252.97966048
-25946916.236148562
-25946916.236148532
-25947252.97966044
-25947915.820942707
-25948596.351982996
-25948224.062216368
-25945251.01713123
-25940059.119551197
-25938391.056292724
-25949912.02767797
-25975282.25249088
-25990098.339257818
-25960515.73464617
-25876022.63486874
-25683765.153091457
-25397073.395716533
-26006948.679249026
-29326379.771977633
-33560197.97356744
-30915778.11924165
-30812042.415935483
-21178974.000089735
-21533611.80727286
-22674895.26500384
-18884726.92947887
-15961282.89785123
-15222059.13753078
-15273800.377802826
-15329482.617714489
-15345150.183206048
-15347978.035798559
-15337279.162186807
-15326148.759814104
-15323522.41593445
-15326337.760785757
-15329181.378861988
-15330073.539077338
-15329670.589861648
-15329011.196495688
-15328562.53377615
-15328365.80552972
-15328365.805529715
-15328562.533776099
-15329011.196495658
-15329670.589861684
-15330073.539077433
-15329181.37886199
-15326337.760785617
-15323522.41593432
-15326148.759814095
-15337279.16218693
-15347978.035798775
-15345150.183206338
-15329482.617714588
-15273800.377802646
-15222059.137530748
-15961282.897851706
-18884726.92947933
-22674895.26500382
-21533611.807272788
-21178974.000088736
-16061801.656979289
-17091260.723329507
-17820186.424950913
-14923742.18788943
-12683159.555282012
-12081891.579613788
-12098620.676275438
-12136316.629937787
-12147266.995739186
-12151063.010720296
-12148050.989799103
-12144504.257925041
-12144351.617852269
-12145754.5234487
-12146491.453935571
-12146260.420521146
-12145683.143597376
-12145223.094216643
-12144979.085444296
-12144887.087433806
-12144887.087433815
-12144979.085444277
-12145223.0942166
-12145683.14359738
-12146260.420521194
-12146491.453935567
-12145754.523448618
-12144351.61785219
-12144504.257925019
-12148050.989799136
-12151063.010720378
-12147266.995739287
-12136316.629937755
-12098620.67627523
-12081891.579613658
-12683159.555282192
-14923742.187889624
-17820186.424950838
-17091260.723329403
-16061801.656978663
-12502335.69160071
-14024030.581489438
-14599310.397163505
-12518157.959604725
-10911941.527286615
-10497288.693163464
-10534824.191816915
-10582200.995813437
-10599458.939881949
-10605910.196501125
-10606171.161551654
-10604850.405525278
-10604433.130726585
-10604387.03786791
-10604050.964801947
-10603523.39411154
-10603085.67625754
-10602835.755689679
-10602728.11017153
-10602693.62218082
-10602693.622180818
-10602728.110171517
-10602835.75568964
-10603085.676257541
-10603523.394111548
-10604050.964801937
-10604387.037867866
-10604433.130726531
-10604850.405525262
-10606171.16155165
-10605910.19650114
-10599458.939881973
-10582200.9958134
-10534824.191816757
-10497288.69316334
-10911941.527286662
-12518157.95960479
-14599310.397163432
-14024030.581489388
-12502335.691600358
-9596276.629714103
-11298753.513444843
-11758849.228512771
-10319663.34333462
-9226535.264685696
-8974955.02464536
-9034612.081640223
-9087867.288659006
-9107274.838370811
-9113139.63319781
-9113325.476180919
-9111984.048472604
-9110953.140874963
-9110248.711111715
-9109677.619724642
-9109259.77737377
-9109019.657266812
-9108911.839186452
-9108873.728013936
-9108863.610116933
-9108863.610116933
-9108873.72801393
-9108911.839186437
-9109019.65726681
-9109259.777373793
-9109677.619724652
-9110248.711111696
-9110953.140874952
-9111984.048472596
-9113325.476180913
-9113139.633197812
-9107274.838370834
-9087867.288658991
-9034612.081640126
-8974955.024645261
-9226535.264685713
-10319663.34333465
-11758849.228512727
-11298753.513444828
-9596276.629713899
-7109778.718220149
-8725191.954288295
-9075123.45661587
-8118153.616267534
-7413970.662126147
-7282200.1295276955
-7350079.43509662
-7399598.525557146
-7416027.706427281
-7419350.045748766
-7418441.705453175
-7416799.990892388
-7415607.811647422
-7414880.752269767
-7414451.149658751
-7414222.413296362
-7414120.936868007
-7414084.366094398
-7414073.842411256
-7414071.600866608
-7414071.600866605
-7414073.842411248
-7414084.366094388
-7414120.93686801
-7414222.413296378
-7414451.149658753
-7414880.752269767
-7415607.811647422
-7416799.990892385
-7418441.70545317
-7419350.04574877
-7416027.706427299
-7399598.525557151
-7350079.435096569
-7282200.12952764
-7413970.662126146
-8118153.616267542
-9075123.456615848
-8725191.954288285
-7109778.71822005
-4988899.23278551
-6335931.478865301
-6581263.865449878
-5972692.912972286
-5546128.916133395
-5490464.931519057
-5552595.00710033
-5591520.337706205
-5602516.706575604
-5603246.862672762
-5601595.636879257
-5600026.647205024
-5599064.986192506
-5598569.2061135415
-5598336.988316472
-5598241.211286148
-5598208.173510778
-5598198.785853584
-5598196.551000968
-5598196.113083763
-5598196.113083769
-5598196.551000967
-5598198.785853579
-5598208.173510786
-5598241.211286162
-5598336.988316484
-5598569.206113551
-5599064.98619251
-5600026.647205033
-5601595.636879262
-5603246.862672767
-5602516.706575616
-5591520.337706212
-5552595.007100316
-5490464.931519025
-5546128.916133381
-5972692.9129722845
-6581263.865449864
-6335931.478865313
-4988899.232785477
-3238941.2399302656
-4230354.144495805
-4382094.453911027
-4013719.517772912
-3772671.2467600508
-3757971.023872345
-3806033.7237460157
-3832233.9735532934
-3837985.4579206426
-3837114.220475194
-3835402.6599789537
-3834218.1959066265
-3833608.5505182007
-3833345.282189697
-3833246.658787614
-3833215.5844290503
-3833207.6882826504
-3833205.934339855
-3833205.4299022737
-3833205.2351038014
-3833205.235103803
-3833205.429902269
-3833205.9343398516
-3833207.6882826504
-3833215.584429058
-3833246.6587876203
-3833345.282189704
-3833608.550518208
-3834218.195906639
-3835402.6599789574
-3837114.220475194
-3837985.4579206505
-3832233.9735532976
-3806033.7237460036
-3757971.023872327
-3772671.246760043
-4013719.5177729074
-4382094.45391102
-4230354.144495805
-3238941.239930249
-1883852.2399449954
-2518636.9815921052
-2594435.2091637678
-2383124.3280249136
-2257561.6217798726
-2260473.3703552987
-2292648.3380621993
-2307804.5542147458
-2309936.6349098496
-2308569.6609342378
-2307251.3815850774
-2306519.873255433
-2306202.032944171
-2306087.874920517
-2306054.315743495
-2306046.7739878767
-2306045.5082286894
-2306045.1387085915
-2306044.8544897153
-2306044.695756732
-2306044.695756731
-2306044.8544897134
-2306045.1387085905
-2306045.5082286876
-2306046.7739878786
-2306054.3157434957
-2306087.874920519
-2306202.0329441736
-2306519.873255436
-2307251.3815850755
-2308569.6609342387
-2309936.6349098505
-2307804.5542147458
-2292648.338062197
-2260473.3703552894
-2257561.621779865
-2383124.3280249094
-2594435.2091637673
-2518636.9815921057
-1883852.23994499
-934284.8233564559
-1275809.6830280568
-1298697.167945592
-1184556.06019302
-1125588.1392294723
-1133431.2396066692
-1152386.100129187
-1159937.5538677382
-1160252.8477941346
-1159093.6536994798
-1158281.8504848552
-1157905.7697325917
-1157767.3083061709
-1157726.3626877165
-1157717.2748644624
-1157715.9769800485
-1157715.7480017054
-1157715.4888847182
-1157715.2709109127
-1157715.1647381152
-1157715.1647381152
-1157715.2709109127
-1157715.4888847172
-1157715.7480017047
-1157715.9769800485
-1157717.2748644617
-1157726.3626877172
-1157767.3083061716
-1157905.7697325929
-1158281.8504848548
-1159093.6536994784
-1160252.8477941346
-1159937.5538677387
-1152386.100129185
-1133431.2396066666
-1125588.13922947
-1184556.0601930174
-1298697.1679455903
-1275809.6830280584
-934284.8233564562
-360500.24826595833
-503946.2592210627
-498175.7748612404
-440875.8210064949
-417058.11138533644
-424443.11211703625
-434469.02909641503
-437749.3993112952
-437494.49452047644
-436771.80379567866
-436362.4777318299
-436200.9826646844
-436150.4917965421
-436138.2976326902
-436136.2921689565
-436136.0339572493
-436135.82520405477
-436135.6123390393
-436135.4789041908
-436135.4239801027
-436135.42398010264
-436135.4789041906
-436135.6123390394
-436135.82520405494
-436136.03395724884
-436136.29216895596
-436138.2976326901
-436150.49179654184
-436200.98266468477
-436362.4777318291
-436771.8037956778
-437494.4945204764
-437749.39931129577
-434469.0290964152
-424443.1121170353
-417058.11138533504
-440875.82100649405
-498175.77486124006
-503946.2592210635
-360500.2482659587
-82764.80083570033
-120818.36280879682
-106193.5375172458
-80177.94735532852
-72853.32549961389
-78229.9402480758
-83126.55944634786
-84424.62423087824
-84171.63064418256
-83819.2310459037
-83649.85973799664
-83592.24886792916
-83576.80609237593
-83573.65421606439
-83573.14814831955
-83572.9483248266
-83572.7620588679
-83572.63242169587
-83572.5679445541
-83572.54488787557
-83572.54488787538
-83572.56794455426
-83572.63242169598
-83572.76205886829
-83572.94832482687
-83573.14814831912
-83573.65421606413
-83576.80609237583
-83592.24886792892
-83649.85973799627
-83819.23104590357
-84171.63064418282
-84424.62423087854
-83126.55944634827
-78229.94024807561
-72853.32549961352
-80177.94735532843
-106193.53751724576
-120818.362808797
-82764.80083570041
8300.778481359202
9483.35665582643
21371.544527808564
31401.322540157234
32268.282058007833
28883.93640188398
26604.457299868525
26088.43649445031
26209.636487738724
26344.664027385854
26401.57031145349
26418.603857252427
26422.75940805699
26423.656574323137
26423.92493177999
26424.0937990098
26424.208592344636
26424.270054968638
26424.295708805555
26424.303851270677
26424.303851270743
26424.295708805377
26424.2700549687
26424.20859234459
26424.09379900976
26423.924931780075
26423.656574323148
26422.75940805691
26418.603857252394
26401.570311453543
26344.664027385763
26209.636487738608
26088.436494450063
26604.457299868438
28883.93640188383
32268.282058007793
31401.322540157093
21371.544527808506
9483.356655826496
8300.778481359399
14878.91759157938
21781.30860844672
27521.342224678003
30195.72599698378
29251.625980210156
27343.034275657075
26301.26424192576
26069.742153543993
26099.93890540068
26139.22673050645
26154.602571748714
26159.020761163552
26160.253701202706
26160.66130541782
26160.847022916492
26160.950483709876
26161.00485238736
26161.02881673181
26161.037483807526
26161.03995916706
26161.03995916708
26161.037483807464
26161.028816731803
26161.00485238727
26160.950483709836
26160.8470229165
26160.661305417874
26160.253701202677
26159.020761163552
26154.602571748652
26139.226730506376
26099.938905400675
26069.742153543964
26301.26424192571
27343.034275657046
29251.625980210007
30195.72599698371
27521.34222467799
21781.30860844677
14878.917591579566
2806.0988918465787
5831.713204701131
7081.733530479322
7021.790605665345
6013.206382267454
5033.130866680276
4558.355831106056
4440.779500625839
4437.08801333433
4445.03702298514
4448.663099134392
4450.006048547253
4450.565901998703
4450.811239968541
4450.920867188478
4450.970513688996
4450.991715993296
4450.99967038687
4451.002207603783
4451.0028652126375
4451.0028652126275
4451.0022076037785
4450.999670386873
4450.991715993285
4450.970513688965
4450.920867188478
4450.8112399685715
4450.5659019987115
4450.006048547247
4448.66309913438
4445.037022985101
4437.088013334306
4440.77950062585
4558.3558311061015
5033.1308666802715
6013.206382267407
7021.790605665297
7081.733530479313
5831.713204701156
2806.098891846687
-3447.097495438188
-3426.106966858051
-3918.3034952067446
-4526.960307285679
-5161.7562542713595
-5620.108060943785
-5832.421040216488
-5891.8513740132585
-5899.5768145973025
-5898.447487731861
-5897.270990391868
-5896.610333483244
-5896.2850865809305
-5896.146698630282
-5896.093137142488
-5896.073159227378
-5896.066046853863
-5896.063745674218
-5896.063094565985
-5896.062941242125
-5896.062941242126
-5896.06309456599
-5896.06374567421
-5896.066046853864
-5896.073159227384
-5896.093137142487
-5896.1466986302785
-5896.285086580922
-5896.610333483241
-5897.270990391886
-5898.44748773187
-5899.576814597313
-5891.851374013256
-5832.421040216456
-5620.108060943764
-5161.756254271364
-4526.960307285681
-3918.303495206728
-3426.1069668580203
-3447.097495438133
-3427.3176532780676
-4157.530132158567
-4789.64373854674
-5221.269861957462
-5527.147739038214
-5722.74195684743
-5813.207965263559
-5839.540756700753
-5843.047663747567
-5842.293100768634
-5841.541367895159
-5841.143282998613
-5840.967896035191
-5840.901600979559
-5840.8792109518345
-5840.872116256004
-5840.869987728188
-5840.869401391856
-5840.869258700059
-5840.869229601457
-5840.869229601459
-5840.869258700056
-5840.8694013918475
-5840.869987728189
-5840.8721162560105
-5840.879210951835
-5840.901600979557
-5840.967896035191
-5841.143282998612
-5841.541367895162
-5842.293100768632
-5843.047663747564
-5839.54075670074
-5813.207965263532
-5722.741956847402
-5527.147739038218
-5221.269861957448
-4789.643738546727
-4157.530132158555
-3427.317653278045
