1600
-4.634526841120108e+19
-1.2249447599594038e+18
9.54751625752933e+19
2.0112411128077402e+20
2.8198102966649248e+20
3.1892177010458834e+20
3.283137358788086e+20
3.285077685037621e+20
3.2871128766459956e+20
3.29382332392924e+20
3.297210826189183e+20
3.296539423604631e+20
3.2948985302110195e+20
3.293653993120008e+20
3.2929490560572785e+20
3.292692184383264e+20
3.292647997937972e+20
3.292659196020594e+20
3.292658108353836e+20
3.292653125570922e+20
3.2926531255708805e+20
3.292658108353753e+20
3.2926591960205545e+20
3.292647997938028e+20
3.292692184383353e+20
3.2929490560573e+20
3.293653993119926e+20
3.294898530210915e+20
3.2965394236045964e+20
3.2972108261892384e+20
3.29382332392933e+20
3.287112876646015e+20
3.2850776850374505e+20
3.283137358787805e+20
3.189217701045816e+20
2.819810296665284e+20
2.0112411128083114e+20
9.547516257532825e+19
-1.2249447599595054e+18
-4.6345268411216994e+19
1.4405664191591596e+20
9.52747127770586e+20
-2.983468919376324e+20
-5.29074372985706e+19
-3.785854421569806e+20
-2.0340174945344687e+20
-2.8564052766417374e+20
-2.3701947068654017e+20
-2.65528476782136e+20
-2.5141072720715556e+20
-2.5723603579109766e+20
-2.5510277054048652e+20
-2.555713323878626e+20
-2.5555538333636516e+20
-2.5543375519239487e+20
-2.5555761051292582e+20
-2.5549453247265282e+20
-2.555284306605044e+20
-2.554986191725656e+20
-2.5551341923691987e+20
-2.5551341923692423e+20
-2.554986191725571e+20
-2.5552843066045078e+20
-2.5549453247268536e+20
-2.5555761051296367e+20
-2.5543375519237417e+20
-2.555553833363704e+20
-2.5557133238782096e+20
-2.5510277054047863e+20
-2.57236035791134e+20
-2.5141072720714826e+20
-2.6552847678211106e+20
-2.370194706866399e+20
-2.8564052766407547e+20
-2.0340174945324905e+20
-3.785854421571858e+20
-5.290743729868196e+19
-2.983468919376781e+20
9.527471277706007e+20
1.4405664191588326e+20
2.6876516000449613e+20
2.1533286726873134e+20
1.4573111000491844e+20
-8.31540429678366e+19
-2.124915869649084e+20
-2.645485780493276e+20
-2.6993042571778628e+20
-2.6776006177052475e+20
-2.6727583811828135e+20
-2.6719819388605478e+20
-2.673957839340773e+20
-2.674536737614798e+20
-2.6752269762607288e+20
-2.6750790591757032e+20
-2.6751396075799154e+20
-2.675067028220646e+20
-2.6750488969728695e+20
-2.6750263064868117e+20
-2.6750196081854828e+20
-2.6750184644185503e+20
-2.675018464418534e+20
-2.6750196081854556e+20
-2.675026306486796e+20
-2.675048896972877e+20
-2.675067028220664e+20
-2.6751396075799046e+20
-2.6750790591756665e+20
-2.675226976260678e+20
-2.6745367376147713e+20
-2.673957839340783e+20
-2.671981938860571e+20
-2.6727583811827837e+20
-2.6776006177051096e+20
-2.6993042571776698e+20
-2.6454857804931783e+20
-2.1249158696492414e+20
-8.315404296787947e+19
1.457311100048619e+20
2.1533286726868166e+20
2.687651600044556e+20
2.099474881395493e+20
2.2593471749047094e+20
8.828985272049251e+19
-1.2551973292455025e+20
-2.302299607515615e+20
-2.8751174543700627e+20
-2.861481891474162e+20
-2.8623817828648233e+20
-2.8396883446044613e+20
-2.8492671690473875e+20
-2.8473463305846397e+20
-2.8496303640778398e+20
-2.8498038335420016e+20
-2.8496141002249404e+20
-2.8497751929404087e+20
-2.8495295067075035e+20
-2.849578916485702e+20
-2.8495319969727008e+20
-2.8495627366853155e+20
-2.8495494386073875e+20
-2.849549438607372e+20
-2.8495627366852896e+20
-2.8495319969727113e+20
-2.849578916485715e+20
-2.8495295067075238e+20
-2.8497751929404165e+20
-2.8496141002248867e+20
-2.8498038335419577e+20
-2.8496303640778165e+20
-2.8473463305846397e+20
-2.8492671690474488e+20
-2.8396883446044708e+20
-2.8623817828646378e+20
-2.861481891473965e+20
-2.8751174543700017e+20
-2.3022996075157032e+20
-1.255197329245924e+20
8.828985272043974e+19
2.2593471749041616e+20
2.0994748813951854e+20
6.372606349197185e+19
9.750219163882196e+19
8.321662630556199e+18
-6.33022079588131e+19
-1.0545312988362528e+20
-1.1560160558604716e+20
-1.0940661986026825e+20
-1.069792293269731e+20
-1.0528837854264793e+20
-1.0562454790440193e+20
-1.0554984874623295e+20
-1.0570599148920968e+20
-1.0572599196433767e+20
-1.0574132921231044e+20
-1.0574494451115634e+20
-1.0573596588110198e+20
-1.0573718596859783e+20
-1.0573684810436415e+20
-1.0573895445136387e+20
-1.0573892285129507e+20
-1.0573892285129431e+20
-1.0573895445136271e+20
-1.0573684810436608e+20
-1.057371859686e+20
-1.0573596588110455e+20
-1.0574494451115783e+20
-1.0574132921230744e+20
-1.0572599196433534e+20
-1.057059914892091e+20
-1.0554984874623482e+20
-1.0562454790440742e+20
-1.0528837854265197e+20
-1.0697922932696732e+20
-1.0940661986025828e+20
-1.1560160558604232e+20
-1.0545312988362744e+20
-6.3302207958830236e+19
8.321662630534852e+18
9.750219163879686e+19
6.372606349196077e+19
-3.335405609539638e+19
-3.77586456695999e+19
-3.9173204210662425e+19
-3.3426704405960774e+19
-2.0608930520388375e+19
-9.216648047911516e+18
-2.1827818865549898e+18
3.9239461608974995e+17
1.0498755081089943e+18
1.0429051784891281e+18
9.725845449257375e+17
9.203103345318986e+17
9.046376308155729e+17
9.02170440720659e+17
9.054979908169376e+17
9.106560685853495e+17
9.114130360005777e+17
9.099338439209405e+17
9.08343853306804e+17
9.076809735168347e+17
9.076809735175991e+17
9.083438533081631e+17
9.099338439208265e+17
9.114130359980425e+17
9.10656068581917e+17
9.0549799081552e+17
9.021704407219592e+17
9.046376308173537e+17
9.203103345317756e+17
9.725845449232182e+17
1.0429051784848e+18
1.0498755081043099e+18
3.923946160882767e+17
-2.182781886551721e+18
-9.216648047907715e+18
-2.0608930520388383e+19
-3.34267044059619e+19
-3.917320421065914e+19
-3.775864566959372e+19
-3.3354056095388533e+19
-5.778946221663531e+19
-7.808436352684356e+19
-6.028032736452115e+19
-2.8145388325603983e+19
-2.571241460068952e+18
1.043342236328379e+19
1.3985270107696986e+19
1.4840401209566863e+19
1.465606352842194e+19
1.4465247939555875e+19
1.431964297888977e+19
1.432955721647879e+19
1.4364513862940297e+19
1.4391508606784537e+19
1.440943419604551e+19
1.441743388527679e+19
1.4419469948583641e+19
1.4417938542209612e+19
1.441676895882482e+19
1.4416123792141427e+19
1.4416123792142596e+19
1.4416768958827323e+19
1.4417938542210845e+19
1.4419469948581614e+19
1.441743388527331e+19
1.4409434196043987e+19
1.439150860678587e+19
1.4364513862942726e+19
1.4329557216479623e+19
1.4319642978888188e+19
1.4465247939552944e+19
1.465606352841941e+19
1.4840401209567316e+19
1.398527010770138e+19
1.0433422363286317e+19
-2.571241460072547e+18
-2.8145388325604426e+19
-6.0280327364508934e+19
-7.808436352682213e+19
-5.778946221661484e+19
-5.273858584086709e+19
-7.83483628054694e+19
-6.1864485017493594e+19
-2.8600473073337643e+19
-4.0950049514119025e+18
5.081135666419654e+18
5.996679698191438e+18
5.51932816517081e+18
4.85940371697732e+18
4.4391283143595587e+18
4.2962885973302134e+18
4.3530895540724593e+18
4.432562902126046e+18
4.483952051295451e+18
4.510479660243542e+18
4.52017771673167e+18
4.5216172414920724e+18
4.520362144910655e+18
4.519703804088041e+18
4.5195122498499876e+18
4.5195122498513295e+18
4.519703804090939e+18
4.5203621449124147e+18
4.5216172414906353e+18
4.520177716728587e+18
4.510479660242176e+18
4.4839520512970255e+18
4.4325629021288607e+18
4.3530895540739185e+18
4.2962885973294674e+18
4.4391283143576397e+18
4.859403716976638e+18
5.519328165174275e+18
5.996679698197977e+18
5.081135666421434e+18
-4.095004951418747e+18
-2.860047307334168e+19
-6.186448501748158e+19
-7.834836280544462e+19
-5.273858584084292e+19
-4.805650930471952e+19
-7.425743588311822e+19
-6.001857496427547e+19
-2.841982074979566e+19
-5.515942977651637e+18
1.6617238407256965e+18
1.5013989895585667e+18
4.706352635859882e+17
-3.619539649269946e+17
-8.412880856171982e+17
-9.460466633745075e+17
-8.582865320632724e+17
-7.617216942260168e+17
-7.044120373465371e+17
-6.787285570917847e+17
-6.71612082808964e+17
-6.720710619601655e+17
-6.734148958788476e+17
-6.735545399314693e+17
-6.732824098938185e+17
-6.732824098925655e+17
-6.735545399287378e+17
-6.73414895877083e+17
-6.720710619611489e+17
-6.716120828113952e+17
-6.787285570928044e+17
-7.044120373450643e+17
-7.61721694223603e+17
-8.582865320620065e+17
-9.460466633750591e+17
-8.41288085618788e+17
-3.619539649275075e+17
4.706352635893672e+17
1.5013989895646612e+18
1.6617238407269207e+18
-5.51594297765906e+18
-2.8419820749801333e+19
-6.001857496426672e+19
-7.425743588309814e+19
-4.8056509304699404e+19
-4.690183321411765e+19
-7.213265495158731e+19
-5.919165231628206e+19
-2.918843683309196e+19
-7.696554331911797e+18
-1.5394851415293312e+18
-2.1573258826118175e+18
-3.358307360336519e+18
-4.178941638966356e+18
-4.610550251041589e+18
-4.675895509344249e+18
-4.579221243104821e+18
-4.4865123886130755e+18
-4.4353434125230423e+18
-4.4149534781168133e+18
-4.4112808221591506e+18
-4.413312127122387e+18
-4.414817271496038e+18
-4.414660168048828e+18
-4.414135637538041e+18
-4.414135637536927e+18
-4.4146601680463667e+18
-4.4148172714943846e+18
-4.413312127123015e+18
-4.411280822160979e+18
-4.4149534781174646e+18
-4.4353434125217444e+18
-4.486512388611217e+18
-4.579221243104014e+18
-4.675895509344882e+18
-4.6105502510431365e+18
-4.1789416389673984e+18
-3.3583073603346284e+18
-2.1573258826075044e+18
-1.539485141528518e+18
-7.696554331917914e+18
-2.9188436833097097e+19
-5.9191652316276105e+19
-7.213265495157271e+19
-4.690183321410291e+19
-4.4663022440696906e+19
-6.782076004642409e+19
-5.627229063239308e+19
-2.891337713014704e+19
-9.57479060169915e+18
-4.3514410186758825e+18
-5.152770448131085e+18
-6.302779165954901e+18
-7.012289174633348e+18
-7.364121540566321e+18
-7.404501714882865e+18
-7.314545794142167e+18
-7.233859889500025e+18
-7.191078896741039e+18
-7.174917228149897e+18
-7.172692747220722e+18
-7.174891379569635e+18
-7.176225143605166e+18
-7.175944871347441e+18
-7.175373986602192e+18
-7.175373986601177e+18
-7.175944871345237e+18
-7.17622514360371e+18
-7.174891379570189e+18
-7.172692747222304e+18
-7.174917228150475e+18
-7.19107889674003e+18
-7.233859889498626e+18
-7.314545794141691e+18
-7.404501714883517e+18
-7.364121540567757e+18
-7.012289174634568e+18
-6.302779165953931e+18
-5.15277044812799e+18
-4.3514410186752067e+18
-9.574790601703838e+18
-2.8913377130150994e+19
-5.627229063238824e+19
-6.782076004641256e+19
-4.466302244068509e+19
-3.936271031460821e+19
-5.922491239096328e+19
-4.947364569787383e+19
-2.606102570220248e+19
-9.75754092353778e+18
-5.58413837995693e+18
-6.412570233372151e+18
-7.398909370431472e+18
-7.961443613545495e+18
-8.230969324621806e+18
-8.254876446586082e+18
-8.177182432831989e+18
-8.109764400237055e+18
-8.07448471410358e+18
-8.060964562735284e+18
-8.058713431574483e+18
-8.060197517053837e+18
-8.0611234494383e+18
-8.060813230146477e+18
-8.060316001383941e+18
-8.060316001383112e+18
-8.060813230144688e+18
-8.061123449437211e+18
-8.060197517054479e+18
-8.058713431576019e+18
-8.060964562735999e+18
-8.074484714102985e+18
-8.109764400236145e+18
-8.177182432831828e+18
-8.254876446586796e+18
-8.230969324623051e+18
-7.961443613546527e+18
-7.398909370430729e+18
-6.412570233369647e+18
-5.584138379956358e+18
-9.75754092354152e+18
-2.6061025702205506e+19
-4.947364569786955e+19
-5.92249123909537e+19
-3.936271031459792e+19
-3.1555903150814605e+19
-4.718493827283647e+19
-3.960645675233286e+19
-2.117906866946865e+19
-8.627400357514883e+18
-5.684604432918196e+18
-6.516111227608522e+18
-7.321991810312716e+18
-7.740077374443688e+18
-7.929942605986098e+18
-7.938795329117752e+18
-7.874420904033218e+18
-7.820760562451868e+18
-7.793084243339558e+18
-7.78227237120365e+18
-7.780089447724128e+18
-7.780937510434623e+18
-7.781538260788783e+18
-7.781287824171335e+18
-7.780922048737558e+18
-7.780922048736999e+18
-7.78128782417014e+18
-7.781538260788098e+18
-7.780937510435217e+18
-7.78008944772537e+18
-7.782272371204308e+18
-7.793084243339254e+18
-7.820760562451396e+18
-7.874420904033332e+18
-7.938795329118488e+18
-7.929942605987157e+18
-7.740077374444461e+18
-7.321991810312031e+18
-6.516111227606475e+18
-5.684604432917741e+18
-8.627400357517929e+18
-2.117906866947115e+19
-3.9606456752329605e+19
-4.718493827282871e+19
-3.1555903150806508e+19
-2.2502746558395482e+19
-3.354157152393782e+19
-2.8269794467814138e+19
-1.5247616393501809e+19
-6.702164532617916e+18
-5.038684615600723e+18
-5.864170217156793e+18
-6.494470618626532e+18
-6.778933327614127e+18
-6.894335095919583e+18
-6.889506563469329e+18
-6.83927807491259e+18
-6.80007893493372e+18
-6.780527692920109e+18
-6.772993013056938e+18
-6.771444328926967e+18
-6.772032423191783e+18
-6.772477010584416e+18
-6.77233772579159e+18
-6.772110608800904e+18
-6.77211060880064e+18
-6.772337725791001e+18
-6.772477010584069e+18
-6.772032423192123e+18
-6.771444328927646e+18
-6.77299301305725e+18
-6.780527692919893e+18
-6.800078934933487e+18
-6.83927807491282e+18
-6.889506563469959e+18
-6.894335095920373e+18
-6.778933327614653e+18
-6.494470618625962e+18
-5.864170217155255e+18
-5.03868461560034e+18
-6.702164532620105e+18
-1.5247616393503724e+19
-2.8269794467812078e+19
-3.3541571523932705e+19
-2.250274655839e+19
-1.3668715587568863e+19
-2.044829611452683e+19
-1.723995552430147e+19
-9.219741484901908e+18
-4.293617829155582e+18
-3.7045926641949133e+18
-4.462751544119683e+18
-4.915602225398309e+18
-5.081209630106092e+18
-5.133622092008951e+18
-5.118867370918979e+18
-5.082765233745334e+18
-5.057350457997339e+18
-5.045511181207679e+18
-5.041261589005997e+18
-5.040583921216607e+18
-5.041115536906873e+18
-5.041475766141826e+18
-5.041429592965305e+18
-5.04130916693831e+18
-5.041309166938244e+18
-5.041429592965125e+18
-5.041475766141703e+18
-5.04111553690698e+18
-5.040583921216835e+18
-5.041261589006034e+18
-5.045511181207482e+18
-5.057350457997214e+18
-5.082765233745533e+18
-5.118867370919425e+18
-5.13362209200946e+18
-5.081209630106399e+18
-4.915602225397915e+18
-4.462751544118654e+18
-3.704592664194594e+18
-4.2936178291569147e+18
-9.219741484903171e+18
-1.7239955524300407e+19
-2.044829611452389e+19
-1.366871558756578e+19
-6.541899814932763e+18
-9.989947467315773e+18
-8.316468365156635e+18
-4.1823050533862595e+18
-1.9490904198564728e+18
-2.0334025829941827e+18
-2.6380341854259005e+18
-2.9191980312117335e+18
-2.990457600997316e+18
-2.998443800380165e+18
-2.9791913563049713e+18
-2.9555760829306644e+18
-2.9414024568004813e+18
-2.9356907888789176e+18
-2.9340544034359347e+18
-2.9340917974696356e+18
-2.9345789402980895e+18
-2.9348484114320527e+18
-2.934844953506248e+18
-2.934787544673334e+18
-2.934787544673351e+18
-2.934844953506252e+18
-2.9348484114320364e+18
-2.9345789402981146e+18
-2.934091797469675e+18
-2.934054403435888e+18
-2.9356907888787927e+18
-2.941402456800418e+18
-2.955576082930776e+18
-2.9791913563052175e+18
-2.9984438003804375e+18
-2.9904576009974835e+18
-2.919198031211522e+18
-2.638034185425317e+18
-2.03340258299396e+18
-1.9490904198571553e+18
-4.1823050533869824e+18
-8.316468365156189e+18
-9.989947467314405e+18
-6.541899814931344e+18
-2.0516868724728072e+18
-3.3887231815159465e+18
-2.649672558627312e+18
-9.750742677971012e+17
-3.117118023871814e+17
-6.40581686512306e+17
-1.0362360382220768e+18
-1.172924750174555e+18
-1.1828659665018862e+18
-1.1679864633503232e+18
-1.149868728345573e+18
-1.1360671604068338e+18
-1.1295681203458383e+18
-1.1277367755651224e+18
-1.1276416863136305e+18
-1.1280242312519589e+18
-1.1284010263619232e+18
-1.1285642653800252e+18
-1.1285637514873207e+18
-1.1285352862344186e+18
-1.1285352862344445e+18
-1.128563751487364e+18
-1.1285642653800448e+18
-1.1284010263619346e+18
-1.1280242312519694e+18
-1.1276416863136065e+18
-1.1277367755650687e+18
-1.1295681203458088e+18
-1.1360671604068797e+18
-1.1498687283456708e+18
-1.1679864633504338e+18
-1.1828659665019643e+18
-1.1729247501744753e+18
-1.0362360382218196e+18
-6.405816865121928e+17
-3.1171180238748704e+17
-9.750742677974753e+17
-2.6496725586272246e+18
-3.3887231815154673e+18
-2.0516868724723343e+18
-8.186466316226322e+16
-4.032765925728123e+17
-1.264898439757589e+17
3.404141176791815e+17
3.5887281221004864e+17
7.383078134427902e+16
-1.2393801242279637e+17
-1.6365409798042832e+17
-1.4567603992655325e+17
-1.2595626220517088e+17
-1.1278956721270118e+17
-1.058293147736148e+17
-1.035818428912523e+17
-1.0352174120122578e+17
-1.0395533032804872e+17
-1.0433547194970648e+17
-1.0455714830411685e+17
-1.0462472711687533e+17
-1.0461276097578765e+17
-1.0459501723738275e+17
-1.0459501723739726e+17
-1.0461276097581382e+17
-1.0462472711689123e+17
-1.0455714830412597e+17
-1.0433547194971259e+17
-1.0395533032804483e+17
-1.0352174120120838e+17
-1.0358184289123778e+17
-1.058293147736203e+17
-1.1278956721272074e+17
-1.2595626220519797e+17
-1.456760399265827e+17
-1.6365409798041453e+17
-1.2393801242271754e+17
7.383078134431634e+16
3.5887281220993414e+17
3.404141176790141e+17
-1.2648984397579656e+17
-4.0327659257272384e+17
-8.186466316219733e+16
3.132486586137578e+17
3.140609265038259e+17
4.020987024669612e+17
4.4989184462670336e+17
3.426229877525285e+17
1.93923650823651e+17
1.2889535905785282e+17
1.3482859446767077e+17
1.5642497694342454e+17
1.7110603823529744e+17
1.7851988723488525e+17
1.813871594419724e+17
1.8183306877041904e+17
1.814724043415415e+17
1.8109680230011776e+17
1.808793338546762e+17
1.8079365221670678e+17
1.8078679146986992e+17
1.8080582014879354e+17
1.8081870090039974e+17
1.808187009003955e+17
1.8080582014878586e+17
1.807867914698652e+17
1.8079365221670458e+17
1.80879333854675e+17
1.8109680230011856e+17
1.8147240434154698e+17
1.8183306877042608e+17
1.8138715944197795e+17
1.785198872348898e+17
1.711060382352989e+17
1.5642497694341712e+17
1.3482859446766589e+17
1.2889535905786549e+17
1.939236508236603e+17
3.4262298775250106e+17
4.498918446266505e+17
4.020987024669249e+17
3.140609265038127e+17
3.1324865861372717e+17
1.588712971107517e+17
1.926832671806231e+17
2.1413455819424278e+17
1.8608437730681267e+17
1.2303671455727243e+17
7.679411716819029e+16
7.150550185287487e+16
8.709065688714251e+16
1.014939459125803e+17
1.0920691835402818e+17
1.123678179228113e+17
1.1324343394848277e+17
1.131826145529401e+17
1.1292836378254181e+17
1.1275507479155816e+17
1.1268418226857406e+17
1.1267507100676965e+17
1.1269098885437288e+17
1.1270793423795949e+17
1.1271647874660306e+17
1.1271647874660278e+17
1.1270793423795918e+17
1.1269098885437358e+17
1.1267507100677072e+17
1.1268418226857466e+17
1.1275507479155845e+17
1.1292836378254258e+17
1.1318261455294219e+17
1.1324343394848651e+17
1.1236781792281685e+17
1.0920691835403322e+17
1.0149394591258075e+17
8.709065688713886e+16
7.150550185287475e+16
7.679411716819584e+16
1.2303671455727757e+17
1.8608437730681098e+17
2.1413455819423523e+17
1.92683267180611e+17
1.5887129711073094e+17
1.0289137474679606e+16
1.9606361314260932e+16
2.076090876525832e+16
4369925691906286.5
-1.2383594879600428e+16
-1.575427960067105e+16
-7202485509906035.0
3334933238297023.5
1.0025860455042886e+16
1.298152893115518e+16
1.3945689254168442e+16
1.4092861956646752e+16
1.3995971554535426e+16
1.3897712517013666e+16
1.3855567226804186e+16
1.3853487458493984e+16
1.3867666740355178e+16
1.3883173495506404e+16
1.3893522915792112e+16
1.3898054857916376e+16
1.3898054857916712e+16
1.3893522915792968e+16
1.3883173495507388e+16
1.38676667403559e+16
1.3853487458494166e+16
1.38555672268037e+16
1.3897712517012804e+16
1.39959715545349e+16
1.4092861956647356e+16
1.3945689254170558e+16
1.2981528931157938e+16
1.0025860455044378e+16
3334933238296820.5
-7202485509905072.0
-1.5754279600665564e+16
-1.2383594879590874e+16
4369925691915506.0
2.0760908765262924e+16
1.960636131425987e+16
1.0289137474676602e+16
-2.873207166055887e+16
-3.1613267148951296e+16
-3.432729529248467e+16
-3.800220281817057e+16
-3.771204562717812e+16
-3.2869070598170628e+16
-2.677298836442877e+16
-2.230002300475489e+16
-2.0057321753034396e+16
-1.9250815243934096e+16
-1.9071811858862804e+16
-1.9091601532722708e+16
-1.913770747449465e+16
-1.9159266034824636e+16
-1.915724573784979e+16
-1.9145321594445732e+16
-1.913322401906475e+16
-1.912477645569931e+16
-1.9120203328038892e+16
-1.911838228955521e+16
-1.9118382289555004e+16
-1.9120203328038424e+16
-1.9124776455698948e+16
-1.9133224019064616e+16
-1.9145321594445908e+16
-1.915724573785035e+16
-1.9159266034825504e+16
-1.913770747449554e+16
-1.9091601532723148e+16
-1.9071811858862516e+16
-1.9250815243933308e+16
-2.0057321753033736e+16
-2.2300023004754356e+16
-2.677298836442743e+16
-3.2869070598167332e+16
-3.771204562717295e+16
-3.800220281816515e+16
-3.4327295292480772e+16
-3.1613267148949636e+16
-2.8732071660556404e+16
-1.908324298079285e+16
-2.2440243563347664e+16
-2.4293098164112864e+16
-2.414017628899537e+16
-2.1908980194095716e+16
-1.8906165583360116e+16
-1.6557243243141484e+16
-1.5255034207707614e+16
-1.4726732563600638e+16
-1.4582270402773836e+16
-1.45767818109218e+16
-1.4599179378740042e+16
-1.4612629275403624e+16
-1.4613191923228148e+16
-1.4606697418115686e+16
-1.4599097926204974e+16
-1.4593519065288086e+16
-1.4590385119407068e+16
-1.4588938607652644e+16
-1.4588415508464872e+16
-1.4588415508464824e+16
-1.4588938607652506e+16
-1.4590385119406994e+16
-1.4593519065288096e+16
-1.4599097926205118e+16
-1.4606697418115964e+16
-1.461319192322854e+16
-1.4612629275404074e+16
-1.4599179378740414e+16
-1.457678181092201e+16
-1.458227040277389e+16
-1.4726732563600676e+16
-1.5255034207707474e+16
-1.655724324314091e+16
-1.890616558335903e+16
-2.190898019409444e+16
-2.414017628899417e+16
-2.4293098164111804e+16
-2.2440243563346764e+16
-1.9083242980790824e+16
-7001350579677562.0
-8467127051247526.0
-9150004855586434.0
-8712117281530927.0
-7653474761051919.0
-6656097491749715.0
-6071238439712181.0
-5824761629936758.0
-5745750722825986.0
-5730175046870356.0
-5735562760128224.0
-5742423013910897.0
-5744518836073711.0
-5742959308448713.0
-5739945102911206.0
-5737173445932674.0
-5735471069474976.0
-5734698594908250.0
-5734409603965665.0
-5734320937607224.0
-5734320937607221.0
-5734409603965632.0
-5734698594908229.0
-5735471069474993.0
-5737173445932728.0
-5739945102911280.0
-5742959308448765.0
-5744518836073774.0
-5742423013911006.0
-5735562760128388.0
-5730175046870550.0
-5745750722826202.0
-5824761629936911.0
-6071238439712151.0
-6656097491749638.0
-7653474761052080.0
-8712117281531218.0
-9150004855586582.0
-8467127051247395.0
-7001350579676659.0
-1776221921619310.2
-2174706437201408.2
-2318466151750527.0
-2125106221787105.0
-1831771457789342.5
-1626458020367718.2
-1544114362492491.2
-1523874993644876.2
-1517083989846544.8
-1512781542739589.2
-1512084155445491.0
-1512536770206896.5
-1512341945180588.0
-1511691050608217.2
-1510902854691783.0
-1510263083957854.2
-1509953712286017.2
-1509872414633200.8
-1509862938730495.5
-1509864672709106.0
-1509864672709106.0
-1509862938730485.5
-1509872414633181.8
-1509953712286017.2
-1510263083957881.5
-1510902854691799.5
-1511691050608178.0
-1512341945180529.8
-1512536770206883.0
-1512084155445551.2
-1512781542739708.5
-1517083989846699.5
-1523874993645023.8
-1544114362492589.0
-1626458020367842.5
-1831771457789609.8
-2125106221787446.0
-2318466151750749.0
-2174706437201448.2
-1776221921618998.0
-338474715278764.7
-404701454208741.4
-409464876022103.8
-355143135169858.4
-307904065321824.56
-291397949465802.56
-293401186135646.75
-296098015607117.8
-293440147182916.94
-289550864741688.25
-287786896707973.1
-287326262940643.94
-287129088685399.94
-287025242289433.06
-286944769864381.44
-286888985207991.1
-286893361883932.25
-286921604298413.7
-286937792320982.94
-286942782008265.4
-286942782008269.4
-286937792320982.7
-286921604298403.1
-286893361883933.0
-286888985208013.6
-286944769864395.1
-287025242289409.5
-287129088685355.3
-287326262940620.44
-287786896707987.9
-289550864741728.75
-293440147182974.4
-296098015607181.0
-293401186135697.2
-291397949465858.8
-307904065321924.8
-355143135169978.3
-409464876022179.5
-404701454208747.25
-338474715278667.6
-50826266958077.5
-53201783121432.79
-45096128248519.89
-35771291942975.164
-36585216286929.484
-42395724704049.52
-46169321641224.62
-46101283848595.375
-43686632039432.77
-41531617506100.984
-40683284828568.195
-40516597454556.07
-40507366834215.17
-40546455153407.15
-40585336752818.24
-40612703859585.12
-40638453923393.92
-40655129078318.92
-40659722107039.57
-40659618422278.71
-40659618422284.0
-40659722107046.375
-40655129078319.766
-40638453923400.07
-40612703859602.695
-40585336752833.25
-40546455153406.555
-40507366834206.95
-40516597454556.35
-40683284828578.35
-41531617506111.51
-43686632039442.03
-46101283848604.73
-46169321641228.85
-42395724704048.23
-36585216286930.19
-35771291942978.484
-45096128248517.89
-53201783121416.28
-50826266958047.17
-5789683613977.596
-3648058774765.5684
-832648578018.6068
-994408636184.7849
-4344437747108.739
-6993012585383.181
-7367761648783.794
-6389303258995.924
-5161465821320.503
-4414622563854.906
-4222151755926.867
-4246323957507.3745
-4293165966866.5303
-4334105194476.5195
-4361793285319.968
-4377442743436.9604
-4386596229589.5703
-4389656765419.855
-4388545731391.794
-4387071863535.147
-4387071863538.9097
-4388545731397.8223
-4389656765422.948
-4386596229593.886
-4377442743445.3794
-4361793285327.9175
-4334105194481.373
-4293165966872.5063
-4246323957517.6772
-4222151755937.1245
-4414622563858.68
-5161465821318.036
-6389303258990.971
-7367761648776.006
-6993012585370.705
-4344437747093.161
-994408636169.4095
-832648578007.171
-3648058774762.0503
-5789683613968.208
-248876264502.8801
274313632311.22128
532243318808.2112
-225548769662.68152
-1368683815287.6555
-1739227385584.8118
-1350242574698.0903
-791481723872.5223
-392531013984.56494
-239300541403.7564
-252337214519.63168
-302629192053.4313
-338002979903.2617
-358778441338.9128
-369251018972.569
-373377619728.2179
-374388125509.1463
-373487985395.2548
-371916724269.5903
-370905790876.5498
-370905790877.9365
-371916724271.39026
-373487985395.1174
-374388125508.7606
-373377619728.9606
-369251018973.3954
-358778441340.02655
-338002979906.7177
-302629192059.4587
-252337214525.18765
-239300541405.67297
-392531013982.98914
-791481723869.2909
-1350242574693.5923
-1739227385578.8455
-1368683815281.4158
-225548769657.57745
532243318810.8834
274313632310.40274
-248876264500.0683
89912963107.68163
35620511274.777
-109838594222.6065
-385539683432.036
-557535364848.33
-448476474339.3723
-206476631921.53397
-20346965563.143852
61772753680.131096
64107468157.37688
32514035346.207985
3910670369.8600783
-12391056719.391819
-20207255727.749638
-23115179502.235878
-23531996885.71075
-22944563965.161495
-22013202322.195385
-21188192272.308296
-20748254345.558884
-20748254345.58133
-21188192271.670616
-22013202320.352
-22944563962.86274
-23531996883.597836
-23115179500.27813
-20207255726.26757
-12391056719.051962
3910670368.8921947
32514035344.782368
64107468156.5668
61772753680.04586
-20346965562.822666
-206476631920.82355
-448476474338.78864
-557535364849.0216
-385539683433.73175
-109838594224.62874
35620511271.46103
89912963109.29747
18662242731.41754
-51071667579.49473
-122613220982.2636
-169418598647.71674
-144736393912.73907
-60054290161.31839
23080552832.663395
65375141403.78563
71578112616.69609
59236227593.86304
43562101209.73697
32621088026.367825
26940926913.782764
24535332175.12633
23883163196.030502
24031517641.22928
24437502973.49759
24854023522.721962
25156279513.4471
25303047402.98015
25303047403.293186
25156279514.34886
24854023524.108253
24437502975.33119
24031517643.370388
23883163197.994
24535332176.56549
26940926914.76191
32621088026.872093
43562101209.75522
59236227593.63028
71578112616.30833
65375141403.3374
23080552832.31247
-60054290162.01706
-144736393914.58643
-169418598650.08826
-122613220984.16771
-51071667581.166885
18662242733.0391
-5621654708.152648
-19298235631.869843
-40952470069.704475
-30872637548.897083
-7197266084.537888
24667109348.123085
45274737249.36148
51562784606.768234
48939195643.39752
43086617292.75729
37865519088.82931
34580827019.4652
32955453745.48749
32303466974.1808
32174082422.246864
32263143542.95804
32412727376.13454
32546709775.41162
32636003268.4058
32677346923.187252
32677346923.428745
32636003268.839043
32546709775.848515
32412727377.049652
32263143544.475246
32174082423.561428
32303466974.833256
32955453745.873665
34580827019.83537
37865519089.045
43086617292.793106
48939195643.23729
51562784606.49357
45274737249.18503
24667109347.838528
-7197266085.410851
-30872637550.003647
-40952470070.3398
-19298235632.149437
-5621654706.779452
-10397386526.922352
-22002753812.102516
-13080459337.749588
-15256198315.179373
-3249435434.895017
2883413489.357978
6271114707.908483
6443676214.130354
4564587166.990936
2755998022.1361094
1299791025.651463
459755112.8085979
24378741.839125093
-128941262.36003464
-161474806.90980142
-131998766.2015169
-89722501.17535876
-52503205.57093855
-28301578.581228476
-16978937.248090804
-16978937.12278684
-28301578.522693083
-52503205.73499409
-89722500.95001744
-131998765.38706502
-161474806.27326533
-128941262.30900308
24378741.777788684
459755112.9491751
1299791025.8405967
2755998022.2444906
4564587166.954453
6443676214.000036
6271114707.878721
2883413489.410563
-3249435435.0340605
-15256198315.387712
-13080459337.768929
-22002753812.22788
-10397386526.082548
-16354804739.930767
-9451857538.112013
-26440011198.28263
-19247083754.025017
-18552924365.348373
-15551461203.701714
-15200187453.316685
-16238171874.812035
-16867146371.028738
-17614746234.195972
-17978946226.631535
-18222010284.643394
-18318443409.22904
-18368992799.35614
-18370270433.50097
-18360878944.490326
-18347565331.452274
-18336803728.812733
-18329468869.659893
-18325765403.841766
-18325765403.77925
-18329468869.74156
-18336803729.180798
-18347565331.640583
-18360878944.308342
-18370270433.452805
-18368992799.65946
-18318443409.49214
-18222010284.652752
-17978946226.54403
-17614746234.138424
-16867146371.05535
-16238171874.906624
-15200187453.35023
-15551461203.644737
-18552924365.337673
-19247083754.048775
-26440011198.270554
-9451857538.20316
-16354804739.55462
-15843109838.389805
-16699822736.65427
-30613457438.908092
-30688974374.499027
-30286587095.614716
-28772559840.214634
-28290239721.271942
-28617839386.322536
-28919872630.69097
-29191501217.83561
-29301489177.824158
-29362833475.466503
-29380024813.811916
-29382674062.284298
-29374676258.35047
-29366898781.082756
-29361718791.08997
-29358461050.08752
-29356070495.977936
-29354594235.392216
-29354594235.360558
-29356070496.059025
-29358461050.40911
-29361718791.40787
-29366898781.265186
-29374676258.615044
-29382674062.68716
-29380024814.110165
-29362833475.57061
-29301489177.84835
-29191501217.84305
-28919872630.705887
-28617839386.363327
-28290239721.294662
-28772559840.20734
-30286587095.63588
-30688974374.57084
-30613457438.95529
-16699822736.656433
-15843109838.253492
-6334485157.0030575
-35138268287.015816
-18584223850.604675
-32932621781.56465
-29226289119.972847
-28238188971.558434
-27311037309.10286
-26117693101.480534
-26506319208.02366
-26301312168.38798
-26425008938.831223
-26385176283.65494
-26404543957.659946
-26380262217.906693
-26372763412.623066
-26367702879.256107
-26366173516.427227
-26366170951.218365
-26365203466.31539
-26364645744.36491
-26364645744.348232
-26365203466.353336
-26366170951.393036
-26366173516.667316
-26367702879.495758
-26372763412.902287
-26380262218.209522
-26404543957.879604
-26385176283.772884
-26425008938.90202
-26301312168.413704
-26506319208.01114
-26117693101.47147
-27311037309.088108
-28238188971.547493
-29226289119.991802
-32932621781.606297
-18584223850.645245
-35138268287.03253
-6334485156.944511
2290643251.888874
21390868851.687534
7450915584.561903
4832571335.91025
5022143552.666771
3890538692.1743793
5537503647.869984
5094555248.010508
5888808620.452963
5667337682.760342
5784190711.008644
5725286363.905999
5748075711.365824
5744082114.33174
5745519675.042696
5747688589.784647
5745699499.758623
5745824556.669667
5745753668.382506
5746586000.578179
5746586000.589387
5745753668.3798895
5745824556.612916
5745699499.647151
5747688589.634293
5745519674.871526
5744082114.177868
5748075711.254518
5725286363.828507
5784190710.957369
5667337682.748606
5888808620.478922
5094555248.047356
5537503647.905017
3890538692.1917715
5022143552.674333
4832571335.902174
7450915584.564199
21390868851.692802
2290643251.9286523
953171981.961044
16203032427.00104
2642298275.8442063
4795080514.853822
201508484.52240816
-1389532184.7068923
-2043981432.6848407
-2238314942.4913564
-2107494494.730378
-2127953808.9396133
-2111440564.8609898
-2121652018.8438156
-2113435140.1235561
-2114216405.0758548
-2113332182.399906
-2114631737.3376906
-2115712204.5486135
-2115832388.1479766
-2115213306.7038672
-2114487994.5139964
-2114487994.507734
-2115213306.6920776
-2115832388.1485507
-2115712204.5776303
-2114631737.3940969
-2113332182.46616
-2114216405.127849
-2113435140.1556897
-2121652018.8690038
-2111440564.880058
-2127953808.9365344
-2107494494.7041235
-2238314942.4611773
-2043981432.6604543
-1389532184.690648
201508484.53032887
4795080514.8586235
2642298275.8579307
16203032427.027039
953171981.9911593
-5734835853.135647
15856950663.620281
-40248187504.39563
-6327309781.646481
-21705069080.50444
-15588733663.523071
-21056504826.93707
-20080911823.7805
-21276573733.528996
-20794709639.756588
-20976240577.081406
-20901083636.600525
-20902081890.81919
-20905287620.19117
-20897268626.26417
-20902784209.221375
-20900738667.098663
-20901959581.150967
-20900184099.212276
-20899870362.063873
-20899870362.05902
-20900184099.206978
-20901959581.131424
-20900738667.100266
-20902784209.233086
-20897268626.28308
-20905287620.201126
-20902081890.81738
-20901083636.59828
-20976240577.08535
-20794709639.74923
-21276573733.508564
-20080911823.764626
-21056504826.919846
-15588733663.512655
-21705069080.510357
-6327309781.649755
-40248187504.38576
15856950663.649841
-5734835853.118963
-8274709500.565867
-7302466630.262672
983940636.0660455
8543443663.605761
10201716187.831594
7824300768.079794
5743237950.996796
4957044781.491263
4874090952.675979
4952871176.419242
5011148179.885405
5031200773.374983
5037314184.790021
5040102455.202698
5043151183.861026
5042822601.820662
5042811510.371943
5043176906.407858
5044833635.662877
5046103566.149476
5046103566.149886
5044833635.667923
5043176906.418906
5042811510.380816
5042822601.822555
5043151183.861939
5040102455.207762
5037314184.795999
5031200773.377299
5011148179.885419
4952871176.420746
4874090952.679617
4957044781.49518
5743237950.999418
7824300768.080138
10201716187.829617
8543443663.604498
983940636.068784
-7302466630.256855
-8274709500.561366
