1600
-63248827709250.78
-109750160046021.05
-138200764805331.7
-146559887357721.88
-147817542446547.7
-149157135974956.7
-151038665023263.56
-152076533586344.53
-152425139725172.4
-152467862864080.72
-152470570200543.78
-152451548912989.8
-152430730415772.28
-152413394419656.16
-152403399695241.22
-152399547879966.84
-152399299073324.62
-152399904254031.3
-152400246090185.97
-152400257286551.8
-152400257286551.94
-152400246090186.56
-152399904254032.2
-152399299073325.75
-152399547879967.3
-152403399695240.28
-152413394419654.2
-152430730415770.44
-152451548912989.7
-152470570200545.84
-152467862864083.4
-152425139725173.97
-152076533586343.38
-151038665023259.75
-149157135974954.78
-147817542446551.38
-146559887357726.62
-138200764805332.1
-109750160046016.44
-63248827709245.45
-55777189986076.56
14595130621702.61
17848063304016.44
26033444317495.88
32247340147680.875
24829302073369.97
28799306464162.973
23496006686564.0
26053835493127.598
24753524022424.656
25331194279633.812
25105204627050.336
25205523101424.977
25174819114096.47
25188687496661.11
25193547215595.504
25192424493776.51
25193160294179.934
25191581290588.332
25192255089931.465
25192255089932.69
25191581290589.445
25193160294174.387
25192424493779.062
25193547215599.62
25188687496656.844
25174819114099.414
25205523101419.348
25105204627049.027
25331194279637.63
24753524022424.047
26053835493122.96
23496006686577.17
28799306464157.4
24829302073343.793
32247340147705.87
26033444317503.02
17848063304021.223
14595130621690.328
-55777189986072.26
-20591770069697.38
-9156317764113.238
-13645462895428.896
10298304337085.99
19463783824960.195
23220108324137.875
22855462184609.777
22152593576779.168
22124532531472.703
22114427240988.03
22159886157775.074
22161739278380.6
22180144162110.145
22185347219896.492
22192275001941.83
22194549506208.523
22194809332828.84
22194252280801.81
22193895085570.113
22193878635758.996
22193878635758.832
22193895085569.793
22194252280801.29
22194809332828.55
22194549506208.477
22192275001941.586
22185347219896.29
22180144162109.3
22161739278379.56
22159886157774.086
22114427240987.242
22124532531472.1
22152593576779.094
22855462184609.914
23220108324137.586
19463783824960.656
10298304337086.707
-13645462895427.143
-9156317764112.215
-20591770069695.85
6774399121408.521
2025684516086.6716
25229399580135.266
39586577873018.5
49264015164848.89
53366537964140.52
53637994629543.54
54505285244678.664
54213780739692.305
54403208988018.33
54324343162219.28
54368990342717.88
54361466537345.64
54374040317846.6
54377163861390.766
54377500303520.01
54377608210934.15
54376952780323.86
54376987082621.59
54376815643451.805
54376815643451.73
54376987082621.375
54376952780324.16
54377608210933.83
54377500303519.49
54377163861390.84
54374040317845.484
54361466537345.19
54368990342716.96
54324343162218.29
54403208988018.35
54213780739692.76
54505285244676.99
53637994629543.21
53366537964142.6
49264015164846.71
39586577873019.29
25229399580135.863
2025684516088.0376
6774399121407.98
15122097308818.76
16367525909834.4
31486175670035.734
34525417443881.29
38403114143600.016
40220199710464.29
41106929740354.836
41767152987862.56
41619200038855.1
41616859305521.69
41548255234076.49
41567420978878.06
41567306528671.14
41574797277415.42
41575764881702.58
41575458130733.32
41575158328466.266
41574865235324.39
41574927268298.04
41574873935749.914
41574873935750.1
41574927268298.26
41574865235324.96
41575158328466.45
41575458130733.164
41575764881702.46
41574797277414.68
41567306528670.94
41567420978877.984
41548255234076.77
41616859305522.35
41619200038855.82
41767152987862.04
41106929740354.16
40220199710464.555
38403114143599.17
34525417443881.74
31486175670035.508
16367525909834.287
15122097308817.408
15960825771377.574
23920399870493.71
27229906701896.676
24831007709423.31
22823824087147.676
22695351824063.87
23228482551491.457
23458360567486.715
23344544254031.066
23228068371421.402
23188881140880.125
23194237063307.98
23200690713301.715
23203101763816.344
23202691479690.953
23201708270098.77
23201260098477.094
23201281816817.902
23201394416580.945
23201437538811.297
23201437538811.492
23201394416581.49
23201281816818.57
23201260098477.754
23201708270099.137
23202691479690.934
23203101763816.094
23200690713301.76
23194237063308.6
23188881140881.227
23228068371422.637
23344544254031.95
23458360567486.65
23228482551490.426
22695351824063.055
22823824087148.027
24831007709424.15
27229906701896.402
23920399870492.52
15960825771375.959
17281199753804.383
28305306459753.99
29848598900815.297
25566533679391.004
21488355216840.99
20280315182228.535
20447762243583.664
20528678706743.113
20476264992764.96
20400374836292.766
20393260055165.008
20396893889034.793
20399249163894.977
20396826827061.88
20394099468864.52
20392266867666.35
20391823320204.637
20392053074318.62
20392243458906.203
20392317588377.6
20392317588377.76
20392243458906.617
20392053074319.188
20391823320205.293
20392266867666.902
20394099468864.664
20396826827061.715
20399249163894.785
20396893889035.133
20393260055166.008
20400374836294.035
20476264992765.812
20528678706742.836
20447762243582.105
20280315182227.45
21488355216842.105
25566533679392.61
29848598900815.434
28305306459752.594
17281199753802.498
18926142718693.938
31377285252578.496
34299403726641.227
30056202906492.637
25629879211072.74
24117637270319.203
24202490035652.9
24398787057041.406
24469163779859.477
24478976976766.62
24489995013551.37
24488564416088.105
24482047571061.01
24474805296680.277
24469799649149.664
24467441124832.023
24467167890273.95
24467561470725.582
24467793140127.99
24467855386792.14
24467855386792.23
24467793140128.203
24467561470725.902
24467167890274.426
24467441124832.44
24469799649149.688
24474805296679.87
24482047571060.473
24488564416087.992
24489995013551.97
24478976976767.56
24469163779860.117
24398787057040.766
24202490035651.07
24117637270318.14
25629879211074.16
30056202906494.68
34299403726641.48
31377285252576.914
18926142718691.74
19524930311482.168
32328788862240.582
36079603897723.88
32077114981502.676
27727156877950.633
26266534495923.867
26468488897540.26
26827497382577.324
26997883621107.824
27054129236552.703
27066271969450.145
27056772420290.98
27043363364644.695
27033249153869.926
27027441193197.08
27025298485879.02
27025365031438.453
27025887741715.168
27026119544736.254
27026158199872.664
27026158199872.703
27026119544736.387
27025887741715.375
27025365031438.664
27025298485879.188
27027441193196.918
27033249153869.36
27043363364643.99
27056772420290.684
27066271969450.46
27054129236553.4
26997883621108.31
26827497382576.7
26468488897538.543
26266534495922.9
27727156877951.99
32077114981504.633
36079603897724.14
32328788862239.105
19524930311479.97
18836902370920.92
31095726246537.145
34858911880174.066
31097877032017.1
27046191053003.99
25794473634993.344
26129535836346.93
26573421772260.008
26777813818292.88
26840743265762.047
26847277206273.86
26832803038970.902
26817032947121.07
26806716973667.176
26801509598332.53
26799988240780.926
26800357131911.156
26800933822079.074
26801144159778.266
26801163959296.367
26801163959296.44
26801144159778.406
26800933822079.215
26800357131911.305
26799988240780.93
26801509598332.273
26806716973666.582
26817032947120.48
26832803038970.734
26847277206274.246
26840743265762.75
26777813818293.414
26573421772259.562
26129535836345.51
25794473634992.523
27046191053005.16
31097877032018.797
34858911880174.188
31095726246535.81
18836902370918.918
17068423243187.414
28091222263903.348
31493498591346.355
28130867742402.12
24582696055975.49
23579096213054.312
23966198617561.91
24401000676428.14
24589290203518.043
24641774983067.37
24643600642135.61
24628388364089.543
24613495257216.17
24604440615373.88
24600228958376.508
24599190367266.375
24599645860275.72
24600177177803.902
24600352858871.32
24600361346461.035
24600361346461.098
24600352858871.473
24600177177804.117
24599645860275.902
24599190367266.42
24600228958376.293
24604440615373.44
24613495257215.832
24628388364089.68
24643600642136.23
24641774983068.21
24589290203518.688
24401000676427.906
23966198617560.734
23579096213053.594
24582696055976.49
28130867742403.555
31493498591346.445
28091222263902.11
17068423243185.63
14362614186253.795
23599765562432.555
26445608246249.613
23639895808135.113
20745126116908.582
19990887216218.92
20358417827342.758
20727336379245.523
20876662058427.5
20914022073902.773
20912662607663.152
20898942562163.336
20886332301723.65
20878975431250.64
20875671162682.95
20874887698701.2
20875268603291.82
20875694591050.617
20875829495270.9
20875831599989.47
20875831599989.547
20875829495271.047
20875694591050.848
20875268603292.06
20874887698701.336
20875671162682.895
20878975431250.42
20886332301723.527
20898942562163.637
20912662607663.84
20914022073903.61
20876662058428.14
20727336379245.363
20358417827341.8
19990887216218.367
20745126116909.445
23639895808136.367
26445608246249.727
23599765562431.63
14362614186252.295
10952529025333.857
18019590524811.86
20169434827940.184
18005363186815.457
15848809618655.32
15349504263931.38
15669738748901.756
15954862744782.822
16060619441573.18
16082981243852.523
16079392333442.31
16068140944894.023
16058433747485.107
16052960244883.854
16050544555868.035
16049971854206.18
16050254945492.453
16050569719587.02
16050666164359.537
16050665072636.39
16050665072636.443
16050666164359.682
16050569719587.225
16050254945492.686
16049971854206.348
16050544555868.037
16052960244883.73
16058433747485.035
16068140944894.26
16079392333442.852
16082981243853.18
16060619441573.652
15954862744782.695
15669738748901.047
15349504263930.965
15848809618656.06
18005363186816.508
20169434827940.34
18019590524811.16
10952529025332.748
7299037224752.159
12095645290460.303
13498538442453.676
11974752577439.664
10549880962713.652
10291142501281.62
10556706928407.697
10759507024835.031
10825586695856.918
10835425105944.12
10830679438869.07
10822383113388.62
10815778653024.408
10812226838850.748
10810713555553.559
10810386990179.602
10810606308533.562
10810827447485.973
10810891614088.06
10810889221691.38
10810889221691.432
10810891614088.148
10810827447486.105
10810606308533.717
10810386990179.738
10810713555553.559
10812226838850.623
10815778653024.295
10822383113388.684
10830679438869.354
10835425105944.494
10825586695857.182
10759507024834.9
10556706928407.18
10291142501281.354
10549880962714.178
11974752577440.414
13498538442453.822
12095645290459.85
7299037224751.4375
4011346753872.8643
6784997268361.281
7515564814679.69
6549033714451.176
5743311538716.6045
5668773269815.984
5872893816522.944
6002165105191.919
6036115439752.891
6037044468199.954
6032183297179.04
6026779005155.991
6022959529038.297
6021084384269.971
6020363332600.007
6020269558651.58
6020447534456.061
6020593141219.412
6020630802076.252
6020627416674.43
6020627416674.462
6020630802076.301
6020593141219.467
6020447534456.116
6020269558651.635
6020363332599.991
6021084384269.848
6022959529038.147
6026779005155.936
6032183297179.125
6037044468200.116
6036115439753.011
6002165105191.832
5872893816522.631
5668773269815.829
5743311538716.934
6549033714451.628
7515564814679.776
6784997268361.012
4011346753872.461
1619762494945.8667
2900786272665.495
3147476055061.8784
2603223450261.981
2232404073774.94
2259464611356.046
2397654850060.1123
2467612132642.35
2479202092644.1343
2475286359024.3574
2471132250930.4243
2468087077536.6963
2466331089215.672
2465646599247.453
2465474571127.0645
2465533669403.3853
2465670720464.066
2465755935522.7456
2465772650294.8555
2465768050483.287
2465768050483.3022
2465772650294.879
2465755935522.7583
2465670720464.078
2465533669403.4014
2465474571127.046
2465646599247.3833
2466331089215.5767
2468087077536.6416
2471132250930.4453
2475286359024.4214
2479202092644.189
2467612132642.3057
2397654850059.9595
2259464611355.9727
2232404073775.1074
2603223450262.209
3147476055061.9194
2900786272665.362
1619762494945.6785
317753318100.93665
730898377847.3295
726344824654.4114
460957229800.44995
335185943072.43164
390115854638.15784
468043378123.10114
497290429468.27
496861470892.20905
491820929057.22644
488913334144.58673
487512576542.2098
486985402164.61664
486939903293.6334
487031862416.85333
487141003685.4739
487230774405.22784
487271057873.6377
487273646500.75604
487268370481.1669
487268370481.1728
487273646500.764
487271057873.63605
487230774405.2257
487141003685.47797
487031862416.8491
486939903293.6103
486985402164.58276
487512576542.19086
488913334144.59436
491820929057.2518
496861470892.2321
497290429468.259
468043378123.04504
390115854638.13257
335185943072.5022
460957229800.5453
726344824654.4258
730898377847.276
317753318100.87317
-116708980862.92212
-65340593124.70549
-135854542832.93242
-241545682573.41748
-262747746875.8059
-220390856319.2037
-186044693703.3358
-178690070316.73703
-182824927181.68787
-186617950638.9385
-188174993115.0758
-188611200028.11786
-188595910481.2417
-188434633121.68655
-188295421787.9475
-188209148575.3639
-188164303791.83606
-188152226603.6577
-188156411985.65103
-188161174424.04358
-188161174424.04187
-188156411985.64975
-188152226603.6614
-188164303791.8394
-188209148575.36243
-188295421787.94537
-188434633121.68845
-188595910481.24704
-188611200028.1191
-188174993115.07007
-186617950638.92963
-182824927181.67743
-178690070316.73483
-186044693703.34695
-220390856319.20847
-262747746875.78427
-241545682573.3886
-135854542832.92802
-65340593124.721344
-116708980862.93275
-116625497097.83353
-146128778613.9489
-193943685166.6165
-222751211036.70013
-214812699803.32858
-193110401695.3784
-182303287515.6063
-182868178380.02798
-186212032512.20535
-188133222611.11786
-188677103140.5566
-188677513662.2683
-188532003061.28952
-188387299317.85248
-188297049004.2815
-188254825494.10794
-188241000283.09036
-188242025641.73126
-188247311520.7255
-188250650455.8412
-188250650455.8411
-188247311520.7258
-188242025641.73315
-188241000283.09213
-188254825494.10733
-188297049004.27917
-188387299317.8505
-188532003061.2885
-188677513662.26697
-188677103140.55573
-188133222611.1171
-186212032512.20352
-182868178380.02576
-182303287515.6064
-193110401695.37988
-214812699803.32736
-222751211036.69797
-193943685166.61765
-146128778613.9516
-116625497097.83076
-28182791911.063217
-45971068127.86465
-60353776527.99708
-60964420426.52307
-51746224249.34322
-43519069828.09147
-41497678864.79204
-42989306616.72387
-44519308869.92821
-45112039615.788864
-45150089720.02262
-45038723674.69812
-44927124207.23936
-44852124024.52224
-44815750416.711205
-44804369620.005264
-44804683127.881615
-44808775790.20424
-44812432932.20045
-44814225605.29965
-44814225605.29972
-44812432932.20095
-44808775790.20503
-44804683127.88205
-44804369620.005104
-44815750416.71013
-44852124024.52082
-44927124207.23813
-45038723674.69766
-45150089720.02331
-45112039615.79041
-44519308869.92902
-42989306616.72341
-41497678864.79204
-43519069828.093315
-51746224249.34701
-60964420426.52687
-60353776527.99955
-45971068127.864746
-28182791911.06063
14776479822.921528
13087087263.30417
14424390921.040792
19222467873.816795
24313762673.78975
26861695003.39048
26989079870.757324
26353860799.635593
25982441084.854958
25951047776.529682
26043125923.071453
26130262732.736652
26185090570.825638
26212021991.660236
26220525154.76513
26219999620.264137
26216776185.81669
26213866719.07108
26212150582.87884
26211456770.342194
26211456770.34214
26212150582.878654
26213866719.07095
26216776185.816685
26219999620.264275
26220525154.765472
26212021991.66075
26185090570.826183
26130262732.736656
26043125923.070816
25951047776.528656
25982441084.854195
26353860799.635303
26989079870.756866
26861695003.388958
24313762673.78714
19222467873.814205
14424390921.039484
13087087263.304522
14776479822.922283
16481939578.528076
19180375754.75555
22684548968.470886
25861222452.714237
27943315218.524597
28719010883.648766
28777753648.3678
28709581978.707516
28729035261.862774
28803675584.717064
28871909021.170948
28913661385.42427
28933816386.38798
28940883438.92594
28941220572.85821
28939141144.38008
28937076009.855453
28935855022.64452
28935358069.121086
28935218320.492188
28935218320.492176
28935358069.1211
28935855022.644543
28937076009.855495
28939141144.380123
28941220572.858265
28940883438.926018
28933816386.388058
28913661385.42426
28871909021.17076
28803675584.716885
28729035261.862675
28709581978.70744
28777753648.367603
28719010883.648247
27943315218.523857
25861222452.713657
22684548968.47072
19180375754.7559
16481939578.52814
7893499267.549457
9757349151.071928
11568180780.645987
12812168540.9838
13507006149.858877
13784524029.181894
13883778355.815533
13945043570.66339
14000971105.617521
14044692334.220623
14072232207.989561
14086552820.5416
14092600788.605923
14094238646.426142
14093798184.362291
14092769064.531569
14092023254.645033
14091757680.868956
14091763423.47212
14091813919.534946
14091813919.534954
14091763423.472113
14091757680.868967
14092023254.645056
14092769064.53156
14093798184.36228
14094238646.426105
14092600788.605883
14086552820.541584
14072232207.989618
14044692334.220743
14000971105.617674
13945043570.663546
13883778355.815645
13784524029.18196
13507006149.85904
12812168540.98403
11568180780.646246
9757349151.072123
7893499267.549386
2407455687.337207
3131392413.6692104
3678815574.495754
4030324981.5077763
4242904572.807308
4355241548.158927
4417199449.009373
4455565652.219655
4478610831.14845
4491326720.446127
4498386921.180777
4502223897.273786
4504077070.972714
4504760702.036177
4504751829.170416
4504496982.543145
4504364440.26887
4504423681.721278
4504546072.18858
4504622953.304501
4504622953.304503
4504546072.188591
4504423681.721282
4504364440.268871
4504496982.543149
4504751829.170423
4504760702.03614
4504077070.972649
4502223897.273782
4498386921.180856
4491326720.446249
4478610831.148594
4455565652.219795
4417199449.009513
4355241548.159107
4242904572.8075657
4030324981.5080385
3678815574.4959464
3131392413.669312
2407455687.3371587
444339009.4343447
670879434.0873481
772380535.9880618
867258004.2711192
945357358.7914013
991575625.7644354
1014315423.0251501
1024919418.1769018
1028958271.4579359
1030313550.6462983
1031386384.6174537
1032501115.4141303
1033399895.1358829
1033954861.5028336
1034151739.7581818
1034161555.7680316
1034194756.431691
1034297245.2826955
1034400496.0739201
1034455011.1603266
1034455011.1603315
1034400496.073924
1034297245.2826891
1034194756.4316856
1034161555.7680386
1034151739.7581819
1033954861.5028051
1033399895.1358414
1032501115.4141185
1031386384.6174855
1030313550.6463534
1028958271.4579934
1024919418.1769642
1014315423.0252204
991575625.7645279
945357358.7915255
867258004.2712379
772380535.988139
670879434.087384
444339009.43433267
-26612305.92439534
55225136.62882689
62114891.26936467
106263882.56645177
147975617.02732214
167160985.02043346
172080235.42558935
172631475.62389186
171971469.71950325
171399152.3751824
171565894.92743194
172204931.0901355
172883775.1189735
173359552.22931728
173567521.67019433
173620396.16822517
173663522.60371277
173732997.6674402
173792884.6859367
173821252.39274037
173821252.3927443
173792884.68593976
173732997.6674348
173663522.60370848
173620396.16823003
173567521.67019725
173359552.22930396
172883775.11895183
172204931.0901246
171565894.92743644
171399152.375191
171971469.71951023
172631475.62390164
172080235.4256042
167160985.02045453
147975617.0273482
106263882.56647456
62114891.26937844
55225136.628832825
-26612305.92438949
-93909553.92081681
-49278377.51286694
-52382316.85054414
-19519849.034617778
8081373.075612423
16877411.079173867
16924431.569560427
15994491.005401703
15299937.798606949
14973217.077066578
15191718.142624516
15739697.656136274
16301062.830578128
16682756.48222959
16846627.41677155
16886725.807234228
16909097.981559426
16942305.83500093
16968521.696601275
16979042.693322703
16979042.693325777
16968521.696604837
16942305.834999315
16909097.98155802
16886725.807238106
16846627.416775405
16682756.482227426
16301062.830572521
15739697.65613338
15191718.142624134
14973217.077063376
15299937.798600426
15994491.005396442
16924431.569557555
16877411.07917019
8081373.075605624
-19519849.034624424
-52382316.85054595
-49278377.5128661
-93909553.92080626
-85485451.8194877
-54330751.456518166
-56694462.302856885
-30912636.374161806
-11216368.58572546
-6145753.160031237
-6613977.309011087
-7106099.149715954
-7319907.883457403
-7367098.18161337
-7101286.938108629
-6632681.28579299
-6183774.550656863
-5895399.5426378725
-5780243.407074598
-5758953.273856694
-5754262.452076662
-5744242.1010839855
-5736939.700124854
-5735370.054952018
-5735370.05495006
-5736939.700122161
-5744242.101083986
-5754262.452077041
-5758953.273854808
-5780243.407072063
-5895399.542636459
-6183774.550655464
-6632681.285790688
-7101286.938107173
-7367098.181615168
-7319907.883461798
-7106099.149719709
-6613977.309013495
-6145753.160035577
-11216368.58573378
-30912636.37416923
-56694462.30285793
-54330751.45651474
-85485451.81947748
-69641975.02948093
-46963999.94876997
-48796316.25501877
-28917026.61463583
-14173321.61055735
-10501436.400940452
-10687893.626443263
-10799057.005849201
-10789617.835334703
-10739511.926346656
-10493544.810626928
-10116812.488779875
-9777648.426293619
-9574646.826197252
-9502392.69681346
-9496025.005663216
-9500955.185950415
-9501714.432323985
-9502023.381121244
-9503287.793879416
-9503287.793878626
-9502023.381120352
-9501714.432324553
-9500955.185951455
-9496025.00566332
-9502392.696812876
-9574646.826196253
-9777648.426291812
-10116812.488777487
-10493544.810625179
-10739511.926346585
-10789617.835335882
-10799057.00584971
-10687893.626442732
-10501436.400941454
-14173321.610561488
-28917026.614639293
-48796316.255017504
-46963999.94876608
-69641975.0294723
-56266819.01342021
-40171594.66311572
-41811306.242895804
-26495720.089570142
-15102602.166930677
-12157876.64810112
-12137906.764473435
-12108898.576983068
-12045808.96244567
-11979267.508978805
-11777453.053311963
-11493654.576547725
-11255947.105563987
-11126712.007970598
-11088946.580097802
-11092189.346156124
-11100242.03500272
-11103852.88982387
-11105519.926678766
-11106659.524550814
-11106659.524550721
-11105519.926678978
-11103852.889824945
-11100242.03500413
-11092189.346157098
-11088946.580098195
-11126712.007970488
-11255947.105563441
-11493654.576546926
-11777453.053311309
-11979267.50897866
-12045808.962445816
-12108898.576982427
-12137906.764471855
-12157876.64810061
-15102602.166932523
-26495720.0895716
-41811306.242894165
-40171594.66311267
-56266819.01341434
-45649542.61380217
-34757962.47327654
-36237151.44235178
-24402488.921894766
-15494494.389241684
-13095928.11706365
-12997407.781894835
-12940913.498128286
-12877492.330416052
-12816747.47205141
-12664259.179762328
-12466993.120336745
-12316339.28987477
-12245315.905043462
-12231881.075098068
-12239595.492546458
-12246864.728172965
-12249677.903825454
-12250451.307616135
-12250740.540842814
-12250740.540842894
-12250451.307616536
-12249677.903826306
-12246864.728174083
-12239595.492547404
-12231881.075098576
-12245315.905043596
-12316339.289874833
-12466993.120336866
-12664259.179762458
-12816747.472051634
-12877492.330416214
-12940913.498127673
-12997407.781893387
-13095928.11706296
-15494494.389242904
-24402488.921895847
-36237151.442350626
-34757962.47327435
-45649542.6137975
-37089129.06635326
-30244234.780975975
-31549377.963316377
-22419725.4001422
-15460444.050963536
-13525235.786732541
-13409924.75816346
-13359279.838734468
-13306907.101792281
-13258838.350505862
-13154225.076686926
-13030592.460469054
-12947009.876563264
-12916030.94695125
-12916416.13695869
-12924476.28050733
-12929321.421101071
-12930485.524561688
-12930265.589646567
-12929983.398410171
-12929983.398410216
-12930265.589646727
-12930485.52456205
-12929321.421101697
-12924476.280508006
-12916416.136959031
-12916030.946951276
-12947009.876563331
-13030592.46046933
-13154225.076687265
-13258838.350506261
-13306907.101792604
-13359279.838734109
-13409924.758162363
-13525235.786732014
-15460444.050964504
-22419725.40014318
-31549377.96331572
-30244234.780974627
-37089129.06634979
-30030436.20093031
-26267730.62848624
-27392954.71244513
-20379232.826102633
-14974181.820198236
-13432897.989744134
-13327000.040856255
-13292225.955490757
-13254730.130787062
-13222510.824253825
-13159226.51947751
-13091151.98981847
-13052355.565990508
-13044001.033689467
-13049470.621184627
-13055407.258077469
-13057737.314449765
-13057672.571725748
-13057009.64053229
-13056579.242061043
-13056579.242061028
-13057009.640532233
-13057672.571725747
-13057737.314450048
-13055407.258077871
-13049470.62118477
-13044001.033689307
-13052355.565990422
-13091151.989818607
-13159226.51947777
-13222510.82425418
-13254730.130787417
-13292225.955490576
-13327000.04085544
-13432897.989743706
-14974181.82019897
-20379232.826103427
-27392954.71244479
-26267730.628485363
-30030436.200927928
-24227532.92293144
-22720275.224951345
-23667185.644040197
-18314496.889856298
-14147559.971685084
-12939788.002348267
-12857657.310327372
-12844082.63046561
-12823650.080501243
-12807035.124096874
-12774572.776194127
-12742619.24235447
-12728694.113171227
-12729666.058697402
-12734806.73660207
-12737937.336428639
-12738468.442165894
-12737862.510714974
-12737211.159152744
-12736869.730091434
-12736869.73009139
-12737211.159152608
-12737862.510714846
-12738468.442165973
-12737937.33642882
-12734806.736602036
-12729666.058697166
-12728694.113171037
-12742619.242354494
-12774572.776194256
-12807035.124097098
-12823650.0805015
-12844082.630465493
-12857657.31032677
-12939788.002347928
-14147559.971685586
-18314496.889856897
-23667185.644040026
-22720275.224950757
-24227532.922929794
-19805290.69855092
-19775056.162009805
-20604312.409167256
-16575824.104098478
-13404771.794144131
-12476939.310151102
-12427025.155216157
-12436462.48179315
-12432405.240390314
-12428074.980024502
-12414969.64988188
-12402659.351611648
-12399422.290591171
-12402029.537342258
-12404844.765478289
-12405772.43951085
-12405409.620818242
-12404765.696695378
-12404315.644716792
-12404115.98325942
-12404115.983259378
-12404315.644716658
-12404765.696695244
-12405409.62081825
-12405772.439510893
-12404844.765478192
-12402029.537342027
-12399422.29059102
-12402659.351611605
-12414969.649881907
-12428074.98002461
-12432405.240390476
-12436462.481793094
-12427025.155215727
-12476939.310150836
-13404771.79414446
-16575824.10409887
-20604312.40916715
-19775056.162009515
-19805290.698549856
-16682429.203803822
-17472016.944705486
-18279469.095643725
-15361064.641088367
-13022069.36127277
-12342013.918354105
-12329616.144561818
-12359902.261480939
-12368966.09719526
-12372266.74637621
-12368913.472925616
-12364976.051670872
-12364597.72390558
-12365946.731050914
-12366687.722618682
-12366469.671443991
-12365902.326652857
-12365444.873268906
-12365199.883151026
-12365107.320920026
-12365107.320919996
-12365199.883150944
-12365444.873268837
-12365902.326652832
-12366469.671443993
-12366687.722618597
-12365946.731050765
-12364597.723905478
-12364976.051670827
-12368913.472925588
-12372266.74637625
-12368966.09719535
-12359902.26148089
-12329616.144561518
-12342013.9183539
-13022069.361272953
-15361064.641088635
-18279469.095643662
-17472016.9447053
-16682429.203803092
-13611134.760727134
-14896112.698944738
-15654972.834931215
-13669633.939673161
-12054512.823341923
-11612411.9089494
-11639591.282228332
-11685254.556990556
-11702592.556397066
-11708856.2565102
-11708698.564996202
-11707038.542223446
-11706485.795527458
-11706429.297599962
-11706107.840519024
-11705588.310883027
-11705152.982584545
-11704903.155827714
-11704795.327126168
-11704760.973191565
-11704760.97319154
-11704795.32712612
-11704903.155827668
-11705152.982584529
-11705588.310883015
-11706107.840518963
-11706429.297599876
-11706485.795527402
-11707038.542223427
-11708698.564996175
-11708856.256510204
-11702592.556397121
-11685254.55699053
-11639591.282228151
-11612411.908949248
-12054512.82334201
-13669633.939673308
-15654972.834931176
-14896112.698944708
-13611134.760726834
-9299546.374258911
-10929371.570347909
-11445575.771851543
-10134418.832397852
-9118928.469919227
-8886379.197300417
-8945413.932240738
-8997789.63980401
-9017215.906292668
-9022840.53142247
-9022577.295750303
-9020907.106319392
-9019744.693526395
-9019018.22443174
-9018451.109705986
-9018035.265118066
-9017794.660494315
-9017686.325683115
-9017648.174908515
-9017638.193284305
-9017638.193284292
-9017648.174908482
-9017686.325683083
-9017794.66049431
-9018035.265118062
-9018451.109705957
-9019018.224431697
-9019744.693526383
-9020907.1063194
-9022577.295750294
-9022840.53142248
-9017215.90629271
-8997789.639804007
-8945413.932240639
-8886379.19730032
-9118928.469919274
-10134418.832397936
-11445575.771851527
-10929371.57034787
-9299546.374258708
-4992480.231270669
-6695578.528965906
-6886617.381922573
-6014064.249148693
-5413546.270479799
-5320159.348922016
-5391144.978199475
-5438816.241736823
-5454532.131197604
-5457541.326070138
-5456334.316321242
-5454486.318013448
-5453203.529910269
-5452452.3044751175
-5452018.063472584
-5451786.972034127
-5451683.7773187505
-5451646.539832226
-5451635.952625259
-5451633.769744726
-5451633.769744718
-5451635.952625246
-5451646.539832215
-5451683.777318758
-5451786.972034127
-5452018.063472568
-5452452.304475097
-5453203.52991026
-5454486.318013454
-5456334.316321246
-5457541.326070146
-5454532.1311976435
-5438816.241736829
-5391144.978199419
-5320159.3489219565
-5413546.270479834
-6014064.249148728
-6886617.38192256
-6695578.528965874
-4992480.231270542
-2591203.4711526833
-4196040.795330454
-4233353.908421943
-3579443.31545946
-3205308.311582023
-3195258.1362909204
-3273944.0741196657
-3313653.9099940825
-3322245.7109953444
-3321426.9678522036
-3319154.3994629914
-3317387.4764439547
-3316370.7431636686
-3315860.6284867465
-3315623.2300870987
-3315524.252766309
-3315489.403857926
-3315479.341490065
-3315476.965758147
-3315476.51973246
-3315476.5197324557
-3315476.9657581393
-3315479.3414900624
-3315489.4038579417
-3315524.252766319
-3315623.2300870945
-3315860.6284867427
-3316370.743163665
-3317387.476443962
-3319154.399462998
-3321426.967852206
-3322245.710995364
-3313653.909994099
-3273944.074119633
-3195258.136290866
-3205308.311582055
-3579443.315459473
-4233353.9084219355
-4196040.79533044
-2591203.471152633
