1600
-101541235.00605597
-138606594.86985087
-197478446.262222
-204702338.5981449
-211193988.8746735
-204759052.45038694
-204713901.285432
-205070323.9677947
-205225347.50291538
-205222265.32277906
-205205138.72480905
-205205576.44171286
-205210211.73474026
-205212524.64505124
-205213147.9760719
-205213257.41317847
-205213270.81127402
-205213272.014749
-205213272.10489467
-205213272.1127506
-205213272.11275074
-205213272.10489482
-205213272.0147494
-205213270.8112743
-205213257.41317832
-205213147.97607166
-205212524.64505064
-205210211.73474032
-205205576.441713
-205205138.72480956
-205222265.3227797
-205225347.50291598
-205070323.9677948
-204713901.2854318
-204759052.45038778
-211193988.87467378
-204702338.59814572
-197478446.26222235
-138606594.86985087
-101541235.00605585
-73565157.68745485
-344329.8252200726
-62778403.757873975
-61781751.08755376
-73538676.87870507
-70315048.41495077
-70070092.36286046
-70030934.19240955
-70014236.25758088
-69980512.00361603
-69965517.24348307
-69967548.48394325
-69971932.39285028
-69973920.47021995
-69974431.68367699
-69974517.60998009
-69974527.5739349
-69974528.4954675
-69974528.64227334
-69974528.6911205
-69974528.69112067
-69974528.64227329
-69974528.49546853
-69974527.5739346
-69974517.60997964
-69974431.68367714
-69973920.47021979
-69971932.39285107
-69967548.48394328
-69965517.24348289
-69980512.00361648
-70014236.25758186
-70030934.19240838
-70070092.36286065
-70315048.41495371
-73538676.87870336
-61781751.08755463
-62778403.757873826
-344329.82522150304
-73565157.687455
-30932582.578577247
-38219752.878018074
-59409892.65580088
-65458958.10074781
-67676519.86988805
-66953470.57762218
-66613678.5410147
-66497551.43578569
-66452195.04647573
-66430483.96482245
-66427272.12953406
-66431603.38046777
-66435043.90665323
-66436331.73586019
-66436629.21605672
-66436674.46713014
-66436679.21961158
-66436679.78498058
-66436679.987257436
-66436680.07016561
-66436680.070165664
-66436679.98725752
-66436679.784980565
-66436679.21961147
-66436674.46713007
-66436629.216056675
-66436331.73586014
-66435043.90665348
-66431603.38046817
-66427272.129534505
-66430483.964822866
-66452195.04647607
-66497551.435785994
-66613678.541014895
-66953470.57762256
-67676519.86988841
-65458958.1007483
-59409892.65580115
-38219752.87801842
-30932582.578577172
10042615.47235543
1779219.3281784877
6422600.635097261
4862845.076744701
6414516.420060449
5824626.652898858
5988964.233172713
6120665.859177572
6178705.908763462
6186457.779765387
6180308.784831833
6175677.330389263
6173988.617450458
6173605.131242491
6173552.912809005
6173550.027748235
6173549.9435980525
6173549.576086351
6173549.32019537
6173549.219101392
6173549.219101442
6173549.320195488
6173549.576086627
6173549.943598155
6173550.02774828
6173552.912808981
6173605.131242263
6173988.617450218
6175677.330388879
6180308.78483151
6186457.779765281
6178705.9087634785
6120665.859177425
5988964.233172434
5824626.652898831
6414516.420059903
4862845.076744682
6422600.635097196
1779219.3281784512
10042615.472355574
22711780.933970142
33616179.37690097
48041148.874604024
52202921.74371228
53754519.726127736
53068274.07284011
53034822.39803688
53160494.1087379
53218065.81184074
53213323.91677847
53201977.536195025
53198787.8269804
53199096.72189719
53199560.72608985
53199717.35775395
53199747.51488402
53199750.65264789
53199750.41212229
53199750.15584806
53199750.06305739
53199750.06305751
53199750.15584837
53199750.412122674
53199750.65264807
53199747.51488401
53199717.3577538
53199560.72608947
53199096.72189703
53198787.82698032
53201977.53619511
53213323.9167787
53218065.811840996
53160494.10873788
53034822.39803676
53068274.07284015
53754519.72612757
52202921.74371247
48041148.87460426
33616179.37690123
22711780.93397042
19651607.929221258
40894862.52257758
56214431.28763653
62440846.861337654
63067013.90104967
62452200.04632202
62376126.46905206
62526516.701156154
62586917.69230057
62575513.27870499
62562987.75572731
62562112.09199738
62564216.67552864
62565348.77344747
62565660.22732652
62565714.36405829
62565720.10717682
62565720.15177058
62565719.97531617
62565719.91270001
62565719.91270011
62565719.97531644
62565720.1517708
62565720.10717689
62565714.3640582
62565660.227326386
62565348.77344731
62564216.67552867
62562112.09199758
62562987.75572771
62575513.27870552
62586917.69230089
62526516.70115618
62376126.46905193
62452200.046321906
63067013.90104976
62440846.86133804
56214431.28763691
40894862.52257781
19651607.929221444
16483400.448142853
40133528.79153864
55301130.959005326
61856690.594442405
62285102.43871039
61708035.651104614
61641560.082882285
61798447.21217526
61854573.19302107
61839777.78008805
61828384.24265876
61829872.99135016
61833363.52108838
61834966.530426025
61835384.38475342
61835455.762742035
61835463.83011163
61835464.268660955
61835464.20153922
61835464.17145445
61835464.1714545
61835464.20153932
61835464.26866104
61835463.830111526
61835455.76274197
61835384.3847534
61834966.530426085
61833363.521088585
61829872.99135047
61828384.242659226
61839777.7800886
61854573.193021365
61798447.2121753
61641560.082882136
61708035.651104465
62285102.438710496
61856690.59444265
55301130.95900568
40133528.7915389
16483400.448143125
15410778.393152308
39161594.78959896
54550451.373894244
61353339.29168421
62047489.04715722
61533521.96478128
61471911.94395588
61617565.51210155
61667527.196251124
61652433.797403604
61643174.540925145
61646542.939532645
61650934.049730636
61652820.26081432
61653300.932598725
61653382.90138139
61653392.578158416
61653393.3202207
61653393.33162923
61653393.322323605
61653393.322323665
61653393.33162932
61653393.320220724
61653392.578158244
61653382.901381254
61653300.93259875
61652820.26081439
61650934.04973076
61646542.93953274
61643174.5409254
61652433.79740381
61667527.19625124
61617565.51210149
61471911.94395573
61533521.96478113
62047489.047157384
61353339.29168447
54550451.373894505
39161594.789599076
15410778.393152593
13998832.670802608
37024834.35641457
52228987.00281131
59209288.95702295
60205849.98239107
59789752.96593267
59733441.788727
59866048.765816286
59911963.22931644
59898348.940689966
59891121.19885221
59895630.63329563
59900451.35359706
59902454.95755946
59902959.8493908
59903045.88731558
59903056.23434305
59903057.11496402
59903057.161906615
59903057.16147396
59903057.16147404
59903057.16190676
59903057.114964046
59903056.23434298
59903045.88731552
59902959.84939076
59902454.95755953
59900451.353597045
59895630.63329559
59891121.198852256
59898348.940690026
59911963.22931644
59866048.76581627
59733441.788726985
59789752.96593266
60205849.98239118
59209288.957023144
52228987.00281156
37024834.35641471
13998832.670802873
11273472.470086649
32498611.713363722
46662931.32316162
53490199.06366383
54702451.81294361
54411344.7396492
54369961.27188159
54489427.25349412
54530630.05311764
54518330.12184287
54512560.23861517
54517535.20000068
54522399.46951266
54524385.50579057
54524882.64204532
54524967.20847757
54524977.42967267
54524978.325080775
54524978.3813346
54524978.383505605
54524978.38350572
54524978.38133482
54524978.32508093
54524977.42967261
54524967.20847751
54524882.64204525
54524385.50579054
54522399.46951256
54517535.20000059
54512560.238615155
54518330.12184292
54530630.05311769
54489427.25349417
54369961.271881625
54411344.73964924
54702451.812943734
53490199.06366399
46662931.323161855
32498611.71336383
11273472.470086941
7537460.052919795
25816586.816925064
38109156.175159656
44395650.812257044
45734798.77654537
45584809.62298423
45564448.58654771
45666352.26274479
45699821.37948037
45688233.35909327
45683594.32310575
45688592.814451
45693215.615862474
45695078.05371226
45695541.55211209
45695620.17601606
45695629.67696653
45695630.51428834
45695630.56867076
45695630.57123379
45695630.57123385
45695630.568670966
45695630.514288515
45695629.67696654
45695620.17601598
45695541.55211209
45695078.053712234
45693215.61586248
45688592.81445106
45683594.32310588
45688233.35909345
45699821.37948049
45666352.26274487
45564448.58654782
45584809.62298426
45734798.776545405
44395650.812257186
38109156.17515993
25816586.81692518
7537460.052920076
3236683.3107248596
17630407.29205393
27397275.222893573
32789519.83039391
34155834.30963439
34141249.383956574
34140366.77818974
34219328.94063587
34242757.904671736
34231946.28455906
34228516.99650742
34233303.628774256
34237482.61742144
34239140.09064559
34239549.55147015
34239618.71871922
34239627.05714281
34239627.79176457
34239627.83973493
34239627.842068575
34239627.84206867
34239627.839735106
34239627.79176469
34239627.05714287
34239618.718719214
34239549.55147019
34239140.09064561
34237482.61742148
34233303.62877439
34228516.99650766
34231946.28455925
34242757.904671825
34219328.94063593
34140366.778189816
34141249.38395664
34155834.309634514
32789519.83039408
27397275.222893808
17630407.2920541
3236683.310725208
-1130206.4017993582
8852741.577415487
15730250.699880322
19966230.35043499
21245040.142768677
21334250.402413033
21344542.99016333
21397169.952707965
21410135.33914444
21400737.513509914
21398757.640072856
21403208.1935445
21406808.39513361
21408204.92255457
21408546.246752337
21408603.543901913
21408610.423581142
21408611.028144456
21408611.06759007
21408611.069516737
21408611.069516785
21408611.067590203
21408611.02814458
21408610.423581176
21408603.543901935
21408546.246752393
21408204.922554683
21406808.395133685
21403208.193544596
21398757.64007303
21400737.51351006
21410135.33914451
21397169.952708013
21344542.990163412
21334250.402413137
21245040.142768823
19966230.35043512
15730250.699880524
8852741.577415578
-1130206.4017991105
-4846770.618478433
820606.0930295544
4875738.966369116
7867578.230043508
8958342.335123388
9102602.455656592
9111948.513446439
9137888.125394087
9141673.585418874
9134411.567210928
9134006.475411197
9138034.656621411
9140983.99270203
9142092.499648988
9142359.254764805
9142403.624387652
9142408.919864856
9142409.383278586
9142409.413428403
9142409.414898977
9142409.414899023
9142409.413428497
9142409.383278659
9142408.91986487
9142403.62438766
9142359.254764846
9142092.499649007
9140983.992702037
9138034.65662142
9134006.475411253
9134411.567210982
9141673.585418899
9137888.125394141
9111948.513446558
9102602.455656718
8958342.335123502
7867578.230043622
4875738.966369263
820606.093029622
-4846770.618478195
-7143910.703719541
-5013679.911126178
-3242029.366151255
-1359825.9824966572
-508283.4208660768
-357839.04019987746
-360277.6329263875
-357765.589261279
-360591.6948377453
-365270.91909973574
-364242.9497409772
-360722.3443604789
-358435.82434541534
-357612.21381731285
-357418.26255931763
-357386.41980148567
-357382.65199711337
-357382.3242620861
-357382.3030334174
-357382.30200130295
-357382.30200127244
-357382.30303335865
-357382.32426204794
-357382.65199712856
-357386.4198015128
-357418.26255932264
-357612.21381731395
-358435.82434544025
-360722.34436050436
-364242.94974096277
-365270.91909972014
-360591.69483774854
-357765.5892612474
-360277.63292627165
-357839.0401997496
-508283.4208659891
-1359825.9824965852
-3242029.3661511578
-5013679.91112613
-7143910.70371936
-7617161.53702333
-7777416.177821644
-7443269.582311659
-6364848.306841633
-5743586.789721419
-5619952.869759182
-5638304.631856472
-5652308.236379448
-5658444.569165207
-5660530.796843322
-5658487.21152006
-5655561.129646893
-5653896.047363414
-5653327.672750261
-5653197.619108781
-5653176.64150197
-5653174.188602081
-5653173.977030617
-5653173.963411222
-5653173.962752173
-5653173.962752158
-5653173.9634111915
-5653173.9770306125
-5653174.188602106
-5653176.641502002
-5653197.619108796
-5653327.672750269
-5653896.047363439
-5655561.129646914
-5658487.211520059
-5660530.796843317
-5658444.5691652205
-5652308.23637943
-5638304.631856392
-5619952.869759084
-5743586.78972136
-6364848.306841592
-7443269.582311601
-7777416.177821627
-7617161.537023207
-6530512.042064393
-7701281.414352179
-7973065.587025117
-7360780.924179342
-6924367.310227573
-6839357.837775605
-6869406.998548616
-6890877.038418027
-6897158.525155126
-6897093.635362733
-6894612.056564008
-6892343.046600636
-6891215.816643291
-6890854.852134385
-6890775.200078846
-6890762.644890548
-6890761.199758082
-6890761.07651343
-6890761.0686465595
-6890761.068268328
-6890761.068268323
-6890761.068646546
-6890761.07651343
-6890761.199758099
-6890762.64489057
-6890775.200078854
-6890854.852134392
-6891215.816643303
-6892343.046600645
-6894612.056564007
-6897093.635362727
-6897158.525155138
-6890877.038418021
-6869406.998548569
-6839357.837775548
-6924367.310227543
-7360780.924179326
-7973065.587025093
-7701281.414352176
-6530512.042064322
-4672712.231051207
-5939611.576152992
-6274561.352317256
-5890228.835560941
-5592078.361625851
-5542512.674929418
-5575467.409961078
-5596224.519162883
-5600599.981543496
-5599166.651022693
-5596804.345751544
-5595194.725525992
-5594494.43798093
-5594285.753413774
-5594241.673055726
-5594234.922309704
-5594234.160811091
-5594234.096820547
-5594234.092781298
-5594234.092588771
-5594234.092588769
-5594234.092781292
-5594234.096820546
-5594234.160811095
-5594234.9223097125
-5594241.673055722
-5594285.753413771
-5594494.437980934
-5595194.725525997
-5596804.34575154
-5599166.65102269
-5600599.981543504
-5596224.519162885
-5575467.40996106
-5542512.674929382
-5592078.361625842
-5890228.835560936
-6274561.352317248
-5939611.576152993
-4672712.231051174
-2851005.6046544965
-3793142.4525591913
-3991121.3212364926
-3727842.7895253217
-3535955.20243925
-3512788.47807701
-3541010.301065772
-3556369.803236113
-3558360.7549210447
-3556442.1504348535
-3554575.2761823735
-3553549.793608253
-3553156.431092482
-3553047.965148814
-3553026.184541468
-3553022.963158597
-3553022.608796186
-3553022.5795726404
-3553022.577754479
-3553022.577668797
-3553022.5776687968
-3553022.5777544775
-3553022.579572641
-3553022.608796189
-3553022.9631585986
-3553026.184541468
-3553047.9651488136
-3553156.4310924844
-3553549.793608255
-3554575.276182371
-3556442.1504348535
-3558360.7549210456
-3556369.803236116
-3541010.3010657653
-3512788.478076997
-3535955.202439244
-3727842.789525321
-3991121.3212364875
-3793142.452559192
-2851005.604654487
-1495041.3942028442
-2051343.8326313614
-2120742.077258908
-1947322.7529427276
-1837413.7110773642
-1831000.9216124115
-1851122.2132242452
-1860310.6840569947
-1860603.486925162
-1858891.7096226716
-1857646.8541923787
-1857069.855536759
-1856873.2057645961
-1856823.2220298327
-1856813.740044206
-1856812.3939753287
-1856812.2503578595
-1856812.2387885042
-1856812.2380818787
-1856812.2380490713
-1856812.2380490713
-1856812.2380818787
-1856812.2387885032
-1856812.2503578588
-1856812.393975328
-1856813.7400442038
-1856823.2220298315
-1856873.205764596
-1857069.8555367591
-1857646.854192375
-1858891.7096226688
-1860603.486925163
-1860310.684056997
-1851122.213224242
-1831000.9216124066
-1837413.711077361
-1947322.752942728
-2120742.0772589063
-2051343.8326313621
-1495041.3942028421
-654916.7793808088
-920451.0326110108
-923884.5249027291
-823620.9424191519
-770650.5647200169
-772678.4238644207
-785093.3549853523
-789669.0765968722
-789250.0637098368
-788070.4227938693
-787368.6002982727
-787086.2753818863
-787000.1978585295
-786980.0820882424
-786976.4971764782
-786976.0116253092
-786975.9616596304
-786975.9577476196
-786975.9575141094
-786975.9575034699
-786975.9575034705
-786975.9575141097
-786975.9577476203
-786975.9616596312
-786976.0116253094
-786976.4971764779
-786980.0820882426
-787000.1978585301
-787086.2753818863
-787368.6002982722
-788070.4227938685
-789250.0637098373
-789669.0765968738
-785093.3549853532
-772678.423864421
-770650.5647200155
-823620.9424191511
-923884.5249027283
-920451.0326110115
-654916.7793808096
-211937.50886022358
-306254.4990020166
-288752.9418612904
-239221.60400858553
-219049.31684227596
-223615.36371241623
-230428.5113833747
-232387.65762781756
-231921.85858379878
-231269.15851811308
-230936.27823542635
-230817.98867683415
-230785.5485104804
-230778.58598244004
-230777.4243135794
-230777.27475938768
-230777.25996560877
-230777.25884302874
-230777.25877769306
-230777.2587747772
-230777.25877477758
-230777.25877769315
-230777.2588430288
-230777.25996560883
-230777.27475938795
-230777.42431357928
-230778.58598244007
-230785.5485104806
-230817.9886768343
-230936.2782354259
-231269.15851811238
-231921.8585837986
-232387.65762781788
-230428.5113833749
-223615.36371241545
-219049.31684227494
-239221.6040085846
-288752.9418612897
-306254.4990020168
-211937.5088602237
-27072.40893578385
-43250.152897820095
-25740.399274550826
-4997.4409639071555
157.91895178820448
-3881.337972689072
-7287.3992263940345
-8056.3982219851105
-7777.3375646209315
-7485.592204144823
-7354.325068429654
-7312.626691201325
-7302.271059469807
-7300.218113735714
-7299.895051838451
-7299.85512165655
-7299.85127775415
-7299.850991069335
-7299.850974552806
-7299.850973819354
-7299.850973819403
-7299.850974552726
-7299.850991069413
-7299.85127775422
-7299.855121656625
-7299.895051838503
-7300.218113735814
-7302.271059469968
-7312.626691201389
-7354.32506842957
-7485.592204144561
-7777.3375646208215
-8056.398221985097
-7287.399226394009
-3881.3379726888693
157.9189517887071
-4997.440963906704
-25740.39927455054
-43250.152897819855
-27072.408935783697
18257.762402440807
24826.192582283453
35483.46805356918
42419.48854945905
42385.118415532044
39735.216134566035
38137.14586927357
37821.9343094217
37931.446301988035
38034.61788052449
38076.6472378226
38088.76108954161
38091.54755932823
38092.07763722554
38092.16064844014
38092.17114474838
38092.17219617476
38092.17227848497
38092.17228347883
38092.17228371229
38092.17228371228
38092.17228347884
38092.17227848493
38092.17219617477
38092.17114474845
38092.160648440215
38092.077637225586
38091.54755932819
38088.76108954154
38076.647237822566
38034.61788052449
37931.44630198801
37821.93430942178
38137.1458692735
39735.21613456612
42385.1184155321
42419.48854945909
35483.46805356922
24826.192582283526
18257.762402440967
11519.395512688821
17742.52765504156
21789.791763739126
23082.379639272025
21981.29576065521
20512.33936141765
19781.392611098527
19627.63208784578
19649.39271536125
19676.212819866363
19686.684875298382
19689.57229527581
19690.250790766673
19690.393354394244
19690.419003778326
19690.422725239856
19690.423144712022
19690.423180846577
19690.423183212846
19690.42318333046
19690.42318333047
19690.423183212864
19690.423180846585
19690.42314471198
19690.422725239827
19690.41900377833
19690.393354394237
19690.250790766648
19689.5722952758
19686.68487529834
19676.212819866334
19649.392715361235
19627.632087845792
19781.39261109857
20512.339361417682
21981.295760655157
23082.379639271978
21789.791763739107
17742.527655041562
11519.395512688992
-105.2278263259866
1719.894379183713
2118.6008412747187
1678.0440179152974
783.2396575724338
54.737736997013755
-279.52759960451925
-364.23959114496216
-370.14570842030184
-366.19198492702463
-364.2095546513272
-363.5472243054107
-363.34194292847496
-363.2862657374244
-363.2744096306659
-363.2725153825754
-363.27229017476884
-363.2722701840156
-363.2722688517608
-363.2722687848299
-363.2722687848207
-363.272268851748
-363.2722701840096
-363.27229017479476
-363.2725153825975
-363.2744096306763
-363.28626573742935
-363.34194292846144
-363.5472243054253
-364.20955465134523
-366.1919849270442
-370.14570842032253
-364.23959114496097
-279.52759960450055
54.737736997018665
783.2396575724168
1678.0440179152595
2118.6008412747237
1719.894379183728
-105.22782632591061
-3872.3254137186454
-4219.50904579502
-4855.638557561079
-5440.880423667212
-5938.193666993652
-6267.256146519555
-6417.62518674634
-6462.142536286207
-6469.686104586817
-6469.799281086553
-6469.336830576795
-6469.079206787141
-6468.977539392687
-6468.947731706595
-6468.941330473646
-6468.940320968909
-6468.9402030155625
-6468.9401927159515
-6468.940192039178
-6468.940192005566
-6468.9401920055625
-6468.940192039166
-6468.940192715944
-6468.940203015573
-6468.940320968909
-6468.941330473646
-6468.94773170659
-6468.977539392685
-6469.07920678714
-6469.336830576796
-6469.799281086555
-6469.686104586822
-6462.142536286199
-6417.625186746315
-6267.256146519537
-5938.193666993636
-5440.880423667214
-4855.638557561073
-4219.50904579501
-3872.32541371861
-2837.760819624949
-3425.8877096023834
-3932.524919079032
-4260.442100145229
-4477.306543578839
-4611.849510414268
-4675.163262678487
-4694.991175608545
-4698.473971876713
-4698.398556650907
-4698.07233327464
-4697.906740486971
-4697.847854895128
-4697.832100751864
-4697.828942895978
-4697.828469328352
-4697.828416013049
-4697.82841148592
-4697.828411194745
-4697.828411180525
-4697.828411180522
-4697.828411194742
-4697.828411485914
-4697.828416013051
-4697.828469328355
-4697.828942895978
-4697.8321007518625
-4697.847854895127
-4697.906740486974
-4698.072333274639
-4698.3985566509
-4698.473971876717
-4694.991175608542
-4675.163262678477
-4611.849510414256
-4477.3065435788385
-4260.442100145228
-3932.5249190790205
-3425.8877096023734
-2837.7608196249366
-1220.6883562919325
-1519.5204356597512
-1736.904262992161
-1860.8376996484872
-1938.1341915699486
-1987.4589027951226
-2011.1202937740893
-2018.0414553305343
-2018.73464040624
-2018.3477425990209
-2018.0874623330808
-2017.9866437463268
-2017.9563610246653
-2017.9491491516007
-2017.94781391791
-2017.947624430657
-2017.9476039270326
-2017.9476022364754
-2017.9476021301496
-2017.9476021250478
-2017.9476021250466
-2017.9476021301489
-2017.9476022364743
-2017.9476039270314
-2017.9476244306568
-2017.947813917909
-2017.9491491515964
-2017.9563610246653
-2017.986643746328
-2018.0874623330778
-2018.3477425990184
-2018.7346404062382
-2018.04145533053
-2011.1202937740788
-1987.4589027951117
-1938.134191569938
-1860.8376996484822
-1736.9042629921576
-1519.5204356597487
-1220.6883562919295
-367.3004314954372
-461.7437330304959
-524.8281725720296
-559.6012352082018
-583.1176455017109
-599.2368338905052
-606.6773364886767
-608.3001720170566
-608.0371695248062
-607.6860744977447
-607.5287565907164
-607.4783552732374
-607.4652170949763
-607.462402611615
-607.461919419992
-607.4618544258225
-607.4618476613422
-607.4618471195673
-607.4618470862421
-607.4618470846704
-607.4618470846704
-607.461847086242
-607.4618471195674
-607.4618476613431
-607.461854425823
-607.4619194199925
-607.4624026116151
-607.4652170949772
-607.478355273238
-607.5287565907156
-607.6860744977438
-608.0371695248067
-608.3001720170561
-606.6773364886756
-599.2368338905022
-583.1176455017084
-559.6012352082004
-524.828172572029
-461.74373303049526
-367.300431495437
-81.78454574406162
-102.25544939158523
-115.2841001524888
-123.09941802631434
-129.562920320921
-134.16582405806588
-135.95120827173798
-135.9948949041483
-135.6612917641681
-135.4576621747928
-135.38299412674584
-135.36211290138016
-135.35726662991004
-135.35632200424632
-135.35617094352367
-135.35615164992524
-135.35614971699027
-135.35614956656036
-135.35614955750958
-135.35614955709002
-135.35614955708994
-135.3561495575096
-135.35614956656042
-135.35614971699047
-135.35615164992532
-135.35617094352358
-135.35632200424632
-135.35726662991047
-135.36211290138027
-135.3829941267456
-135.45766217479252
-135.6612917641684
-135.9948949041488
-135.95120827173776
-134.1658240580655
-129.56292032092043
-123.09941802631444
-115.28410015248902
-102.25544939158557
-81.78454574406177
-13.804245010061594
-16.856223833885863
-18.84457553696132
-20.462156159106236
-22.11450537084209
-23.18285866458175
-23.398236398357877
-23.201024847648114
-23.00751412822021
-22.916872136349458
-22.887709698265272
-22.880376577729212
-22.87883523636029
-22.878559642963076
-22.87851847145659
-22.878513474297883
-22.878512992300568
-22.878512955852106
-22.878512953707354
-22.878512953609636
-22.87851295360968
-22.878512953707396
-22.878512955852134
-22.878512992300593
-22.878513474297847
-22.87851847145656
-22.878559642963076
-22.87883523636036
-22.88037657772925
-22.88770969826519
-22.916872136349426
-23.007514128220365
-23.201024847648387
-23.398236398358108
-23.1828586645819
-22.114505370842263
-20.462156159106513
-18.84457553696163
-16.856223833886084
-13.804245010061699
-1.7784780717737754
-2.110978507415153
-2.399961943917505
-2.768492441863876
-3.1395472332553225
-3.295059160806119
-3.226821232078278
-3.0991310137824413
-3.016927816263386
-2.9838421276571587
-2.974195454965076
-2.971975085185724
-2.9715475415346098
-2.9714770306052367
-2.9714671760231894
-2.971466039577178
-2.9714659340976195
-2.971465926350852
-2.9714659259051857
-2.971465925885237
-2.9714659258852434
-2.9714659259051905
-2.971465926350854
-2.9714659340976106
-2.971466039577154
-2.971467176023157
-2.9714770306052087
-2.971547541534604
-2.9719750851857176
-2.974195454965055
-2.983842127657152
-3.0169278162634323
-3.099131013782534
-3.2268212320783882
-3.2950591608062365
-3.1395472332554366
-2.7684924418640002
-2.3999619439176176
-2.110978507415219
-1.7784780717737858
-0.170585057688835
-0.23509464845434633
-0.3127939857135891
-0.4055770020710693
-0.4657032690771093
-0.4528287507594713
-0.3940710371363771
-0.34065876847590315
-0.3124411009489371
-0.30222748553515866
-0.2994781807446992
-0.29889186176194965
-0.2987875464182854
-0.2987716137394325
-0.2987695296778916
-0.29876930156576015
-0.29876928121613155
-0.29876927976585416
-0.2987692796843132
-0.29876927968072237
-0.29876927968072275
-0.2987692796843124
-0.29876927976585027
-0.2987692812161243
-0.2987693015657492
-0.29876952967787707
-0.2987716137394196
-0.29878754641827665
-0.2988918617619417
-0.2994781807446891
-0.3022274855351497
-0.312441100948933
-0.34065876847590604
-0.3940710371363881
-0.45282875075948836
-0.4657032690771252
-0.4055770020710825
-0.3127939857135932
-0.23509464845433847
-0.17058505768881674
-0.010030064213412116
-0.042006744435512916
-0.07272016477465693
-0.09458050832250443
-0.09607902978447487
-0.07717173372323147
-0.05246831896045238
-0.035042387594813554
-0.026915820643591104
-0.024205365927144746
-0.023523207460099563
-0.02338712404431979
-0.02336458765345428
-0.023361388079500955
-0.02336099636814353
-0.023360955744041127
-0.02336095226690913
-0.023360952026602804
-0.02336095201336264
-0.02336095201277953
-0.023360952012779473
-0.023360952013362062
-0.0233609520266015
-0.02336095226690739
-0.02336095574403903
-0.023360996368140905
-0.023361388079497954
-0.023364587653451244
-0.02338712404431653
-0.023523207460094814
-0.024205365927136818
-0.02691582064357921
-0.03504238759479882
-0.05246831896043741
-0.07717173372321733
-0.09607902978445991
-0.0945805083224878
-0.07272016477463886
-0.0420067444354954
-0.010030064213396967
0.00039820559142341176
-0.013103584791417346
-0.023610448868821785
-0.02782971314743307
-0.024525724491513905
-0.0165920423513849
-0.008919793803262807
-0.004229623167960699
-0.002230154519630297
-0.001605900573938599
-0.0014575197663609343
-0.0014295868474186804
-0.0014252478069457732
-0.0014246725672151684
-0.0014246066211151015
-0.0014246001530571386
-0.0014245996224220789
-0.0014245995866375935
-0.0014245995846321343
-0.0014245995845287367
-0.0014245995845286919
-0.0014245995846319944
-0.001424599586637442
-0.001424599622422077
-0.0014246001530573119
-0.0014246066211152325
-0.0014246725672149843
-0.0014252478069451421
-0.0014295868474174412
-0.0014575197663585075
-0.0016059005739339999
-0.002230154519622826
-0.004229623167950661
-0.008919793803251246
-0.016592042351372734
-0.024525724491501324
-0.02782971314742041
-0.023610448868809846
-0.013103584791407335
0.000398205591430767
0.00026423597005733327
-0.003957233822657691
-0.006827572157336826
-0.007430199095217899
-0.005962682755237766
-0.0036421349392721557
-0.001719569118900886
-0.0006524948488665338
-0.0002279050940001788
-0.00010231748738448001
-7.385280632467878e-05
-6.87461841794117e-05
-6.799470699886965e-05
-6.790098654299134e-05
-6.78908984817232e-05
-6.788996245550311e-05
-6.788988810995258e-05
-6.788988289245001e-05
-6.78898825086994e-05
-6.7889882469765e-05
-6.78898824697459e-05
-6.788988250866222e-05
-6.788988289245282e-05
-6.788988811006063e-05
-6.788996245572102e-05
-6.789089848195461e-05
-6.79009865430888e-05
-6.799470699871532e-05
-6.874618417889926e-05
-7.385280632360182e-05
-0.00010231748738251625
-0.00022790509399707475
-0.0006524948488623087
-0.0017195691188958279
-0.003642134939266638
-0.005962682755232104
-0.0074301990952124345
-0.006827572157331961
-0.0039572338226538445
0.00026423597005999086
5.835547018794029e-05
-0.0009764451778835887
-0.0016167625138944087
-0.0016650160711085
-0.0012553195399313702
-0.0007190161718493656
-0.00031682328800167615
-0.00010893348280165289
-3.057397311864234e-05
-8.36512112425616e-06
-3.5089362110524548e-06
-2.667060667839182e-06
-2.5478487562865917e-06
-2.533668836478065e-06
-2.53222394971644e-06
-2.5320957649908813e-06
-2.532085208865141e-06
-2.5320841868781782e-06
-2.532084036440663e-06
-2.5320840095543917e-06
-2.5320840095470954e-06
-2.532084036426938e-06
-2.5320841868782955e-06
-2.5320852088991195e-06
-2.5320957650607616e-06
-2.5322239497946143e-06
-2.5336688365158215e-06
-2.5478487562353907e-06
-2.667060667655203e-06
-3.5089362106782937e-06
-8.365121123614407e-06
-3.05739731176656e-05
-0.00010893348280032634
-0.0003168232880000549
-0.0007190161718475646
-0.001255319539929532
-0.0016650160711067714
-0.001616762513892927
-0.0009764451778824526
5.8355470188698285e-05
9.660730320964115e-06
-0.00019760783079642515
-0.00031697490887910965
-0.0003135411211229365
-0.00022583248624920453
-0.00012351195511027866
-5.20845744612114e-05
-1.711476550714598e-05
-4.458758276238859e-06
-9.718760759307235e-07
-2.227785339616792e-07
-9.430896584727599e-08
-7.632145283443926e-08
-7.422798449745114e-08
-7.402246081697758e-08
-7.400461843881983e-08
-7.40028950484438e-08
-7.40026190972957e-08
-7.400255740956044e-08
-7.400254456577372e-08
-7.400254456363937e-08
-7.400255740532199e-08
-7.400261909610031e-08
-7.400289505520856e-08
-7.400461845444331e-08
-7.402246083551824e-08
-7.422798450675086e-08
-7.632145282022777e-08
-9.430896579629389e-08
-2.2277853386074764e-07
-9.718760757649606e-07
-4.458758275993709e-06
-1.711476550681367e-05
-5.2084574460799166e-05
-0.00012351195510981448
-0.00022583248624873271
-0.0003135411211225028
-0.00031697490887874904
-0.00019760783079615624
9.66073032113949e-06
1.3867937198033781e-06
-3.3460853591913625e-05
-5.241227010329194e-05
-5.025157773342451e-05
-3.493094738788024e-05
-1.8452560639006206e-05
-7.561054966378619e-06
-2.4378145652470587e-06
-6.277160581391857e-07
-1.318239144405209e-07
-2.3871552502243944e-08
-4.824024699137933e-09
-2.06148079351803e-09
-1.7303250864479045e-09
-1.6981818338268003e-09
-1.6961093743877783e-09
-1.6962296536495107e-09
-1.696323510355159e-09
-1.6963505975985082e-09
-1.6963563160100197e-09
-1.696356315544525e-09
-1.696350596653371e-09
-1.6963235099843916e-09
-1.6962296548580408e-09
-1.6961093774517032e-09
-1.6981818377144114e-09
-1.7303250886686127e-09
-2.0614807907298026e-09
-4.824024688120925e-09
-2.3871552480356146e-08
-1.3182391440532232e-07
-6.277160580879591e-07
-2.4378145651774856e-06
-7.561054966291093e-06
-1.8452560638906507e-05
-3.493094738777922e-05
-5.025157773333367e-05
-5.241227010321872e-05
-3.346085359186055e-05
1.3867937198371328e-06
