1600
-111888905910833.28
-151950050562020.62
-152440761819685.47
-148988524317860.7
-157533116262529.06
-174097761809100.94
-184145985631622.8
-186794473238537.97
-186392525837980.5
-185770123075119.1
-185613179906537.6
-185642625327398.06
-185677306952473.25
-185681258891802.47
-185677257347130.12
-185672877234897.44
-185672408454529.56
-185673440430273.78
-185674591350495.22
-185675177710138.8
-185675177710139.06
-185674591350495.84
-185673440430273.62
-185672408454528.66
-185672877234897.34
-185677257347131.03
-185681258891804.03
-185677306952474.3
-185642625327398.16
-185613179906537.25
-185770123075117.66
-186392525837979.62
-186794473238539.1
-184145985631624.16
-174097761809097.94
-157533116262520.7
-148988524317847.6
-152440761819673.28
-151950050562012.03
-111888905910828.6
-33380921406607.07
508491145382368.75
-98025412725782.08
275751256907470.84
115802879594709.64
166913160354582.44
142959449169403.66
143716485642553.5
144542539123427.38
145323768099340.34
145606102265603.56
145338684886975.5
145559468069550.7
145336465540027.53
145431067619847.53
145390334850713.28
145408415336258.56
145400844226846.6
145403943582678.12
145402297842023.1
145402297842023.78
145403943582681.1
145400844226846.6
145408415336255.16
145390334850718.62
145431067619844.66
145336465540033.72
145559468069547.62
145338684886979.5
145606102265607.03
145323768099345.7
144542539123419.94
143716485642552.78
142959449169412.88
166913160354568.62
115802879594719.73
275751256907467.06
-98025412725777.28
508491145382334.3
-33380921406611.066
36261631387439.33
40154661757678.836
33874060353856.49
34458029663327.203
13740953806134.648
2510938276575.423
-3904984641433.0938
-4312616631519.3
-3769420186707.2754
-3060623047437.162
-2951358139861.0947
-2983321517908.365
-3027634157565.4644
-3051747827760.7207
-3049818733937.369
-3050450781259.462
-3048667169427.3657
-3049765122901.94
-3049990719010.02
-3050326228295.798
-3050326228296.461
-3049990719010.7046
-3049765122901.5786
-3048667169426.59
-3050450781258.39
-3049818733935.0444
-3051747827759.152
-3027634157563.784
-2983321517907.3936
-2951358139861.019
-3060623047437.473
-3769420186708.1055
-4312616631521.362
-3904984641432.826
2510938276578.002
13740953806133.639
34458029663325.2
33874060353849.78
40154661757671.47
36261631387429.87
31886134966295.24
-3585444602774.51
29269265153271.355
-28020649911571.875
-30037881342298.293
-45535159790248.11
-45504143375292.234
-44474041528076.77
-43979717443118.35
-43636740038792.2
-43657602620441.5
-43678365861108.86
-43759217489931.17
-43746586139781.18
-43761249734583.34
-43752706727482.74
-43754541667643.5
-43753825196975.73
-43754537926012.79
-43754424871645.57
-43754424871645.99
-43754537926014.09
-43753825196975.82
-43754541667643.74
-43752706727482.73
-43761249734580.805
-43746586139780.305
-43759217489929.94
-43678365861109.695
-43657602620443.38
-43636740038794.9
-43979717443119.875
-44474041528077.4
-45504143375292.09
-45535159790245.62
-30037881342301.465
-28020649911576.387
29269265153263.02
-3585444602783.233
31886134966288.535
8366489113333.923
-11885845938883.168
-8380244714303.042
-40015187125789.65
-39423154855083.14
-41016692367697.66
-37731201359440.93
-36488637353176.38
-36256786509996.52
-36407823991327.08
-36511389562135.85
-36561415040948.73
-36595193952072.8
-36585946397989.195
-36590377063473.016
-36584620681227.37
-36585238364505.24
-36584858074332.03
-36585348518491.69
-36585290704433.56
-36585290704433.625
-36585348518491.92
-36584858074332.98
-36585238364505.914
-36584620681228.0
-36590377063472.95
-36585946397989.47
-36595193952073.45
-36561415040950.71
-36511389562138.27
-36407823991329.87
-36256786509998.1
-36488637353175.72
-37731201359439.43
-41016692367697.13
-39423154855085.58
-40015187125794.14
-8380244714307.615
-11885845938886.11
8366489113332.772
11826914222823.86
5270498940778.59
447113349345.93463
-6343263346320.288
-1544519369855.2117
5437484412093.466
9848448688246.943
10965539406989.307
10675690992053.842
10286982077173.834
10137808861847.12
10132395949986.637
10153235163157.064
10167199907236.52
10172211952597.898
10174310024649.154
10174486047994.07
10174260243562.877
10174008743641.406
10173904702639.258
10173904702639.49
10174008743641.703
10174260243562.582
10174486047993.0
10174310024647.967
10172211952597.172
10167199907236.002
10153235163156.193
10132395949985.445
10137808861845.95
10286982077173.043
10675690992053.682
10965539406989.97
9848448688247.828
5437484412093.071
-1544519369857.5757
-6343263346323.047
447113349344.653
5270498940778.845
11826914222824.82
26776329783209.707
31979929700791.617
31929139798267.336
35918880098612.086
44033945179559.64
53490626664410.77
57803807318323.19
58414366461458.48
57810098152344.55
57349234155371.86
57238495276012.03
57280925802388.79
57329930944077.23
57349072148943.79
57354908529721.445
57354678374453.14
57354507580232.85
57354324720127.8
57354291467665.36
57354230216784.66
57354230216785.0
57354291467666.09
57354324720127.88
57354507580232.16
57354678374452.305
57354908529721.03
57349072148943.91
57329930944077.305
57280925802388.93
57238495276012.67
57349234155372.9
57810098152345.45
58414366461458.92
57803807318322.86
53490626664409.26
44033945179558.08
35918880098610.76
31929139798267.047
31979929700792.293
26776329783209.86
33977892967655.305
42942915830264.234
47844055524738.375
53401266362185.55
62980739977642.71
72177327279392.6
76024718761863.38
76280725290060.97
75577335194126.44
75152210679378.66
75090142302497.52
75151011113831.94
75199605852203.36
75215838481946.44
75217523651604.83
75215518978792.7
75214971841192.39
75215191090916.23
75215486957708.67
75215610161178.48
75215610161178.7
75215486957709.31
75215191090916.3
75214971841191.84
75215518978792.23
75217523651604.97
75215838481946.92
75199605852203.77
75151011113832.58
75090142302498.6
75152210679379.95
75577335194127.33
76280725290061.08
76024718761862.31
72177327279390.97
62980739977641.78
53401266362185.195
47844055524738.21
42942915830264.08
33977892967654.52
33382832310362.16
42091686200101.85
48053948462443.1
53001877120244.26
62550433868387.1
71146012534503.58
74678828780696.39
74842518960782.44
74182723031376.45
73818498280361.34
73781256840445.94
73836653787474.98
73872482308058.72
73881549130227.6
73879534437029.34
73876615834508.14
73876057821778.3
73876628412281.38
73877209928297.84
73877508007390.6
73877508007390.88
73877209928298.3
73876628412281.42
73876057821777.81
73876615834507.72
73879534437029.4
73881549130227.78
73872482308058.75
73836653787475.06
73781256840446.3
73818498280362.0
74182723031376.92
74842518960782.58
74678828780695.6
71146012534502.2
62550433868386.555
53001877120244.03
48053948462442.984
42091686200101.84
33382832310361.3
29819092113675.95
37066343668416.81
42262872720227.16
46475197132758.555
55437947543095.64
63449417644939.55
66771387265437.37
66964104725139.18
66394715511632.15
66085164741769.92
66057792348250.22
66102329605772.42
66127053173695.234
66131273699369.37
66128120018092.75
66125401021750.48
66125062865232.02
66125783288674.27
66126476213937.18
66126848250551.73
66126848250552.03
66126476213937.71
66125783288674.484
66125062865231.734
66125401021750.25
66128120018092.72
66131273699369.34
66127053173694.87
66102329605772.0
66057792348250.05
66085164741770.12
66394715511632.555
66964104725139.45
66771387265437.02
63449417644938.68
55437947543094.96
46475197132758.13
42262872720226.84
37066343668416.93
29819092113675.316
25343871251509.9
30959382400065.59
35147503343824.562
38840029456031.96
46986053684356.445
54241434011973.33
57264782122602.25
57474690543343.766
56993065621992.78
56730246941418.95
56707700907369.34
56743635080649.74
56762199756187.47
56764896896141.25
56762403042006.58
56760481375698.83
56760424124595.305
56761152206507.76
56761812576220.68
56762167341938.04
56762167341938.33
56761812576221.266
56761152206508.08
56760424124595.234
56760481375698.74
56762403042006.7
56764896896141.36
56762199756187.305
56743635080649.54
56707700907369.336
56730246941419.266
56993065621993.305
57474690543344.25
57264782122602.21
54241434011972.6
46986053684355.54
38840029456031.16
35147503343824.055
30959382400065.676
25343871251509.45
20070349367483.973
24074255620987.21
27255193084777.668
30458010997972.016
37484456829711.91
43650310295380.47
46184636719918.27
46347741324885.484
45939947824127.66
45719997516839.18
45701324282073.46
45731091415860.31
45746634436290.01
45749470872995.12
45748124306927.89
45747021027201.08
45747179227704.375
45747836430206.34
45748389335256.49
45748678346442.91
45748678346443.2
45748389335256.97
45747836430206.625
45747179227704.43
45747021027201.17
45748124306928.13
45749470872995.34
45746634436290.04
45731091415860.336
45701324282073.695
45719997516839.58
45939947824128.09
46347741324885.97
46184636719918.34
43650310295379.9
37484456829711.08
30458010997971.164
27255193084777.215
24074255620987.465
20070349367483.715
14143080651222.078
16553251473758.623
18642392163052.703
21192459086182.66
26756963932072.7
31524941971753.7
33411333838648.152
33479793534252.09
33141069429269.168
32966649855003.906
32953872383922.086
32979218449815.95
32992943423627.176
32996228998192.47
32995851204992.055
32995341326323.637
32995584555721.324
32996104692902.08
32996512484192.625
32996718463813.68
32996718463813.87
32996512484193.027
32996104692902.383
32995584555721.45
32995341326323.785
32995851204992.336
32996228998192.76
32992943423627.312
32979218449816.06
32953872383922.316
32966649855004.188
33141069429269.426
33479793534252.26
33411333838648.18
31524941971753.37
26756963932072.156
21192459086182.082
18642392163052.42
16553251473758.799
14143080651221.96
8368449414289.863
9386323806585.375
10393902987326.213
12152185397990.514
16074829559599.883
19329937253286.53
20526500788750.84
20494623729015.027
20229165040101.797
20104441301056.297
20099773351158.992
20121425376443.684
20133286471450.0
20136691800237.25
20136946633398.023
20136808360628.824
20137034029321.176
20137383948827.46
20137642607192.836
20137769841876.586
20137769841876.74
20137642607193.156
20137383948827.742
20137034029321.33
20136808360628.96
20136946633398.25
20136691800237.48
20133286471450.14
20121425376443.824
20099773351159.17
20104441301056.418
20229165040101.82
20494623729015.082
20526500788750.86
19329937253286.36
16074829559599.617
12152185397990.219
10393902987326.104
9386323806585.54
8368449414289.839
3781046823702.028
3847884445543.3823
4014418183487.248
5005771350021.1455
7379873058890.682
9259933875403.162
9855370728497.828
9751972528013.637
9561883596173.678
9485275452531.055
9488501255406.396
9506332327469.13
9515858515339.773
9518904478057.578
9519457484601.87
9519519747944.49
9519684901997.525
9519880854587.457
9520017153645.852
9520082850943.184
9520082850943.291
9520017153646.111
9519880854587.648
9519684901997.596
9519519747944.5
9519457484601.959
9518904478057.723
9515858515339.908
9506332327469.258
9488501255406.508
9485275452531.072
9561883596173.607
9751972528013.607
9855370728497.86
9259933875403.156
7379873058890.625
5005771350021.034
4014418183487.1963
3847884445543.441
3781046823702.0103
1002454912669.8508
654217011903.67
379727945831.0865
794319685297.6943
1964268700630.1086
2816847563499.61
2997081054151.8047
2869974313840.184
2750157350282.7173
2712983747541.6343
2721534366255.5044
2735273300543.32
2742197964871.512
2744521688650.5596
2745079445652.33
2745199804379.1016
2745295783361.9746
2745381157745.0586
2745435316833.92
2745460560651.304
2745460560651.371
2745435316834.06
2745381157745.1704
2745295783361.9805
2745199804379.0483
2745079445652.3203
2744521688650.621
2742197964871.6016
2735273300543.421
2721534366255.5786
2712983747541.6367
2750157350282.6577
2869974313840.1626
2997081054151.859
2816847563499.677
1964268700630.1313
794319685297.6664
379727945831.0593
654217011903.6815
1002454912669.8405
-97735629298.58568
-450291246017.1453
-791350794196.0958
-693028254548.2771
-264737996148.9641
-10381931710.31217
-33052534311.987576
-137923698482.9424
-199645395384.92432
-210125589255.7807
-199763695823.10413
-190084470599.89517
-185617473030.83795
-184137163038.8483
-183755583923.1423
-183670667746.15558
-183633908722.39655
-183611978581.5941
-183601151524.20883
-183596859617.8747
-183596859617.85175
-183601151524.16125
-183611978581.56442
-183633908722.4131
-183670667746.20108
-183755583923.16776
-184137163038.8345
-185617473030.80438
-190084470599.85892
-199763695823.08215
-210125589255.79526
-199645395384.96152
-137923698482.95053
-33052534311.942608
-10381931710.255177
-264737996148.94058
-693028254548.2866
-791350794196.1091
-450291246017.14557
-97735629298.57916
-213300177974.60663
-403817374884.57263
-615124320371.1664
-622604078417.6295
-530534466395.77344
-518291121184.4751
-584861277797.9893
-644867870107.3276
-666366323192.6113
-663114688242.7416
-653967553841.7332
-647882675357.9791
-645376076777.1243
-644608786487.611
-644429028829.9066
-644401444366.3663
-644400238546.7212
-644403882366.2329
-644407990933.2203
-644410514434.9452
-644410514434.943
-644407990933.2175
-644403882366.2339
-644400238546.7334
-644401444366.3838
-644429028829.9174
-644608786487.6124
-645376076777.1244
-647882675357.9817
-653967553841.7397
-663114688242.7579
-666366323192.6306
-644867870107.3289
-584861277797.9647
-518291121184.448
-530534466395.7684
-622604078417.6381
-615124320371.1731
-403817374884.5703
-213300177974.59366
-53224834436.31396
-106675934131.30089
-177506139451.30945
-189167309696.917
-191304793119.03607
-223356604245.66223
-264014277914.04605
-284687271312.40875
-285313846628.44794
-278251472256.95374
-271909016204.10693
-268584607944.64648
-267383300038.34848
-267067098562.80807
-267015084315.13034
-267019964686.59378
-267029610584.09436
-267036818117.64386
-267041459385.375
-267043837477.4361
-267043837477.43918
-267041459385.38144
-267036818117.64957
-267029610584.09805
-267019964686.59485
-267015084315.13083
-267067098562.80957
-267383300038.35345
-268584607944.65393
-271909016204.11554
-278251472256.96295
-285313846628.4562
-284687271312.4106
-264014277914.04083
-223356604245.6587
-191304793119.04285
-189167309696.92715
-177506139451.31317
-106675934131.29749
-53224834436.305855
39447411371.33347
42440387841.72864
41892038884.731926
44442648273.87423
38070245931.16638
22981026494.77733
12201670368.167994
11824999411.941236
17319671516.142395
22966935885.599724
26469021606.66344
28005610301.23495
28489907564.389633
28592526030.7589
28597278825.15469
28587654819.32699
28580837754.89383
28577371897.681637
28575723658.240776
28574971958.49844
28574971958.496765
28575723658.237015
28577371897.678623
28580837754.893204
28587654819.328377
28597278825.15597
28592526030.75858
28489907564.387714
28005610301.23186
26469021606.660465
22966935885.59734
17319671516.14036
11824999411.939346
12201670368.166027
22981026494.773018
38070245931.1587
44442648273.86735
41892038884.72999
42440387841.730705
39447411371.336296
41331382246.50593
51032814640.84423
64260664628.92422
71238960106.56274
72767878360.79262
72539803801.1161
74610385779.3761
79067475092.29361
83564769526.11407
86605333310.99107
88138813139.02354
88724192980.30411
88886593453.16301
88914140405.77773
88912381370.79018
88908379825.27087
88906494948.04953
88906171745.58421
88906383069.8348
88906547439.82614
88906547439.82568
88906383069.83379
88906171745.58357
88906494948.04964
88908379825.27144
88912381370.79059
88914140405.77774
88886593453.16267
88724192980.3037
88138813139.02336
86605333310.99138
83564769526.11418
79067475092.29276
74610385779.37428
72539803801.11308
72767878360.78934
71238960106.5605
64260664628.923996
51032814640.8454
41331382246.506485
18983314778.702194
23129209275.778286
30817227828.873264
35425621883.01983
38806014871.73302
41994735810.79013
45358931972.55399
48427350411.17848
50603057080.88688
51807889445.30291
52335102366.21171
52514748814.48997
52560217394.45146
52568007267.635315
52568675854.475586
52568786286.484116
52569225854.29945
52569902684.36896
52570525354.529015
52570867840.32333
52570867840.32336
52570525354.529076
52569902684.3691
52569225854.29966
52568786286.48446
52568675854.475716
52568007267.6353
52560217394.451416
52514748814.49006
52335102366.21202
51807889445.30357
50603057080.88749
48427350411.178665
45358931972.55378
41994735810.78969
38806014871.73293
35425621883.02019
30817227828.87388
23129209275.77882
18983314778.702133
5326630917.396178
6050333071.468957
8433230508.402984
10335483643.23973
12417677998.388264
14433560012.337664
16113870385.602028
17330358213.307957
18063821571.571907
18423269111.855095
18564444278.469414
18608602609.648045
18620063973.186592
18623365953.095467
18624978578.51971
18625980344.17172
18626669337.047348
18627256044.137394
18627731177.560642
18627991397.28114
18627991397.281254
18627731177.560863
18627256044.137608
18626669337.047497
18625980344.17181
18624978578.519817
18623365953.095516
18620063973.186573
18608602609.648067
18564444278.46973
18423269111.855583
18063821571.57241
17330358213.30841
16113870385.602495
14433560012.338318
12417677998.389185
10335483643.24057
8433230508.403489
6050333071.469028
5326630917.396006
854103563.5648419
780431273.9649813
1166238358.5252035
1787789894.6795352
2650563001.3585024
3403022843.9332085
3916288373.025583
4235596926.9986343
4413212988.9837675
4495140240.805986
4525242697.815537
4534730985.526583
4538174114.327373
4540036677.2769375
4541189943.806009
4541813772.96442
4542184629.803839
4542524488.686756
4542826525.930494
4542997410.031207
4542997410.031261
4542826525.930617
4542524488.686852
4542184629.803894
4541813772.964458
4541189943.8060665
4540036677.27695
4538174114.327358
4534730985.5266285
4525242697.815708
4495140240.806217
4413212988.983962
4235596926.9988446
3916288373.0259104
3403022843.9337025
2650563001.3591065
1787789894.680001
1166238358.5253587
780431273.9648694
854103563.5646945
-67406314.31294404
-113889252.48386644
-125237985.30053337
87870747.579262
387954239.265115
588270920.6347458
684149187.6851887
735446403.3705207
766361704.1259981
781861131.4007243
787941523.2612511
790531584.1399748
792172337.9618332
793285976.885568
793890000.1586635
794135188.9339198
794286732.2775838
794489055.2173425
794691935.8072166
794807334.4068638
794807334.4068867
794691935.8072631
794489055.2173717
794286732.2775824
794135188.9339138
793890000.1586701
793285976.885572
792172337.9618323
790531584.1400001
787941523.2613152
781861131.4007828
766361704.1260108
735446403.3705275
684149187.6852568
588270920.6349014
387954239.2653141
87870747.5793881
-125237985.30055147
-113889252.48398367
-67406314.31301613
-172742880.08976942
-139103849.03596598
-163581751.33289498
-65202162.80750803
40215071.143479995
80631828.90636624
84134441.76075654
85796921.03043434
90313841.32486778
93702351.58053824
95462179.89950491
96685488.23506859
97726407.85513777
98439623.35156384
98766710.53434096
98859169.20898025
98934117.60588472
99072879.94565555
99213542.78374584
99290392.95771742
99290392.95772555
99213542.78376117
99072879.94565986
98934117.60587335
98859169.20896497
98766710.53433166
98439623.35155798
97726407.85513227
96685488.23506863
95462179.89950846
93702351.58052523
90313841.32482563
85796921.03038226
84134441.76072474
80631828.90636906
40215071.14350264
-65202162.80750332
-163581751.33293265
-139103849.03602657
-172742880.08978418
-154202528.71646756
-98632591.32166085
-105986329.89821185
-47292107.78702638
-1115880.4955629192
6917540.518460923
1760520.4178863638
250493.41964735353
1508586.8312141052
2626535.771495729
3370380.4783857795
4130928.7035559346
4873296.408141252
5389901.0674970765
5613893.1530200355
5669320.671547909
5720375.752385795
5814948.542197592
5904506.9464302175
5950115.334763041
5950115.334765402
5904506.9464334715
5814948.54219519
5720375.752376676
5669320.67153734
5613893.153012128
5389901.067490142
4873296.408132067
4130928.703544274
3370380.4783715154
2626535.7714749086
1508586.8311839364
250493.4196131274
1760520.4178571475
6917540.518441991
-1115880.4955732757
-47292107.78703499
-105986329.89822532
-98632591.32167624
-154202528.71645653
-125034406.43047303
-75448531.14742912
-77744027.69212121
-37583310.6956241
-9481953.367818998
-5119536.0101896925
-7435450.487068359
-7698413.801280864
-7054336.3735219035
-6679866.497670071
-6315223.06579889
-5764709.490184619
-5182081.033300235
-4772706.77190402
-4595645.128881904
-4551678.230678264
-4518550.477895962
-4463407.202333501
-4415619.87645795
-4393714.444657731
-4393714.44465704
-4415619.876457418
-4463407.202335541
-4518550.477900158
-4551678.230681835
-4595645.128883936
-4772706.771906331
-5182081.033304924
-5764709.490192179
-6315223.065807884
-6679866.497679301
-7054336.373531509
-7698413.801290306
-7435450.487076569
-5119536.010196886
-9481953.367825352
-37583310.6956263
-77744027.69211955
-75448531.14742966
-125034406.43045579
-99966551.77590542
-61723862.67757883
-63642160.688935794
-33858393.13363807
-12819620.485383365
-8424672.68815478
-8979461.23390445
-8837836.984311752
-8547689.594563115
-8456267.672847606
-8215645.2127185045
-7758922.929770804
-7278342.31414827
-6950552.800036422
-6812946.779783883
-6782335.511651282
-6767412.323451398
-6742969.445380097
-6723647.690978845
-6716481.247216142
-6716481.247215802
-6723647.690978523
-6742969.445380791
-6767412.323452371
-6782335.511651053
-6812946.779782398
-6950552.800034866
-7278342.3141476335
-7758922.929771623
-8215645.212720029
-8456267.672848746
-8547689.594563527
-8837836.98431102
-8979461.23390282
-8424672.688154597
-12819620.485385837
-33858393.13363846
-63642160.68893156
-61723862.67757508
-99966551.77589002
-80239215.61464974
-51980050.044400774
-53960835.35955216
-30975900.014006518
-14276644.830310268
-10203521.78090427
-10224416.681997173
-10088987.37892885
-9968952.978731629
-9941632.150257286
-9726723.381695952
-9331989.785631051
-8942391.326477543
-8692629.77158642
-8595496.55930166
-8580059.09887695
-8579016.256204927
-8573127.96074638
-8568813.981187893
-8568441.804878315
-8568441.804878142
-8568813.981187824
-8573127.96074684
-8579016.256205143
-8580059.098875912
-8595496.55929962
-8692629.771584155
-8942391.326475525
-9331989.785629641
-9726723.381695136
-9941632.150256675
-9968952.97873095
-10088987.378927177
-10224416.681994371
-10203521.780902913
-14276644.830312232
-30975900.014007673
-53960835.359549396
-51980050.04439844
-80239215.61463936
-64799032.46287032
-44429534.480753645
-46279478.10890718
-28344817.83368678
-15076490.14971098
-11641075.746320253
-11551908.81271724
-11464005.932645261
-11396819.90494957
-11361354.558885353
-11160254.199109778
-10834134.936718173
-10538203.122724645
-10363970.183073139
-10304754.969550047
-10301977.672126949
-10308210.273000022
-10310265.605568074
-10311281.653265495
-10312605.315564698
-10312605.315564578
-10311281.65326559
-10310265.605568679
-10308210.273000306
-10301977.672126103
-10304754.969548607
-10363970.183071865
-10538203.122723643
-10834134.936717506
-11160254.199109484
-11361354.55888536
-11396819.904949678
-11464005.932644457
-11551908.812715132
-11641075.746319141
-15076490.149712855
-28344817.833688326
-46279478.10890565
-44429534.480751954
-64799032.462861955
-52489876.15317368
-38309936.10197128
-39959582.00626906
-25984161.86362533
-15520775.487389991
-12729631.039067775
-12619839.28579784
-12555050.956459016
-12498811.526708655
-12450854.364296183
-12278855.873849781
-12031855.965153858
-11827563.864463963
-11720225.379789924
-11691733.313492782
-11696861.292327719
-11704838.657930406
-11708328.4134332
-11709750.853011295
-11710592.41799128
-11710592.417991113
-11709750.853011299
-11708328.413433714
-11704838.657930704
-11696861.292327147
-11691733.31349191
-11720225.379789455
-11827563.86446384
-12031855.965153916
-12278855.87385002
-12450854.364296671
-12498811.526709255
-12555050.956458708
-12619839.285796188
-12729631.039066717
-15520775.487391293
-25984161.863626596
-39959582.006267995
-38309936.10196952
-52489876.153167285
-42442218.73592777
-33149858.107284307
-34579923.26149213
-23720316.95471221
-15502664.538157798
-13253155.587963246
-13136625.698651917
-13082862.480843544
-13031891.388579082
-12983571.991718043
-12853093.16365755
-12684860.895340625
-12559888.996310087
-12504404.713083323
-12496633.673526084
-12504788.584867038
-12511308.875901366
-12513563.36723992
-12513955.644677695
-12514002.399091676
-12514002.399091508
-12513955.644677572
-12513563.367240272
-12511308.875901671
-12504788.584866775
-12496633.673525633
-12504404.713083161
-12559888.996310128
-12684860.895340728
-12853093.16365779
-12983571.991718577
-13031891.38857978
-13082862.480843494
-13136625.698650649
-13253155.58796231
-15502664.53815862
-23720316.954713114
-34579923.26149129
-33149858.10728308
-42442218.735923335
-34252342.63562585
-28693109.002202682
-29904110.020861894
-21473622.483037226
-15017657.106238512
-13200063.745605633
-13081572.267403895
-13038594.258043455
-12995449.817427095
-12955963.65719988
-12868312.660014626
-12766593.913788075
-12700815.485497199
-12679191.37475194
-12682034.687113786
-12689532.01201435
-12693485.09502176
-12694167.443415986
-12693739.567116128
-12693370.254904024
-12693370.254903853
-12693739.567115976
-12694167.443416256
-12693485.095022127
-12689532.012014419
-12682034.687113676
-12679191.374751927
-12700815.485497223
-12766593.913788112
-12868312.66001477
-12955963.65720028
-12995449.817427639
-13038594.25804345
-13081572.267403001
-13200063.74560495
-15017657.106239187
-21473622.48303801
-29904110.020861376
-28693109.002201766
-34252342.63562264
-28160500.45253815
-25168752.07409995
-26235229.486141216
-19724243.45259053
-14657236.731330046
-13178899.184759641
-13066429.219108604
-13037634.59062128
-13005761.273682298
-12978731.237840664
-12927080.251178246
-12873428.52109791
-12845040.189870263
-12840971.173714465
-12846691.632425934
-12851660.714952512
-12853285.543358801
-12852972.108186496
-12852281.016210087
-12851867.661517488
-12851867.661517367
-12852281.016209958
-12852972.108186675
-12853285.543359188
-12851660.714952776
-12846691.632426035
-12840971.173714519
-12845040.189870292
-12873428.52109796
-12927080.251178354
-12978731.23784091
-13005761.273682626
-13037634.590621227
-13066429.21910793
-13178899.184759201
-14657236.731330644
-19724243.452591185
-26235229.486140955
-25168752.07409938
-28160500.452536035
-24196959.695211362
-22708040.56451179
-23780507.94294421
-18875263.18355129
-14959485.496199692
-13771392.80863389
-13679544.573880058
-13670147.176992025
-13653467.600412479
-13639726.27942735
-13614226.903324086
-13590347.452551333
-13581212.296553325
-13583257.165324314
-13587663.659402972
-13589939.536507538
-13590076.248868812
-13589419.957767524
-13588830.738951376
-13588539.36484783
-13588539.36484774
-13588830.738951277
-13589419.95776761
-13590076.248869086
-13589939.536507808
-13587663.659403102
-13583257.165324366
-13581212.296553357
-13590347.452551408
-13614226.903324148
-13639726.279427469
-13653467.600412635
-13670147.17699191
-13679544.573879527
-13771392.80863356
-14959485.496200118
-18875263.183551826
-23780507.942944087
-22708040.564511392
-24196959.69520983
-20423065.7715069
-20099234.338493347
-21154442.882022705
-17660099.523028504
-14777575.56012597
-13901925.753125727
-13853135.12167281
-13870042.878260981
-13871560.207920955
-13870130.23738254
-13860828.92837025
-13851984.872297805
-13850100.029433193
-13852336.811662925
-13854338.824347105
-13854764.250360414
-13854275.81159842
-13853684.659549791
-13853310.973442664
-13853154.052272186
-13853154.052272135
-13853310.973442573
-13853684.65954981
-13854275.811598571
-13854764.250360593
-13854338.824347176
-13852336.811662912
-13850100.029433202
-13851984.87229787
-13860828.928370297
-13870130.2373826
-13871560.20792103
-13870042.87826087
-13853135.121672425
-13901925.753125463
-14777575.560126208
-17660099.523028806
-21154442.882022627
-20099234.33849327
-20423065.77150618
-14399825.119979665
-15528964.887949714
-16300263.705321094
-13888091.89527781
-11951682.034877853
-11410553.150668068
-11421027.16558238
-11463079.467738472
-11480152.940785745
-11486428.88527926
-11484542.138842091
-11481352.40091849
-11480758.763979385
-11481433.06406637
-11481658.306493055
-11481256.908715561
-11480710.716562804
-11480326.913273612
-11480136.980355028
-11480069.281754708
-11480069.281754682
-11480136.980354961
-11480326.913273597
-11480710.716562867
-11481256.908715636
-11481658.306493063
-11481433.064066332
-11480758.763979377
-11481352.400918514
-11484542.138842113
-11486428.885279296
-11480152.940785801
-11463079.467738416
-11421027.165582128
-11410553.150667876
-11951682.034878002
-13888091.895278012
-16300263.705321027
-15528964.887949586
-14399825.119979128
-7765335.823658929
-10054733.453322196
-10381802.453699466
-8720740.166206868
-7523559.390745976
-7253324.716255546
-7311689.525799096
-7365557.853585882
-7386640.775187319
-7393846.371273253
-7393811.732968728
-7392012.996924533
-7391038.173340396
-7390567.980832524
-7390056.643105968
-7389533.660174153
-7389160.328471485
-7388964.66988782
-7388886.13395064
-7388862.7303775
-7388862.730377487
-7388886.133950606
-7388964.669887797
-7389160.32847152
-7389533.660174186
-7390056.643105961
-7390567.98083248
-7391038.17334037
-7392012.996924539
-7393811.732968754
-7393846.371273276
-7386640.775187372
-7365557.853585863
-7311689.525798929
-7253324.716255421
-7523559.390746087
-8720740.166206984
-10381802.453699429
-10054733.453322073
-7765335.823658569
-3890323.825125178
-6951105.37197075
-7055159.621178833
-5703677.321020528
-4889342.93166057
-4805281.194962756
-4916542.613580279
-4977828.383371807
-4993695.522117945
-4995465.484531537
-4993502.530047584
-4991315.913681291
-4989929.991925789
-4989092.395968612
-4988522.797057904
-4988158.259287928
-4987966.913873229
-4987887.062709513
-4987860.893065739
-4987854.5651415195
-4987854.56514151
-4987860.893065719
-4987887.062709502
-4987966.913873278
-4988158.259287971
-4988522.797057897
-4989092.395968593
-4989929.99192577
-4991315.913681316
-4993502.530047618
-4995465.484531552
-4993695.522117997
-4977828.383371829
-4916542.613580184
-4805281.19496263
-4889342.931660678
-5703677.321020582
-7055159.621178816
-6951105.371970708
-3890323.8251250065
