1600
7.6072085653227e+23
9.946430129913654e+23
9.072266324899615e+23
6.769551194260958e+23
5.2206890637460404e+23
4.951839210269031e+23
5.184683701203123e+23
5.362727533260473e+23
5.402975617893679e+23
5.3934313751008817e+23
5.387162015406039e+23
5.386660354200761e+23
5.387108862713357e+23
5.387014458815555e+23
5.386767897190691e+23
5.3865733120356554e+23
5.386567656283231e+23
5.386644754696262e+23
5.386724172663726e+23
5.386768126902834e+23
5.386768126902897e+23
5.386724172663869e+23
5.386644754696355e+23
5.386567656283198e+23
5.3865733120355513e+23
5.386767897190632e+23
5.3870144588156146e+23
5.3871088627135e+23
5.3866603542008985e+23
5.387162015406079e+23
5.3934313751007884e+23
5.402975617893547e+23
5.362727533260408e+23
5.184683701203045e+23
4.951839210268661e+23
5.2206890637451324e+23
6.769551194259414e+23
9.072266324897723e+23
9.946430129911869e+23
7.607208565321495e+23
8.068162933990764e+22
-3.8367531502849837e+24
9.855802238151289e+23
-1.1222874623061333e+24
7.761979939904032e+22
-4.948529272831539e+23
-3.251786531070732e+23
-3.6733917523042036e+23
-3.5284246181044683e+23
-3.6299768303017476e+23
-3.606367400542603e+23
-3.599050943382253e+23
-3.619042711551984e+23
-3.600266296700923e+23
-3.610296861361929e+23
-3.60546867199312e+23
-3.6076646337813185e+23
-3.606689177029551e+23
-3.607325123089119e+23
-3.607065420420033e+23
-3.607065420419819e+23
-3.6073251230894995e+23
-3.6066891770302056e+23
-3.6076646337808863e+23
-3.605468671992922e+23
-3.610296861361748e+23
-3.6002662967012575e+23
-3.619042711552227e+23
-3.5990509433825566e+23
-3.606367400542482e+23
-3.6299768303019046e+23
-3.528424618103833e+23
-3.673391752303674e+23
-3.251786531071814e+23
-4.94852927283182e+23
7.761979939919204e+22
-1.1222874623059971e+24
9.855802238152031e+23
-3.836753150284427e+24
8.068162933993903e+22
-5.6163753905698e+23
-5.536218638051439e+23
-5.8406189897729115e+23
-3.4688956284721535e+23
-2.0590775590777203e+23
-1.461754640415162e+23
-1.4053164420722175e+23
-1.4685689430280798e+23
-1.5017101931208465e+23
-1.5191582703471964e+23
-1.5200713160523615e+23
-1.519983020637037e+23
-1.518870028307684e+23
-1.5190695973387486e+23
-1.519122742810033e+23
-1.5192579190362944e+23
-1.519265846845806e+23
-1.5192567772655687e+23
-1.5192675139116293e+23
-1.519274871278833e+23
-1.5192748712788814e+23
-1.5192675139117333e+23
-1.5192567772656617e+23
-1.5192658468458287e+23
-1.5192579190362803e+23
-1.5191227428100755e+23
-1.5190695973388814e+23
-1.5188700283078503e+23
-1.519983020637144e+23
-1.5200713160523544e+23
-1.5191582703470904e+23
-1.5017101931207292e+23
-1.4685689430280379e+23
-1.4053164420722321e+23
-1.4617546404150686e+23
-2.0590775590771978e+23
-3.468895628470957e+23
-5.840618989771004e+23
-5.536218638049379e+23
-5.616375390568031e+23
-5.505572634940174e+23
-5.218975546411009e+23
-5.906859721447862e+23
-2.779267905515043e+23
-1.8302700646470643e+23
-1.1471758044361919e+23
-1.2674442018422138e+23
-1.3971717838218986e+23
-1.4055786889567369e+23
-1.4126651176093697e+23
-1.4057772156218708e+23
-1.4069245042065699e+23
-1.4041687365151978e+23
-1.4058688507152697e+23
-1.4053625691704868e+23
-1.4057905914263473e+23
-1.405696457806802e+23
-1.4057420264883617e+23
-1.4057228588569225e+23
-1.4057427017587121e+23
-1.4057427017587723e+23
-1.4057228588570052e+23
-1.4057420264884577e+23
-1.4056964578068163e+23
-1.4057905914262935e+23
-1.405362569170537e+23
-1.405868850715356e+23
-1.4041687365153714e+23
-1.4069245042066776e+23
-1.4057772156218473e+23
-1.4126651176092422e+23
-1.4055786889566286e+23
-1.3971717838218517e+23
-1.2674442018422356e+23
-1.147175804436228e+23
-1.830270064646592e+23
-2.7792679055138902e+23
-5.90685972144593e+23
-5.218975546408803e+23
-5.5055726349384245e+23
-2.0969207691578746e+23
-2.6642034741246505e+23
-2.0884456091236917e+23
-7.968546370865937e+22
-3.844092006721726e+22
-3.741893226900247e+22
-5.895631971591424e+22
-6.707003161742066e+22
-6.72730592972847e+22
-6.558861809188299e+22
-6.497330048010431e+22
-6.4814629204696435e+22
-6.477109549257752e+22
-6.482890774510288e+22
-6.4827961492137365e+22
-6.485157482381375e+22
-6.484873958782647e+22
-6.4849650231048795e+22
-6.48470333410532e+22
-6.4847426791638185e+22
-6.484742679164094e+22
-6.484703334105877e+22
-6.484965023105186e+22
-6.484873958782571e+22
-6.485157482380985e+22
-6.4827961492135e+22
-6.482890774510383e+22
-6.477109549258049e+22
-6.481462920469869e+22
-6.497330048010469e+22
-6.558861809187831e+22
-6.7273059297277986e+22
-6.707003161741841e+22
-5.895631971591789e+22
-3.7418932269009194e+22
-3.844092006721725e+22
-7.968546370862531e+22
-2.0884456091228877e+23
-2.6642034741235506e+23
-2.0969207691570904e+23
-2.3152188940656965e+22
-2.612582090939999e+22
-1.0161616525621759e+22
2.918221450841215e+22
2.713440500871397e+22
4.312444402825456e+21
-1.412718290232339e+22
-1.9228374653977743e+22
-1.7668994945921399e+22
-1.5823738456898835e+22
-1.518789644739532e+22
-1.5190142730654573e+22
-1.5279783593835604e+22
-1.5338807301992675e+22
-1.5361886731210395e+22
-1.5371908536838843e+22
-1.5372356071686104e+22
-1.5370363725181197e+22
-1.5368302050874355e+22
-1.5367300562179565e+22
-1.5367300562180758e+22
-1.5368302050876875e+22
-1.5370363725181589e+22
-1.5372356071682426e+22
-1.5371908536832717e+22
-1.5361886731204911e+22
-1.5338807301988357e+22
-1.5279783593832327e+22
-1.519014273065248e+22
-1.5187896447395015e+22
-1.5823738456898865e+22
-1.7668994945919882e+22
-1.922837465397561e+22
-1.4127182902324504e+22
4.312444402818151e+21
2.7134405008701193e+22
2.9182214508400754e+22
-1.0161616525623384e+22
-2.612582090939281e+22
-2.315218894065478e+22
-3.338119317778537e+22
-3.4398674836036052e+22
-2.874799233063232e+22
-1.8201564586679233e+22
-2.3489532444016816e+22
-4.298518606562574e+22
-5.490474976032365e+22
-5.757912174424471e+22
-5.610057621809373e+22
-5.464356305419288e+22
-5.426258220105924e+22
-5.437900641077483e+22
-5.452870919368206e+22
-5.458369625503327e+22
-5.460249868986062e+22
-5.460175849504366e+22
-5.460161111326884e+22
-5.460055903094753e+22
-5.460001154751978e+22
-5.459950129548861e+22
-5.459950129548951e+22
-5.4600011547520985e+22
-5.4600559030945985e+22
-5.46016111132634e+22
-5.460175849503674e+22
-5.4602498689854786e+22
-5.458369625502951e+22
-5.452870919367897e+22
-5.437900641077286e+22
-5.426258220105925e+22
-5.464356305419406e+22
-5.6100576218094854e+22
-5.757912174424521e+22
-5.4904749760322405e+22
-4.298518606562277e+22
-2.348953244401739e+22
-1.820156458668855e+22
-2.8747992330654315e+22
-3.4398674836066016e+22
-3.3381193177810613e+22
-8.490755118361993e+22
-9.13981349344775e+22
-9.401906108159548e+22
-8.099892582557266e+22
-8.194268893132544e+22
-9.418138508271248e+22
-1.0265563011071889e+23
-1.0488577919358834e+23
-1.039723897262281e+23
-1.029773676670871e+23
-1.0276207972519495e+23
-1.028837239829017e+23
-1.0299645187996962e+23
-1.0302646543586783e+23
-1.030220785894371e+23
-1.0301224426534687e+23
-1.0301080685644778e+23
-1.0301226398783583e+23
-1.0301377710426817e+23
-1.0301450388375806e+23
-1.030145038837587e+23
-1.03013777104269e+23
-1.0301226398783375e+23
-1.030108068564425e+23
-1.030122442653407e+23
-1.0302207858943281e+23
-1.0302646543586556e+23
-1.0299645187996789e+23
-1.0288372398290041e+23
-1.0276207972519428e+23
-1.0297736766708722e+23
-1.0397238972622967e+23
-1.0488577919359064e+23
-1.0265563011071775e+23
-9.418138508270418e+22
-8.19426889313149e+22
-8.099892582557128e+22
-9.401906108161387e+22
-9.13981349345094e+22
-8.490755118364753e+22
-1.0342609414709655e+23
-1.1228381644378358e+23
-1.174272756941072e+23
-1.0132663264353675e+23
-1.0052362660027308e+23
-1.105264651977755e+23
-1.18558507857e+23
-1.2123535410600713e+23
-1.2082607901523861e+23
-1.2010551848121831e+23
-1.199299251247519e+23
-1.1999241485422521e+23
-1.2003922260748057e+23
-1.2003535614327498e+23
-1.2001344980320802e+23
-1.199991142029538e+23
-1.1999793214069913e+23
-1.2000135769403047e+23
-1.200044689811092e+23
-1.2000617708657947e+23
-1.200061770865805e+23
-1.2000446898111091e+23
-1.2000135769403015e+23
-1.199979321406961e+23
-1.199991142029497e+23
-1.2001344980320545e+23
-1.2003535614327364e+23
-1.2003922260747938e+23
-1.1999241485422378e+23
-1.1992992512475082e+23
-1.2010551848121772e+23
-1.2082607901523938e+23
-1.2123535410600904e+23
-1.1855850785699904e+23
-1.1052646519776761e+23
-1.0052362660026201e+23
-1.0132663264353247e+23
-1.174272756941201e+23
-1.1228381644380972e+23
-1.0342609414711693e+23
-9.545702914417174e+22
-1.0312408957718445e+23
-1.0746070452631955e+23
-9.176620312455208e+22
-9.15115121963072e+22
-1.0129690785614865e+23
-1.0938599330666217e+23
-1.1235099998002947e+23
-1.122308127684617e+23
-1.1165777875654991e+23
-1.1149136258687091e+23
-1.1150483357248941e+23
-1.1150802073924017e+23
-1.1148625378630199e+23
-1.1146073725420704e+23
-1.1144783763504142e+23
-1.114479031995976e+23
-1.1145214088075194e+23
-1.1145582109032854e+23
-1.1145788976926882e+23
-1.114578897692702e+23
-1.1145582109033187e+23
-1.114521408807543e+23
-1.1144790319959771e+23
-1.1144783763503997e+23
-1.1146073725420583e+23
-1.1148625378630152e+23
-1.115080207392398e+23
-1.1150483357248932e+23
-1.1149136258687151e+23
-1.1165777875655008e+23
-1.1223081276846195e+23
-1.1235099998002947e+23
-1.093859933066599e+23
-1.0129690785614234e+23
-9.151151219629971e+22
-9.176620312454924e+22
-1.074607045263274e+23
-1.0312408957720024e+23
-9.545702914418203e+22
-7.954678228253682e+22
-8.477676184096546e+22
-8.85692227864748e+22
-7.5557056289204016e+22
-7.637502170445552e+22
-8.56382071207967e+22
-9.312263343887805e+22
-9.593242358777258e+22
-9.591887858764e+22
-9.544467094400193e+22
-9.52938082607194e+22
-9.528663976236672e+22
-9.527454510883544e+22
-9.525136194237474e+22
-9.523072613521448e+22
-9.522184164576409e+22
-9.522314556183944e+22
-9.522735463898836e+22
-9.523083499009147e+22
-9.523277792999043e+22
-9.523277792999203e+22
-9.523083499009512e+22
-9.522735463899177e+22
-9.522314556184081e+22
-9.522184164576406e+22
-9.523072613521443e+22
-9.52513619423755e+22
-9.52745451088367e+22
-9.528663976236883e+22
-9.529380826072213e+22
-9.544467094400413e+22
-9.591887858764033e+22
-9.593242358777107e+22
-9.312263343887453e+22
-8.56382071207914e+22
-7.637502170445099e+22
-7.555705628920291e+22
-8.856922278647954e+22
-8.477676184097416e+22
-7.954678228254041e+22
-6.185617204382636e+22
-6.504914883785733e+22
-6.857025905408528e+22
-5.921645475511071e+22
-6.0967663776958765e+22
-6.897978687481305e+22
-7.5177602105104925e+22
-7.746300761577663e+22
-7.742679521493822e+22
-7.702091382286601e+22
-7.68883555347902e+22
-7.687732217840484e+22
-7.686584909282233e+22
-7.684877148846473e+22
-7.683487368004482e+22
-7.682975309368964e+22
-7.68317793270308e+22
-7.683551212422044e+22
-7.683841174902746e+22
-7.683998578366388e+22
-7.683998578366514e+22
-7.683841174903026e+22
-7.683551212422304e+22
-7.68317793270318e+22
-7.682975309368947e+22
-7.68348736800451e+22
-7.684877148846585e+22
-7.686584909282413e+22
-7.687732217840766e+22
-7.688835553479387e+22
-7.702091382286886e+22
-7.74267952149389e+22
-7.746300761577484e+22
-7.517760210510129e+22
-6.897978687480884e+22
-6.096766377695618e+22
-5.921645475511081e+22
-6.857025905408912e+22
-6.504914883786382e+22
-6.185617204382871e+22
-4.309014545060654e+22
-4.451546586807012e+22
-4.752007800752655e+22
-4.183275348579457e+22
-4.416148099577488e+22
-5.0448258294889555e+22
-5.5002041806954965e+22
-5.658267102448039e+22
-5.646761854590527e+22
-5.612266342550757e+22
-5.6013824806823355e+22
-5.600778883816229e+22
-5.600331607248677e+22
-5.599405907116773e+22
-5.598610819888188e+22
-5.598366928643777e+22
-5.5985773317574915e+22
-5.5988700943058525e+22
-5.599083461335766e+22
-5.59919563007244e+22
-5.5991956300725335e+22
-5.599083461335965e+22
-5.598870094306027e+22
-5.598577331757549e+22
-5.59836692864376e+22
-5.598610819888204e+22
-5.599405907116857e+22
-5.600331607248799e+22
-5.600778883816413e+22
-5.601382480682581e+22
-5.612266342550967e+22
-5.64676185459057e+22
-5.658267102447907e+22
-5.500204180695248e+22
-5.044825829488677e+22
-4.4161480995773495e+22
-4.183275348579552e+22
-4.752007800753061e+22
-4.451546586807609e+22
-4.30901454506095e+22
-2.5239611037658944e+22
-2.52935181051203e+22
-2.733566959022977e+22
-2.4660348701808823e+22
-2.7124383203921943e+22
-3.1550377711469985e+22
-3.4459830174559037e+22
-3.5353528728528653e+22
-3.5175187421227462e+22
-3.4903461886395e+22
-3.4826093547000902e+22
-3.4828601712790274e+22
-3.4831702070221034e+22
-3.482928296575808e+22
-3.482598417428507e+22
-3.482530693781871e+22
-3.482704494073495e+22
-3.482901673634158e+22
-3.4830368117642374e+22
-3.483106270376246e+22
-3.4831062703763096e+22
-3.4830368117643805e+22
-3.482901673634282e+22
-3.4827044940735375e+22
-3.4825306937818712e+22
-3.4825984174285168e+22
-3.482928296575835e+22
-3.4831702070221286e+22
-3.482860171279083e+22
-3.4826093547001897e+22
-3.490346188639582e+22
-3.517518742122741e+22
-3.535352872852785e+22
-3.445983017455773e+22
-3.1550377711468462e+22
-2.7124383203921188e+22
-2.4660348701809737e+22
-2.7335669590233105e+22
-2.5293518105125084e+22
-2.5239611037661927e+22
-1.1245850808795812e+22
-1.0513989143299984e+22
-1.1472994057731667e+22
-1.0764654937652672e+22
-1.2899212256902837e+22
-1.5604438453307964e+22
-1.7136234377194924e+22
-1.7492431660842194e+22
-1.7296109304328397e+22
-1.7106284678600397e+22
-1.7061980294261076e+22
-1.7071684640332002e+22
-1.7079684882161786e+22
-1.7081787826695213e+22
-1.7081630369893434e+22
-1.7081999037394988e+22
-1.7083228777462278e+22
-1.7084346148988578e+22
-1.7085054785624495e+22
-1.7085413260510445e+22
-1.708541326051082e+22
-1.7085054785625367e+22
-1.708434614898936e+22
-1.7083228777462597e+22
-1.7081999037394995e+22
-1.708163036989342e+22
-1.7081787826695135e+22
-1.7079684882161574e+22
-1.707168464033188e+22
-1.7061980294261202e+22
-1.7106284678600473e+22
-1.7296109304328147e+22
-1.7492431660841756e+22
-1.7136234377194364e+22
-1.560443845330729e+22
-1.2899212256902444e+22
-1.076465493765314e+22
-1.1472994057733636e+22
-1.0513989143302863e+22
-1.1245850808797708e+22
-2.8473105707785435e+21
-1.9613790528392378e+21
-2.090466530570086e+21
-2.2775270585972933e+21
-3.752802030101592e+21
-5.094127189059435e+21
-5.671868652521786e+21
-5.700893491340395e+21
-5.531590671131857e+21
-5.418594778744707e+21
-5.401502972678621e+21
-5.41457148122382e+21
-5.423896300090309e+21
-5.42778450758851e+21
-5.429077400888714e+21
-5.429816432164746e+21
-5.430554563242263e+21
-5.431056223555024e+21
-5.431331008935644e+21
-5.431465875084378e+21
-5.431465875084565e+21
-5.431331008936058e+21
-5.431056223555375e+21
-5.430554563242376e+21
-5.429816432164694e+21
-5.429077400888627e+21
-5.427784507588361e+21
-5.423896300090061e+21
-5.41457148122361e+21
-5.401502972678554e+21
-5.418594778744636e+21
-5.531590671131675e+21
-5.700893491340217e+21
-5.671868652521648e+21
-5.094127189059221e+21
-3.7528020301013776e+21
-2.2775270585973859e+21
-2.0904665305708807e+21
-1.9613790528404518e+21
-2.8473105707793834e+21
4.535669798430779e+20
1.0858880489316398e+21
1.3261337958274753e+21
9.838196761961342e+20
2.1594905572575284e+20
-2.4705787061332525e+20
-3.214714342844065e+20
-2.255743138814933e+20
-1.126864513628613e+20
-6.037579066786604e+19
-6.077390584396686e+19
-7.333246013428544e+19
-8.116903040040673e+19
-8.466769493181419e+19
-8.602365929339368e+19
-8.661705528466067e+19
-8.695261436434271e+19
-8.709320975545406e+19
-8.713733709514324e+19
-8.715500198281013e+19
-8.715500198286438e+19
-8.71373370952576e+19
-8.709320975552196e+19
-8.69526143643258e+19
-8.661705528458713e+19
-8.602365929332099e+19
-8.466769493172639e+19
-8.116903040029001e+19
-7.3332460134196445e+19
-6.077390584394122e+19
-6.037579066784116e+19
-1.126864513628058e+20
-2.255743138814877e+20
-3.2147143428446487e+20
-2.4705787061332895e+20
2.159490557258583e+20
9.838196761961924e+20
1.3261337958272858e+21
1.0858880489312719e+21
4.5356697984281805e+20
7.818897615959207e+20
1.0733728205440317e+21
1.306583035660874e+21
1.101019363427053e+21
8.3679953640061e+20
7.88837481499329e+20
8.746570582123728e+20
9.643749956302715e+20
1.0174603119109352e+21
1.0310726069517062e+21
1.0230686221884587e+21
1.0135017631546928e+21
1.0083624047698987e+21
1.0061930155569047e+21
1.0053962813106804e+21
1.0051243989018533e+21
1.0050447059984733e+21
1.0050589557374009e+21
1.005094589227787e+21
1.0051153259169405e+21
1.005115325916938e+21
1.0050945892277918e+21
1.0050589557374275e+21
1.0050447059985148e+21
1.0051243989018912e+21
1.005396281310699e+21
1.0061930155569181e+21
1.0083624047699232e+21
1.013501763154709e+21
1.0230686221884512e+21
1.0310726069516965e+21
1.0174603119109285e+21
9.643749956302267e+20
8.7465705821229e+20
7.88837481499283e+20
8.367995364006593e+20
1.1010193634271277e+21
1.3065830356608837e+21
1.0733728205439798e+21
7.818897615958733e+20
2.6809569359101048e+20
3.397134238154892e+20
4.317113286797757e+20
3.598639496674322e+20
3.270196143169091e+20
3.863953938009114e+20
4.609716202856394e+20
5.023816499437472e+20
5.145502212678235e+20
5.1067369944427836e+20
5.022594350208456e+20
4.963453980931979e+20
4.9365719896504015e+20
4.9267896233549116e+20
4.9239467633838444e+20
4.9234833153083035e+20
4.923728462133993e+20
4.9241708703417605e+20
4.92454033592775e+20
4.9247333831963994e+20
4.9247333831964865e+20
4.924540335927962e+20
4.9241708703420187e+20
4.923728462134192e+20
4.923483315308351e+20
4.923946763383762e+20
4.9267896233547904e+20
4.936571989650331e+20
4.963453980931929e+20
5.022594350208376e+20
5.106736994442725e+20
5.145502212678165e+20
5.023816499437244e+20
4.609716202856025e+20
3.863953938008933e+20
3.270196143169406e+20
3.598639496674876e+20
4.31711328679815e+20
3.397134238155045e+20
2.6809569359101657e+20
-5.3414910943718605e+19
-5.7611861293533086e+19
-6.287161290614753e+19
-7.924486498501375e+19
-6.087784334804779e+19
-2.0042115362454008e+19
7.531734185069424e+18
1.3749336699092074e+19
9.076143242873034e+18
1.9474360733084106e+18
-3.645312215512918e+18
-6.60296221089141e+18
-7.730646305349376e+18
-8.051634565318736e+18
-8.096335768406587e+18
-8.069537357023754e+18
-8.035488294083882e+18
-8.008084817165051e+18
-7.990195773339223e+18
-7.981441119284562e+18
-7.98144111928036e+18
-7.99019577333008e+18
-8.008084817156655e+18
-8.035488294081438e+18
-8.06953735702775e+18
-8.096335768414951e+18
-8.051634565328085e+18
-7.730646305356389e+18
-6.602962210895351e+18
-3.6453122155131607e+18
1.947436073310081e+18
9.076143242875779e+18
1.3749336699091634e+19
7.531734185066996e+18
-2.0042115362448335e+19
-6.08778433480275e+19
-7.924486498498619e+19
-6.287161290612769e+19
-5.761186129352353e+19
-5.341491094371161e+19
-9.65092516332647e+19
-1.0437506256208146e+20
-1.3133708829217192e+20
-1.3646506840891695e+20
-1.2809998469966103e+20
-1.1892569765583603e+20
-1.1812753409634861e+20
-1.235987906916078e+20
-1.299433317089303e+20
-1.3463916553241328e+20
-1.373305217604078e+20
-1.3850866860963883e+20
-1.388876205100296e+20
-1.3896458328217906e+20
-1.3895643787681151e+20
-1.3893560150545134e+20
-1.3892021265429937e+20
-1.3891120384480667e+20
-1.3890649155829578e+20
-1.3890442629157564e+20
-1.3890442629157505e+20
-1.3890649155829459e+20
-1.3891120384480646e+20
-1.3892021265430097e+20
-1.389356015054545e+20
-1.3895643787681486e+20
-1.3896458328218229e+20
-1.3888762051003187e+20
-1.3850866860963909e+20
-1.3733052176040608e+20
-1.3463916553241056e+20
-1.2994333170892713e+20
-1.2359879069160427e+20
-1.1812753409634402e+20
-1.1892569765582986e+20
-1.2809998469965428e+20
-1.3646506840891125e+20
-1.3133708829217019e+20
-1.0437506256208273e+20
-9.650925163326438e+19
-5.065236803498935e+19
-4.972121032977265e+19
-6.509906193233841e+19
-6.8709277922361295e+19
-7.10068814159688e+19
-7.470904451200591e+19
-7.974061375697032e+19
-8.455753507245054e+19
-8.800072485153102e+19
-9.000272682972881e+19
-9.096486002858577e+19
-9.133085014783014e+19
-9.143330182446627e+19
-9.144964782017905e+19
-9.144644596689129e+19
-9.144207685106233e+19
-9.143964203064276e+19
-9.143868472345358e+19
-9.143850534410609e+19
-9.14385660060454e+19
-9.143856600604567e+19
-9.143850534410687e+19
-9.14386847234546e+19
-9.143964203064387e+19
-9.14420768510633e+19
-9.144644596689184e+19
-9.144964782017932e+19
-9.143330182446583e+19
-9.133085014782948e+19
-9.096486002858518e+19
-9.000272682972851e+19
-8.800072485153084e+19
-8.455753507244976e+19
-7.974061375696957e+19
-7.470904451200596e+19
-7.100688141597124e+19
-6.870927792236475e+19
-6.50990619323423e+19
-4.9721210329775596e+19
-5.065236803499077e+19
-1.7048011412871496e+19
-1.3323400544816679e+19
-1.7370289907564564e+19
-1.9496889806210867e+19
-2.3515159006820225e+19
-2.775702474515411e+19
-3.091412595823738e+19
-3.293211680771841e+19
-3.409797055666631e+19
-3.4694970781491618e+19
-3.495109080493667e+19
-3.5039106283017036e+19
-3.5062966194828296e+19
-3.506882895419886e+19
-3.5071342631848587e+19
-3.5073162539243667e+19
-3.5074210218462896e+19
-3.5074691832564883e+19
-3.507501834856626e+19
-3.50752538163116e+19
-3.5075253816311857e+19
-3.5075018348566917e+19
-3.5074691832565535e+19
-3.507421021846325e+19
-3.507316253924382e+19
-3.5071342631848595e+19
-3.506882895419857e+19
-3.5062966194827706e+19
-3.503910628301661e+19
-3.4951090804936905e+19
-3.469497078149243e+19
-3.4097970556667175e+19
-3.2932116807719215e+19
-3.091412595823871e+19
-2.7757024745156735e+19
-2.3515159006824174e+19
-1.949688980621464e+19
-1.7370289907567088e+19
-1.3323400544817777e+19
-1.7048011412871985e+19
-4.490881661369472e+18
-1.9903994548751076e+18
-1.9813465948993244e+18
-2.901260007993893e+18
-5.274813562725047e+18
-7.319030767111567e+18
-8.377465146926862e+18
-8.848306653900434e+18
-9.088621094517856e+18
-9.21458657280854e+18
-9.268225842039654e+18
-9.286737308063453e+18
-9.293126446612343e+18
-9.29627976842391e+18
-9.298664002069594e+18
-9.300312936856648e+18
-9.30101212338849e+18
-9.301152280044696e+18
-9.301212374370574e+18
-9.30129202877981e+18
-9.30129202877996e+18
-9.301212374370863e+18
-9.301152280044919e+18
-9.301012123388508e+18
-9.300312936856603e+18
-9.298664002069524e+18
-9.296279768423694e+18
-9.293126446612007e+18
-9.286737308063353e+18
-9.268225842040048e+18
-9.2145865728092e+18
-9.088621094518438e+18
-8.848306653901027e+18
-8.377465146927883e+18
-7.319030767113366e+18
-5.27481356272733e+18
-2.9012600079956347e+18
-1.9813465948999286e+18
-1.9903994548748813e+18
-4.4908816613693466e+18
-1.0456557666213728e+18
-6.081049719649827e+16
3.5799819032241766e+17
1382552155521768.8
-9.381254744480115e+17
-1.564213256089763e+18
-1.7298706421647265e+18
-1.7398241225271304e+18
-1.7553613732493235e+18
-1.777807346901651e+18
-1.7908406976628204e+18
-1.7964207931006907e+18
-1.79899261712961e+18
-1.80037088609081e+18
-1.8012823557352916e+18
-1.8017927105172337e+18
-1.8018724910578068e+18
-1.8017669723245379e+18
-1.8017102208240484e+18
-1.8017170245520888e+18
-1.8017170245521434e+18
-1.8017102208241487e+18
-1.8017669723245847e+18
-1.801872491057769e+18
-1.801792710517178e+18
-1.8012823557352443e+18
-1.8003708860907052e+18
-1.7989926171294623e+18
-1.796420793100668e+18
-1.7908406976630052e+18
-1.7778073469018852e+18
-1.755361373249426e+18
-1.739824122527195e+18
-1.7298706421649856e+18
-1.5642132560903475e+18
-9.381254744487328e+17
1382552155141589.8
3.579981903225778e+17
-6.081049719609217e+16
-1.045655766621201e+18
-1.9634761645713802e+17
4.414212796973265e+16
1.953082824649341e+17
5.347163117111577e+16
-2.2174872935443603e+17
-3.2942101207461184e+17
-2.912463768506688e+17
-2.487977902185167e+17
-2.4309264051686246e+17
-2.512011603091818e+17
-2.571209647557584e+17
-2.5980374184975334e+17
-2.6091603804956186e+17
-2.6129542078397555e+17
-2.614124493788776e+17
-2.614065309121176e+17
-2.613026896666514e+17
-2.6119593652984566e+17
-2.611522565351561e+17
-2.6115015739734448e+17
-2.6115015739736054e+17
-2.6115225653518157e+17
-2.6119593652984387e+17
-2.613026896666211e+17
-2.614065309120897e+17
-2.61412449378859e+17
-2.612954207839329e+17
-2.609160380494961e+17
-2.598037418497208e+17
-2.571209647557795e+17
-2.512011603091832e+17
-2.430926405167805e+17
-2.4879779021839517e+17
-2.9124637685060275e+17
-3.294210120746531e+17
-2.2174872935452298e+17
5.3471631171144024e+16
1.953082824651312e+17
4.41421279699468e+16
-1.9634761645707088e+17
-1.0077459140635534e+16
1.1932561243536718e+16
2.61971032421193e+16
-2.6671596824685572e+16
-8.289844044689797e+16
-7.49667575582354e+16
-3.777746588725515e+16
-1.857809719113804e+16
-1.914735547023453e+16
-2.4352726694717556e+16
-2.7419645899511116e+16
-2.860294503823387e+16
-2.895576398675161e+16
-2.8967688768857096e+16
-2.8891252277921976e+16
-2.8808898516212172e+16
-2.873343861187814e+16
-2.8686377899650576e+16
-2.867323482434075e+16
-2.8675052628829708e+16
-2.867505262883368e+16
-2.8673234824344292e+16
-2.8686377899642376e+16
-2.873343861186358e+16
-2.8808898516204524e+16
-2.889125227791883e+16
-2.8967688768843156e+16
-2.8955763986723756e+16
-2.8602945038206332e+16
-2.741964589948839e+16
-2.4352726694679496e+16
-1.914735547016452e+16
-1.8578097191048196e+16
-3.777746588717339e+16
-7.496675755818371e+16
-8.28984404468695e+16
-2.6671596824639972e+16
2.6197103242197788e+16
1.193256124359244e+16
-1.0077459140630766e+16
1.1089671782785672e+16
2136451026708011.5
-6420344255425464.0
-2.1913825011893332e+16
-2.656588736184328e+16
-1.3364861348591038e+16
672036277357262.5
4437554073619205.0
1885783015635899.8
-878591725469117.2
-2143121774788422.8
-2515115239744248.0
-2561757854725870.0
-2507046772188270.5
-2445210150562877.0
-2401385894639447.0
-2374555942439555.5
-2364071957149668.0
-2364807079233480.5
-2367833577488816.0
-2367833577490158.5
-2364807079233766.5
-2364071957145044.0
-2374555942434470.0
-2401385894639579.5
-2445210150565417.0
-2507046772186517.0
-2561757854718089.5
-2515115239733130.0
-2143121774775407.5
-878591725451803.9
1885783015660264.0
4437554073649287.5
672036277387983.8
-1.3364861348567136e+16
-2.656588736182934e+16
-2.1913825011882908e+16
-6420344255412065.0
2136451026723157.0
1.1089671782773854e+16
4692698221268236.0
480292880638343.7
-3591042957252928.5
-6388282782525606.0
-4448722073932972.5
624486120314241.0
3569236133306895.0
3040193334260562.0
1341525479807834.5
224424003107053.5
-169940603028548.7
-235880256849871.94
-211179905579139.16
-174025839818900.03
-148022551069183.88
-134961849308481.34
-130547264754982.06
-131489980180921.58
-134425508389366.5
-136473149385491.72
-136473149386066.38
-134425508389264.34
-131489980178612.28
-130547264753133.38
-134961849309583.48
-148022551071711.0
-174025839820657.72
-211179905579958.28
-235880256849829.25
-169940603027676.2
224424003108305.4
1341525479809594.2
3040193334263151.0
3569236133310038.0
624486120316931.1
-4448722073931268.0
-6388282782525106.0
-3591042957252920.5
480292880641214.25
4692698221257639.0
617124048422250.8
134481007060896.89
-436796977511043.7
-348653604901812.6
733140544392259.9
1817746286648834.2
1856131551966394.2
1104953626039699.9
377286953743198.6
20072360969890.832
-70869310094280.56
-65633015388100.266
-44367481292034.79
-28376667805789.312
-20609092987398.99
-18628842094334.215
-19555895619566.535
-21537024212481.97
-23323459748099.6
-24268654547140.434
-24268654547219.156
-23323459747445.887
-21537024210651.03
-19555895618305.676
-18628842094947.03
-20609092988894.676
-28376667807401.902
-44367481294142.45
-65633015390498.1
-70869310096549.39
20072360967585.812
377286953740844.44
1104953626037280.6
1856131551963852.8
1817746286647156.5
733140544393012.4
-348653604899562.7
-436796977509379.0
134481007065169.42
617124048415028.5
-273499679641807.6
6345477685851.631
212651669516996.53
511673698524753.25
820256861905069.1
887306141675976.2
636316433341957.9
284610728341537.5
45817375226371.46
-47806556991077.305
-61852554111131.13
-52957657649910.79
-43499230035998.11
-38127263409915.1
-36322000986024.81
-36529426304091.984
-37495905432306.08
-38513543125725.21
-39234804421421.36
-39574181327530.086
-39574181327454.016
-39234804420674.516
-38513543124216.75
-37495905431478.87
-36529426304717.33
-36322000987005.18
-38127263410543.414
-43499230036804.93
-52957657651067.664
-61852554112417.18
-47806556992407.125
45817375225098.89
284610728340087.3
636316433340063.1
887306141674756.9
820256861906384.4
511673698527732.8
212651669519378.53
6345477689475.091
-273499679646826.94
-207928023767668.1
-39787511548659.13
135705769099482.3
271520106072499.28
337003266261638.94
289518069433470.4
168398049246896.78
54364174064022.766
-9985412720771.822
-30617469168497.21
-31488264710979.22
-27596394870521.703
-24438101767080.844
-22843587152854.336
-22455485354736.902
-22676896667263.574
-23081169706230.004
-23441352187809.008
-23671576954684.76
-23773756544090.996
-23773756544108.145
-23671576954275.88
-23441352186907.332
-23081169705959.094
-22676896668027.215
-22455485355410.25
-22843587152842.332
-24438101766989.273
-27596394870760.65
-31488264711398.32
-30617469168883.58
-9985412721047.594
54364174063500.49
168398049245779.03
289518069432525.4
337003266262197.94
271520106074282.8
135705769100670.83
-39787511548860.78
-207928023770925.56
-74056183904629.16
8727554352190.352
55377607830451.48
110706871093940.48
123706422840164.36
101472184335905.98
66236386121007.11
37102369087054.85
23653005331254.59
19593030023518.86
20078906394884.484
21256541742314.38
22215471688608.26
22676168118042.74
22789219469519.156
22717966632826.848
22594154536827.29
22490047006969.504
22426188614031.42
22399420010489.43
22399420010399.727
22426188614133.02
22490047007403.57
22594154536850.176
22717966632240.195
22789219469162.46
22676168118264.16
22215471688804.473
21256541742151.004
20078906394629.64
19593030023457.664
23653005331374.668
37102369086965.93
66236386120365.266
101472184335082.47
123706422839951.11
110706871094344.48
55377607830662.23
8727554352137.568
-74056183906255.42
-16555522023329.26
-10900495645571.42
27514902727195.12
41455608835613.25
42276452797432.42
34681437632988.09
23837407936556.836
18463167470135.52
15931661650567.104
16119121390522.416
16458603125478.832
16948650465435.67
17236389044658.088
17384055317549.201
17412432613928.717
17384350807310.076
17348366744767.592
17320037266777.154
17305147187125.814
17298655511741.83
17298655511646.79
17305147187123.88
17320037267027.896
17348366744829.057
17384350807068.139
17412432613883.836
17384055317822.215
17236389044788.383
16948650465249.01
16458603125269.46
16119121390546.037
15931661650784.887
18463167470252.043
23837407936303.305
34681437632478.58
42276452797059.01
41455608835504.56
27514902727175.016
-10900495645425.346
-16555522023799.277
-13025538401909.062
-10822828980844.709
3216307814697.542
10232184785657.215
5566854267095.246
-2189700516628.645
-8822517647925.404
-11050848127340.754
-11032937805598.367
-10280771776591.342
-9811101160456.25
-9561811148563.611
-9473227755534.156
-9462757899324.717
-9483547685565.584
-9508611251950.867
-9523727046052.44
-9531185740299.557
-9534002990512.732
-9535135054630.143
-9535135054688.191
-9534002990506.193
-9531185740105.709
-9523727045903.738
-9508611251929.975
-9483547685427.133
-9462757899048.54
-9473227755404.354
-9561811148652.977
-9811101160554.377
-10280771776541.57
-11032937805423.703
-11050848127183.557
-8822517647938.086
-2189700516817.064
5566854266863.5
10232184785571.9
3216307814730.6284
-10822828981047.387
-13025538401833.174
-25638865526973.902
228402312133.5169
-17115244416280.22
-12958768535618.955
-13446222459040.393
-24311456931230.48
-28272824384695.492
-31082544121199.117
-30149576451490.004
-29915751856397.426
-29368415910850.812
-29311979608362.16
-29298774669371.465
-29333340407140.242
-29373892249011.38
-29386586167013.906
-29395287133585.832
-29394765380067.77
-29396030497588.36
-29395708233080.72
-29395708233102.75
-29396030497556.21
-29394765379916.54
-29395287133413.76
-29386586166876.348
-29373892248829.336
-29333340406916.766
-29298774669235.45
-29311979608338.754
-29368415910840.695
-29915751856346.363
-30149576451395.71
-31082544121085.582
-28272824384631.723
-24311456931266.043
-13446222459138.965
-12958768535691.215
-17115244416223.527
228402312284.66748
-25638865526781.87
-21618103351647.254
-11949752397752.145
-33188289574027.15
-6102237599166.749
-18278048440753.242
-10114899342660.336
-13045627343583.236
-12820653677940.078
-12977050871723.305
-12502021503235.295
-12437825539403.521
-12393479811053.238
-12401411145933.371
-12456331955613.78
-12458719083568.318
-12472543833608.451
-12467833705346.338
-12468117969697.607
-12466421527566.422
-12467063638479.408
-12467063638481.16
-12466421527531.857
-12468117969593.375
-12467833705207.748
-12472543833464.115
-12458719083415.55
-12456331955469.645
-12401411145824.338
-12393479810979.494
-12437825539351.402
-12502021503195.04
-12977050871689.582
-12820653677896.31
-13045627343547.057
-10114899342657.059
-18278048440793.47
-6102237599209.33
-33188289574015.82
-11949752397694.262
-21618103351540.184
12845088082467.64
670030294010.2727
20142994025416.453
11978930253979.725
15683432536440.738
20295035144463.97
24031816847344.94
26031631665953.55
26251740348269.91
26306506118739.324
26221427128011.508
26198360739683.875
26155330282598.47
26136653899184.91
26128777328898.58
26129463993866.895
26132623892340.32
26134302657753.336
26135071375443.582
26135015159588.54
26135015159588.465
26135071375460.074
26134302657806.55
26132623892420.695
26129463993954.457
26128777328985.34
26136653899260.387
26155330282657.664
26198360739735.418
26221427128055.23
26306506118760.605
26251740348268.777
26031631665951.74
24031816847350.98
20295035144465.914
15683432536425.117
11978930253951.535
20142994025393.133
670030294007.1797
12845088082467.5
56375533998962.414
-104906993353803.05
125145591409628.5
-16554150738984.393
38972650813810.51
18757246951448.15
32129945312543.613
33525230435166.9
34246531388489.016
33858424203416.832
33749786370117.137
33766402483159.75
33634859585430.07
33712328836608.85
33664921229651.145
33686461103044.285
33679389107675.883
33684297684967.484
33682453672122.867
33683451944640.715
33683451944639.81
33682453672124.34
33684297684976.234
33679389107705.95
33686461103075.06
33664921229689.906
33712328836627.82
33634859585452.336
33766402483172.95
33749786370138.05
33858424203414.062
34246531388474.633
33525230435155.746
32129945312521.918
18757246951459.28
38972650813807.41
-16554150738991.107
125145591409596.64
-104906993353819.81
56375533998920.0
67571207763293.03
91095928564269.7
85991299542952.94
72491304621216.97
69347844265334.05
76000715094448.03
82398478415944.97
84887959041966.28
85045367605447.55
84718073567533.34
84561779145117.56
84523061211075.6
84514727836769.83
84509533591870.17
84507014042662.11
84506367273754.88
84507133768860.81
84508026769919.61
84508600048526.28
84508876957140.03
84508876957138.52
84508600048520.97
84508026769912.98
84507133768860.33
84506367273761.11
84507014042666.39
84509533591867.84
84514727836766.84
84523061211077.5
84561779145120.48
84718073567530.08
85045367605436.77
84887959041953.08
82398478415935.5
76000715094445.72
69347844265335.586
72491304621210.22
85991299542927.5
91095928564231.84
67571207763261.11
