1600
-3.2251889138541978e+19
-4.987046321566937e+19
-5.8093621957645935e+19
-6.129904730381695e+19
-6.51708889790663e+19
-6.948815659128321e+19
-7.213797688961329e+19
-7.299582766091002e+19
-7.31094833907195e+19
-7.308638312144413e+19
-7.308648818713131e+19
-7.30808934706789e+19
-7.306853151538856e+19
-7.305566155403576e+19
-7.3047212429305364e+19
-7.304356887247573e+19
-7.304312254350535e+19
-7.304365047776182e+19
-7.304404669503605e+19
-7.304421808411379e+19
-7.304421808411387e+19
-7.304404669503608e+19
-7.304365047776214e+19
-7.304312254350603e+19
-7.3043568872476475e+19
-7.304721242930544e+19
-7.305566155403554e+19
-7.306853151538858e+19
-7.308089347067959e+19
-7.308648818713234e+19
-7.30863831214448e+19
-7.310948339071899e+19
-7.2995827660907766e+19
-7.213797688960977e+19
-6.948815659128076e+19
-6.517088897906632e+19
-6.12990473038167e+19
-5.809362195764183e+19
-4.987046321566189e+19
-3.2251889138535195e+19
-2.1599862261864358e+19
8.156836111470094e+19
-2.0219733248529592e+19
7.076957533623218e+19
4.859171890532898e+19
5.600192571603061e+19
5.684848444325536e+19
5.325830657125835e+19
5.590187776899224e+19
5.481751745492704e+19
5.538737983305087e+19
5.510566363566442e+19
5.524926186858217e+19
5.515837411542823e+19
5.519026406233209e+19
5.518212279898626e+19
5.518487369633337e+19
5.518420106215248e+19
5.5183575323856716e+19
5.518403831363979e+19
5.518403831363945e+19
5.518357532385774e+19
5.518420106214922e+19
5.5184873696335495e+19
5.518212279898984e+19
5.519026406232895e+19
5.515837411543053e+19
5.524926186857892e+19
5.510566363566529e+19
5.538737983305452e+19
5.481751745492733e+19
5.590187776898671e+19
5.325830657126665e+19
5.684848444324968e+19
5.600192571600838e+19
4.859171890534627e+19
7.076957533624053e+19
-2.021973324852664e+19
8.156836111467395e+19
-2.1599862261862035e+19
-6.07877193288298e+18
-1.7961729555485804e+18
8.288899379092358e+18
2.3665984000173146e+19
3.189559702716787e+19
3.4888895345846e+19
3.4814881752713105e+19
3.4746511121438073e+19
3.4814950985018384e+19
3.4932960479397614e+19
3.4964382070713602e+19
3.497010874159585e+19
3.4969598355539034e+19
3.4967484280754897e+19
3.496889894402587e+19
3.496870625494755e+19
3.496870611515899e+19
3.4968243135321006e+19
3.496816490677249e+19
3.496810663277468e+19
3.496810663277463e+19
3.4968164906772443e+19
3.496824313532097e+19
3.49687061151591e+19
3.4968706254947746e+19
3.4968898944026157e+19
3.4967484280755098e+19
3.4969598355539247e+19
3.497010874159609e+19
3.496438207071381e+19
3.49329604793976e+19
3.481495098501764e+19
3.474651112143634e+19
3.4814881752711385e+19
3.4888895345845043e+19
3.189559702716779e+19
2.3665984000173507e+19
8.288899379091602e+18
-1.796172955550212e+18
-6.078771932885257e+18
-5.914557372323489e+17
-6.839616653530481e+18
1.4559762551467608e+19
2.159684665134991e+19
3.0092596519367926e+19
3.2256546358121497e+19
3.2355347229003514e+19
3.2781262218271486e+19
3.252811044695559e+19
3.26817598988615e+19
3.2632747861995102e+19
3.2663136336588734e+19
3.264765871415795e+19
3.2655464522422854e+19
3.2654353645665403e+19
3.265470423484712e+19
3.265470088715567e+19
3.2654422350129254e+19
3.2654529836070506e+19
3.2654462124370846e+19
3.265446212437088e+19
3.2654529836070363e+19
3.2654422350129697e+19
3.2654700887155806e+19
3.2654704234847044e+19
3.2654353645665935e+19
3.2655464522422792e+19
3.264765871415843e+19
3.2663136336589038e+19
3.26327478619951e+19
3.2681759898861617e+19
3.252811044695526e+19
3.2781262218269377e+19
3.2355347229001826e+19
3.2256546358121816e+19
3.0092596519367016e+19
2.159684665135028e+19
1.4559762551466488e+19
-6.839616653531831e+18
-5.914557372351162e+17
1.0599487246646289e+18
-2.0749361035673027e+18
6.601056291850639e+18
7.352303499910811e+18
1.0437468380076474e+19
1.0941015323663307e+19
1.1038524290750458e+19
1.1042551627330415e+19
1.0845595098626626e+19
1.0806412910285089e+19
1.0769222202408774e+19
1.0778170746042964e+19
1.077667292164516e+19
1.0782806171746322e+19
1.0783333637475369e+19
1.0784177724873773e+19
1.0784160721591863e+19
1.0784157462471076e+19
1.0784187496055136e+19
1.0784193769324409e+19
1.0784193769324487e+19
1.0784187496055214e+19
1.078415746247132e+19
1.0784160721591976e+19
1.078417772487388e+19
1.0783333637475561e+19
1.078280617174623e+19
1.0776672921645244e+19
1.0778170746043085e+19
1.0769222202408899e+19
1.0806412910285324e+19
1.0845595098626722e+19
1.1042551627329884e+19
1.1038524290749848e+19
1.0941015323663321e+19
1.0437468380076718e+19
7.352303499911274e+18
6.601056291850204e+18
-2.0749361035680745e+18
1.0599487246633372e+18
5.4953616750095e+18
5.806207881122178e+18
5.330050040760991e+18
2.652330433344104e+18
1.4405470322968924e+18
1.3165467333581117e+18
1.4634869479833121e+18
1.4445862481729503e+18
1.3003526124621012e+18
1.207797841911574e+18
1.1825438629362916e+18
1.189585771806494e+18
1.197393809497582e+18
1.201704910634559e+18
1.2029483573452902e+18
1.2030612884640637e+18
1.202983634323682e+18
1.2029996228193193e+18
1.2030420956283254e+18
1.2030576639563494e+18
1.2030576639564132e+18
1.2030420956284516e+18
1.2029996228194317e+18
1.2029836343237386e+18
1.20306128846404e+18
1.2029483573451753e+18
1.201704910634309e+18
1.197393809497319e+18
1.189585771806382e+18
1.1825438629364032e+18
1.2077978419118845e+18
1.3003526124624625e+18
1.4445862481730406e+18
1.4634869479830397e+18
1.3165467333579077e+18
1.4405470322971446e+18
2.652330433344404e+18
5.330050040760558e+18
5.806207881121248e+18
5.495361675008569e+18
1.0065922899576316e+19
1.2926262060315187e+19
1.0804712429558708e+19
7.116653966223288e+18
4.981165916104145e+18
4.98634579013556e+18
5.418239307816928e+18
5.519732182736862e+18
5.458827084412613e+18
5.392926839100961e+18
5.386889684468868e+18
5.394690256081232e+18
5.401290158202669e+18
5.402164835113701e+18
5.401442748473923e+18
5.400458156458643e+18
5.400178730874446e+18
5.40026240523787e+18
5.400359148470747e+18
5.400402701569691e+18
5.400402701569699e+18
5.400359148470757e+18
5.400262405237801e+18
5.40017873087439e+18
5.400458156458546e+18
5.401442748473687e+18
5.4021648351133e+18
5.401290158202163e+18
5.394690256080931e+18
5.386889684468933e+18
5.392926839101288e+18
5.458827084412912e+18
5.519732182736708e+18
5.418239307816136e+18
4.986345790134838e+18
4.981165916104333e+18
7.116653966223489e+18
1.080471242955787e+19
1.2926262060313555e+19
1.0065922899574591e+19
1.2074338971186979e+19
1.5963009316063615e+19
1.4654481035151172e+19
1.0916663198421146e+19
9.009833408256377e+18
9.259157789827891e+18
9.859526886939658e+18
1.0060418277583376e+19
1.0053382912758026e+19
1.0026748488622275e+19
1.0028560826776041e+19
1.0032131647798135e+19
1.0031916891652512e+19
1.0028681112251136e+19
1.0025600654107871e+19
1.0023889549998895e+19
1.0023617328478706e+19
1.0023840704799877e+19
1.0024011713746762e+19
1.0024080714026197e+19
1.0024080714026177e+19
1.0024011713746668e+19
1.0023840704799732e+19
1.0023617328478626e+19
1.0023889549998836e+19
1.002560065410767e+19
1.0028681112250737e+19
1.0031916891652014e+19
1.0032131647797813e+19
1.0028560826776062e+19
1.0026748488622535e+19
1.0053382912758174e+19
1.0060418277582897e+19
9.85952688693851e+18
9.259157789827e+18
9.009833408256641e+18
1.091666319842149e+19
1.4654481035150166e+19
1.5963009316061512e+19
1.2074338971184708e+19
1.2163667958178843e+19
1.6169727467687967e+19
1.5315983892110072e+19
1.1654029230972744e+19
9.933331107099654e+18
1.0296210703974752e+19
1.0963955446399693e+19
1.1217809654323177e+19
1.1242064509590958e+19
1.1234292296105673e+19
1.1234725954859465e+19
1.1231712067030335e+19
1.1225625468198234e+19
1.1219668799496665e+19
1.1215616622811406e+19
1.1213939849500987e+19
1.1213906795065553e+19
1.1214270200316312e+19
1.121448585512136e+19
1.121456587191957e+19
1.1214565871919557e+19
1.1214485855121328e+19
1.1214270200316283e+19
1.1213906795065586e+19
1.1213939849501061e+19
1.1215616622811361e+19
1.1219668799496438e+19
1.1225625468197902e+19
1.123171206703013e+19
1.1234725954859514e+19
1.1234292296105902e+19
1.1242064509591067e+19
1.1217809654322715e+19
1.0963955446398603e+19
1.0296210703974031e+19
9.933331107100051e+18
1.165402923097324e+19
1.5315983892109255e+19
1.616972746768607e+19
1.2163667958176692e+19
1.141288518059066e+19
1.5144359928653054e+19
1.4356882601816383e+19
1.0845904147478796e+19
9.26614824855537e+18
9.677334481029495e+18
1.0366238136930236e+19
1.0643071596864889e+19
1.068193841914e+19
1.0679399194874993e+19
1.0677025106739247e+19
1.0670162056605448e+19
1.0661709082341243e+19
1.0655259578483354e+19
1.0651551054595482e+19
1.0650342421730195e+19
1.0650558184551817e+19
1.0650988681885534e+19
1.065120725751844e+19
1.0651282655426775e+19
1.0651282655426804e+19
1.0651207257518504e+19
1.0650988681885639e+19
1.0650558184552008e+19
1.0650342421730384e+19
1.06515510545956e+19
1.0655259578483319e+19
1.0661709082341171e+19
1.0670162056605485e+19
1.0677025106739442e+19
1.067939919487526e+19
1.0681938419140162e+19
1.0643071596864555e+19
1.0366238136929405e+19
9.677334481028942e+18
9.266148248555799e+18
1.0845904147479302e+19
1.4356882601815726e+19
1.5144359928651477e+19
1.1412885180588816e+19
1.018080118767772e+19
1.345907826336764e+19
1.272642834100225e+19
9.566855209705716e+18
8.190204093743824e+18
8.610597530366991e+18
9.26399960373725e+18
9.528119091951843e+18
9.566739135312665e+18
9.564152587542426e+18
9.560489864452436e+18
9.552927122644744e+18
9.544688304102638e+18
9.539008776135246e+18
9.536056471852614e+18
9.535258688210065e+18
9.535569983931433e+18
9.535978282992794e+18
9.536169752174823e+18
9.536231921943618e+18
9.53623192194364e+18
9.536169752174922e+18
9.53597828299298e+18
9.535569983931666e+18
9.535258688210328e+18
9.536056471852798e+18
9.53900877613536e+18
9.544688304102783e+18
9.552927122644998e+18
9.560489864452796e+18
9.564152587542782e+18
9.566739135312853e+18
9.5281190919516e+18
9.26399960373657e+18
8.610597530366557e+18
8.190204093744204e+18
9.56685520970612e+18
1.2726428341001654e+19
1.3459078263366275e+19
1.018080118767611e+19
8.473054467384977e+18
1.117845118439026e+19
1.0553326652026022e+19
7.925085731447741e+18
6.816668889918091e+18
7.205450071506448e+18
7.766537282725201e+18
7.986918233504233e+18
8.014906161669111e+18
8.009915319606271e+18
8.005630237991009e+18
7.99883291277537e+18
7.991908353158112e+18
7.987378061028256e+18
7.985131698396259e+18
7.984573690046092e+18
7.984856329711541e+18
7.985190543620661e+18
7.985341446347567e+18
7.985387982017482e+18
7.985387982017507e+18
7.985341446347653e+18
7.985190543620823e+18
7.984856329711769e+18
7.984573690046339e+18
7.985131698396448e+18
7.987378061028423e+18
7.991908353158318e+18
7.998832912775682e+18
8.005630237991416e+18
8.009915319606638e+18
8.014906161669292e+18
7.98691823350403e+18
7.766537282724639e+18
7.205450071506105e+18
6.816668889918415e+18
7.925085731448083e+18
1.0553326652025539e+19
1.1178451184389198e+19
8.473054467383632e+18
6.385182266926778e+18
8.421408993262838e+18
7.924402083322178e+18
5.926385007764671e+18
5.122557130194691e+18
5.4558827229961e+18
5.894591207455246e+18
6.05758625383169e+18
6.071914632366317e+18
6.064312910363465e+18
6.059781484673611e+18
6.054354296433028e+18
6.049175191740879e+18
6.045903526392857e+18
6.044314531647088e+18
6.043935587268121e+18
6.044157080599441e+18
6.04440580522898e+18
6.0445143956476e+18
6.044546312247685e+18
6.044546312247711e+18
6.044514395647672e+18
6.044405805229105e+18
6.044157080599609e+18
6.043935587268303e+18
6.044314531647245e+18
6.045903526392979e+18
6.049175191741037e+18
6.05435429643327e+18
6.059781484673919e+18
6.064312910363737e+18
6.071914632366423e+18
6.057586253831519e+18
5.894591207454812e+18
5.455882722995852e+18
5.122557130194977e+18
5.926385007764983e+18
7.924402083321843e+18
8.421408993262e+18
6.385182266925771e+18
4.2021389636565315e+18
5.555620625878362e+18
5.179724252255994e+18
3.818718284707866e+18
3.3153143963379195e+18
3.5841225331822336e+18
3.8958956079409034e+18
4.002003029897861e+18
4.004671887347383e+18
3.9958255821630275e+18
3.9916919226942336e+18
3.987932935050977e+18
3.9845947495543736e+18
3.9825644182488596e+18
3.981605209303074e+18
3.981404382650897e+18
3.9815757731800996e+18
3.981747426600033e+18
3.981818206344943e+18
3.981837872352485e+18
3.9818378723525125e+18
3.981818206345012e+18
3.981747426600127e+18
3.981575773180203e+18
3.9814043826509947e+18
3.981605209303144e+18
3.982564418248906e+18
3.9845947495544397e+18
3.987932935051098e+18
3.9916919226944e+18
3.995825582163172e+18
4.0046718873474304e+18
4.0020030298977213e+18
3.8958956079406136e+18
3.5841225331820856e+18
3.315314396338144e+18
3.8187182847081165e+18
5.179724252255811e+18
5.555620625877829e+18
4.2021389636558833e+18
2.2881613344273718e+18
3.049717102628047e+18
2.7786854667916385e+18
1.9705190375802245e+18
1.7159254714438397e+18
1.9160826326939648e+18
2.1127675660401605e+18
2.1703572055907325e+18
2.1651040908085596e+18
2.1565875892305777e+18
2.1533541406047542e+18
2.1511921391200333e+18
2.149455194147055e+18
2.148473035222469e+18
2.1480466177247483e+18
2.1480024686496804e+18
2.1481359046144502e+18
2.1482444789014185e+18
2.1482843702681472e+18
2.1482941321491965e+18
2.1482941321492227e+18
2.148284370268203e+18
2.1482444789014743e+18
2.1481359046144904e+18
2.1480024686497042e+18
2.1480466177247521e+18
2.1484730352224566e+18
2.149455194147051e+18
2.1511921391200648e+18
2.153354140604814e+18
2.1565875892306337e+18
2.1651040908085658e+18
2.170357205590642e+18
2.11276756603999e+18
1.916082632693885e+18
1.7159254714439926e+18
1.970519037580394e+18
2.778685466791546e+18
3.049717102627739e+18
2.2881613344270077e+18
9.301302350582391e+17
1.2692155924690724e+18
1.085955604265385e+18
6.826982847334501e+17
5.931392696324797e+17
7.254614967883512e+17
8.308781174279964e+17
8.533996594283352e+17
8.444755476006163e+17
8.374909102214679e+17
8.353359125308952e+17
8.343954286720055e+17
8.337834865621699e+17
8.335138264594003e+17
8.334428800776554e+17
8.334958741306551e+17
8.33593520559749e+17
8.336534902356973e+17
8.336704258357885e+17
8.336727781805516e+17
8.336727781805665e+17
8.336704258358213e+17
8.336534902357196e+17
8.335935205597544e+17
8.334958741306456e+17
8.334428800776356e+17
8.335138264593751e+17
8.337834865621494e+17
8.343954286720018e+17
8.353359125309102e+17
8.374909102214843e+17
8.444755476006167e+17
8.53399659428294e+17
8.308781174279158e+17
7.254614967883177e+17
5.931392696325644e+17
6.826982847335482e+17
1.0859556042653492e+18
1.2692155924689242e+18
9.301302350580728e+17
2.043735008404033e+17
3.078462860076474e+17
1.970279786478723e+17
3.731750453139154e+16
2.8599887780746148e+16
1.0264842459967792e+17
1.4731536829047766e+17
1.501682232561361e+17
1.4152929223057736e+17
1.3678064840946822e+17
1.3564643893220378e+17
1.3545538524071347e+17
1.3544414042043902e+17
1.3552228258163992e+17
1.3560847441835531e+17
1.3568721280001392e+17
1.3574776211321693e+17
1.3577369670399986e+17
1.3577638215430821e+17
1.3577444702894779e+17
1.3577444702895422e+17
1.3577638215432032e+17
1.3577369670400539e+17
1.3574776211321272e+17
1.3568721280000389e+17
1.356084744183428e+17
1.3552228258162634e+17
1.3544414042042598e+17
1.3545538524070822e+17
1.3564643893220694e+17
1.3678064840947418e+17
1.4152929223058008e+17
1.501682232561254e+17
1.473153682904512e+17
1.026484245996702e+17
2.8599887780787616e+16
3.7317504531441656e+16
1.9702797864786854e+17
3.0784628600759776e+17
2.0437350084035264e+17
-4.024725793201735e+16
-2.9438240992926692e+16
-8.461361161925304e+16
-1.288552792724004e+17
-1.1459588743393203e+17
-8.148187568937954e+16
-6.8758913834943176e+16
-7.28338605275329e+16
-7.87704739344388e+16
-8.126753590312093e+16
-8.16230818979662e+16
-8.147404542528827e+16
-8.128856693245973e+16
-8.113260098467072e+16
-8.103203587933605e+16
-8.097470131978376e+16
-8.094660094642274e+16
-8.094047856069885e+16
-8.094400294333282e+16
-8.094719069467003e+16
-8.094719069466853e+16
-8.094400294333042e+16
-8.094047856069877e+16
-8.094660094642542e+16
-8.097470131978666e+16
-8.103203587933813e+16
-8.113260098467302e+16
-8.128856693246294e+16
-8.147404542528976e+16
-8.162308189796522e+16
-8.126753590311834e+16
-7.877047393443531e+16
-7.283386052753144e+16
-6.875891383494675e+16
-8.148187568937894e+16
-1.1459588743391674e+17
-1.2885527927237984e+17
-8.461361161924686e+16
-2.9438240992933996e+16
-4.024725793202043e+16
-5.109294218127507e+16
-5.863145147000675e+16
-7.812717913665376e+16
-8.245451742583386e+16
-7.0550823034060936e+16
-5.9675709242498344e+16
-5.884817711256477e+16
-6.279324494242344e+16
-6.570522323377676e+16
-6.657649985790109e+16
-6.650599182370771e+16
-6.6288303824062216e+16
-6.611845777797354e+16
-6.600773289048444e+16
-6.594868469857268e+16
-6.5923000756190424e+16
-6.591568866147909e+16
-6.591779346472626e+16
-6.5922119371833896e+16
-6.5924686352594104e+16
-6.592468635259422e+16
-6.5922119371834264e+16
-6.591779346472722e+16
-6.5915688661479576e+16
-6.592300075619006e+16
-6.5948684698571576e+16
-6.600773289048357e+16
-6.611845777797337e+16
-6.628830382406229e+16
-6.650599182370749e+16
-6.65764998579005e+16
-6.570522323377496e+16
-6.279324494242132e+16
-5.8848177112563944e+16
-5.96757092424984e+16
-7.055082303405907e+16
-8.245451742582965e+16
-7.812717913665013e+16
-5.8631451470004264e+16
-5.109294218126931e+16
-1.2812178661421156e+16
-1.6625298918609276e+16
-1.9293024311375148e+16
-1.5844346670770096e+16
-1.0469236177603482e+16
-8293373786846303.0
-9612164868006652.0
-1.1538585401491188e+16
-1.2454804424063696e+16
-1.2530851884647982e+16
-1.234585249546468e+16
-1.2184740442421078e+16
-1.2087556810733018e+16
-1.2036472846137204e+16
-1.2015010484059232e+16
-1.2009350263653856e+16
-1.2010596143481088e+16
-1.2013997451415566e+16
-1.2016893712398572e+16
-1.2018336026498968e+16
-1.201833602649919e+16
-1.2016893712399082e+16
-1.201399745141605e+16
-1.2010596143481098e+16
-1.2009350263653322e+16
-1.2015010484058344e+16
-1.2036472846136352e+16
-1.2087556810732532e+16
-1.2184740442420934e+16
-1.2345852495465006e+16
-1.2530851884648416e+16
-1.2454804424063678e+16
-1.1538585401490772e+16
-9612164868006814.0
-8293373786847886.0
-1.0469236177605926e+16
-1.5844346670771788e+16
-1.9293024311375164e+16
-1.662529891860774e+16
-1.2812178661418368e+16
6163121545125546.0
6069336832891919.0
7959909303583925.0
1.0452850025572084e+16
1.2104455003605626e+16
1.2175160052484696e+16
1.1455782139370904e+16
1.0930496389228258e+16
1.084323012426001e+16
1.0972592981636746e+16
1.1111249074049724e+16
1.1195696218915808e+16
1.1236703562259242e+16
1.1253176316667532e+16
1.12571924585095e+16
1.1256068839116616e+16
1.125360601631497e+16
1.1251420330566154e+16
1.1250046077756262e+16
1.124944466246882e+16
1.1249444662468736e+16
1.1250046077756092e+16
1.1251420330566054e+16
1.1253606016315066e+16
1.1256068839116886e+16
1.1257192458509862e+16
1.1253176316667866e+16
1.1236703562259454e+16
1.1195696218915814e+16
1.1111249074049462e+16
1.0972592981636356e+16
1.0843230124259682e+16
1.0930496389228008e+16
1.145578213937031e+16
1.2175160052483308e+16
1.2104455003603634e+16
1.045285002557027e+16
7959909303583087.0
6069336832892086.0
6163121545125800.0
6976576101052444.0
7601027396164528.0
9170512773924520.0
1.014050520754886e+16
1.054173222382124e+16
1.0482562945754782e+16
1.0333541374797908e+16
1.0310375619149416e+16
1.0393223819511948e+16
1.0491329337621758e+16
1.0557609056830988e+16
1.0590863934650212e+16
1.0604186056450564e+16
1.0607835407433666e+16
1.0607460695570476e+16
1.0605942455700312e+16
1.0604529831254026e+16
1.0603591476545046e+16
1.060310495649467e+16
1.0602919493389294e+16
1.0602919493389284e+16
1.0603104956494674e+16
1.0603591476545098e+16
1.0604529831254108e+16
1.0605942455700402e+16
1.0607460695570584e+16
1.060783540743379e+16
1.0604186056450654e+16
1.059086393465022e+16
1.0557609056830918e+16
1.0491329337621662e+16
1.0393223819511862e+16
1.0310375619149294e+16
1.033354137479762e+16
1.0482562945754286e+16
1.054173222382063e+16
1.0140505207548268e+16
9170512773924130.0
7601027396164371.0
6976576101052045.0
3373849147737502.5
3680857720170706.0
4284606339290526.0
4544951721695277.0
4662536833833954.0
4692100641509806.0
4713622877428847.0
4759744838995853.0
4813354273486830.0
4853446144594928.0
4875804083073410.0
4885748614644988.0
4889144487529764.0
4889664908113082.0
4889164769165130.0
4888494656628672.0
4887982996234028.0
4887688351619910.0
4887558671440188.0
4887519036188125.0
4887519036188139.0
4887558671440218.0
4887688351619949.0
4887982996234059.0
4888494656628699.0
4889164769165174.0
4889664908113110.0
4889144487529774.0
4885748614644999.0
4875804083073459.0
4853446144594995.0
4813354273486896.0
4759744838995897.0
4713622877428856.0
4692100641509829.0
4662536833834033.0
4544951721695325.0
4284606339290500.5
3680857720170595.0
3373849147737198.5
1090092039607724.2
1154088070444246.2
1281545568929012.5
1331837353671507.0
1387557764659246.0
1426786283425643.5
1450951788669088.8
1471435376838130.2
1488380926742341.2
1499096597606105.0
1504502187528408.0
1506777970326520.0
1507494676353687.0
1507556041576050.0
1507401668607569.0
1507221122289276.2
1507089321982638.2
1507017977227129.0
1506991624823173.8
1506987318467501.5
1506987318467512.8
1506991624823194.2
1507017977227144.5
1507089321982645.5
1507221122289285.0
1507401668607577.2
1507556041576045.8
1507494676353678.0
1506777970326529.2
1504502187528453.0
1499096597606172.0
1488380926742404.8
1471435376838188.2
1450951788669153.8
1426786283425753.0
1387557764659414.0
1331837353671651.0
1281545568929053.2
1154088070444193.2
1090092039607574.6
262762791331214.3
260668051088638.84
265592255747454.47
274755890975228.0
302561102304642.25
321444690793333.2
327777274422750.4
330879637590908.3
333686519267520.25
335537215076399.1
336492725312880.56
336935265644382.4
337093838223640.25
337121169409963.6
337100126042251.5
337066860699910.94
337039735905473.1
337024439521302.9
337019760526793.4
337020311265432.7
337020311265437.1
337019760526800.56
337024439521304.56
337039735905470.56
337066860699910.9
337100126042251.9
337121169409954.1
337093838223626.56
336935265644380.8
336492725312899.6
335537215076426.9
333686519267544.1
330879637590927.56
327777274422779.3
321444690793387.4
302561102304723.7
274755890975295.25
265592255747468.88
260668051088609.66
262762791331155.84
48858563770581.16
43719206123308.49
37913420609604.02
41614410958945.77
52722215838626.9
57776414345991.12
57037699099484.11
56015396552410.47
55979771479811.234
56199920704367.45
56378640977171.8
56493364665259.84
56546035490528.37
56561833329631.734
56561671697550.98
56555468079537.33
56549126808094.45
56545168009262.98
56544043018465.266
56544415142152.97
56544415142154.75
56544043018467.56
56545168009261.79
56549126808092.04
56555468079537.67
56561671697551.14
56561833329626.46
56546035490519.17
56493364665255.2
56378640977174.62
56199920704371.46
55979771479811.305
56015396552408.34
57037699099484.37
57776414345999.875
52722215838644.86
41614410958959.14
37913420609599.945
43719206123292.81
48858563770562.18
6382453984213.335
5177465442227.479
3574040651595.516
5656579878123.516
8944055357791.486
9284964985251.955
7924697251607.205
7116401267326.347
7010725177819.799
7093791391818.028
7172886724353.084
7222914502457.678
7244552894720.032
7249995980768.688
7249210184931.233
7246665393297.964
7244422670021.577
7243120615377.491
7242761202876.107
7242869372051.405
7242869372052.405
7242761202877.272
7243120615376.919
7244422670020.935
7246665393299.075
7249210184932.411
7249995980767.395
7244552894716.937
7222914502455.517
7172886724352.255
7093791391816.135
7010725177815.549
7116401267320.696
7924697251601.496
9284964985247.84
8944055357789.674
5656579878121.208
3574040651589.9565
5177465442220.927
6382453984208.495
169462866553.20468
271084787888.7857
341998747001.83936
1200263728156.2566
1833201538065.1675
1443975341816.008
796387762894.4451
546800745632.6911
574674208151.1296
643719169703.662
688194427942.0856
710276068453.1875
717833661681.3016
718648387020.1953
717506017368.2504
716255413082.6721
715454589966.7666
715097613331.9282
715035569390.3473
715080332310.0054
715080332310.5668
715035569391.0764
715097613331.8638
715454589966.7434
716255413083.504
717506017369.197
718648387020.4475
717833661681.232
710276068453.3734
688194427942.1395
643719169702.7303
574674208149.0562
546800745629.94556
796387762891.2963
1443975341812.7942
1833201538062.376
1200263728153.8406
341998746999.5353
271084787887.09915
169462866552.64066
-190365980190.58002
-48212864622.66668
115812081866.65611
345468106763.136
369391334198.0514
147427918322.87436
-36638866340.384094
-59020547551.67491
-11529514675.693886
27509021332.766327
46953578492.211174
54615689389.727776
56479494265.74984
56215814279.26842
55593950798.912575
55157584811.93132
54969705063.30733
54937561549.5715
54966723200.36055
54995869274.15698
54995869274.36912
54966723200.564354
54937561549.35463
54969705063.09456
55157584812.09577
55593950799.18791
56215814279.49386
56479494266.170204
54615689390.38478
46953578492.769066
27509021332.910774
-11529514675.959423
-59020547552.189095
-36638866341.102585
147427918322.00323
369391334197.2412
345468106762.5845
115812081866.36932
-48212864622.815704
-190365980190.27484
-47633813103.285194
-9381145203.173264
36342533207.102516
64948356623.55334
28574988929.178463
-39065240839.12565
-65793744288.58332
-46890142877.38766
-20053745788.83677
-4206084742.355172
2294453898.3452907
4279762132.060482
4498143932.99727
4255320851.9173803
4041650223.204292
3948746744.5059085
3944064420.843466
3975157247.870484
4006564967.167703
4023504740.648634
4023504740.659815
4006564967.042377
3975157247.5003896
3944064420.4790463
3948746744.335935
4041650223.1241803
4255320851.887866
4498143933.135644
4279762132.3735976
2294453898.703553
-4206084742.0628467
-20053745788.63119
-46890142877.239655
-65793744288.47624
-39065240839.05493
28574988929.25585
64948356623.69272
36342533207.28659
-9381145203.067312
-47633813103.051125
1760258656.809177
2262691922.4877334
1883601895.83099
-4723721428.831146
-21321434757.01139
-33636246006.86222
-30088207769.11009
-17557443497.93477
-7286673073.01012
-2271764431.9090343
-554897257.7939162
-192616569.83989015
-248327161.0536883
-352404241.88893664
-404721978.75719756
-409681936.9334985
-391578368.2638802
-369442305.37004286
-352947413.68890715
-344905566.39174414
-344905566.4333471
-352947413.8592702
-369442305.66558456
-391578368.54356873
-409681937.10942453
-404721978.88207346
-352404241.99378866
-248327161.09757942
-192616569.8004334
-554897257.689185
-2271764431.774582
-7286673072.871993
-17557443497.785255
-30088207768.93753
-33636246006.682137
-21321434756.85225
-4723721428.6894865
1883601895.9341435
2262691922.431625
1760258656.8979113
3207372686.909841
542898367.0005023
-4881169534.045255
-10058531578.586504
-14175579553.156233
-14879862088.662834
-11269936736.041945
-6667132308.875022
-3620995092.42887
-2324507826.131544
-1943927885.9704845
-1905744797.206003
-1948079854.4454668
-1982334219.3027883
-1993459914.0976262
-1989695264.2051742
-1980856445.9311063
-1971931158.2390552
-1965290707.4683933
-1961832873.3652892
-1961832873.3913636
-1965290707.555283
-1971931158.3730361
-1980856446.0595117
-1989695264.3026404
-1993459914.179694
-1982334219.3762465
-1948079854.4997718
-1905744797.2294047
-1943927885.9622371
-2324507826.1070943
-3620995092.3950095
-6667132308.811732
-11269936735.938604
-14879862088.55043
-14175579553.07058
-10058531578.543911
-4881169534.034236
542898367.0312873
3207372686.9280148
-887072750.3647176
-1343607834.6401227
-4518926464.794465
-5079326119.207045
-5729328583.209867
-5042010886.971875
-3840937674.0673943
-2592522563.3875318
-1871563942.6309798
-1570648454.5876758
-1497589028.2212126
-1496336992.3108664
-1511834595.8520477
-1523031487.1780324
-1525875471.4221427
-1525373777.4479928
-1523341167.1619923
-1520894721.6857939
-1518431819.3155901
-1516919314.819612
-1516919314.8251853
-1518431819.3309395
-1520894721.7077146
-1523341167.189348
-1525373777.484374
-1525875471.459116
-1523031487.202582
-1511834595.8627105
-1496336992.3116922
-1497589028.2200646
-1570648454.5965438
-1871563942.641
-2592522563.3696585
-3840937674.013253
-5042010886.908936
-5729328583.164901
-5079326119.1915455
-4518926464.797631
-1343607834.6298013
-887072750.37346
-1699089929.6760552
-840069290.6520364
-685242917.4980532
-869448670.7423661
24711147.73446404
211854408.433309
593388440.7511146
872253188.1854264
1029471196.1022731
1077544177.0353217
1088816403.8997843
1083659109.500552
1077305976.23094
1075248091.3907194
1074098847.965506
1073783075.4623728
1073331539.4619482
1073690163.0105636
1074610590.6309004
1075416179.1945486
1075416179.196666
1074610590.641071
1073690163.0292573
1073331539.4777038
1073783075.4647624
1074098847.9646583
1075248091.4000123
1077305976.2490225
1083659109.5195818
1088816403.9095068
1077544177.0262144
1029471196.0846038
872253188.184148
593388440.774618
211854408.4677823
24711147.76569985
-869448670.7227049
-685242917.4927676
-840069290.6529169
-1699089929.695769
-1029958342.4809828
586653768.7347903
1690983547.5828736
2544596705.3435845
3605813149.7652106
3947530938.9159884
4114982964.054634
4187643148.130318
4199778171.4392076
4186433440.61592
4173273397.697394
4166629173.429588
4164765841.270834
4165823647.679579
4166496630.6367593
4166211332.577884
4165473756.4839425
4165350628.082391
4165860858.96608
4166385727.9228506
4166385727.924799
4165860858.9749827
4165350628.10085
4165473756.5060887
4166211332.5966296
4166496630.653514
4165823647.698963
4164765841.292331
4166629173.4497104
4173273397.709378
4186433440.612209
4199778171.4250865
4187643148.1206
4114982964.0570526
3947530938.9289227
3605813149.7857833
2544596705.36125
1690983547.5887332
586653768.7467471
-1029958342.5040194
-987997592.2715542
2870888270.8460374
1437709402.5078008
4777859923.781315
5089283191.244146
5764597315.799918
5734375469.828835
5677915407.514292
5643673707.21629
5608307220.419319
5593330553.116716
5587940677.461925
5591777538.264301
5592777789.975189
5594874653.071294
5594420382.306316
5593918253.221471
5593748841.874716
5594165942.761017
5594548965.964616
5594548965.96488
5594165942.762329
5593748841.880241
5593918253.232445
5594420382.320567
5594874653.085767
5592777789.988267
5591777538.276126
5587940677.472656
5593330553.123427
5608307220.417349
5643673707.206251
5677915407.503029
5734375469.820838
5764597315.800317
5089283191.2534895
4777859923.793186
1437709402.5111141
2870888270.83863
-987997592.2912645
-2001419745.9401593
-2822203380.197358
446209573.84237826
-107388598.79848005
1263857678.049559
1064232674.9372463
978170686.1121632
942613243.8971572
844828225.227305
836353110.5513633
822316030.9185401
828903980.0434179
830424019.1652553
836125093.5620415
837191410.1208931
837439497.0453707
836936984.7596374
836960946.7487564
837315160.372877
837630036.2927786
837630036.2916924
837315160.3699187
836960946.7452556
836936984.7592458
837439497.0490911
837191410.1260803
836125093.5658841
830424019.167427
828903980.0450748
822316030.919123
836353110.5486356
844828225.2210904
942613243.8889818
978170686.1046532
1064232674.9342371
1263857678.051605
-107388598.79336299
446209573.8429512
-2822203380.201742
-2001419745.951622
-3150269423.840751
-3393021923.16604
-2446482031.5339513
-2209812924.2679873
-1301791953.556169
-1217534358.997781
-1302320812.3307695
-1399771533.45018
-1439066649.1689186
-1444981320.9851084
-1441241322.887835
-1434828477.7334533
-1429836712.5509357
-1425655883.4472375
-1423995387.5405834
-1423646093.301082
-1423818049.1114593
-1423672938.1209774
-1423257086.6286492
-1422925352.7230449
-1422925352.7237463
-1423257086.6316094
-1423672938.1261039
-1423818049.1158035
-1423646093.3028114
-1423995387.5410826
-1425655883.4484186
-1429836712.5528708
-1434828477.7355726
-1441241322.8899748
-1444981320.9876492
-1439066649.171946
-1399771533.4534738
-1302320812.33421
-1217534359.0000052
-1301791953.5559077
-2209812924.2661147
-2446482031.533405
-3393021923.1689324
-3150269423.843962
-3403605716.965562
1361944968.4877336
-2757255453.152663
-273897666.9451633
-630149331.2230363
-380018270.08218133
-281969114.0757926
-449516902.56219345
-347252972.1122135
-387252670.05524725
-359501085.4559252
-364638035.91966796
-356255713.2979857
-356242201.92719644
-353947770.7393038
-353840051.7146089
-353849087.1023986
-353732935.574604
-353324810.0097687
-352949572.4602288
-352949572.4606605
-353324810.01055557
-353732935.5780446
-353849087.1051239
-353840051.7165015
-353947770.7406109
-356242201.927998
-356255713.3001937
-364638035.92144394
-359501085.45737386
-387252670.0560584
-347252972.11313933
-449516902.5625359
-281969114.0760822
-380018270.08411777
-630149331.2221863
-273897666.94438756
-2757255453.152093
1361944968.485827
-3403605716.9647064
-2699443794.9904995
-5824565864.91035
-7504771026.515761
-7431937354.400338
-7080304198.407362
-6997170016.175734
-7026461670.76376
-7030379860.978627
-7021875564.505937
-7015447593.10604
-7008993140.579178
-7004299567.193024
-7000223059.107424
-6997369322.601571
-6995089209.729781
-6994910617.644756
-6994860867.167519
-6994672865.673009
-6994022325.80245
-6993554598.635865
-6993554598.635752
-6994022325.80254
-6994672865.673803
-6994860867.168701
-6994910617.645718
-6995089209.730379
-6997369322.602036
-7000223059.10789
-7004299567.193477
-7008993140.579391
-7015447593.105778
-7021875564.505228
-7030379860.977726
-7026461670.763038
-6997170016.175484
-7080304198.407503
-7431937354.400164
-7504771026.514823
-5824565864.908951
-2699443794.9890084
