1600
926311123117.3717
1322434435629.1885
1415688552006.5034
1469884710947.6785
1585356271170.288
1738720270177.2522
1820086128127.0608
1838219786957.1614
1832895736440.649
1827787859421.7695
1826623006162.0706
1826963978942.9946
1827185668803.7268
1827280704207.907
1827244858220.6565
1827228068301.539
1827224206019.5737
1827234428055.5208
1827229937842.8567
1827235729642.7803
1827235729642.79
1827229937842.8772
1827234428055.5417
1827224206019.5923
1827228068301.5579
1827244858220.6714
1827280704207.923
1827185668803.7346
1826963978942.9998
1826623006162.0735
1827787859421.7656
1832895736440.6504
1838219786957.1829
1820086128127.0886
1738720270177.2444
1585356271170.236
1469884710947.5923
1415688552006.442
1322434435629.166
926311123117.3694
374648888633.36993
-3555054275693.907
561347703370.1982
-1943097345083.898
-789222985021.1566
-1064190927866.3016
-878124150780.2548
-881327229671.3215
-887541172757.6116
-894372598083.0361
-896042080595.0449
-894546834003.6472
-895696399243.5273
-894466803413.4867
-894946399632.7007
-894756123985.0425
-894828152060.8317
-894795058943.68
-894809961771.1116
-894803036849.7324
-894803036849.7336
-894809961771.14
-894795058943.6581
-894828152060.828
-894756123985.0797
-894946399632.6824
-894466803413.5308
-895696399243.4951
-894546834003.6774
-896042080595.0653
-894372598083.0684
-887541172757.5677
-881327229671.3065
-878124150780.3032
-1064190927866.2168
-789222985021.2543
-1943097345083.8533
561347703370.152
-3555054275693.775
374648888633.40796
-177287256005.30487
-212031832917.89407
-13588588670.022663
-33957546853.654007
189693282082.95877
301237533644.38574
363627680843.1638
368247409628.54065
361888121384.8266
356365161502.9828
355551690146.34656
355866734437.3901
356166247023.1846
356388469671.5132
356386713301.0376
356403127457.6394
356400584995.3986
356406071698.25134
356405713021.65924
356407389548.3547
356407389548.3563
356405713021.6632
356406071698.2513
356400584995.3996
356403127457.6309
356386713301.0206
356388469671.5011
356166247023.1721
355866734437.3862
355551690146.3506
356365161502.9885
361888121384.83905
368247409628.5678
363627680843.17975
301237533644.374
189693282082.96152
-33957546853.652267
-13588588669.992897
-212031832917.85812
-177287256005.25156
-208930049203.84952
120765732836.57137
-82569611601.99725
409747177425.6699
447864275018.7216
580057010890.4978
576169449872.1185
566316427260.0171
559912841028.1796
557032555873.2585
556914856916.2415
557284990752.4545
557848038809.7799
557810663224.3073
557935515376.4723
557907055603.9495
557916770305.014
557913000902.2998
557917597951.2318
557916726253.1748
557916726253.1771
557917597951.2377
557913000902.2966
557916770305.0137
557907055603.9419
557935515376.4567
557810663224.3035
557848038809.7725
557284990752.4636
556914856916.2615
557032555873.2847
559912841028.1974
566316427260.025
576169449872.1313
580057010890.4943
447864275018.7425
409747177425.6912
-82569611601.95456
120765732836.61906
-208930049203.82202
-87375803014.28586
101807432956.9374
70433901742.81013
343348956373.3268
330179803754.22363
335926367161.5021
300990518407.2514
287120321418.916
283779993908.7441
284551113784.95154
285224450729.5928
285684661932.5291
285957578044.56116
285912734258.45807
285960846439.31195
285935067656.08417
285936957931.2835
285934729494.57184
285938061465.9563
285937878632.18536
285937878632.1841
285938061465.9544
285934729494.56915
285936957931.28296
285935067656.0856
285960846439.31006
285912734258.46326
285957578044.5688
285684661932.54553
285224450729.61316
284551113784.9731
283779993908.756
287120321418.90796
300990518407.2392
335926367161.49945
330179803754.2482
343348956373.3601
70433901742.83722
101807432956.94438
-87375803014.29228
-140614260946.67523
-109214763383.62155
-91371973020.73192
-57186849429.85132
-115805473129.32321
-185917254171.45264
-227702635280.3457
-238205741814.2593
-236148406319.5524
-233182178204.4169
-232067079173.0619
-231993333480.69485
-232127179460.0024
-232222613546.27148
-232258036298.9055
-232274869308.52286
-232279140419.5381
-232278080412.36798
-232275979692.29456
-232275222387.4375
-232275222387.43964
-232275979692.3001
-232278080412.3731
-232279140419.54135
-232274869308.52356
-232258036298.9063
-232222613546.27158
-232127179460.00232
-231993333480.6954
-232067079173.06326
-233182178204.41934
-236148406319.558
-238205741814.27213
-227702635280.3601
-185917254171.45316
-115805473129.30515
-57186849429.82863
-91371973020.72787
-109214763383.63403
-140614260946.69046
-256398667531.19083
-339990188672.0863
-380308938455.36597
-447618619293.9477
-536647761456.0216
-624421642599.6672
-661282902119.5864
-665083174661.7086
-659298649201.6088
-655465792562.01
-654599372693.008
-654915584932.3337
-655269010700.8674
-655416806378.5826
-655469291775.3699
-655477946275.376
-655480857453.9855
-655479559971.109
-655478459192.3662
-655478003940.1036
-655478003940.1064
-655478459192.3739
-655479559971.1168
-655480857453.9928
-655477946275.3837
-655469291775.3787
-655416806378.5947
-655269010700.8821
-654915584932.3511
-654599372693.0288
-655465792562.031
-659298649201.6238
-665083174661.7189
-661282902119.5898
-624421642599.662
-536647761456.0138
-447618619293.941
-380308938455.3677
-339990188672.0967
-256398667531.19556
-304186166363.17236
-421376688266.14966
-506983482863.068
-589605391796.1007
-688923319234.3278
-771367922761.9763
-802027252701.0454
-801622547130.3334
-794549565816.0558
-790867999446.0453
-790380354052.8314
-790849176375.5487
-791211592145.2615
-791344414427.0371
-791372717212.8958
-791371004885.4554
-791371444073.8158
-791371880886.989
-791372417451.4756
-791373052775.8514
-791373052775.8547
-791372417451.4838
-791371880886.9966
-791371444073.8223
-791371004885.4623
-791372717212.9065
-791344414427.0499
-791211592145.275
-790849176375.5654
-790380354052.8524
-790867999446.0638
-794549565816.0675
-801622547130.3367
-802027252701.0411
-771367922761.97
-688923319234.3259
-589605391796.1014
-506983482863.06995
-421376688266.15173
-304186166363.1681
-293201300128.96466
-404997454922.1584
-497248808060.0949
-572830532629.1764
-669742010832.9866
-745557286310.2173
-772874875474.7963
-771446829778.1027
-764712698247.7036
-761542787214.7728
-761285161492.7744
-761731954731.8381
-762011063629.7212
-762095500517.5681
-762098869933.0697
-762090349147.1466
-762090021826.8838
-762092042254.1072
-762094008252.2759
-762095594902.0396
-762095594902.0444
-762094008252.2845
-762092042254.1147
-762090021826.8872
-762090349147.1481
-762098869933.0726
-762095500517.5704
-762011063629.723
-761731954731.8412
-761285161492.7811
-761542787214.7812
-764712698247.7097
-771446829778.1064
-772874875474.794
-745557286310.213
-669742010832.9841
-572830532629.1737
-497248808060.09644
-404997454922.1611
-293201300128.9611
-261301999788.41177
-356330806104.13104
-438168027294.12976
-504707312546.8424
-595230694488.1003
-665700579525.2302
-691317618069.5217
-690315060616.2388
-684481191834.5162
-681841133962.4666
-681710293212.293
-682100054888.6948
-682308771191.4712
-682360932919.6475
-682355657094.7891
-682347187631.8492
-682347524752.3754
-682350107750.4977
-682352546292.6129
-682354462188.9319
-682354462188.936
-682352546292.6217
-682350107750.5043
-682347524752.3766
-682347187631.8474
-682355657094.7854
-682360932919.6421
-682308771191.4626
-682100054888.6865
-681710293212.2894
-681841133962.4674
-684481191834.5204
-690315060616.2465
-691317618069.5264
-665700579525.2275
-595230694488.095
-504707312546.83563
-438168027294.12854
-356330806104.1373
-261301999788.41315
-221946111714.56284
-297852101417.84796
-365739059026.1891
-424042756078.90186
-506137218764.1475
-570083899600.6251
-593511356138.7151
-592971930527.1952
-588045174003.1968
-585859099649.4252
-585799283766.8741
-586141074152.4636
-586311883291.724
-586354054937.3932
-586352083973.2406
-586347777584.0149
-586349427727.1342
-586351983979.6531
-586354205876.1232
-586355967563.1914
-586355967563.1951
-586354205876.1316
-586351983979.6594
-586349427727.1362
-586347777584.0131
-586352083973.2372
-586354054937.3865
-586311883291.7155
-586141074152.4552
-585799283766.8705
-585859099649.4263
-588045174003.202
-592971930527.2057
-593511356138.7231
-570083899600.6244
-506137218764.13806
-424042756078.891
-365739059026.1869
-297852101417.8553
-221946111714.56665
-174767536366.05032
-230383171945.52075
-282726676657.87256
-331660321354.6403
-402087296942.3005
-456548711268.93353
-476258125410.8616
-475722562208.9428
-471594396963.76447
-469803426307.00116
-469780576270.8562
-470076677312.78204
-470224317381.0352
-470264935608.2713
-470268590065.4697
-470268392685.507
-470271024714.87494
-470273297863.1439
-470275042895.4265
-470276439347.249
-470276439347.2518
-470275042895.43286
-470273297863.14886
-470271024714.8771
-470268392685.5077
-470268590065.46924
-470264935608.26843
-470224317381.02997
-470076677312.7772
-469780576270.85455
-469803426307.0032
-471594396963.7706
-475722562208.9528
-476258125410.87085
-456548711268.93335
-402087296942.2918
-331660321354.62946
-282726676657.86914
-230383171945.52814
-174767536366.05447
-121568534865.47295
-156398066189.4034
-191605417246.62173
-228859564804.24902
-284126133576.37933
-326280041688.4488
-340945355523.18304
-340067694698.03644
-336711459727.4092
-335320785927.9159
-335332077510.32306
-335583527997.8185
-335710388685.3739
-335748738790.98364
-335755560537.0264
-335757443491.1199
-335760086272.86835
-335761763256.3119
-335762913070.75854
-335763876799.8328
-335763876799.8354
-335762913070.7636
-335761763256.3162
-335760086272.87085
-335757443491.1215
-335755560537.0277
-335748738790.98376
-335710388685.3719
-335583527997.8164
-335332077510.3226
-335320785927.91736
-336711459727.4128
-340067694698.0431
-340945355523.1897
-326280041688.44995
-284126133576.37366
-228859564804.2411
-191605417246.61932
-156398066189.40857
-121568534865.47627
-70156770271.37619
-86520893287.76443
-105158341887.90294
-129643986758.2489
-168076064192.4794
-196805149637.67923
-206023263281.83527
-204751938531.23874
-202197176050.76718
-201230162023.79147
-201285164450.4525
-201493860329.95862
-201598413642.99478
-201631816492.047
-201639294964.24713
-201641623577.12317
-201643566250.36246
-201644465985.29922
-201645013235.0843
-201645562022.31808
-201645562022.31955
-201645013235.0879
-201644465985.30234
-201643566250.3642
-201641623577.12393
-201639294964.2484
-201631816492.04837
-201598413642.99475
-201493860329.9581
-201285164450.45236
-201230162023.79132
-202197176050.76785
-204751938531.24234
-206023263281.8399
-196805149637.68063
-168076064192.47653
-129643986758.24414
-105158341887.90173
-86520893287.7679
-70156770271.37859
-30007328607.656464
-33403714955.90797
-39241624356.27586
-52315225142.9879
-75105222802.05548
-91588988436.35869
-96030287047.81007
-94546292256.85759
-92780591534.98535
-92214549323.17715
-92310505735.33533
-92477156313.77654
-92557925543.1008
-92584438600.07571
-92591090680.3021
-92593115448.23325
-92594228953.42398
-92594467050.26878
-92594549532.91524
-92594771222.60515
-92594771222.60631
-92594549532.91768
-92594467050.2707
-92594228953.42444
-92593115448.23291
-92591090680.30225
-92584438600.07648
-92557925543.10149
-92477156313.77708
-92310505735.33539
-92214549323.17645
-92780591534.98466
-94546292256.8586
-96030287047.81285
-91588988436.36035
-75105222802.05455
-52315225142.98548
-39241624356.27515
-33403714955.909767
-30007328607.657806
-6531033724.187498
-3738593899.1861887
-2511880895.3770895
-7569609607.166472
-18449354332.919914
-25805636861.643105
-26968645379.11483
-25578985959.785717
-24513426886.866177
-24267509774.049126
-24385647461.619194
-24510904876.917423
-24568132158.25154
-24586826847.956074
-24591711693.63728
-24593083298.976906
-24593531564.98255
-24593372584.08371
-24593194679.823586
-24593210152.756927
-24593210152.757545
-24593194679.824867
-24593372584.084576
-24593531564.98236
-24593083298.976192
-24591711693.63698
-24586826847.956444
-24568132158.252342
-24510904876.918163
-24385647461.619514
-24267509774.048565
-24513426886.86529
-25578985959.78582
-26968645379.116173
-25805636861.644295
-18449354332.91975
-7569609607.16541
-2511880895.376661
-3738593899.1868987
-6531033724.188112
1903295813.8942842
5549984394.33533
8618856399.012604
7653724365.466367
3889556710.989552
1789943587.5098906
2171419286.7742677
3184555926.417562
3701959098.65843
3740435892.9347773
3625439891.179872
3539045429.9174004
3502826451.8342476
3491626341.4453964
3488880705.4184084
3488266922.398613
3488252282.9904594
3488560556.500867
3488817133.641973
3488893234.7223845
3488893234.7221675
3488817133.6415286
3488560556.500609
3488252282.9906507
3488266922.3990817
3488880705.418631
3491626341.445161
3502826451.8337784
3539045429.916923
3625439891.1796613
3740435892.935045
3701959098.6589794
3184555926.417643
2171419286.7736487
1789943587.5092256
3889556710.989559
7653724365.46683
8618856399.01283
5549984394.335131
1903295813.8940516
1982161441.676365
4121799235.2652783
6215222995.00078
6472106191.741849
5782768655.003661
5752135618.33342
6390159858.46398
6926515181.43716
7085441592.323327
7026677417.130479
6935265443.580539
6882112803.162376
6862241166.533638
6856856275.774771
6855858867.137258
6855807320.004159
6855985653.983315
6856274674.281955
6856494027.738549
6856580589.535338
6856580589.535337
6856494027.73851
6856274674.281953
6855985653.983391
6855807320.004283
6855858867.13729
6856856275.774699
6862241166.533506
6882112803.162257
6935265443.580516
7026677417.130614
7085441592.3235655
6926515181.437234
6390159858.463741
5752135618.333149
5782768655.003693
6472106191.742049
6215222995.00089
4121799235.2652364
1982161441.6762853
184804406.21631855
857615276.5620755
1570128319.236022
1792448617.2386148
1880919829.7504005
2184206672.7476406
2541365677.476021
2708980366.3613176
2693958819.0939054
2618007338.406243
2558460410.785154
2530169748.489076
2521043612.628061
2519162248.385576
2519104936.554894
2519277448.5183024
2519461003.659971
2519654464.0143766
2519793583.417706
2519853130.9026237
2519853130.902653
2519793583.4177666
2519654464.014422
2519461003.659997
2519277448.518299
2519104936.5548725
2519162248.385568
2521043612.6280675
2530169748.489101
2558460410.7851853
2618007338.4063025
2693958819.0939884
2708980366.3613596
2541365677.475977
2184206672.7476015
1880919829.7504609
1792448617.238716
1570128319.2360735
857615276.5620627
184804406.21630532
-635361273.3284916
-602922560.2623127
-604298360.7737747
-587272773.4027389
-507900274.51328355
-377706245.4006939
-294739465.11699486
-303975737.52319413
-362367007.1182097
-417035334.47002673
-448519594.4594833
-461090375.4525768
-464389796.56351805
-464695183.9940374
-464478490.2234055
-464320747.8908131
-464213748.1793884
-464116922.4607132
-464049274.1126332
-464020469.4595948
-464020469.4595786
-464049274.11259824
-464116922.46068627
-464213748.17938316
-464320747.89082533
-464478490.22341275
-464695183.9940259
-464389796.56349266
-461090375.45255125
-448519594.4594611
-417035334.4700103
-362367007.11819303
-303975737.52317166
-294739465.11697125
-377706245.4006607
-507900274.51323044
-587272773.4026893
-604298360.7737546
-602922560.2623178
-635361273.328483
-545532277.5400074
-607853542.8024974
-745057494.1311526
-789233160.7508012
-790779337.2209305
-792658176.0559926
-819206717.7134657
-864769433.6352763
-908068361.1722645
-936174637.1865603
-949448932.5654309
-953858276.4794012
-954614367.2084962
-954434252.5166417
-954242491.3755426
-954165955.9511526
-954129598.1582875
-954095196.8154529
-954071184.6831154
-954062292.5880013
-954062292.5879976
-954071184.683105
-954095196.8154426
-954129598.1582867
-954165955.9511565
-954242491.3755413
-954434252.5166315
-954614367.2084837
-953858276.4793895
-949448932.5654263
-936174637.1865621
-908068361.1722667
-864769433.63527
-819206717.7134486
-792658176.0559683
-790779337.2209096
-789233160.7507885
-745057494.1311502
-607853542.802503
-545532277.5399963
-272624052.51142126
-287732878.19746935
-366235488.42037624
-388341465.5492466
-404412920.56426847
-432089339.2483911
-465268637.5774473
-494589529.013791
-514796919.755256
-525648890.81138366
-529969337.9137258
-531006759.3786178
-530916819.9157852
-530678722.63165927
-530562690.7889425
-530541634.4426348
-530541049.5218104
-530535319.6084024
-530530908.55367243
-530530728.91393465
-530530728.91393507
-530530908.55367255
-530535319.6084035
-530541049.52181226
-530541634.4426372
-530562690.7889424
-530678722.6316556
-530916819.9157799
-531006759.37861496
-529969337.91372764
-525648890.8113899
-514796919.7552642
-494589529.01379395
-465268637.57744646
-432089339.248389
-404412920.5642721
-388341465.54925305
-366235488.4203809
-287732878.1974715
-272624052.51141167
-118675441.30151157
-104883988.82626356
-129949664.01598923
-127647654.93667635
-131778737.32257515
-146829317.73439303
-162724054.71339983
-174086946.93891272
-180762901.50931892
-183930812.5301448
-184913516.84132767
-184901238.84474653
-184645287.8482566
-184460031.7046224
-184396384.93556926
-184397412.09369957
-184407303.9206321
-184410565.5126233
-184412114.16073394
-184413987.70338824
-184413987.703389
-184412114.16073567
-184410565.5126248
-184407303.92063424
-184397412.09370154
-184396384.93557027
-184460031.7046211
-184645287.8482545
-184901238.84474644
-184913516.8413306
-183930812.53015
-180762901.50932485
-174086946.93891704
-162724054.71340346
-146829317.7343988
-131778737.32258493
-127647654.93668509
-129949664.01599243
-104883988.82626317
-118675441.30150336
-64405527.33465124
-47708300.090552874
-53128649.95678285
-42323429.13109241
-37748917.52185569
-41441361.00842402
-46214755.18788687
-49168428.520235345
-50740760.74138965
-51420947.07455247
-51484074.60334703
-51273664.38734949
-51055708.415482126
-50934656.38368944
-50902663.59096035
-50910069.21180422
-50920101.24684226
-50924228.83564041
-50926070.96687238
-50927363.27439483
-50927363.27439539
-50926070.96687345
-50924228.83564109
-50920101.24684292
-50910069.21180498
-50902663.59096056
-50934656.38368891
-51055708.415481456
-51273664.387349896
-51484074.60334901
-51420947.07455516
-50740760.74139207
-49168428.52023712
-46214755.18788871
-41441361.00842794
-37748917.52186225
-42323429.13109744
-53128649.956783235
-47708300.09055113
-64405527.334644474
-46394539.99146591
-34508787.33393918
-35934179.50256187
-25050050.173571076
-18104308.985051174
-17385894.14481054
-18242710.36681745
-18701145.136032484
-18934248.43924468
-19021294.042892314
-18922045.561503556
-18740494.90457266
-18596161.304354496
-18528453.65425328
-18516964.939222943
-18525780.173531372
-18533273.303269498
-18535891.64520575
-18536557.673963252
-18536861.987650357
-18536861.987650603
-18536557.673963644
-18535891.645205893
-18533273.30326956
-18525780.173531506
-18516964.93922285
-18528453.6542529
-18596161.30435422
-18740494.904572964
-18922045.56150446
-19021294.042893257
-18934248.439245205
-18701145.13603228
-18242710.366817
-17385894.14481137
-18104308.985053837
-25050050.17357298
-35934179.50256093
-34508787.33393746
-46394539.99146081
-37116339.28403758
-29882567.8893958
-30977559.256039817
-22064181.263869423
-15581479.183077674
-13937381.041810255
-13904351.605927357
-13891622.694035599
-13885502.604257543
-13870838.603581153
-13779882.893704057
-13660991.126126382
-13579714.915034411
-13549652.753017271
-13550252.737986282
-13558286.058442252
-13562929.235799054
-13563882.85700824
-13563582.735879429
-13563301.428480849
-13563301.428480942
-13563582.73587951
-13563882.857008172
-13562929.235798988
-13558286.058442216
-13550252.737986105
-13549652.753016932
-13579714.915034177
-13660991.126126437
-13779882.893704284
-13870838.603581341
-13885502.604257446
-13891622.694034869
-13904351.605926175
-13937381.041809788
-15581479.183078576
-22064181.263870113
-30977559.25603891
-29882567.88939456
-37116339.28403408
-30165577.691218287
-26259243.15671479
-27337578.387814738
-20392385.128467046
-15079961.784942014
-13553224.982072145
-13422856.366676012
-13381530.374681424
-13355269.736323377
-13333511.222685615
-13274487.030396845
-13207841.690458564
-13169657.890673574
-13161365.039562969
-13166670.685495025
-13172441.292562086
-13174627.550468575
-13174472.38882286
-13173786.769363815
-13173362.218103245
-13173362.218103247
-13173786.769363744
-13174472.388822695
-13174627.550468463
-13172441.292562053
-13166670.685494887
-13161365.03956267
-13169657.890673282
-13207841.69045839
-13274487.030396795
-13333511.222685622
-13355269.736323342
-13381530.374680951
-13422856.366675079
-13553224.982071595
-15079961.784942452
-20392385.12846747
-27337578.387814224
-26259243.156714194
-30165577.691216048
-24485884.104988124
-22880907.349685412
-23852828.64278936
-18546187.802391205
-14408525.19574344
-13194741.85067571
-13101333.437577471
-13086614.053311093
-13070643.624721985
-13057390.935705082
-13026016.027615827
-12994299.86670407
-12980396.681966348
-12981260.576038267
-12986274.965526996
-12989323.555108495
-12989807.640970586
-12989182.6743539
-12988533.05678193
-12988197.712040193
-12988197.712040193
-12988533.056781847
-12989182.674353745
-12989807.640970532
-12989323.555108521
-12986274.965526933
-12981260.576038063
-12980396.681966087
-12994299.866703887
-13026016.027615748
-13057390.935705137
-13070643.624722099
-13086614.053310938
-13101333.437576935
-13194741.850675361
-14408525.195743747
-18546187.802391544
-23852828.64278911
-22880907.349685136
-24485884.10498666
-19775914.024070363
-19738331.322611734
-20571980.208174028
-16591092.821048733
-13466640.924140833
-12558828.87812714
-12513438.52031884
-12525082.232223984
-12523108.44663759
-12519908.105831228
-12507084.89101051
-12494754.152344668
-12491433.274020342
-12493949.618129257
-12496705.277002174
-12497610.076167746
-12497242.858889552
-12496601.607218407
-12496156.606299324
-12495960.460031673
-12495960.460031673
-12496156.60629927
-12496601.607218323
-12497242.858889565
-12497610.076167839
-12496705.277002193
-12493949.618129157
-12491433.274020212
-12494754.1523446
-12507084.89101051
-12519908.105831329
-12523108.44663776
-12525082.232223963
-12513438.520318544
-12558828.87812692
-13466640.924141046
-16591092.821048984
-20571980.208173905
-19738331.322611604
-19775914.024069443
-15826668.920313504
-16792386.940312695
-17492561.49099752
-14571299.958588032
-12281108.76215399
-11638358.955573505
-11637934.212203944
-11671779.216220373
-11682320.364592317
-11686261.776824366
-11683142.518489879
-11679235.332090449
-11678804.522750003
-11680093.437167019
-11680802.98548421
-11680579.509582052
-11680016.283708304
-11679563.13469292
-11679320.921740673
-11679229.730531996
-11679229.730532005
-11679320.921740646
-11679563.134692878
-11680016.28370832
-11680579.509582138
-11680802.985484255
-11680093.437166985
-11678804.52274997
-11679235.332090462
-11683142.518489929
-11686261.776824456
-11682320.36459244
-11671779.216220371
-11637934.212203741
-11638358.955573346
-12281108.762154117
-14571299.95858817
-17492561.49099746
-16792386.94031268
-15826668.920312967
-12472082.37198421
-13987763.957814135
-14564314.072878625
-12477913.8324609
-10857917.051301837
-10434487.776358588
-10471245.53610729
-10520190.112743443
-10538363.270946654
-10545067.044641666
-10545240.068105169
-10543730.085793937
-10543193.063181179
-10543108.96563759
-10542768.877461344
-10542246.54111482
-10541814.128440214
-10541566.504819416
-10541459.588907987
-10541425.584603831
-10541425.584603818
-10541459.588907972
-10541566.504819397
-10541814.128440239
-10542246.541114874
-10542768.87746138
-10543108.9656376
-10543193.06318119
-10543730.085793978
-10545240.068105217
-10545067.044641722
-10538363.270946724
-10520190.11274342
-10471245.536107142
-10434487.776358472
-10857917.051301895
-12477913.83246098
-14564314.07287858
-13987763.957814114
-12472082.371983824
-9585471.78260732
-11288679.36143757
-11748164.960508155
-10306057.693649596
-9209034.965506138
-8956140.90506724
-9016676.262407344
-9070851.271467632
-9090566.557171071
-9096419.480787914
-9096502.89740266
-9095068.470906049
-9093992.969140405
-9093278.39980149
-9092708.111667207
-9092292.57230446
-9092053.981715199
-9091946.668093737
-9091908.730593184
-9091898.789391356
-9091898.789391361
-9091908.73059318
-9091946.668093733
-9092053.981715212
-9092292.572304498
-9092708.11166723
-9093278.39980149
-9093992.969140416
-9095068.470906066
-9096502.897402676
-9096419.480787935
-9090566.557171112
-9070851.271467617
-9016676.262407245
-8956140.905067159
-9209034.965506162
-10306057.693649625
-11748164.960508121
-11288679.361437554
-9585471.782607125
-7088923.335151015
-8705472.76108723
-9052360.234666364
-8092728.444162795
-7386911.92824726
-7254781.34807289
-7322938.994012776
-7372664.754360649
-7389100.323232281
-7392357.954806998
-7391389.1557290675
-7389711.285352919
-7388505.812163979
-7387776.837382925
-7387347.919486034
-7387119.807577639
-7387018.577353671
-7386982.011546705
-7386971.4854155965
-7386969.284058643
-7386969.284058649
-7386971.485415591
-7386982.011546694
-7387018.577353672
-7387119.807577649
-7387347.919486035
-7387776.837382923
-7388505.812163977
-7389711.285352927
-7391389.155729067
-7392357.954806996
-7389100.323232291
-7372664.754360647
-7322938.994012726
-7254781.348072836
-7386911.928247259
-8092728.444162809
-9052360.234666344
-8705472.761087222
-7088923.335150922
-4967288.84828637
-6315855.876621804
-6558061.268880357
-5946578.681835866
-5518069.273949047
-5461446.210086414
-5523255.7003158545
-5562075.880793062
-5573009.611126868
-5573695.395308199
-5572018.1907859
-5570437.8846636405
-5569473.251908342
-5568977.352863695
-5568745.336040627
-5568649.619455391
-5568616.547015966
-5568607.103652719
-5568604.845149184
-5568604.410206805
-5568604.410206804
-5568604.845149181
-5568607.103652713
-5568616.547015962
-5568649.619455402
-5568745.336040628
-5568977.35286369
-5569473.251908338
-5570437.884663631
-5572018.190785892
-5573695.395308194
-5573009.611126875
-5562075.880793065
-5523255.700315837
-5461446.21008638
-5518069.273949041
-5946578.681835868
-6558061.268880342
-6315855.876621806
-4967288.848286329
-3247112.8888717685
-4241604.816018575
-4394862.61007509
-4025672.269804962
-3782948.2560036257
-3766939.9951285813
-3814353.2624977264
-3840315.875860093
-3845990.5342599205
-3845091.837445882
-3843369.779888489
-3842182.2352398178
-3841572.246014349
-3841309.1052212976
-3841210.514945759
-3841179.409258242
-3841171.4720683508
-3841169.6881671427
-3841169.171218688
-3841168.974510239
-3841168.9745102394
-3841169.1712186867
-3841169.6881671357
-3841171.4720683503
-3841179.4092582455
-3841210.514945759
-3841309.105221294
-3841572.246014348
-3842182.2352398164
-3843369.779888482
-3845091.8374458808
-3845990.5342599247
-3840315.875860097
-3814353.2624977194
-3766939.995128569
-3782948.2560036187
-4025672.2698049536
-4394862.610075086
-4241604.816018581
-3247112.888871757
-1923703.6702460775
-2563382.528394136
-2646339.6203648234
-2438264.997578373
-2312952.2806639625
-2315114.368525069
-2346708.0606145104
-2361616.809426337
-2363671.904434035
-2362283.124250375
-2360958.598542876
-2360225.8178711864
-2359908.0334676984
-2359794.0037819603
-2359760.4726376156
-2359752.921610097
-2359751.642530964
-2359751.263917136
-2359750.9758187546
-2359750.8161528795
-2359750.816152879
-2359750.9758187546
-2359751.2639171313
-2359751.6425309656
-2359752.9216100997
-2359760.472637616
-2359794.00378196
-2359908.0334677002
-2360225.817871187
-2360958.5985428747
-2362283.1242503715
-2363671.904434037
-2361616.8094263403
-2346708.060614507
-2315114.368525064
-2312952.280663956
-2438264.997578368
-2646339.620364821
-2563382.5283941375
-1923703.6702460744
-959420.1568804609
-1303332.0752724619
-1331981.626347917
-1221883.6202574407
-1164446.5689866473
-1172368.8781815837
-1191093.79709611
-1198507.6510982213
-1198774.0175661605
-1197599.0726061333
-1196781.9779037505
-1196404.5172108938
-1196265.9330010903
-1196225.0560183702
-1196216.0036424675
-1196214.714414336
-1196214.485449761
-1196214.2250461234
-1196214.0064000245
-1196213.9000421534
-1196213.9000421527
-1196214.0064000243
-1196214.2250461217
-1196214.4854497605
-1196214.7144143356
-1196216.0036424678
-1196225.0560183704
-1196265.9330010933
-1196404.517210894
-1196781.9779037507
-1197599.0726061328
-1198774.0175661615
-1198507.6510982239
-1191093.7970961086
-1172368.8781815802
-1164446.568986643
-1221883.6202574377
-1331981.6263479155
-1303332.0752724628
-959420.1568804622
-357669.6032987274
-498978.4600632336
-493690.87268847734
-437843.682606944
-414986.0269286422
-422689.7380213589
-432762.9212008617
-436041.6920213309
-435782.59185534733
-435055.13234467467
-434642.3460215392
-434479.4016220705
-434428.5648180044
-434416.3374411202
-434414.3387782233
-434414.0831723775
-434413.8739370622
-434413.6603331132
-434413.52655654546
-434413.47153005976
-434413.47153005976
-434413.5265565457
-434413.66033311293
-434413.8739370627
-434414.0831723777
-434414.33877822314
-434416.33744112053
-434428.56481800566
-434479.4016220717
-434642.3460215395
-435055.13234467467
-435782.59185534774
-436041.69202133117
-432762.92120086186
-422689.73802135745
-414986.0269286408
-437843.68260694295
-493690.8726884768
-498978.46006323403
-357669.6032987275
-80000.88365621415
-116541.10820948955
-101529.73586097607
-75624.35923457825
-68506.81747423112
-74031.79553214635
-79013.16907291164
-80354.16258808172
-80116.4762585494
-79766.10222063921
-79595.5436540245
-79537.09030807394
-79521.3634390538
-79518.13980450886
-79517.61329464927
-79517.40540707478
-79517.21565632625
-79517.08465957186
-79517.01972378785
-79516.99653529613
-79516.99653529626
-79517.0197237878
-79517.08465957169
-79517.21565632666
-79517.40540707484
-79517.61329464894
-79518.13980450902
-79521.36343905394
-79537.09030807405
-79595.54365402456
-79766.1022206392
-80116.47625854948
-80354.16258808177
-79013.1690729114
-74031.79553214619
-68506.81747423117
-75624.35923457821
-101529.73586097622
-116541.10820948954
-80000.8836562138
7327.580040465243
8154.113519287237
19825.605975345312
29514.06851855804
29983.298945104645
26296.29440904617
23875.96238529626
23323.564452533315
23443.00986216389
23580.498051248625
23638.521577924555
23655.882640094864
23660.170912439677
23661.150882018126
23661.465463290624
23661.654296349167
23661.775909425793
23661.839245382183
23661.865303729115
23661.873510230424
23661.87351023047
23661.865303729064
23661.839245382143
23661.77590942566
23661.65429634914
23661.465463290715
23661.150882018297
23660.17091243965
23655.88264009486
23638.521577924563
23580.498051248596
23443.00986216384
23323.564452533257
23875.96238529627
26296.29440904617
29983.298945104503
29514.06851855772
19825.605975345137
8154.113519287279
7327.580040465556
