1600
615186668.9065537
1079549939.834912
1441813175.2191875
1549461030.7269368
1589738546.185634
1575073019.0083666
1581157082.7173696
1583700523.2617266
1580894492.6961024
1581969144.1780796
1581790792.9301393
1581757600.609522
1581758923.1959555
1581773911.7935448
1581785228.8637378
1581788296.6177416
1581788030.874121
1581787594.5164104
1581787447.214681
1581787418.8661
1581787418.8661022
1581787447.214686
1581787594.5164173
1581788030.874125
1581788296.6177437
1581785228.8637376
1581773911.7935424
1581758923.1959584
1581757600.6095312
1581790792.9301507
1581969144.1780884
1580894492.696109
1583700523.2617292
1581157082.7173688
1575073019.00837
1589738546.1856387
1549461030.7269423
1441813175.2191892
1079549939.8349118
615186668.906548
508064901.78722066
-278196993.76049423
374453339.67586225
246521070.4042637
395977793.47727275
373348211.8666536
385598910.2620695
388657305.3989404
385478646.393746
385948890.839986
385802638.9392986
385817015.2274986
385837313.3484249
385852917.22800165
385862009.2267335
385864381.10821944
385864169.68024874
385863828.90338635
385863715.43417066
385863694.54316324
385863694.5431662
385863715.434172
385863828.9033982
385864169.68024236
385864381.1082172
385862009.22673774
385852917.22799945
385837313.34843487
385817015.2274987
385802638.9392974
385948890.8399924
385478646.39376247
388657305.3989242
385598910.2620705
373348211.86669564
395977793.4772408
246521070.4042722
374453339.675854
-278196993.7604757
508064901.7872214
149814303.85689014
201796592.568356
374520638.4699958
414687473.3218847
456310005.1773682
464534386.44144666
469643157.23004484
470536329.16748637
469641260.42050445
469355080.41585445
469362055.0027655
469441683.81065
469477441.05610436
469489084.40961
469493455.9753084
469494465.63953066
469494321.151757
469494146.0918418
469494091.1863604
469494082.23424727
469494082.23424834
469494091.18636227
469494146.091845
469494321.1517576
469494465.6395302
469493455.975308
469489084.4096093
469477441.0561069
469441683.8106543
469362055.0027715
469355080.4158597
469641260.42050844
470536329.1674894
469643157.2300479
464534386.4414508
456310005.17736995
414687473.321888
374520638.469997
201796592.5683597
149814303.856893
-130025328.31248629
-31957356.41771043
-85689331.60638678
-25675381.56875752
-24190900.525354452
-6914111.614243879
-8322800.585938475
-10453061.859608743
-10864580.240036871
-11270482.357233353
-11141387.064099278
-11035804.72953505
-11004015.843593648
-11001097.198430862
-11001769.413355384
-11001903.037622219
-11001869.516359469
-11001848.973487781
-11001841.18071446
-11001838.514167784
-11001838.514168525
-11001841.180714518
-11001848.973490257
-11001869.516360326
-11001903.037623713
-11001769.413356977
-11001097.198429964
-11004015.843593901
-11035804.729532763
-11141387.064095939
-11270482.357231425
-10864580.240037184
-10453061.859606057
-8322800.585935198
-6914111.614244942
-24190900.525349405
-25675381.5687589
-85689331.60638529
-31957356.41770981
-130025328.31248352
-208039629.47311774
-249923953.6882126
-353563402.0373336
-343284605.49040234
-346883350.28623044
-340904621.1294816
-345031437.95290023
-347804537.6394518
-348239985.18842554
-348246510.6841223
-348050104.2990526
-347960355.1886172
-347945172.103265
-347951025.7119826
-347955202.7988724
-347955904.5946075
-347955640.6671086
-347955455.19450796
-347955399.74427587
-347955389.1467911
-347955389.14679253
-347955399.74427855
-347955455.1945119
-347955640.6671118
-347955904.59460884
-347955202.7988725
-347951025.7119812
-347945172.10326594
-347960355.1886191
-348050104.29905504
-348246510.6841247
-348239985.18842745
-347804537.6394519
-345031437.9528989
-340904621.12948173
-346883350.28622985
-343284605.49040437
-353563402.03733367
-249923953.68821383
-208039629.47311583
-201355489.20658383
-326286500.6244256
-426805782.0097591
-449416077.7239378
-449551925.5276229
-450622563.5955687
-454588613.3835989
-456610321.9019655
-456722728.68284655
-456413821.2755594
-456237525.7430357
-456190586.52000767
-456192698.60916215
-456203811.4126874
-456209585.417465
-456210434.7088418
-456209984.7542264
-456209692.86349326
-456209608.75769544
-456209593.6936384
-456209593.69363946
-456209608.75769824
-456209692.86349654
-456209984.7542292
-456210434.7088428
-456209585.417465
-456203811.41268677
-456192698.60916376
-456190586.52001256
-456237525.7430429
-456413821.27556574
-456722728.6828503
-456610321.90196705
-454588613.38359666
-450622563.59556574
-449551925.5276234
-449416077.72394043
-426805782.0097605
-326286500.6244263
-201355489.20658156
-201933171.93001854
-351703070.9802988
-458125232.2846756
-490603940.28917015
-490273622.60205287
-491578483.6793007
-493946551.8897553
-494716034.5756942
-494363913.87449026
-494001459.87517434
-493907674.17701733
-493905620.52890354
-493918515.66047937
-493931348.58685035
-493937566.8450833
-493938430.8053383
-493937879.12644804
-493937531.67520034
-493937432.49313337
-493937414.9514578
-493937414.9514582
-493937432.4931346
-493937531.67520183
-493937879.12644917
-493938430.80533874
-493937566.84508264
-493931348.5868503
-493918515.6604813
-493905620.52890867
-493907674.1770251
-494001459.87518114
-494363913.87449515
-494716034.5756943
-493946551.8897524
-491578483.67929626
-490273622.60205436
-490603940.28917325
-458125232.28467804
-351703070.98029995
-201933171.9300158
-212375126.92018062
-365447022.40423435
-479708871.06366503
-513518738.5838112
-513335223.8872872
-512842490.8634899
-513766219.83201826
-513744594.48697025
-513205773.24206936
-512934576.20733327
-512921116.86513114
-512946311.898101
-512962710.2562125
-512975416.84512514
-512981681.97217864
-512982563.2700221
-512981976.1309951
-512981605.8022902
-512981499.8281586
-512981481.01275027
-512981481.01275104
-512981499.8281589
-512981605.80229
-512981976.13099533
-512982563.2700218
-512981681.97217923
-512975416.84512496
-512962710.25621337
-512946311.898104
-512921116.86513585
-512934576.20733726
-513205773.24207246
-513744594.48697007
-513766219.8320152
-512842490.8634875
-513335223.88729095
-513518738.5838161
-479708871.0636674
-365447022.4042348
-212375126.92017683
-216218825.22174093
-365155748.77568334
-480237763.08684593
-512700049.27245975
-512119609.0497346
-510573710.7035017
-510914300.0061982
-510699598.53396606
-510201548.82713646
-510023617.8581237
-510052543.94125336
-510086714.0194213
-510102858.30026674
-510115012.4957593
-510121193.73357487
-510122079.5328643
-510121490.4854366
-510121117.29832333
-510121010.25346535
-510120991.17472976
-510120991.17473036
-510121010.25346625
-510121117.29832375
-510121490.48543686
-510122079.5328627
-510121193.7335733
-510115012.4957576
-510102858.30026567
-510086714.0194217
-510052543.9412552
-510023617.85812545
-510201548.8271374
-510699598.5339654
-510914300.0061959
-510573710.70350146
-512119609.0497385
-512700049.2724644
-480237763.0868483
-365155748.77568436
-216218825.22173715
-208228264.35783175
-346341843.08039725
-454621890.5345178
-484148378.60519975
-483240824.63989127
-481664674.7067713
-482032565.1855489
-481894248.3472512
-481484920.6635109
-481358022.37977004
-481399537.5643248
-481433995.1363785
-481449178.8713956
-481460705.56535184
-481466596.49726045
-481467421.7884458
-481466845.4214229
-481466484.2866371
-481466380.9970533
-481466362.5940345
-481466362.59403557
-481466380.9970547
-481466484.2866393
-481466845.4214236
-481467421.7884458
-481466596.4972596
-481460705.56535053
-481449178.87139505
-481433995.13637924
-481399537.5643268
-481358022.3797725
-481484920.6635124
-481894248.34725183
-482032565.1855482
-481664674.7067704
-483240824.6398946
-484148378.605203
-454621890.5345195
-346341843.080398
-208228264.3578282
-188791319.17778346
-309344542.6725025
-404734387.74262786
-429915472.0204229
-428881201.2973645
-427715742.5337045
-428247501.43292975
-428194569.8684409
-427850241.7006128
-427748032.8617506
-427789954.55745345
-427822212.5456906
-427836380.3078719
-427846966.1123326
-427852261.8072918
-427852945.0577259
-427852392.69837046
-427852057.2129406
-427851962.0894221
-427851945.2081636
-427851945.20816463
-427851962.08942384
-427852057.2129429
-427852392.69837165
-427852945.0577265
-427852261.8072915
-427846966.1123325
-427836380.30787235
-427822212.5456924
-427789954.55745655
-427748032.86175364
-427850241.70061517
-428194569.8684421
-428247501.432929
-427715742.53370404
-428881201.2973672
-429915472.02042603
-404734387.74262935
-309344542.67250305
-188791319.1777799
-159071938.70813423
-256284232.8058241
-333847718.5829843
-353215443.38682634
-351910000.728402
-351122007.87985915
-351719159.88166696
-351697231.6326183
-351403810.7001552
-351321133.2435733
-351360559.54244196
-351389814.78516954
-351402684.4215746
-351411895.18683827
-351416316.3574277
-351416796.9986678
-351416282.2457039
-351415984.6362412
-351415901.44117963
-351415886.77780926
-351415886.7778099
-351415901.4411809
-351415984.63624275
-351416282.2457051
-351416796.9986687
-351416316.35742795
-351411895.1868381
-351402684.42157555
-351389814.7851717
-351360559.5424455
-351321133.24357647
-351403810.7001578
-351697231.6326192
-351719159.8816663
-351122007.87985843
-351910000.72840434
-353215443.386829
-333847718.5829856
-256284232.80582452
-159071938.70813078
-122090532.22354308
-192617866.60731658
-249243877.41841725
-261714780.8717584
-259815977.80650318
-259201492.58405045
-259740756.7949965
-259720359.65108594
-259484150.93813294
-259425777.83268297
-259463091.3099238
-259489063.06498644
-259500354.34204587
-259507875.0609104
-259511254.7194576
-259511507.56342784
-259511044.52128777
-259510793.89831963
-259510725.2398398
-259510713.25892678
-259510713.258927
-259510725.23984137
-259510793.89832127
-259511044.52128908
-259511507.56342876
-259511254.7194582
-259507875.0609107
-259500354.3420468
-259489063.0649882
-259463091.3099266
-259425777.83268556
-259484150.93813464
-259720359.65108648
-259740756.79499614
-259201492.58405048
-259815977.80650544
-261714780.8717607
-249243877.4184183
-192617866.6073169
-122090532.22354032
-83517573.46633305
-127938741.1647336
-163598138.76333356
-169179753.33555347
-166521072.09837985
-165889296.72964883
-166287665.48156533
-166263934.73913598
-166095505.05632177
-166066279.7390514
-166102456.26353586
-166125150.4412566
-166134691.09912482
-166140393.88403216
-166142701.13660604
-166142738.32827535
-166142338.9110648
-166142139.76544467
-166142086.68462953
-166142077.5501058
-166142077.55010602
-166142086.68463013
-166142139.76544538
-166142338.9110655
-166142738.32827568
-166142701.1366061
-166140393.88403195
-166134691.09912494
-166125150.44125733
-166102456.26353708
-166066279.73905244
-166095505.05632257
-166263934.73913622
-166287665.48156503
-165889296.72964907
-166521072.09838164
-169179753.33555534
-163598138.76333445
-127938741.16473381
-83517573.46633105
-50205067.614751674
-73314220.44585037
-91501765.40877812
-91604467.40449932
-88373802.5028171
-87639919.41091414
-87869493.82758233
-87848663.15389752
-87750624.00164822
-87750059.28150608
-87785038.64182074
-87804340.29613498
-87811970.48267826
-87815893.81068152
-87817228.05558762
-87817096.03134504
-87816768.49008092
-87816620.21152122
-87816582.0768504
-87816575.63653071
-87816575.63653094
-87816582.07685071
-87816620.21152155
-87816768.49008116
-87817096.03134514
-87817228.0555874
-87815893.81068115
-87811970.48267797
-87804340.29613505
-87785038.64182103
-87750059.28150645
-87750624.00164843
-87848663.1538976
-87869493.82758224
-87639919.41091444
-88373802.50281827
-91604467.40450048
-91501765.40877846
-73314220.4458506
-50205067.61475038
-27201302.060014933
-36463169.22075715
-43096733.486039475
-40126572.80528884
-36839432.750919156
-36063490.03122807
-36161084.29297438
-36156838.18176243
-36121431.001810126
-36142764.762277745
-36174885.253678836
-36190359.39829255
-36195913.51712278
-36198241.18132552
-36198805.38325132
-36198574.015544415
-36198321.78743928
-36198219.22029154
-36198193.99128267
-36198189.833263025
-36198189.83326307
-36198193.991282776
-36198219.22029162
-36198321.78743934
-36198574.015544325
-36198805.3832511
-36198241.18132518
-36195913.5171225
-36190359.39829247
-36174885.253678955
-36142764.76227786
-36121431.00181021
-36156838.181762494
-36161084.29297433
-36063490.03122825
-36839432.75091984
-40126572.805289425
-43096733.48603959
-36463169.22075723
-27201302.06001407
-15147798.931977155
-17884252.95668556
-19001426.691035658
-15354121.92162526
-12582257.554705301
-11912536.571465038
-11957595.167724635
-11984537.164246147
-11995857.921102481
-12028327.443772975
-12055001.10498064
-12066140.895418206
-12069576.681107143
-12070622.682868473
-12070675.0443623
-12070418.466704821
-12070238.870802632
-12070173.65575807
-12070158.44163421
-12070156.0092492
-12070156.009249214
-12070158.44163422
-12070173.655758064
-12070238.870802635
-12070418.466704786
-12070675.04436221
-12070622.682868326
-12069576.681107048
-12066140.895418206
-12055001.104980692
-12028327.443773018
-11995857.921102494
-11984537.16424614
-11957595.167724583
-11912536.571465058
-12582257.554705579
-15354121.9216255
-19001426.69103562
-17884252.956685532
-15147798.93197662
-10528658.18408082
-11568634.078303207
-11259502.829114208
-8387297.502588451
-6436039.605065895
-5985440.611258823
-6045758.8171694875
-6106392.490133005
-6143825.834670067
-6176444.235831489
-6195582.776885436
-6202311.9086481845
-6203869.304305895
-6204041.0982266255
-6203835.073602476
-6203611.159316527
-6203494.916121477
-6203457.277371055
-6203449.009216485
-6203447.734451373
-6203447.73445135
-6203449.009216448
-6203457.277371041
-6203494.916121514
-6203611.15931655
-6203835.073602479
-6204041.098226598
-6203869.304305885
-6202311.908648215
-6195582.776885458
-6176444.235831499
-6143825.834670071
-6106392.490132981
-6045758.817169398
-5985440.61125877
-6436039.60506598
-8387297.502588521
-11259502.829114137
-11568634.078303145
-10528658.18408048
-8783307.701315356
-10009867.724165237
-9917248.165742338
-8144304.974964779
-6959463.151888407
-6731041.560515662
-6824520.572437086
-6903747.284492505
-6947001.135922317
-6972099.367521798
-6983321.769787438
-6986313.88484244
-6986531.888261757
-6986250.993914617
-6985982.242927403
-6985820.267353032
-6985753.041416628
-6985733.599106315
-6985729.600309629
-6985729.008985864
-6985729.008985849
-6985729.60030959
-6985733.599106289
-6985753.041416651
-6985820.267353063
-6985982.242927401
-6986250.993914607
-6986531.888261756
-6986313.884842459
-6983321.769787441
-6972099.367521786
-6947001.135922328
-6903747.284492478
-6824520.572437
-6731041.560515575
-6959463.151888395
-8144304.974964776
-9917248.165742273
-10009867.724165194
-8783307.701315172
-7201200.6001341175
-8699135.038443597
-8942032.48387912
-7966244.37609891
-7303129.391626816
-7221573.042899847
-7326271.979532381
-7401596.4677812895
-7436575.581371479
-7451532.498718207
-7456330.999884703
-7456844.325221997
-7456381.441159694
-7455983.90450961
-7455763.2982618185
-7455664.733919269
-7455630.563567601
-7455621.708601038
-7455620.010538419
-7455619.770845256
-7455619.770845246
-7455620.010538397
-7455621.708601022
-7455630.563567608
-7455664.733919282
-7455763.298261815
-7455983.904509593
-7456381.441159697
-7456844.325222007
-7456330.999884695
-7451532.498718195
-7436575.581371478
-7401596.467781278
-7326271.979532325
-7221573.042899776
-7303129.391626788
-7966244.3760989
-8942032.48387908
-8699135.038443584
-7201200.600134027
-5275897.686326274
-6658111.037360121
-6958132.752900566
-6413028.779677829
-6044089.779409943
-6029850.095507071
-6118861.129602603
-6175182.69797448
-6196902.0838083895
-6203341.701989322
-6204191.568729086
-6203552.160592037
-6202943.053994362
-6202618.065834221
-6202479.011521485
-6202428.480478251
-6202413.448056622
-6202409.944553762
-6202409.319895964
-6202409.236054617
-6202409.236054612
-6202409.31989595
-6202409.944553751
-6202413.448056621
-6202428.480478259
-6202479.01152148
-6202618.065834214
-6202943.053994361
-6203552.160592038
-6204191.568729083
-6203341.701989317
-6196902.083808394
-6175182.697974477
-6118861.129602573
-6029850.095507029
-6044089.7794099245
-6413028.779677822
-6958132.752900549
-6658111.03736012
-5275897.686326236
-3416064.7116518994
-4448057.793970364
-4651184.345119222
-4326321.120246279
-4118100.8106785263
-4125376.6352245104
-4187387.342287486
-4222111.650972209
-4232579.507993147
-4233936.749375589
-4233119.554643915
-4232266.654153733
-4231792.901060892
-4231593.667548464
-4231523.026654937
-4231501.299274013
-4231495.652446408
-4231494.462456066
-4231494.265181527
-4231494.2400510395
-4231494.2400510395
-4231494.26518152
-4231494.462456062
-4231495.652446415
-4231501.29927402
-4231523.026654937
-4231593.667548465
-4231792.901060893
-4232266.654153734
-4233119.554643913
-4233936.749375585
-4232579.507993151
-4222111.650972217
-4187387.3422874818
-4125376.635224494
-4118100.8106785202
-4326321.120246275
-4651184.345119217
-4448057.79397037
-3416064.7116518873
-1951192.9821450852
-2603707.0783822015
-2700742.466063243
-2505829.020379271
-2392516.350080444
-2403884.0816805298
-2441436.327122552
-2459704.7012858605
-2463411.00191797
-2462717.578086544
-2461649.551076087
-2461011.7215731763
-2460734.521282397
-2460637.183429646
-2460607.8922446505
-2460600.1126979175
-2460598.313393727
-2460597.9651564
-2460597.910865494
-2460597.904257414
-2460597.904257413
-2460597.9108654927
-2460597.965156401
-2460598.3133937283
-2460600.112697919
-2460607.892244651
-2460637.1834296444
-2460734.5212823977
-2461011.7215731745
-2461649.551076086
-2462717.5780865415
-2463411.0019179736
-2459704.7012858633
-2441436.32712255
-2403884.0816805223
-2392516.350080442
-2505829.0203792676
-2700742.466063244
-2603707.078382204
-1951192.982145082
-952999.3052752012
-1299656.5599260004
-1328188.8513689318
-1218173.4508906365
-1162597.5436810253
-1172984.6920169878
-1193529.17682222
-1201923.7591443043
-1202624.754988539
-1201614.9853770297
-1200854.240427115
-1200497.9486280745
-1200368.469317579
-1200329.9184455913
-1200320.016833247
-1200317.6987047293
-1200317.1994167855
-1200317.1054442544
-1200317.0909493484
-1200317.0892031442
-1200317.089203145
-1200317.0909493486
-1200317.1054442544
-1200317.199416786
-1200317.6987047293
-1200320.0168332467
-1200329.9184455913
-1200368.469317579
-1200497.9486280754
-1200854.2404271127
-1201614.985377029
-1202624.7549885407
-1201923.7591443069
-1193529.1768222202
-1172984.6920169871
-1162597.543681024
-1218173.4508906356
-1328188.8513689311
-1299656.5599260007
-952999.3052752005
-364418.29308702756
-508984.1940114198
-504195.58304394985
-447611.55555305065
-424579.7691744149
-432615.9693658758
-443007.7468988264
-446445.56855534465
-446251.18478059414
-445549.41819218674
-445146.6043938715
-444988.0819016418
-444938.99659590115
-444926.6068062844
-444923.8676500565
-444923.2609755942
-444923.1210968415
-444923.0917669107
-444923.0868569827
-444923.08623914793
-444923.0862391481
-444923.0868569828
-444923.0917669104
-444923.12109684176
-444923.26097559417
-444923.8676500563
-444926.6068062838
-444938.99659590115
-444988.08190164145
-445146.60439387057
-445549.4181921864
-446251.18478059454
-446445.5685553459
-443007.74689882697
-432615.9693658753
-424579.7691744147
-447611.5555530502
-504195.5830439497
-508984.1940114201
-364418.2930870275
-83235.81806367695
-121441.08886501296
-106872.07835573243
-80928.40814975055
-73775.18148337271
-79298.77839050704
-84254.34361394682
-85563.06415665823
-85311.43486217712
-84959.99445170471
-84791.25301318041
-84734.23248400903
-84719.08742292791
-84715.80609048101
-84715.12485980737
-84714.94503739142
-84714.89156367315
-84714.87848756376
-84714.87614464668
-84714.87584276823
-84714.87584276815
-84714.87614464671
-84714.87848756353
-84714.89156367311
-84714.94503739146
-84715.12485980733
-84715.80609048101
-84719.08742292784
-84734.23248400903
-84791.25301318025
-84959.99445170465
-85311.43486217732
-85563.0641566587
-84254.343613947
-79298.77839050701
-73775.18148337268
-80928.40814975064
-106872.0783557325
-121441.08886501295
-83235.81806367688
8285.444468804682
9443.70862953642
21345.694761795043
31362.461685230963
32184.759602398382
28771.29090173522
26490.1363426246
25979.960047522414
26103.310448586464
26238.009648078194
26294.31710629886
26310.91125725849
26314.83979816662
26315.67829374489
26315.903840242256
26315.98742615997
26316.01550988546
26316.02243184857
26316.023648801423
26316.023802249594
26316.02380224967
26316.02364880146
26316.02243184864
26316.015509885463
26315.98742615998
26315.903840242307
26315.67829374499
26314.839798166606
26310.911257258427
26294.31710629886
26238.009648078198
26103.31044858644
25979.960047522276
26490.13634262455
28771.290901735218
32184.759602398197
31362.461685230668
21345.69476179495
9443.708629536468
8285.44446880486
14948.435842037281
21822.499931864742
27569.66855726405
30236.324314549616
29279.324792705087
27366.700002386515
26328.473153956707
26099.975763322116
26130.461159298226
26169.038222617874
26183.83952083929
26187.929226361026
26188.99487017162
26189.320793134044
26189.44657963216
26189.49522759308
26189.510269762915
26189.51370270987
26189.514274041965
26189.514343393133
26189.514343393115
26189.514274041976
26189.513702709817
26189.510269762828
26189.495227593026
26189.446579632146
26189.32079313405
26188.99487017158
26187.92922636097
26183.8395208392
26169.03822261781
26130.461159298182
26099.975763322098
26328.47315395676
27366.700002386482
29279.324792705
30236.324314549485
27569.668557263994
21822.499931864775
14948.435842037452
2876.2287307486013
5909.745473602754
7171.692467840819
7114.245505498235
6105.438917609217
5127.453839441185
4655.516059037872
4539.189234038738
4535.330328858973
4542.769511510567
4546.036093107151
4547.186623377697
4547.651006517616
4547.846516084151
4547.923191943828
4547.9491853035715
4547.956265193853
4547.9577424131985
4547.957973904717
4547.958000882055
4547.958000882054
4547.9579739047285
4547.957742413172
4547.956265193836
4547.94918530354
4547.923191943839
4547.846516084168
4547.6510065176335
4547.186623377694
4546.036093107148
4542.769511510548
4535.330328858977
4539.1892340387685
4655.516059037915
5127.453839441203
6105.438917609192
7114.245505498169
7171.692467840809
5909.7454736028
2876.228730748711
-3436.0825200450245
-3357.019349470235
-3832.196225088087
-4433.638385103099
-5064.501621072966
-5519.951116779524
-5730.413325715183
-5789.2022268476885
-5796.988262286601
-5796.078758643346
-5795.065050102363
-5794.494389283175
-5794.214213983042
-5794.09894118871
-5794.058930756909
-5794.047155852604
-5794.044303484504
-5794.0437564901285
-5794.043675625959
-5794.0436665745
-5794.043666574485
-5794.043675625949
-5794.043756490122
-5794.044303484516
-5794.047155852618
-5794.058930756906
-5794.098941188693
-5794.214213983046
-5794.494389283176
-5795.065050102364
-5796.0787586433435
-5796.9882622865925
-5789.202226847676
-5730.413325715155
-5519.9511167795
-5064.5016210729755
-4433.638385103114
-3832.1962250880674
-3357.0193494702194
-3436.08252004498
-3400.1730967755666
-4019.43924828115
-4612.4892097217535
-5028.660817180197
-5327.76790556344
-5518.848496242256
-5607.232013162158
-5633.350886354922
-5637.175502799527
-5636.644707473726
-5635.986172739304
-5635.624852253258
-5635.466722212135
-5635.409571261528
-5635.392161842229
-5635.387633920318
-5635.386644782201
-5635.386469311393
-5635.386444781529
-5635.386442142501
-5635.386442142499
-5635.386444781527
-5635.386469311389
-5635.386644782206
-5635.387633920321
-5635.39216184223
-5635.409571261522
-5635.466722212133
-5635.624852253255
-5635.986172739291
-5636.644707473718
-5637.175502799525
-5633.35088635492
-5607.232013162132
-5518.848496242229
-5327.767905563419
-5028.660817180185
-4612.489209721735
-4019.439248281131
-3400.1730967755425
-1690.7263293665987
-2087.765921161389
-2388.8830240100706
-2567.367988500731
-2681.062373976634
-2752.588731851047
-2785.977991711401
-2795.341035530481
-2796.06653515044
-2795.3870873544834
-2794.9292443544623
-2794.7262302211325
-2794.65103259343
-2794.6272933532005
-2794.6208717100444
-2794.6193732889005
-2794.6190750897067
-2794.6190259278087
-2794.61901941929
-2794.6190187461634
-2794.6190187461625
-2794.6190194192873
-2794.6190259278055
-2794.6190750897076
-2794.6193732888987
-2794.6208717100435
-2794.627293353195
-2794.65103259343
-2794.7262302211316
-2794.9292443544596
-2795.3870873544797
-2796.0665351504394
-2795.341035530476
-2785.9779917113915
-2752.588731851032
-2681.0623739766224
-2567.3679885007227
-2388.883024010062
-2087.765921161385
-1690.726329366593
-567.7753817158389
-712.58331877485
-811.8390008288
-867.1128785391419
-903.1994724284702
-927.0292484043517
-937.8569590430592
-940.2146583191408
-939.8281817131639
-939.2936547134293
-939.0346549598585
-938.9394696718725
-938.9092260685605
-938.9008051935497
-938.8987612911967
-938.8983291138491
-938.8982502495815
-938.8982381341191
-938.8982366144597
-938.8982364634359
-938.8982364634354
-938.8982366144597
-938.898238134118
-938.8982502495807
-938.8983291138487
-938.8987612911961
-938.9008051935486
-938.9092260685611
-938.9394696718723
-939.0346549598574
-939.2936547134283
-939.8281817131643
-940.2146583191403
-937.8569590430557
-927.0292484043466
-903.199472428465
-867.1128785391395
-811.839000828798
-712.5833187748491
-567.7753817158376
-139.1787736717082
-174.90201941062435
-198.00257133773067
-211.31470793923327
-221.4240036230247
-228.42979061841473
-231.21572243245606
-231.3742955318749
-230.91435779815512
-230.61255937013726
-230.49296678491555
-230.45519604401727
-230.44471995112303
-230.4421242439605
-230.44155494936328
-230.44144517125127
-230.44142672899284
-230.44142408584506
-230.44142377188493
-230.4414237419295
-230.44142374192953
-230.44142377188498
-230.44142408584503
-230.44142672899298
-230.4414451712514
-230.4415549493631
-230.44212424396082
-230.44471995112363
-230.45519604401738
-230.49296678491513
-230.61255937013672
-230.9143577981555
-231.37429553187584
-231.21572243245586
-228.42979061841402
-221.42400362302408
-211.3147079392331
-198.00257133773113
-174.90201941062477
-139.1787736717084
-25.694155142104638
-31.826989491698733
-35.75983565460715
-38.54945378298191
-41.17083434314506
-42.90203223284889
-43.335085537635685
-43.098303530373585
-42.82627025247001
-42.69119132058312
-42.64477716295951
-42.63184800869269
-42.62867272221948
-42.627967730522315
-42.62782734495085
-42.62780255222892
-42.627798708044374
-42.627798193883194
-42.627798136086376
-42.62779813079104
-42.627798130790964
-42.62779813608644
-42.627798193883194
-42.6277987080444
-42.627802552228964
-42.6278273449509
-42.62796773052242
-42.6286727222197
-42.631848008692785
-42.64477716295944
-42.69119132058309
-42.82627025247033
-43.098303530374146
-43.33508553763605
-42.90203223284911
-41.170834343145266
-38.54945378298226
-35.75983565460765
-31.826989491699173
-25.69415514210491
-3.615095128949092
-4.362732468710368
-4.927646858525271
-5.5355106866396495
-6.151626960245136
-6.454028787914236
-6.3994747827875225
-6.227487901932807
-6.108138409806598
-6.05785586441418
-6.042388801872286
-6.0385155150544385
-6.03766278452356
-6.0374920268753485
-6.037461022493723
-6.037455988778971
-6.037455266500219
-6.0374551761924895
-6.037455166546732
-6.037455165686045
-6.037455165686048
-6.037455166546743
-6.037455176192499
-6.037455266500231
-6.037455988778978
-6.037461022493711
-6.037492026875371
-6.037662784523609
-6.03851551505448
-6.0423888018722955
-6.057855864414208
-6.1081384098067195
-6.227487901932994
-6.399474782787724
-6.454028787914434
-6.151626960245322
-5.535510686639866
-4.927646858525477
-4.362732468710509
-3.6150951289491475
-0.3832769147940495
-0.4893539895288455
-0.6085583812515906
-0.7580081591237192
-0.8720968623716514
-0.8768054459728094
-0.8015493963146659
-0.7248367420363259
-0.682306535384194
-0.6663484009435791
-0.6618619758387952
-0.6608358564252235
-0.6606307671171138
-0.6605934134837148
-0.6605871912963498
-0.6605862570974069
-0.6605861321726304
-0.6605861173743461
-0.6605861158165247
-0.6605861156675386
-0.6605861156675409
-0.6605861158165278
-0.6605861173743466
-0.6605861321726281
-0.6605862570974002
-0.6605871912963361
-0.6605934134837034
-0.6606307671171102
-0.6608358564252221
-0.6618619758387895
-0.6663484009435748
-0.6823065353842035
-0.7248367420363504
-0.8015493963147037
-0.8768054459728568
-0.8720968623716994
-0.7580081591237625
-0.6085583812516182
-0.48935398952884823
-0.3832769147940286
-0.027611213628533072
-0.06995603140042779
-0.11365524131430968
-0.15006418355087423
-0.15944639385248627
-0.1364649154945509
-0.10113785623787162
-0.0747174713087862
-0.06196390178024298
-0.057584816197241824
-0.05644144895457094
-0.05619889790272798
-0.056154195892485013
-0.05614669100489025
-0.056145531647934864
-0.05614536897009212
-0.05614534833876221
-0.056145345911218156
-0.05614534562533379
-0.05614534558844439
-0.05614534558844471
-0.056145345625333895
-0.05614534591121748
-0.05614534833876046
-0.056145368970088705
-0.05614553164792938
-0.05614669100488382
-0.05615419589247898
-0.056198897902722394
-0.05644144895456392
-0.0575848161972315
-0.061963901780229064
-0.0747174713087707
-0.10113785623785783
-0.1364649154945402
-0.15944639385247528
-0.15006418355086007
-0.11365524131429099
-0.06995603140040595
-0.027611213628510912
-0.00026132867659872324
-0.019354918854107832
-0.035066810714925026
-0.042609736040378605
-0.03903235166813452
-0.02763787297549982
-0.015846306973859477
-0.00836435599806536
-0.00508931308669124
-0.004040758457408693
-0.0037826207205681273
-0.003730880310130439
-0.0037218803864389935
-0.0037204542778837687
-0.0037202467279240873
-0.0037202196247672196
-0.003720216506348014
-0.003720216178916318
-0.0037202161414335
-0.003720216135529327
-0.0037202161355293964
-0.0037202161414335686
-0.0037202161789162526
-0.0037202165063478245
-0.003720219624766823
-0.003720246727923175
-0.003720454277882175
-0.0037218803864368494
-0.00373088031012775
-0.00378262072056417
-0.004040758457402107
-0.00508931308668111
-0.008364355998052223
-0.01584630697384489
-0.027637872975485027
-0.039032351668119296
-0.0426097360403629
-0.03506681071490954
-0.019354918854094072
-0.00026132867658800363
0.0003998877644498379
-0.006147274449964529
-0.010774774885971955
-0.011972755626978863
-0.009835645809112429
-0.006161735827008405
-0.0030036360717191897
-0.0012070028725881053
-0.00047759627151508217
-0.0002568470612129125
-0.00020482437966754902
-0.0001947213876443185
-0.00019299303564012475
-0.00019272163267602808
-0.00019268423186901893
-0.00019268074580451578
-0.0001926809463394835
-0.0001926811604839318
-0.0001926812297701986
-0.00019268124560736845
-0.00019268124560737314
-0.0001926812297702077
-0.00019268116048395994
-0.0001926809463395771
-0.00019268074580466792
-0.00019268423186910406
-0.00019272163267587211
-0.00019299303563961824
-0.00019472138764336242
-0.0002048243796658641
-0.0002568470612100181
-0.00047759627151059943
-0.0012070028725820897
-0.0030036360717121007
-0.006161735827000785
-0.009835645809104659
-0.011972755626971292
-0.01077477488596513
-0.006147274449959063
0.00039988776445357973
