1600
1.960835873258527e+17
2.6049867263554826e+17
2.5022130482345005e+17
2.2191121588558256e+17
2.1525749085923638e+17
2.306062595319304e+17
2.4400452875247075e+17
2.4864121892738518e+17
2.4849381706891763e+17
2.4766499270262928e+17
2.4743149744756845e+17
2.4746780558328394e+17
2.475155104911945e+17
2.4752176715380755e+17
2.4751685313914432e+17
2.4751085287549658e+17
2.475107218276786e+17
2.475129658465079e+17
2.4751538231681654e+17
2.4751673992119987e+17
2.4751673992120288e+17
2.4751538231682298e+17
2.475129658465127e+17
2.4751072182767936e+17
2.4751085287549453e+17
2.4751685313914435e+17
2.4752176715381155e+17
2.4751551049120086e+17
2.4746780558328858e+17
2.4743149744756944e+17
2.476649927026262e+17
2.484938170689138e+17
2.486412189273844e+17
2.4400452875246966e+17
2.3060625953192195e+17
2.1525749085921523e+17
2.2191121588554813e+17
2.5022130482341123e+17
2.6049867263551363e+17
1.960835873258302e+17
3.448247801084965e+16
-1.0324298186312355e+18
3.0645918813966694e+17
-4.533106673690775e+17
-1.2271966505428842e+17
-2.6296888489482403e+17
-2.179497290852394e+17
-2.2447619640143664e+17
-2.2439769652033472e+17
-2.2631307673632714e+17
-2.264589274546301e+17
-2.2598370296774182e+17
-2.265215277700499e+17
-2.2599421089567005e+17
-2.2623315535984298e+17
-2.2611914078609133e+17
-2.2616743014180806e+17
-2.2614584535172016e+17
-2.2615743880370122e+17
-2.261522003840794e+17
-2.261522003840745e+17
-2.2615743880371315e+17
-2.2614584535173456e+17
-2.2616743014180256e+17
-2.2611914078608912e+17
-2.2623315535983744e+17
-2.259942108956811e+17
-2.265215277700547e+17
-2.259837029677514e+17
-2.2645892745463085e+17
-2.2631307673633542e+17
-2.2439769652031917e+17
-2.24476196401423e+17
-2.1794972908526653e+17
-2.629688848948107e+17
-1.2271966505427262e+17
-4.533106673690636e+17
3.064591881396698e+17
-1.032429818631105e+18
3.448247801085747e+16
-1.034393588447532e+17
-9.155462974264693e+16
-1.1310696758754373e+17
-7.753748246271434e+16
-4.9070890012736344e+16
-3.4286472050941716e+16
-2.800394741825852e+16
-2.8547857848122572e+16
-2.928784558795081e+16
-3.0345303133178324e+16
-3.0448794426589252e+16
-3.0435760780060316e+16
-3.036281254859503e+16
-3.0339111840381704e+16
-3.033972338100898e+16
-3.033933673756412e+16
-3.0340880808045652e+16
-3.0339027726336828e+16
-3.0339009160071376e+16
-3.033842180114373e+16
-3.0338421801143828e+16
-3.0339009160072284e+16
-3.0339027726338868e+16
-3.0340880808046788e+16
-3.0339336737565064e+16
-3.0339723381011588e+16
-3.0339111840384356e+16
-3.036281254859912e+16
-3.0435760780063304e+16
-3.0448794426590252e+16
-3.034530313317794e+16
-2.9287845587949692e+16
-2.8547857848120664e+16
-2.8003947418260828e+16
-3.4286472050945356e+16
-4.9070890012729096e+16
-7.753748246269736e+16
-1.1310696758751374e+17
-9.155462974261875e+16
-1.0343935884472211e+17
-8.825848144693896e+16
-4.349509917571095e+16
-9.735578871782675e+16
-1542541050612924.8
4985256477572646.0
3.1162007784829776e+16
3.1135281428452956e+16
2.9734754050825916e+16
2.965723812345983e+16
2.9246100896247092e+16
2.933913681213216e+16
2.9332987290685404e+16
2.9459720468159396e+16
2.9413436899469324e+16
2.943699904411556e+16
2.941905126471365e+16
2.9422469673066412e+16
2.942088556322675e+16
2.9422411282557508e+16
2.9421976453203932e+16
2.9421976453202976e+16
2.942241128255689e+16
2.9420885563224944e+16
2.94224696730659e+16
2.941905126471404e+16
2.9436999044112372e+16
2.941343689946724e+16
2.9459720468155024e+16
2.9332987290683156e+16
2.9339136812132904e+16
2.9246100896249816e+16
2.9657238123461668e+16
2.9734754050825212e+16
3.1135281428449136e+16
3.116200778482265e+16
4985256477580276.0
-1542541050594377.0
-9.735578871779706e+16
-4.349509917568105e+16
-8.825848144691322e+16
-2.385050754846287e+16
-9473544693174708.0
-1.0886673222819744e+16
3.4064100190623508e+16
3.840860244487707e+16
4.402147059327499e+16
4.074903416552912e+16
3.985200262786064e+16
3.9916393518467704e+16
4.029985586718019e+16
4.044721141590083e+16
4.051026011426446e+16
4.054721783666075e+16
4.052098980957706e+16
4.052269537846172e+16
4.0510144490239336e+16
4.051082770265068e+16
4.051026052570284e+16
4.051149996405595e+16
4.051138256282811e+16
4.051138256282725e+16
4.05114999640547e+16
4.051026052570279e+16
4.051082770265139e+16
4.0510144490240264e+16
4.05226953784616e+16
4.0520989809575976e+16
4.054721783665966e+16
4.051026011426474e+16
4.044721141590227e+16
4.029985586718312e+16
3.991639351846975e+16
3.985200262785844e+16
4.074903416552471e+16
4.402147059327194e+16
3.8408602444877544e+16
3.4064100190631656e+16
-1.0886673222807446e+16
-9473544693161020.0
-2.3850507548454012e+16
-1.131172280188004e+16
-4034276930957675.5
1410587573200590.2
1.3654021371807424e+16
1.073156282817779e+16
3459201469322029.0
-1941902001658897.2
-3390762842908912.5
-2944490748770631.0
-2383833453672595.0
-2182055355692311.0
-2189660203153201.8
-2230146773993635.0
-2257925162300838.5
-2269472012991503.5
-2274615223614682.0
-2275044363291650.0
-2274262276275724.0
-2273490868205397.5
-2273176031749970.0
-2273176031750851.0
-2273490868206989.5
-2274262276275986.5
-2275044363289456.0
-2274615223611477.5
-2269472012989664.0
-2257925162300270.0
-2230146773992974.2
-2189660203151403.5
-2182055355689910.5
-2383833453670369.5
-2944490748769156.5
-3390762842908941.0
-1941902001660119.8
3459201469321478.0
1.0731562828179002e+16
1.3654021371809582e+16
1410587573202318.2
-4034276930956659.5
-1.1311722801880278e+16
-3.2212392368055892e+16
-3.6022071383538984e+16
-3.384772548485968e+16
-3.525890409925709e+16
-4.282510765995547e+16
-5.453587650980618e+16
-6.064018527357786e+16
-6.195045135199407e+16
-6.133125948595507e+16
-6.072800031196588e+16
-6.057913355920647e+16
-6.0646199531088056e+16
-6.0722464918906856e+16
-6.075212885120192e+16
-6.076216476055839e+16
-6.076209891608992e+16
-6.0761853173877656e+16
-6.076127009747261e+16
-6.076105205056727e+16
-6.0760884963450584e+16
-6.076088496345161e+16
-6.076105205056913e+16
-6.076127009747282e+16
-6.07618531738753e+16
-6.0762098916086504e+16
-6.076216476055585e+16
-6.075212885120071e+16
-6.072246491890552e+16
-6.064619953108626e+16
-6.057913355920491e+16
-6.072800031196514e+16
-6.13312594859545e+16
-6.195045135199324e+16
-6.064018527357599e+16
-5.453587650980281e+16
-4.282510765995248e+16
-3.525890409925564e+16
-3.3847725484860336e+16
-3.6022071383541492e+16
-3.2212392368057236e+16
-4.67408246661751e+16
-5.452638197520464e+16
-5.780847689331894e+16
-6.06889429777682e+16
-7.069836274181758e+16
-8.253690168662782e+16
-8.831747611878418e+16
-8.924153223912318e+16
-8.848450591001707e+16
-8.79086566891765e+16
-8.780874134911915e+16
-8.788869872778026e+16
-8.795641981252658e+16
-8.797800151891216e+16
-8.797916655325499e+16
-8.797556518923154e+16
-8.797480171458875e+16
-8.797521608280611e+16
-8.797578785814906e+16
-8.797608078408805e+16
-8.797608078408909e+16
-8.797578785815085e+16
-8.797521608280642e+16
-8.797480171458691e+16
-8.797556518922888e+16
-8.797916655325306e+16
-8.79780015189112e+16
-8.795641981252562e+16
-8.788869872777914e+16
-8.780874134911845e+16
-8.790865668917634e+16
-8.848450591001698e+16
-8.924153223912226e+16
-8.831747611878114e+16
-8.253690168662338e+16
-7.069836274181434e+16
-6.068894297776677e+16
-5.780847689331944e+16
-5.452638197520597e+16
-4.6740824666175144e+16
-4.798519705043388e+16
-5.562832302272258e+16
-6.0376597928804e+16
-6.262850287221211e+16
-7.307610031707074e+16
-8.432263257929942e+16
-8.96751158540717e+16
-9.03895214422686e+16
-8.962950238022675e+16
-8.911283132628774e+16
-8.903497879346658e+16
-8.909806630136875e+16
-8.914121244320933e+16
-8.914960638150851e+16
-8.91438947767695e+16
-8.913863102478467e+16
-8.913798772848298e+16
-8.913920914002667e+16
-8.914042664005534e+16
-8.914111726541877e+16
-8.914111726541974e+16
-8.914042664005738e+16
-8.913920914002795e+16
-8.913798772848245e+16
-8.91386310247833e+16
-8.914389477676867e+16
-8.91496063815085e+16
-8.914121244320925e+16
-8.909806630136827e+16
-8.903497879346634e+16
-8.91128313262878e+16
-8.962950238022672e+16
-9.038952144226766e+16
-8.967511585406904e+16
-8.43226325792957e+16
-7.307610031706856e+16
-6.262850287221121e+16
-6.037659792880369e+16
-5.562832302272272e+16
-4.798519705043234e+16
-4.301924926363836e+16
-4.909458857301975e+16
-5.311812027454932e+16
-5.482209960340101e+16
-6.48046034782609e+16
-7.531343545464904e+16
-8.030032461294496e+16
-8.097926338582666e+16
-8.031716885703152e+16
-7.987573072324603e+16
-7.981258884763768e+16
-7.985800502731355e+16
-7.988273096720064e+16
-7.988315300525902e+16
-7.987564773740256e+16
-7.987082350606144e+16
-7.987060968186101e+16
-7.987213883094774e+16
-7.987359009334854e+16
-7.987443385806734e+16
-7.987443385806835e+16
-7.987359009335099e+16
-7.987213883094982e+16
-7.987060968186166e+16
-7.987082350606128e+16
-7.987564773740294e+16
-7.988315300526008e+16
-7.98827309672018e+16
-7.98580050273144e+16
-7.981258884763824e+16
-7.987573072324648e+16
-8.031716885703157e+16
-8.09792633858259e+16
-8.030032461294288e+16
-7.531343545464629e+16
-6.480460347825945e+16
-5.482209960340034e+16
-5.311812027454839e+16
-4.9094588573018616e+16
-4.301924926363579e+16
-3.63492602207747e+16
-4.072300012069218e+16
-4.389587910486269e+16
-4.549539264335317e+16
-5.465509974784152e+16
-6.414151864911437e+16
-6.863418224359753e+16
-6.928165944930674e+16
-6.873295627145105e+16
-6.8364774992510504e+16
-6.831390275346337e+16
-6.8348708797356536e+16
-6.8364993585851336e+16
-6.836374670275612e+16
-6.835782073425282e+16
-6.835452424574522e+16
-6.835480261319059e+16
-6.8356324819676664e+16
-6.835769765667151e+16
-6.835849273348012e+16
-6.835849273348115e+16
-6.835769765667403e+16
-6.835632481967902e+16
-6.835480261319175e+16
-6.835452424574572e+16
-6.835782073425365e+16
-6.836374670275784e+16
-6.836499358585346e+16
-6.8348708797358424e+16
-6.8313902753465016e+16
-6.836477499251165e+16
-6.873295627145146e+16
-6.9281659449306136e+16
-6.8634182243595816e+16
-6.414151864911221e+16
-5.4655099747840344e+16
-4.54953926433524e+16
-4.389587910486141e+16
-4.0723000120690664e+16
-3.634926022077208e+16
-2.868010188733281e+16
-3.1557381420242468e+16
-3.4014184797962456e+16
-3.5702772738968884e+16
-4.369485996220141e+16
-5.172325243464387e+16
-5.545872911779058e+16
-5.597799183354572e+16
-5.551532407301962e+16
-5.5209567992476856e+16
-5.516791013860175e+16
-5.5196507943717256e+16
-5.521013965097163e+16
-5.521021946345457e+16
-5.520671049468747e+16
-5.5204945047843336e+16
-5.520558317187768e+16
-5.520694882733338e+16
-5.520809371865346e+16
-5.520873924851458e+16
-5.520873924851542e+16
-5.520809371865554e+16
-5.520694882733527e+16
-5.520558317187866e+16
-5.520494504784371e+16
-5.520671049468832e+16
-5.5210219463456296e+16
-5.521013965097373e+16
-5.519650794371938e+16
-5.51679101386036e+16
-5.520956799247814e+16
-5.5515324073020056e+16
-5.597799183354522e+16
-5.545872911778923e+16
-5.172325243464213e+16
-4.369485996220039e+16
-3.5702772738968136e+16
-3.401418479796137e+16
-3.1557381420241596e+16
-2.868010188733087e+16
-2.0184787475767388e+16
-2.167410233735651e+16
-2.3335015444823388e+16
-2.4967617465973824e+16
-3.1393059469403172e+16
-3.757900852276521e+16
-4.03422192813643e+16
-4.065534538119789e+16
-4.026168755345358e+16
-4.001674706346748e+16
-3.998557068951183e+16
-4.00106752660575e+16
-4.002382111158337e+16
-4.002575547259854e+16
-4.002427138983602e+16
-4.00235704016127e+16
-4.002430283744577e+16
-4.002538158566743e+16
-4.0026224462594744e+16
-4.002668570131609e+16
-4.002668570131673e+16
-4.0026224462596216e+16
-4.002538158566884e+16
-4.002430283744644e+16
-4.002357040161293e+16
-4.002427138983658e+16
-4.00257554725997e+16
-4.002382111158476e+16
-4.0010675266058824e+16
-3.998557068951305e+16
-4.001674706346822e+16
-4.026168755345371e+16
-4.0655345381197384e+16
-4.034221928136321e+16
-3.7579008522764024e+16
-3.1393059469402492e+16
-2.496761746597335e+16
-2.3335015444822756e+16
-2.167410233735596e+16
-2.0184787475766216e+16
-1.1953296023200552e+16
-1.229117606686445e+16
-1.3080427829281734e+16
-1.4417954482412184e+16
-1.9039883643673536e+16
-2.325515275495349e+16
-2.5004413732164336e+16
-2.51057026086467e+16
-2.4785539295134268e+16
-2.4606560028432332e+16
-2.458897984287779e+16
-2.461176911927746e+16
-2.462440803150842e+16
-2.4627637096463056e+16
-2.4627551883765424e+16
-2.462747890253039e+16
-2.462809512047658e+16
-2.4628816270820624e+16
-2.4629348168485732e+16
-2.4629634380935464e+16
-2.462963438093589e+16
-2.4629348168486704e+16
-2.4628816270821548e+16
-2.4628095120476964e+16
-2.4627478902530476e+16
-2.462755188376569e+16
-2.4627637096463612e+16
-2.462440803150904e+16
-2.4611769119277988e+16
-2.458897984287822e+16
-2.460656002843252e+16
-2.4785539295134076e+16
-2.5105702608646204e+16
-2.500441373216369e+16
-2.325515275495286e+16
-1.903988364367324e+16
-1.4417954482412004e+16
-1.3080427829281466e+16
-1.2291176066864222e+16
-1.1953296023199936e+16
-5428733538644629.0
-5052031956899924.0
-5115494321233099.0
-6012113247643175.0
-8886582817354878.0
-1.1323166913840758e+16
-1.2201400569191448e+16
-1.2143981838246058e+16
-1.1905294127395042e+16
-1.1791653971954984e+16
-1.1787733609636068e+16
-1.1807845892426162e+16
-1.1819018265349404e+16
-1.1822643308646406e+16
-1.1823341617951256e+16
-1.1823586125516702e+16
-1.1824011847242004e+16
-1.1824409554054624e+16
-1.182468580479565e+16
-1.1824834057347066e+16
-1.1824834057347288e+16
-1.1824685804796176e+16
-1.1824409554055098e+16
-1.182401184724218e+16
-1.182358612551666e+16
-1.1823341617951254e+16
-1.1822643308646548e+16
-1.1819018265349528e+16
-1.1807845892426208e+16
-1.178773360963607e+16
-1.179165397195487e+16
-1.190529412739479e+16
-1.2143981838245752e+16
-1.2201400569191172e+16
-1.1323166913840538e+16
-8886582817354844.0
-6012113247643175.0
-5115494321233007.0
-5052031956899791.0
-5428733538644318.0
-1469542056935224.8
-876746341138970.8
-545330090385065.1
-1010653226216909.4
-2479697386184111.5
-3588620435455202.0
-3868614894049028.5
-3736140665953785.5
-3579316979071118.0
-3520724487878032.5
-3526887201812586.5
-3543391986557603.5
-3552175440358041.5
-3555339897818889.5
-3556231760195613.0
-3556541889721543.5
-3556781838269381.0
-3556949619680615.5
-3557055072950088.0
-3557112014457900.0
-3557112014457991.0
-3557055072950298.5
-3556949619680782.0
-3556781838269395.0
-3556541889721429.0
-3556231760195524.0
-3555339897818862.5
-3552175440357998.0
-3543391986557520.0
-3526887201812495.0
-3520724487877909.0
-3579316979070967.5
-3736140665953675.0
-3868614894048989.0
-3588620435455215.0
-2479697386184179.0
-1010653226216972.5
-545330090385061.06
-876746341138918.2
-1469542056935119.0
117242278895953.33
576664335073368.2
957071862038853.8
789450301108788.6
223836859150197.97
-108357671916371.12
-93058503462002.47
34081500280382.742
118563794964637.25
138549216823317.84
127581901864517.19
115348938615350.19
109343267215474.47
107155111644309.45
106486132980993.06
106277177143884.78
106183269653202.64
106145191065902.45
106128624272172.25
106119222049360.05
106119222049335.8
106128624272120.28
106145191065878.4
106183269653243.77
106277177143968.78
106486132981061.75
107155111644347.48
109343267215515.77
115348938615404.72
127581901864566.67
138549216823365.06
118563794964680.05
34081500280383.957
-93058503462050.98
-108357671916439.58
223836859150135.75
789450301108741.5
957071862038829.6
576664335073360.1
117242278895945.08
305374163679400.25
528240556881975.8
763659152118188.5
732460827750922.5
600296565390241.1
586120745316378.1
671451836769596.5
749161919398407.9
780708065228506.0
779660438172080.6
768722651867410.1
760742183507310.2
757243308490860.8
756057535603470.4
755726613600325.2
755651914918437.9
755643157851694.4
755655820582476.8
755668699637059.5
755674992841168.8
755674992841169.2
755668699637064.9
755655820582487.0
755643157851716.1
755651914918465.1
755726613600339.8
756057535603474.6
757243308490868.6
760742183507322.8
768722651867419.0
779660438172084.6
780708065228504.8
749161919398386.2
671451836769552.5
586120745316335.9
600296565390222.6
732460827750910.5
763659152118172.6
528240556881955.3
305374163679365.25
89132174640584.5
146440654944103.66
225666313447090.4
225770679182508.75
226658716831211.03
272251831682305.3
327059756110359.2
355249297797734.5
357959074100865.25
349977736505672.25
341939800659925.1
337471271471550.4
335763172255650.3
335269062401551.6
335171305341277.44
335173780214472.44
335192615439061.94
335210883727061.94
335223453702267.44
335229645456752.3
335229645456756.2
335223453702276.9
335210883727071.8
335192615439067.6
335173780214471.94
335171305341270.9
335269062401542.6
335763172255645.06
337471271471547.94
341939800659922.94
349977736505670.06
357959074100861.94
355249297797725.2
327059756110345.06
272251831682298.75
226658716831220.75
225770679182519.97
225666313447089.84
146440654944092.4
89132174640565.33
-44258207164629.99
-48804480541183.53
-49510548279792.08
-53105701016480.07
-41670938202664.57
-18753857702938.78
-3222620319723.098
-1935549081868.2463
-8395103680270.588
-15429323803422.992
-20006366477003.684
-22100496847810.746
-22789967818807.305
-22945191466310.906
-22952284604472.59
-22934164296272.297
-22919354359904.26
-22910036885367.31
-22904708140183.37
-22902158520162.113
-22902158520159.9
-22904708140178.836
-22910036885364.234
-22919354359905.0
-22934164296276.598
-22952284604478.234
-22945191466316.47
-22789967818811.348
-22100496847812.95
-20006366477005.098
-15429323803423.273
-8395103680269.827
-1935549081866.9636
-3222620319720.173
-18753857702930.74
-41670938202650.555
-53105701016466.94
-49510548279787.19
-48804480541186.02
-44258207164634.125
-53138715457910.09
-63125767841925.75
-79728279652432.61
-86414684008250.75
-85902136583312.67
-84071244336301.03
-86172217920202.19
-91700066659093.98
-97373335506030.56
-101284850886443.88
-103318290587799.81
-104118774568670.9
-104346230363749.56
-104383542316849.33
-104377571444595.06
-104368741898572.95
-104363874974937.77
-104361819374748.66
-104360987715233.38
-104360627004948.53
-104360627004948.27
-104360987715232.42
-104361819374748.58
-104363874974938.77
-104368741898574.69
-104377571444596.9
-104383542316850.53
-104346230363750.42
-104118774568671.39
-103318290587799.86
-101284850886443.45
-97373335506029.73
-91700066659091.61
-86172217920198.06
-84071244336295.06
-85902136583305.89
-86414684008245.11
-79728279652430.25
-63125767841925.875
-53138715457909.29
-25769350111329.29
-29052257443557.22
-38701559486087.05
-43451455882833.67
-47026734070900.32
-50853558237254.65
-55128378472161.47
-59055891883116.34
-61845259356383.164
-63410411624498.62
-64110640118705.09
-64353933960359.49
-64415032808107.65
-64423687231929.33
-64422921174939.195
-64422284806678.35
-64422486992395.38
-64422938236494.96
-64423312880622.195
-64423509970713.305
-64423509970713.47
-64423312880622.56
-64422938236495.57
-64422486992396.0
-64422284806679.016
-64422921174939.59
-64423687231929.375
-64415032808107.39
-64353933960359.27
-64110640118704.984
-63410411624498.7
-61845259356383.15
-59055891883115.8
-55128378472160.42
-50853558237253.5
-47026734070899.805
-43451455882833.49
-38701559486087.13
-29052257443557.164
-25769350111328.145
-7972330630880.512
-7771742644726.443
-10704051577744.414
-12817985891380.486
-15481890636168.611
-18179652181655.973
-20385893463694.81
-21945593999748.227
-22882172722349.883
-23347167002532.97
-23532654321388.3
-23590607988716.28
-23604640057537.6
-23607923992833.55
-23609691871716.336
-23611189088127.723
-23612164217205.48
-23612664020388.914
-23612930509242.09
-23613069668365.266
-23613069668365.43
-23612930509242.48
-23612664020389.285
-23612164217205.688
-23611189088127.87
-23609691871716.4
-23607923992833.46
-23604640057537.32
-23590607988716.12
-23532654321388.457
-23347167002533.41
-22882172722350.27
-21945593999748.645
-20385893463695.33
-18179652181656.887
-15481890636170.025
-12817985891381.723
-10704051577744.945
-7771742644726.205
-7972330630879.785
-1807288421875.7795
-1165033531971.9458
-1564822138844.4016
-2271427209401.701
-3460164924595.0933
-4519035320159.519
-5197971221843.235
-5595140331334.685
-5815461665396.041
-5920135786161.063
-5959039462177.445
-5970633724348.053
-5974115994552.107
-5975781278713.24
-5977095731794.573
-5978048111272.4795
-5978498520077.569
-5978628518055.655
-5978677567137.987
-5978714946562.583
-5978714946562.675
-5978677567138.176
-5978628518055.795
-5978498520077.601
-5978048111272.481
-5977095731794.58
-5975781278713.198
-5974115994552.009
-5970633724348.033
-5959039462177.621
-5920135786161.358
-5815461665396.297
-5595140331334.952
-5197971221843.705
-4519035320160.319
-3460164924596.1055
-2271427209402.452
-1564822138844.5596
-1165033531971.63
-1807288421875.3662
-343166128076.2329
-24767874361.434673
35499800610.74183
-175180813893.8544
-573376659969.9498
-854696598897.5448
-974298730140.3665
-1028386469655.5365
-1063725939228.9219
-1083964328978.865
-1092069895903.9661
-1094875543085.2848
-1096115674618.7734
-1096805862468.9956
-1097272571572.7076
-1097545413099.8418
-1097607045636.0603
-1097571213786.4589
-1097547859184.7186
-1097548936056.3418
-1097548936056.3734
-1097547859184.7874
-1097571213786.4954
-1097607045636.0444
-1097545413099.8142
-1097272571572.6978
-1096805862468.9747
-1096115674618.7343
-1094875543085.2909
-1092069895904.0515
-1083964328978.9558
-1063725939228.9481
-1028386469655.548
-974298730140.4741
-854696598897.808
-573376659970.2948
-175180813894.06027
35499800610.81292
-24767874361.188267
-343166128076.0337
-58648999389.8682
32940965324.721905
73326668565.372
8768940878.065042
-96062860893.29016
-140685485475.32162
-138162850472.3329
-134370553278.89531
-139080653002.02243
-144416538048.7637
-147042091786.94873
-148120606552.43744
-148609132327.55508
-148790823669.79105
-148849818295.75372
-148852421363.88126
-148809438797.54654
-148763183676.53207
-148743209771.781
-148740984329.72607
-148740984329.73734
-148743209771.8001
-148763183676.5354
-148809438797.52856
-148852421363.86096
-148849818295.7412
-148790823669.77625
-148609132327.5335
-148120606552.42737
-147042091786.95435
-144416538048.7534
-139080653001.9681
-134370553278.82166
-138162850472.28604
-140685485475.33188
-96062860893.33621
8768940878.059616
73326668565.45741
32940965324.844074
-58648999389.79445
-6681469330.120727
7902244608.942107
13592426389.471693
-5774608911.036447
-25398067791.919815
-23264858292.76752
-12989742175.386086
-9293367696.051178
-11152012639.688976
-13434449773.814684
-14528299807.921501
-14937010929.71173
-15072325359.614456
-15074037260.70113
-15037749913.180933
-15001007389.717281
-14968164599.57193
-14947498023.857603
-14941083431.888365
-14941103751.879282
-14941103751.881908
-14941083431.891232
-14947498023.852804
-14968164599.560835
-15001007389.707493
-15037749913.173948
-15074037260.69131
-15072325359.599205
-14937010929.69526
-14528299807.905048
-13434449773.790169
-11152012639.649017
-9293367696.001083
-12989742175.33956
-23264858292.737923
-25398067791.90768
-5774608911.02058
13592426389.508875
7902244608.980532
-6681469330.103124
75335317.93721138
-1046989.7486880632
-1818464519.2537165
-6316059152.737097
-7347775919.572665
-2943743425.8144393
1016191110.7436684
1481759593.0490527
259577440.32190743
-703865646.7968392
-1077586436.4878237
-1174049718.677123
-1178198125.0909235
-1148728903.2931104
-1119061163.2883284
-1099673761.700244
-1088512423.1082554
-1084023169.0349452
-1083797153.678232
-1084534637.1840017
-1084534637.1847146
-1083797153.6780934
-1084023169.031508
-1088512423.1036334
-1099673761.697802
-1119061163.287012
-1148728903.2896235
-1178198125.08401
-1174049718.6679173
-1077586436.4778368
-703865646.7861553
259577440.33469293
1481759593.064519
1016191110.7599413
-2943743425.8018303
-7347775919.566348
-6316059152.733604
-1818464519.246099
-1046989.73711998
75335317.93670802
-584536012.9032251
-943385040.9875573
-2030013490.1363049
-2326406414.3953614
-1234338034.728231
479279751.69939274
1231242895.9468257
881099286.5000995
294040488.15765977
-25558738.9433497
-108544306.84250893
-105859523.38017575
-85646603.94858706
-65541410.63006784
-52722282.72424552
-47309069.94113836
-46060802.42382789
-46536717.62898792
-47294679.64400234
-47689046.35084769
-47689046.35117152
-47294679.64390368
-46536717.62756279
-46060802.42260596
-47309069.94164991
-52722282.72547105
-65541410.63057197
-85646603.94820876
-105859523.37908465
-108544306.8412057
-25558738.942606516
294040488.1580088
881099286.5008124
1231242895.9480436
479279751.7004131
-1234338034.7281165
-2326406414.3962517
-2030013490.1362646
-943385040.9848983
-584536012.9063816
-1112577883.9761975
-749428643.1318723
-954630191.7665607
-503679864.18749523
159146688.93640178
558252712.0132182
514940755.7963686
251401774.161304
41906096.265462905
-37680374.16172459
-42081633.36892136
-27213338.52432755
-13198863.023735035
-3791379.1173142493
428882.43809505535
901534.2760422974
-55273.71001234284
-885397.8880874583
-1165796.4614987348
-1150272.4121912865
-1150272.412276598
-1165796.461213802
-885397.8871330628
-55273.709581973904
901534.2750846513
428882.4365891398
-3791379.1186765307
-13198863.025194244
-27213338.52582619
-42081633.37031834
-37680374.163222276
41906096.26396795
251401774.1599435
514940755.7949578
558252712.012009
159146688.93595594
-503679864.18771994
-954630191.7663769
-749428643.1295965
-1112577883.9784026
-1054587781.882488
-558981491.4983077
-537170991.458774
-131847417.79116526
191407271.7841537
252330719.4190944
153841049.81769413
42793244.80971723
-16787310.398772344
-31075952.516782235
-25757593.182599332
-17318000.534626108
-10669236.356802234
-6630760.995622753
-5249962.772057512
-5655148.561496521
-6450642.040042628
-6770387.188591812
-6622967.827563478
-6411087.146966969
-6411087.14696676
-6622967.827158848
-6770387.187688027
-6450642.039775319
-5655148.562413536
-5249962.773193623
-6630760.996335243
-10669236.357497348
-17318000.53549584
-25757593.183483224
-31075952.517627385
-16787310.399431113
42793244.809095144
153841049.81676605
252330719.4182282
191407271.78421426
-131847417.79065984
-537170991.4580564
-558981491.4962456
-1054587781.8837857
-837554919.5372374
-440139732.9538929
-410321866.12950516
-122497918.29697034
72549009.60172838
89710130.54644881
39881040.325968355
2417104.729075519
-12435899.461799016
-14320571.805794697
-11670455.038531778
-8207754.632314027
-5161648.827573953
-3107665.701110515
-2427920.046125268
-2726994.3244556664
-3116012.1236949386
-3083423.6644055573
-2765475.703121853
-2512690.1070510694
-2512690.1070996164
-2765475.70288126
-3083423.6637807386
-3116012.12363858
-2726994.3253065404
-2427920.0468898397
-3107665.7012194213
-5161648.827550383
-8207754.63252143
-11670455.038833722
-14320571.80602575
-12435899.46186928
2417104.728915079
39881040.325369485
89710130.54575619
72549009.60162887
-122497918.29658446
-410321866.1290451
-440139732.95363396
-837554919.5379883
-643002435.6152735
-334801732.9015198
-330436952.01108617
-115408202.44139928
29114951.32167852
49163491.14403946
28996720.766081776
16157438.246734053
12617222.360878102
11921679.206751224
12655884.75999461
14085977.894263783
15827870.057460949
17194025.691263136
17708969.60267911
17577046.840950634
17439788.153343897
17625934.592542525
17971388.916966595
18202543.228299093
18202543.22820672
17971388.917028632
17625934.59290125
17439788.153321017
17577046.84035861
17708969.602288216
17194025.69141063
15827870.057617867
14085977.894122755
12655884.759784158
11921679.20671307
12617222.361014733
16157438.246759024
28996720.76571331
49163491.14347027
29114951.321359854
-115408202.44144231
-330436952.0110099
-334801732.9013415
-643002435.615591
-498896988.4576629
-282513617.95555985
-281199991.2339031
-114219124.82806814
213409.16320414023
21111295.35415087
10728601.454582388
5448335.324256226
3938697.495413428
3468533.7874146295
3509689.013801779
4369975.693214933
5639058.506496305
6714591.899705381
7155714.935906294
7127140.60318622
7127378.055738319
7369947.599499519
7694343.780400049
7891313.434990552
7891313.434905009
7694343.780404181
7369947.5997431325
7127378.055807629
7127140.60296146
7155714.935856363
6714591.899958076
5639058.506636469
4369975.693073823
3509689.0136313913
3468533.787428408
3938697.495587727
5448335.3243769035
10728601.454448894
21111295.353828438
213409.16292426756
-114219124.82823236
-281199991.2339235
-282513617.9554052
-498896988.45765007
-408298224.8376042
-238530424.63470617
-244329635.05214128
-110531440.57889192
-17613519.468131397
697040.4930021694
-5902026.232621226
-9311898.0449262
-10123443.899700962
-10602197.351563575
-10609864.745194335
-9899601.521025773
-8822485.74129612
-7924519.850439917
-7538474.139580088
-7496640.890684613
-7416184.167874064
-7158810.143762583
-6869847.936997025
-6704786.416498593
-6704786.416549974
-6869847.936984267
-7158810.143569476
-7416184.167718803
-7496640.890649387
-7538474.139436766
-7924519.850163788
-8822485.741145985
-9899601.521074053
-10609864.745263284
-10602197.351525312
-10123443.89957218
-9311898.044802412
-5902026.232606581
697040.4929006009
-17613519.468280252
-110531440.57897319
-244329635.0521195
-238530424.6347435
-408298224.83743805
-369345532.35940665
-204907314.60119691
-210030861.88922694
-111483884.1617682
-31941407.884571284
-17562476.105215475
-21281724.61506714
-24168808.772775047
-24580507.469773367
-25100940.26815231
-24954740.6594913
-24227938.064344656
-23227368.79944106
-22423894.09646801
-22077489.606643002
-21978533.591909807
-21855070.222601175
-21612008.411720082
-21369811.699761145
-21236254.052149888
-21236254.052170407
-21369811.69973132
-21612008.4115774
-21855070.22243528
-21978533.591772508
-22077489.606462587
-22423894.096247558
-23227368.79929765
-24227938.064301834
-24954740.65946716
-25100940.268107805
-24580507.469705783
-24168808.772691775
-21281724.61501072
-17562476.10522635
-31941407.884635825
-111483884.16183169
-210030861.88920498
-204907314.6011029
-369345532.3592238
-339760627.34869385
-181214968.85821763
-203926341.6547412
-105459826.21744648
-44150770.47820912
-23844900.86373536
-25821230.754007075
-27266375.266286984
-27958499.122263085
-28183309.403080974
-27963948.06488575
-27134446.03609936
-26149866.505093724
-25413093.715217613
-25073783.185520977
-24943771.33780116
-24811175.46792486
-24613230.46558943
-24430129.24865954
-24332214.26467167
-24332214.264674563
-24430129.248631388
-24613230.465497173
-24811175.467800815
-24943771.337671116
-25073783.18537908
-25413093.715080615
-26149866.50498916
-27134446.036028273
-27963948.06483424
-28183309.403045423
-27958499.12223954
-27266375.26625546
-25821230.75397588
-23844900.86372831
-44150770.478244
-105459826.21748894
-203926341.6547373
-181214968.85816857
-339760627.34858745
-249367650.93948132
-146545438.53671727
-156368341.74223095
-84841246.68727319
-31329820.854042135
-13826357.003350051
-12808364.903250122
-13279239.90590467
-13747649.847993989
-13951087.261325682
-13597460.37508917
-12819665.960216792
-11974634.797233712
-11349549.844502546
-11028038.25640634
-10904039.570865316
-10801229.836479353
-10667211.691442937
-10547807.773456667
-10485555.5166793
-10485555.516679652
-10547807.77344247
-10667211.691396615
-10801229.836410416
-10904039.570789851
-11028038.25632985
-11349549.844434256
-11974634.797181278
-12819665.960171908
-13597460.375051785
-13951087.261309206
-13747649.847997209
-13279239.905906359
-12808364.903241366
-13826357.003348375
-31329820.854061928
-84841246.68729854
-156368341.74223503
-146545438.53669617
-249367650.93943295
-103846718.17663686
-123097105.09593356
-79732642.2627505
-59745282.29088908
-11757279.991752867
-4535715.237682491
-2281513.8444578066
-2201240.8617915865
-2570869.6610023063
-2760091.7982309368
-2436896.98326304
-1884704.0700864142
-1324237.9988563075
-857814.849563363
-603690.7755825548
-521919.6155837243
-462566.2550497585
-384956.91469464626
-316781.25235312735
-282947.51926778443
-282947.5192684387
-316781.2523512345
-384956.9146829116
-462566.25502490514
-521919.61555412674
-603690.775551327
-857814.8495443577
-1324237.9988382587
-1884704.0700727443
-2436896.9832489444
-2760091.7982342034
-2570869.6610177774
-2201240.8618050516
-2281513.8444678877
-4535715.237677132
-11757279.991761325
-59745282.29089487
-79732642.26274997
-123097105.09592816
-103846718.17662074
-14436644.097561745
-100412481.6021619
-101143171.58937588
-35455616.10622723
4899119.002182217
9548856.36225563
7190066.28353061
7068684.324087759
7180448.733035906
7229404.144488956
7829964.642366094
8323841.312824931
8807638.045160005
9163828.831740204
9358150.812562605
9395011.645798374
9425314.015481047
9469648.108381305
9505541.971806284
9520775.931569573
9520775.931568531
9505541.971803818
9469648.108378718
9425314.015480377
9395011.645801581
9358150.812566392
9163828.831740042
8807638.045159753
8323841.312825203
7829964.642364486
7229404.144481674
7180448.733021705
7068684.324075532
7190066.283527285
9548856.36225798
4899119.002176067
-35455616.10623034
-101143171.5893751
-100412481.60216442
-14436644.097552583
