1600
499553671503.19086
813133629582.4467
973776762176.3225
1024821942817.9122
1046322770374.2839
1077561156221.3778
1100318412918.0427
1108781512200.182
1109229722789.0
1108273124567.2683
1107870679443.1384
1107915369399.0732
1107917141926.636
1107910454486.195
1107871804515.911
1107864103984.168
1107857432611.763
1107862384339.7773
1107864274149.329
1107863341243.2297
1107863341243.2336
1107864274149.3345
1107862384339.781
1107857432611.768
1107864103984.1704
1107871804515.9077
1107910454486.1875
1107917141926.626
1107915369399.07
1107870679443.141
1108273124567.275
1109229722789.0083
1108781512200.1882
1100318412918.0425
1077561156221.3727
1046322770374.2847
1024821942817.9086
973776762176.3143
813133629582.4327
499553671503.17847
340730136820.8139
-837025190792.903
92598706780.84013
-449045916251.85876
-211049455748.22934
-251888619242.29895
-220456292238.7392
-205576998490.80164
-211961624189.81586
-210427908984.00275
-212272816132.89703
-211427969233.56946
-211883292252.28912
-211594019353.342
-211714428929.60825
-211695221214.88956
-211712211204.83893
-211705832583.202
-211703764477.41284
-211704550919.2416
-211704550919.2452
-211703764477.42023
-211705832583.18198
-211712211204.84674
-211695221214.90524
-211714428929.59583
-211594019353.3633
-211883292252.26624
-211427969233.56796
-212272816132.91275
-210427908984.00494
-211961624189.79166
-205576998490.83667
-220456292238.7429
-251888619242.20782
-211049455748.3151
-449045916251.85455
92598706780.81955
-837025190792.8525
340730136820.8107
44557233925.28651
2077217435.0767913
88339214165.25774
13570580508.454048
38122144319.77722
51996726350.30964
67358664880.02245
72036177774.67088
71252596585.3073
70045946890.55026
69613035763.6758
69702918588.73917
69722498386.0977
69749398322.35213
69726669416.38922
69717466579.57199
69713625474.2614
69716405181.01883
69717957392.7455
69718158113.95439
69718158113.9552
69717957392.74886
69716405181.02094
69713625474.26167
69717466579.56914
69726669416.38596
69749398322.34882
69722498386.09718
69702918588.74112
69613035763.68056
70045946890.55473
71252596585.31265
72036177774.67532
67358664880.02289
51996726350.30916
38122144319.77706
13570580508.456074
88339214165.25989
2077217435.0813031
44557233925.2924
-97048384733.04196
-3795921758.647022
-129116434684.1959
-57592049711.65728
-78829167735.39438
-59589885301.20917
-59929836486.19333
-64532933441.526405
-65450143756.3767
-66672148285.18846
-66531249071.6698
-66591086758.46281
-66434966687.145035
-66472874263.972855
-66464744657.30531
-66476201093.56322
-66473938279.98976
-66473175723.01703
-66472270706.9065
-66471765261.28593
-66471765261.28501
-66472270706.90355
-66473175723.01824
-66473938279.988464
-66476201093.56334
-66464744657.30831
-66472874263.96959
-66434966687.145096
-66591086758.45744
-66531249071.66185
-66672148285.18345
-65450143756.37612
-64532933441.5222
-59929836486.19171
-59589885301.21861
-78829167735.38159
-57592049711.65447
-129116434684.18735
-3795921758.6419725
-97048384733.03589
-103963467163.16342
-80020261617.96555
-150723462645.27444
-98981348689.0814
-112145552750.59123
-114740456850.66147
-124960441612.5924
-130787850483.37358
-131570436775.50165
-131478305792.42606
-131110061928.77345
-131064466305.69
-130991990272.64458
-131016966958.41846
-131011436733.77055
-131016027709.39795
-131014066017.47809
-131013738596.80145
-131013322222.79083
-131013083548.61765
-131013083548.61848
-131013322222.79233
-131013738596.80322
-131014066017.47734
-131016027709.39594
-131011436733.76799
-131016966958.41257
-130991990272.64029
-131064466305.68507
-131110061928.76991
-131478305792.42409
-131570436775.50345
-130787850483.37506
-124960441612.59395
-114740456850.66435
-112145552750.58372
-98981348689.07697
-150723462645.26825
-80020261617.96373
-103963467163.16055
-108046420258.28267
-147962152719.81833
-168853940475.96957
-155572654628.63745
-159664571913.16785
-173260624575.58997
-184502967853.97522
-188260782808.69644
-187751303834.97037
-186706939102.19604
-186276562649.53363
-186253236778.77682
-186293617375.12708
-186315675603.82217
-186318720777.013
-186317488602.98038
-186316397500.1336
-186316418580.3183
-186316461791.37817
-186316381728.82416
-186316381728.82532
-186316461791.38132
-186316418580.32147
-186316397500.1351
-186317488602.9798
-186318720777.01135
-186315675603.81943
-186293617375.12494
-186253236778.77698
-186276562649.5365
-186706939102.20044
-187751303834.9749
-188260782808.69952
-184502967853.97504
-173260624575.5879
-159664571913.16614
-155572654628.6365
-168853940475.96848
-147962152719.81717
-108046420258.28038
-132157679725.25897
-207365501808.1897
-234531187925.6937
-238386828458.37418
-242474696511.33847
-256504588364.09195
-265419874169.74203
-267096353720.69547
-265800841384.74203
-264619401538.69617
-264323565683.85016
-264388891000.20676
-264474666977.462
-264498114293.8909
-264498456047.08542
-264492903608.12357
-264491659809.34937
-264492319183.57443
-264492704935.24356
-264492650163.62967
-264492650163.6313
-264492704935.24713
-264492319183.57828
-264491659809.35324
-264492903608.12674
-264498456047.08755
-264498114293.8929
-264474666977.46317
-264388891000.2104
-264323565683.85703
-264619401538.70453
-265800841384.74835
-267096353720.6971
-265419874169.73825
-256504588364.08777
-242474696511.3411
-238386828458.3783
-234531187925.6958
-207365501808.18903
-132157679725.2553
-148757847669.427
-235966605472.1391
-278465230136.06696
-286356599651.5573
-291835685816.0679
-303635459612.30304
-310867216737.2111
-312015587339.1523
-310860448353.9608
-309995424252.22754
-309863676905.1968
-309969492470.26086
-310042581915.4276
-310053336840.7274
-310043681512.5774
-310034708243.8616
-310033353431.2053
-310034720203.9907
-310035344886.77313
-310035282915.2597
-310035282915.2613
-310035344886.77594
-310034720203.99396
-310033353431.2084
-310034708243.86536
-310043681512.58075
-310053336840.73016
-310042581915.4292
-309969492470.2632
-309863676905.2017
-309995424252.2344
-310860448353.9658
-312015587339.15216
-310867216737.2059
-303635459612.29865
-291835685816.0719
-286356599651.56396
-278465230136.0699
-235966605472.13782
-148757847669.4217
-149780226210.83148
-237282454426.0596
-284825020956.4413
-292474893126.91974
-297963363599.39594
-308490255114.82874
-315393929182.7564
-316909675587.9827
-316206628037.01605
-315629293977.3047
-315574233669.7946
-315665999042.24945
-315707547773.9858
-315701933451.2184
-315685356176.6589
-315675561626.80676
-315674843429.04895
-315676729336.0557
-315677470919.83875
-315677414970.87573
-315677414970.8768
-315677470919.841
-315676729336.0576
-315674843429.0507
-315675561626.8076
-315685356176.65906
-315701933451.21747
-315707547773.9838
-315665999042.2488
-315574233669.79596
-315629293977.3083
-316206628037.01965
-316909675587.9827
-315393929182.7518
-308490255114.825
-297963363599.39923
-292474893126.9256
-284825020956.4432
-237282454426.05887
-149780226210.82632
-139936847571.89615
-221124770156.03357
-266024782884.0911
-272466284166.71817
-277660049305.5009
-287735923992.78864
-294683187738.54535
-296547371385.5421
-296145213105.54456
-295705701340.23773
-295663648491.3086
-295729127884.88043
-295748463556.3077
-295735003659.0044
-295718069572.22943
-295709945148.25006
-295710138099.0617
-295712198847.7401
-295712918660.8253
-295712863788.24506
-295712863788.24634
-295712918660.82764
-295712198847.7414
-295710138099.06134
-295709945148.2485
-295718069572.22675
-295735003659.0002
-295748463556.3028
-295729127884.8772
-295663648491.3085
-295705701340.2401
-296145213105.548
-296547371385.5435
-294683187738.5428
-287735923992.7858
-277660049305.503
-272466284166.72223
-266024782884.09222
-221124770156.0326
-139936847571.8917
-123131495474.12685
-193825101768.73605
-232881162479.28452
-238338029696.68152
-243450185711.95047
-253024991797.76254
-259630659466.32806
-261490618665.78488
-261197151761.86816
-260815810188.31598
-260770247526.72025
-260817107177.8115
-260826919231.59064
-260813372714.5743
-260799548205.00143
-260793662094.7793
-260794382953.69254
-260796273240.37543
-260796867037.83505
-260796798774.33905
-260796798774.3401
-260796867037.83755
-260796273240.37656
-260794382953.69202
-260793662094.7769
-260799548204.99802
-260813372714.56998
-260826919231.5862
-260817107177.8087
-260770247526.72037
-260815810188.31903
-261197151761.87192
-261490618665.78677
-259630659466.32657
-253024991797.76007
-243450185711.95178
-238338029696.68387
-232881162479.28476
-193825101768.73514
-123131495474.12305
-100511295465.60043
-157698850090.49014
-189202210479.68198
-193746594451.87247
-198656633459.7576
-207190798503.60107
-212902986764.9985
-214457835244.58032
-214175632376.15588
-213835161062.13046
-213788757690.8859
-213824644859.81015
-213832119215.6864
-213821857477.3642
-213811708526.71088
-213807595065.3482
-213808389554.8967
-213809907166.90793
-213810327675.98016
-213810237509.94394
-213810237509.94485
-213810327675.98196
-213809907166.90894
-213808389554.8966
-213807595065.34705
-213811708526.70868
-213821857477.36118
-213832119215.68347
-213824644859.8088
-213788757690.8872
-213835161062.1338
-214175632376.15958
-214457835244.58258
-212902986764.99802
-207190798503.59955
-198656633459.75894
-193746594451.87454
-189202210479.6825
-157698850090.48993
-100511295465.5973
-73653395624.18451
-115424898908.3788
-138162717229.72784
-141444569537.0829
-145699738618.0632
-152630616611.7032
-157066120910.21664
-158170440538.4601
-157880805541.4004
-157591949538.59827
-157553208879.50812
-157583666085.31396
-157592229398.42133
-157586331243.75635
-157579682374.95267
-157576991810.0461
-157577674611.74286
-157578762508.37814
-157579001103.8115
-157578888855.8993
-157578888855.89984
-157579001103.8128
-157578762508.3791
-157577674611.74316
-157576991810.0458
-157579682374.952
-157586331243.7547
-157592229398.4195
-157583666085.31345
-157553208879.50937
-157591949538.6009
-157880805541.40308
-158170440538.4616
-157066120910.21634
-152630616611.70224
-145699738618.06445
-141444569537.08484
-138162717229.72845
-115424898908.37862
-73653395624.1823
-46276378640.822624
-72753206829.82831
-86613578799.28293
-88333611884.37703
-91504800492.50461
-96513646444.12393
-99545107680.36484
-100186573631.61794
-99908914865.40459
-99687369326.29532
-99663915421.97618
-99691950692.38155
-99702354403.6011
-99700573696.69023
-99697048636.68282
-99695616683.72888
-99696183588.48422
-99696876020.77696
-99696955578.4054
-99696830793.50856
-99696830793.50903
-99696955578.40646
-99696876020.7778
-99696183588.48466
-99695616683.7289
-99697048636.68251
-99700573696.68958
-99702354403.60008
-99691950692.38126
-99663915421.97687
-99687369326.29663
-99908914865.40594
-100186573631.61855
-99545107680.36447
-96513646444.12346
-91504800492.50592
-88333611884.3787
-86613578799.28362
-72753206829.82823
-46276378640.821236
-23170746285.72126
-36899275620.74869
-43329577939.63679
-43614255010.13387
-45542149876.39556
-48649773419.355194
-50393412260.80346
-50650337559.65118
-50411125859.247986
-50262620248.64991
-50256256656.37933
-50281909198.88253
-50292940738.6593
-50294025774.077866
-50292875324.83289
-50292438506.41154
-50292906418.21117
-50293284412.89519
-50293252897.87205
-50293131619.22466
-50293131619.22505
-50293252897.87278
-50293284412.89574
-50292906418.21141
-50292438506.41148
-50292875324.83273
-50294025774.07748
-50292940738.658714
-50281909198.88227
-50256256656.37959
-50262620248.65036
-50411125859.248405
-50650337559.65128
-50393412260.803215
-48649773419.35514
-45542149876.3965
-43614255010.13495
-43329577939.6372
-36899275620.74864
-23170746285.72052
-7839698062.982506
-13026785290.940487
-14638283772.75062
-14043173848.094925
-14911177956.955688
-16474222996.797653
-17245898708.08137
-17255485682.874783
-17076200118.266043
-16993740323.77947
-17000776685.888561
-17022622333.426022
-17032496049.136591
-17034822493.72409
-17035023533.254524
-17035160631.223257
-17035510437.696722
-17035667845.895124
-17035580472.69058
-17035477673.318134
-17035477673.318327
-17035580472.69098
-17035667845.895433
-17035510437.696795
-17035160631.223206
-17035023533.25442
-17034822493.72389
-17032496049.13639
-17022622333.425985
-17000776685.88872
-16993740323.779655
-17076200118.266165
-17255485682.87477
-17245898708.081284
-16474222996.797731
-14911177956.95619
-14043173848.095455
-14638283772.750782
-13026785290.940432
-7839698062.982166
-650062371.0293646
-1582012238.9048266
-1094546659.497303
-302952723.40095407
-525246836.0929386
-1103765339.8728673
-1311583824.993282
-1224286257.5402539
-1115186455.5444705
-1082997925.8274117
-1097196054.3341367
-1113992009.531337
-1121441818.2861829
-1123665843.5138597
-1124272365.6579127
-1124563774.0337498
-1124771970.577929
-1124797412.3142695
-1124701014.5014791
-1124625740.486026
-1124625740.4860852
-1124701014.5016127
-1124797412.3143704
-1124771970.5779433
-1124563774.0337074
-1124272365.6578872
-1123665843.5138352
-1121441818.2861578
-1113992009.531391
-1097196054.33425
-1082997925.8274863
-1115186455.54448
-1224286257.5402472
-1311583824.9932916
-1103765339.8729515
-525246836.09316194
-302952723.40114117
-1094546659.4973261
-1582012238.9047668
-650062371.0292454
991319351.4813396
1344344594.1760228
2108024981.8574543
2651044510.727182
2667160904.8649993
2540695498.0970654
2548398060.6483493
2625959672.4721045
2672295605.9677987
2673962905.7083817
2658789235.9061074
2647386676.408148
2642700479.8432593
2641256387.5751357
2640801580.685911
2640599997.450817
2640517310.242121
2640549314.978754
2640624892.812139
2640671083.961972
2640671083.961963
2640624892.812125
2640549314.978757
2640517310.2421355
2640599997.4508214
2640801580.685901
2641256387.5751295
2642700479.843251
2647386676.4081216
2658789235.9060826
2673962905.7083793
2672295605.967816
2625959672.472112
2548398060.6483355
2540695498.097024
2667160904.864954
2651044510.727156
2108024981.8574736
1344344594.1760619
991319351.4813623
470411077.7962733
809665608.4565026
1193375663.5320923
1411220890.824754
1440471656.6309235
1435300798.517478
1466877556.2028067
1498752547.961928
1504986488.1238432
1494453964.6199396
1482553838.3279347
1475914688.4781907
1473533573.2735808
1472895994.0372064
1472719903.1494174
1472648778.6925025
1472638600.6959116
1472677346.0022514
1472722074.1731682
1472744487.875153
1472744487.8751616
1472722074.1731846
1472677346.002273
1472638600.6959243
1472648778.692501
1472719903.149407
1472895994.037198
1473533573.2735815
1475914688.478195
1482553838.3279462
1494453964.6199594
1504986488.123869
1498752547.9619377
1466877556.2028031
1435300798.517482
1440471656.6309383
1411220890.8247807
1193375663.5321212
809665608.4565198
470411077.7962773
-109863605.3879934
273476.1848832029
65510954.8739305
95246010.21891287
90184519.98122135
86198154.0162592
90981171.41226652
90455653.88381091
81391711.4128222
70651892.0232273
63441845.92381381
60266695.46411301
59368736.16673039
59235222.20482691
59232812.71325995
59231292.74042438
59241358.4031843
59264779.165910445
59284009.351862885
59291597.35099388
59291597.35099783
59284009.351875864
59264779.165923044
59241358.40319064
59231292.74042278
59232812.71325662
59235222.20482691
59368736.166733764
60266695.46411925
63441845.92382519
70651892.02323999
81391711.4128338
90455653.88382022
90981171.41227508
86198154.01627639
90184519.98124708
95246010.21893983
65510954.87394881
273476.1848882673
-109863605.38798991
-251839803.77793908
-247324779.79879266
-287756396.9957074
-307390001.8238343
-322856233.116771
-335475057.4044892
-345418983.31160283
-355137990.56248933
-364277484.8740707
-370823740.4469837
-374189170.7237407
-375337876.0247417
-375506273.6900988
-375440426.03112566
-375393864.3986567
-375383510.2869382
-375378873.1802034
-375371209.93166447
-375366172.64295644
-375365123.0621124
-375365123.0621101
-375366172.6429524
-375371209.93165976
-375378873.18020123
-375383510.2869386
-375393864.3986567
-375440426.0311237
-375506273.6900957
-375337876.02473825
-374189170.7237373
-370823740.44698006
-364277484.8740691
-355137990.5624868
-345418983.3115963
-335475057.40447897
-322856233.11675966
-307390001.8238235
-287756396.995702
-247324779.79879344
-251839803.77793422
-176358150.00873488
-184322351.66439435
-220696642.79609007
-231732722.54338405
-239163430.336394
-248844125.20195228
-257958442.40377578
-264993678.41637442
-269889849.67618
-272709579.9606561
-273869379.69128484
-274101710.1160086
-274019913.43373686
-273926445.3737348
-273891429.46941453
-273890164.3770381
-273893486.73118836
-273893796.92827487
-273893688.58956116
-273894150.2920509
-273894150.29205096
-273893688.58956033
-273893796.9282744
-273893486.7311886
-273890164.3770383
-273891429.46941376
-273926445.37373304
-274019913.4337351
-274101710.1160073
-273869379.6912847
-272709579.96065754
-269889849.67618203
-264993678.4163755
-257958442.40377483
-248844125.2019504
-239163430.33639368
-231732722.54338494
-220696642.79609078
-184322351.66439614
-176358150.00873
-92612117.45174813
-92364528.50494564
-107879394.65495983
-105995295.73529546
-104921464.57660255
-108594017.67712173
-112950444.39161627
-115928524.58743325
-117689319.76804647
-118561416.10286471
-118806758.9729097
-118748812.20856793
-118637387.11006631
-118574555.95868488
-118561342.4043843
-118567667.47398822
-118573601.6061889
-118575502.58124638
-118575803.1242615
-118575932.47715068
-118575932.47715081
-118575803.12426174
-118575502.58124645
-118573601.60618931
-118567667.47398882
-118561342.4043842
-118574555.95868383
-118637387.11006507
-118748812.20856754
-118806758.97291054
-118561416.10286672
-117689319.76804896
-115928524.5874351
-112950444.39161718
-108594017.6771232
-104921464.57660618
-105995295.7352992
-107879394.65496138
-92364528.50494649
-92612117.45174403
-50056400.73732021
-46106686.81564202
-50909328.12388329
-44277419.95701672
-39754215.287000544
-39916935.807635926
-41268143.224863544
-42102614.22546312
-42523853.49590977
-42698462.68411516
-42683828.590364985
-42590786.83893247
-42515881.022703744
-42487001.89221232
-42487744.9176022
-42495690.412687115
-42500310.12046447
-42501258.173989885
-42500906.567868076
-42500584.76674904
-42500584.76674915
-42500906.56786829
-42501258.17399002
-42500310.120464735
-42495690.41268755
-42487744.917602316
-42487001.89221176
-42515881.02270303
-42590786.83893246
-42683828.59036577
-42698462.68411648
-42523853.49591115
-42102614.225464106
-41268143.224864125
-39916935.80763719
-39754215.28700332
-44277419.9570192
-50909328.12388395
-46106686.81564203
-50056400.73731699
-32861803.036576614
-29566126.565817542
-31204480.173267897
-24635395.096449114
-19863152.895972703
-18885837.584515855
-19120692.015152346
-19256300.271068897
-19300414.272339974
-19306722.718166668
-19260196.000171773
-19198459.94266361
-19161785.034947976
-19154134.168795146
-19159836.480297867
-19165815.633046273
-19168102.935923193
-19167963.806793164
-19167248.603626013
-19166804.166347187
-19166804.16634729
-19167248.603626113
-19167963.8067932
-19168102.93592334
-19165815.633046523
-19159836.480297897
-19154134.16879487
-19161785.034947682
-19198459.942663673
-19260196.000172205
-19306722.718167257
-19300414.272340517
-19256300.27106906
-19120692.015152104
-18885837.584516093
-19863152.89597399
-24635395.09645023
-31204480.173267834
-29566126.5658172
-32861803.03657426
-24917637.505101494
-23374233.002117336
-24359891.532707796
-19103330.53770616
-15112800.7845966
-14034009.289400365
-14002888.695315655
-14002889.408994233
-13988648.424434755
-13977418.168559454
-13948596.42720434
-13918428.60933927
-13905190.53899373
-13906392.703576336
-13911592.04974925
-13914716.444419697
-13915216.638518134
-13914573.509306593
-13913899.119054025
-13913552.617146824
-13913552.617146859
-13913899.119054046
-13914573.509306535
-13915216.638518171
-13914716.444419812
-13911592.04974925
-13906392.703576153
-13905190.538993547
-13918428.609339265
-13948596.427204486
-13977418.168559648
-13988648.424434887
-14002889.408994062
-14002888.695315162
-14034009.289400132
-15112800.784597082
-19103330.537706636
-24359891.532707583
-23374233.002117004
-24917637.505099945
-19824394.079457365
-19782558.328210667
-20601659.491661195
-16635924.059407284
-13552589.097582031
-12670293.882301508
-12626739.02869681
-12633076.530529715
-12628671.819562957
-12626047.620567465
-12614437.8216961
-12602841.5684135
-12599828.13423588
-12602468.89752608
-12605266.313802687
-12606171.39830331
-12605789.452311208
-12605130.053343471
-12604672.174815837
-12604471.533643182
-12604471.533643212
-12604672.174815807
-12605130.05334338
-12605789.452311184
-12606171.398303367
-12605266.313802667
-12602468.897525946
-12599828.134235749
-12602841.568413462
-12614437.821696116
-12626047.620567515
-12628671.819563014
-12633076.530529566
-12626739.02869639
-12670293.882301224
-13552589.097582228
-16635924.059407504
-20601659.491661016
-19782558.328210477
-19824394.0794564
-15827866.802599186
-16790590.57885862
-17488393.44127097
-14574391.615381213
-12294204.397941371
-11653621.304885447
-11649734.832270779
-11680784.362709599
-11690869.165401815
-11695440.306889987
-11692919.036667245
-11689303.596172487
-11688974.59574139
-11690290.735841371
-11690998.79041535
-11690764.238210693
-11690189.858940076
-11689728.447481444
-11689481.945156958
-11689389.64425751
-11689389.644257512
-11689481.945156911
-11689728.447481371
-11690189.858940043
-11690764.238210728
-11690998.790415358
-11690290.735841298
-11688974.595741302
-11689303.59617244
-11692919.036667235
-11695440.306890022
-11690869.16540188
-11680784.362709554
-11649734.832270531
-11653621.304885253
-12294204.397941463
-14574391.615381336
-17488393.441270865
-16790590.578858547
-15827866.802598601
-12473406.6678423
-13988661.27096378
-14566146.402045636
-12482241.658268705
-10863787.935455382
-10439475.911544247
-10474678.06448351
-10522980.055647833
-10541319.187391473
-10548367.085339021
-10548753.086817512
-10547322.074058395
-10546803.246192025
-10546718.630441753
-10546372.928784367
-10545844.751983915
-10545408.218527786
-10545158.332459267
-10545050.61741489
-10545016.570508562
-10545016.570508555
-10545050.61741487
-10545158.332459215
-10545408.218527786
-10545844.751983954
-10546372.928784378
-10546718.630441707
-10546803.246191986
-10547322.074058376
-10548753.086817512
-10548367.085339054
-10541319.187391551
-10522980.055647837
-10474678.064483384
-10439475.911544131
-10863787.935455438
-12482241.658268774
-14566146.402045574
-13988661.270963745
-12473406.667841956
-9594652.395436104
-11297506.438027268
-11758634.485227773
-10317549.317807926
-9220616.143453091
-8967272.434823908
-9027465.486207904
-9081628.942491764
-9101493.118123991
-9107470.127879253
-9107606.236689359
-9106181.803383552
-9105103.667762276
-9104385.430283464
-9103812.366943138
-9103395.034143629
-9103155.542668337
-9103047.950298669
-9103010.05847884
-9103000.2259423
-9103000.225942302
-9103010.05847883
-9103047.950298639
-9103155.54266834
-9103395.034143662
-9103812.36694315
-9104385.430283455
-9105103.667762278
-9106181.803383574
-9107606.236689387
-9107470.127879288
-9101493.11812404
-9081628.942491774
-9027465.486207835
-8967272.434823839
-9220616.143453106
-10317549.317807958
-11758634.485227747
-11297506.438027278
-9594652.39543593
-7109092.890043007
-8724773.070890525
-9074495.175878448
-8116577.305848214
-7411469.275233969
-7279623.020938814
-7347931.130320096
-7397763.681492906
-7414274.112381752
-7417568.855003152
-7416609.152298385
-7414928.7989891125
-7413719.706246885
-7412988.713749815
-7412558.917132975
-7412330.467225675
-7412229.178966982
-7412192.68720303
-7412182.260876826
-7412180.122185818
-7412180.122185818
-7412182.260876818
-7412192.687203015
-7412229.178966984
-7412330.467225699
-7412558.917132981
-7412988.7137498185
-7413719.706246898
-7414928.79898913
-7416609.152298397
-7417568.855003166
-7414274.112381779
-7397763.68149291
-7347931.130320052
-7279623.020938759
-7411469.27523397
-8116577.305848229
-9074495.175878428
-8724773.070890533
-7109092.890042901
-4985522.904188892
-6332545.008442066
-6577253.333338882
-5968140.629805679
-5541322.897649395
-5485701.185375614
-5547961.055966714
-5586943.180679953
-5597928.696404406
-5598629.840554051
-5596954.9918272365
-5595372.925129666
-5594406.579003855
-5593909.940335521
-5593677.735402016
-5593582.008998292
-5593548.981201501
-5593539.594671018
-5593537.380426374
-5593536.967638296
-5593536.967638294
-5593537.380426372
-5593539.594671008
-5593548.981201502
-5593582.0089983
-5593677.735402023
-5593909.940335521
-5594406.57900386
-5595372.925129674
-5596954.991827242
-5598629.840554049
-5597928.696404414
-5586943.180679951
-5547961.055966692
-5485701.185375583
-5541322.897649388
-5968140.629805673
-6577253.333338869
-6332545.00844207
-4985522.904188841
-3232815.3104332895
-4224080.448824658
-4374854.494282438
-4005802.6965406104
-3764392.544180136
-3749562.2901387364
-3797593.323001853
-3823777.556820663
-3829512.3578007785
-3828627.9394108234
-3826908.5937357503
-3825720.697829097
-3825110.074684942
-3824846.684406902
-3824748.062427333
-3824716.973281707
-3824709.0576247587
-3824707.292949832
-3824706.788813604
-3824706.597886327
-3824706.597886331
-3824706.7888136012
-3824707.292949828
-3824709.057624754
-3824716.9732817058
-3824748.0624273326
-3824846.6844069036
-3825110.074684945
-3825720.6978290994
-3826908.5937357484
-3828627.939410822
-3829512.3578007813
-3823777.5568206613
-3797593.3230018434
-3749562.2901387196
-3764392.5441801283
-4005802.6965406076
-4374854.494282428
-4224080.448824663
-3232815.3104332746
-1879644.9984934088
-2514472.6698173094
-2589617.8946286095
-2377663.8159636054
-2251631.0166406627
-2254287.1227415167
-2286354.8803989063
-2301473.4397527534
-2303592.314317326
-2302219.987943826
-2300899.4589528656
-2300167.2050475874
-2299849.233608145
-2299735.080317166
-2299701.5177012193
-2299693.962229621
-2299692.6849859324
-2299692.30961456
-2299692.0238720826
-2299691.8652385343
-2299691.865238535
-2299692.0238720803
-2299692.3096145573
-2299692.6849859315
-2299693.9622296216
-2299701.5177012174
-2299735.0803171652
-2299849.233608144
-2300167.205047587
-2300899.458952861
-2302219.9879438216
-2303592.3143173256
-2301473.439752755
-2286354.8803989035
-2254287.1227415134
-2251631.0166406576
-2377663.8159636008
-2589617.894628606
-2514472.669817309
-1879644.9984934062
-936617.2489840037
-1278851.332559032
-1302200.8444418302
-1188063.0186591903
-1128879.8561491035
-1136524.9308866835
-1155374.988604845
-1162887.9641739107
-1163192.1937897464
-1162030.002674142
-1161217.3517962291
-1160841.0946772092
-1160702.643143385
-1160661.717182698
-1160652.6313107354
-1160651.3291079912
-1160651.096457865
-1160650.8354566211
-1160650.6168187368
-1160650.5104881746
-1160650.5104881742
-1160650.6168187363
-1160650.8354566197
-1160651.0964578649
-1160651.3291079914
-1160652.6313107342
-1160661.717182698
-1160702.6431433852
-1160841.0946772094
-1161217.3517962273
-1162030.0026741414
-1163192.193789747
-1162887.9641739132
-1155374.9886048445
-1136524.9308866817
-1128879.8561491007
-1188063.0186591872
-1302200.8444418288
-1278851.3325590338
-936617.2489840043
-364279.2935919205
-508634.05353358336
-503687.7505679197
-446774.6981134717
-423028.0377874246
-430368.55550882913
-440350.72388046124
-443611.2324389063
-443349.8497458631
-442625.2024979337
-442215.28429777874
-442053.6700167892
-442003.19329756976
-441991.02021338633
-441989.02269870415
-441988.76602375624
-441988.55718135496
-441988.34406410874
-441988.21048493864
-441988.1555035263
-441988.15550352645
-441988.2104849389
-441988.34406410827
-441988.557181355
-441988.7660237563
-441989.02269870427
-441991.0202133862
-442003.1932975709
-442053.67001678975
-442215.2842977782
-442625.2024979334
-443349.8497458635
-443611.23243890767
-440350.723880462
-430368.5555088282
-423028.0377874235
-446774.6981134707
-503687.7505679194
-508634.05353358376
-364279.29359192104
-83586.84699923152
-121812.24765832067
-107397.42227832072
-81495.88321401404
-74215.71476571869
-79601.93308516603
-84499.99082537291
-85798.03653567244
-85544.3490319851
-85191.09955768452
-85021.20428170456
-84963.41288254832
-84947.94646178273
-84944.80440550417
-84944.3059003122
-84944.10910684035
-84943.92376064567
-84943.79433339591
-84943.72988147962
-84943.70681920531
-84943.70681920549
-84943.72988147977
-84943.79433339584
-84943.9237606462
-84944.10910684039
-84944.30590031222
-84944.80440550408
-84947.9464617828
-84963.41288254852
-85021.20428170451
-85191.09955768434
-85544.34903198505
-85798.03653567281
-84499.99082537321
-79601.93308516573
-74215.71476571864
-81495.88321401365
-107397.42227832066
-121812.24765832085
-83586.8469992314
7852.631811159816
8918.930276768791
20706.953314029517
30699.75370955947
31554.027097474245
28155.06741570516
25861.83886508774
25337.954835537443
25456.6320358817
25591.5720930408
25648.84818416427
25666.098170107765
25670.32302900975
25671.233653149236
25671.50280685319
25671.671073040023
25671.785541464098
25671.846902907782
25671.872536231393
25671.88067731105
25671.880677311034
25671.872536231356
25671.84690290777
25671.785541464025
25671.67107303998
25671.502806853277
25671.233653149236
25670.32302900967
25666.098170107554
25648.848184164275
25591.57209304072
25456.632035881583
25337.954835537406
25861.83886508769
28155.067415705165
31554.02709747405
30699.753709559398
20706.95331402947
8918.930276768868
7852.631811160095
14643.832680632597
21259.306174838115
26873.441100523854
29490.841433626505
28517.955123354015
26590.981777963272
25536.32104374385
25297.460911784525
25324.830523636585
25363.560395742734
25379.025511048872
25383.566342727507
25384.85853322373
25385.28762293588
25385.48013717499
25385.585524122187
25385.640371307913
25385.664435491493
25385.67311825626
25385.67559482817
25385.675594828186
25385.67311825621
25385.66443549151
25385.64037130785
25385.585524122147
25385.480137175036
25385.287622935903
25384.858533223778
25383.566342727514
25379.02551104883
25363.560395742716
25324.830523636567
25297.46091178454
25536.321043743887
26590.98177796321
28517.955123353888
29490.84143362635
26873.44110052377
21259.306174838133
14643.83268063278
2544.3936458019093
4815.3716668452125
5772.624230856486
5571.182191560916
4496.198938462807
3477.4775226955203
2983.67852407474
2860.4369550814663
2856.1598365953314
2864.348518851749
2868.115370091697
2869.51541689405
2870.1057523128493
2870.36848908697
2870.4862746139725
2870.538897435934
2870.560939960089
2870.569066940368
2870.5716202366402
2870.5722727556868
2870.572272755696
2870.571620236639
2870.5690669403625
2870.560939960088
2870.538897435915
2870.486274613955
2870.3684890870013
2870.105752312903
2869.515416894066
2868.1153700917
2864.348518851765
2856.1598365953405
2860.4369550814886
2983.6785240748045
3477.4775226954907
4496.198938462701
5571.182191560857
5772.624230856475
4815.3716668452535
2544.393645802008
