1600
194650039.62849495
372507198.25528705
503275409.43407893
565082281.3876874
558719859.6450657
548896326.8683646
544004937.240021
543957176.7700484
544210860.9628344
544439912.6458166
544531063.0592492
544549972.6587406
544546526.3681605
544541736.9287329
544539544.4437624
544538902.5643983
544538769.5337468
544538749.44181
544538747.2312227
544538747.065894
544538747.0658938
544538747.2312223
544538749.44181
544538769.533747
544538902.5643982
544539544.4437613
544541736.9287292
544546526.3681581
544549972.6587405
544531063.059251
544439912.6458209
544210860.9628384
543957176.7700478
544004937.2400187
548896326.8683646
558719859.6450689
565082281.3876952
503275409.43408173
372507198.25528604
194650039.62848958
186004727.73934016
114444745.46408862
130792284.45803075
231474953.64778715
212133325.33652842
210370474.83870384
204008845.9143461
203810805.72507316
204064228.9657278
204297929.8233254
204387263.38643098
204402884.3769915
204398139.86806947
204393314.55182043
204391287.82731357
204390725.15545642
204390615.57813448
204390602.18499216
204390601.98387444
204390602.29214182
204390602.29214117
204390601.98387343
204390602.1849952
204390615.57813016
204390725.15545252
204391287.8273137
204393314.55181727
204398139.86807132
204402884.3769899
204387263.38642618
204297929.82332847
204064228.96573272
203810805.72506222
204008845.91435102
210370474.8387232
212133325.33651307
231474953.64778653
130792284.45803134
114444745.4640954
186004727.7393376
65319433.70511901
90005984.46452715
131869229.47294848
148951201.7082431
138663306.96046793
130047145.31686446
126602310.21458434
126505368.52789313
126922395.05018128
127147923.03032558
127213552.49862322
127218252.28046076
127211422.70807002
127207098.74809791
127205605.31708054
127205257.26066037
127205205.29076844
127205203.93644996
127205205.8218453
127205206.38801195
127205206.3880119
127205205.82184504
127205203.93644977
127205205.2907675
127205257.26065941
127205605.31707947
127207098.74809597
127211422.70806883
127218252.28046004
127213552.49862303
127147923.03032692
126922395.05018286
126505368.52789278
126602310.21458393
130047145.31686561
138663306.9604677
148951201.7082451
131869229.47294907
90005984.4645271
65319433.705118045
-48490275.086920775
-36080464.381352045
-54627393.20656865
-78773123.45507684
-86504012.0557378
-91838006.27456695
-92310806.1299716
-91903488.19089954
-91554521.14769109
-91439783.94200425
-91425759.2633882
-91434376.53347181
-91441316.494
-91443962.74087703
-91444554.85626061
-91444609.68418847
-91444594.13841681
-91444584.60352793
-91444581.83092098
-91444581.39142692
-91444581.39142671
-91444581.8309204
-91444584.60352832
-91444594.1384161
-91444609.68418808
-91444554.8562607
-91443962.74087572
-91441316.49399997
-91434376.5334716
-91425759.26338713
-91439783.94200428
-91554521.14769149
-91903488.19089766
-92310806.12997209
-91838006.27457027
-86504012.0557351
-78773123.45507744
-54627393.20656902
-36080464.38135314
-48490275.08692007
-83185140.00271359
-119271084.21155381
-162931543.06579784
-184945127.4600561
-184731697.87507236
-182319087.4602888
-180568591.30442888
-180069513.0635528
-179978129.68704882
-180001204.01365232
-180031140.67661467
-180045920.1392006
-180050120.08267173
-180050422.4770217
-180050069.4457776
-180049867.1638098
-180049803.4179558
-180049789.05734688
-180049786.76891643
-180049786.64988005
-180049786.6498797
-180049786.76891544
-180049789.05734593
-180049803.41795442
-180049867.1638084
-180050069.44577548
-180050422.4770188
-180050120.0826695
-180045920.13919902
-180031140.6766136
-180001204.0136527
-179978129.6870498
-180069513.06355226
-180568591.3044288
-182319087.4602907
-184731697.87507236
-184945127.46005806
-162931543.0657985
-119271084.2115539
-83185140.00271145
-73830077.7793044
-129665001.06576347
-171499862.38024434
-179836148.83925274
-171194159.34547582
-163768677.12035602
-161248165.19539386
-161018236.2113817
-161187726.24019662
-161305904.19161573
-161355270.3792666
-161368150.25812835
-161368283.33423615
-161366423.2158856
-161365336.62955192
-161364961.02050424
-161364870.8399021
-161364855.3256503
-161364853.6686183
-161364853.724971
-161364853.7249708
-161364853.66861776
-161364855.32565
-161364870.83990178
-161364961.02050358
-161365336.62955078
-161366423.2158834
-161368283.3342346
-161368150.25812775
-161355270.37926728
-161305904.1916172
-161187726.2401981
-161018236.21138197
-161248165.1953928
-163768677.12035528
-171194159.34547755
-179836148.83925518
-171499862.3802448
-129665001.06576249
-73830077.77930193
-67831326.27185163
-124643524.57318544
-162461925.55386373
-164232117.74637133
-151660791.31880346
-142780858.25495735
-140424781.42888898
-140553947.49955466
-140902006.28940284
-141066945.54301777
-141119133.33679515
-141127196.53171176
-141123846.69145843
-141120470.57409272
-141118911.93023294
-141118430.60771146
-141118324.72641754
-141118308.14332762
-141118306.52313453
-141118306.539278
-141118306.53927797
-141118306.5231348
-141118308.1433282
-141118324.72641832
-141118430.60771224
-141118911.9302328
-141120470.57409224
-141123846.69145837
-141127196.53171274
-141119133.3367972
-141066945.5430201
-140902006.2894047
-140553947.4995548
-140424781.42888686
-142780858.2549559
-151660791.3188051
-164232117.74637404
-162461925.55386448
-124643524.57318427
-67831326.2718487
-72021597.16184968
-128846743.10806029
-167060591.55047765
-168163391.44878927
-154821574.53360182
-145977671.05807158
-143929321.30369097
-144282138.56251267
-144710005.8621604
-144887460.7364891
-144935745.8665657
-144939625.25799182
-144934074.3508671
-144929828.9321114
-144928004.46703437
-144927461.66713414
-144927345.25326857
-144927327.21090552
-144927325.29425377
-144927325.20184824
-144927325.2018484
-144927325.29425392
-144927327.2109062
-144927345.25327006
-144927461.66713542
-144928004.4670348
-144929828.93211156
-144934074.35086763
-144939625.25799337
-144935745.86656812
-144887460.7364914
-144710005.86216196
-144282138.56251237
-143929321.3036888
-145977671.0580704
-154821574.53360376
-168163391.44879237
-167060591.55047864
-128846743.10805926
-72021597.16184668
-77006983.47127199
-134119481.45445757
-173350357.7927243
-174921750.11073005
-161737589.7113371
-153153154.313205
-151276055.34167588
-151698026.19090644
-152134634.0584675
-152305592.03645524
-152348370.7710796
-152349602.96940532
-152342999.23355693
-152338380.13972515
-152336443.55429092
-152335874.06173274
-152335752.58275732
-152335733.63011226
-152335731.4892662
-152335731.32725927
-152335731.32725915
-152335731.489266
-152335733.6301124
-152335752.5827577
-152335874.06173325
-152336443.55429062
-152338380.13972434
-152342999.23355636
-152349602.96940577
-152348370.77108082
-152305592.03645667
-152134634.05846852
-151698026.1909061
-151276055.34167382
-153153154.31320387
-161737589.71133932
-174921750.11073336
-173350357.79272527
-134119481.45445672
-77006983.471269
-78069316.00369775
-133404249.62893808
-171765277.35252267
-173329528.45044357
-160612556.6572688
-152419212.67355058
-150659698.2171152
-151070412.78763178
-151479814.4021174
-151636193.3689542
-151673745.06563374
-151673633.05064172
-151666805.49045047
-151662178.39188117
-151660252.74776825
-151659688.26496723
-151659568.0023622
-151659549.17539927
-151659547.00135013
-151659546.81841406
-151659546.81841394
-151659547.00134966
-151659549.1753988
-151659568.00236207
-151659688.26496705
-151660252.7477672
-151662178.39187956
-151666805.49044907
-151673633.0506412
-151673745.06563413
-151636193.36895525
-151479814.40211853
-151070412.78763163
-150659698.21711355
-152419212.6735497
-160612556.65727082
-173329528.4504465
-171765277.35252362
-133404249.62893733
-78069316.00369485
-74594775.31749092
-125270839.42749897
-160494234.81378204
-161607287.65827233
-149787403.11915505
-142297002.79290372
-140716850.7720143
-141093863.9731231
-141460235.927955
-141598211.9947007
-141630651.72169045
-141629896.82780585
-141623367.66976097
-141618998.51215
-141617184.17331362
-141616652.99067548
-141616539.9604136
-141616522.26933622
-141616520.2175109
-141616520.0409734
-141616520.04097322
-141616520.21751028
-141616522.2693357
-141616539.96041322
-141616652.9906749
-141617184.17331272
-141618998.51214823
-141623367.66975933
-141629896.82780522
-141630651.72169065
-141598211.99470174
-141460235.92795625
-141093863.97312316
-140716850.77201277
-142297002.79290283
-149787403.11915672
-161607287.65827468
-160494234.8137829
-125270839.42749831
-74594775.3174883
-66852376.402055964
-110164957.17733303
-140237194.33990872
-140626330.83125484
-130188557.28051841
-123760443.10921319
-122459534.00840902
-122803061.6009415
-123117926.87279075
-123234347.15723531
-123261074.40582785
-123259839.2715577
-123253888.5976588
-123249960.58089156
-123248335.36552583
-123247860.77587816
-123247760.04484788
-123247744.3149608
-123247742.4929427
-123247742.335856
-123247742.33585577
-123247742.4929421
-123247744.31496029
-123247760.04484758
-123247860.7758778
-123248335.36552507
-123249960.58089024
-123253888.59765756
-123259839.27155718
-123261074.40582831
-123234347.15723635
-123117926.87279192
-122803061.6009417
-122459534.00840794
-123760443.10921256
-130188557.28052007
-140626330.83125713
-140237194.33990937
-110164957.17733246
-66852376.40205355
-55588029.83841528
-89581528.26504344
-113032124.53949383
-112535096.60711342
-103849351.15595847
-98751611.10875888
-97808902.90871347
-98124289.84370297
-98383466.95148672
-98476188.83315489
-98496497.05813928
-98494702.05790749
-98489452.20069739
-98486076.91630618
-98484693.81329824
-98484292.426103
-98484207.65837094
-98484194.47732025
-98484192.9558864
-98484192.82504812
-98484192.82504794
-98484192.95588596
-98484194.47731999
-98484207.65837087
-98484292.42610303
-98484693.81329781
-98486076.91630545
-98489452.20069663
-98494702.05790718
-98496497.05813974
-98476188.83315577
-98383466.95148765
-98124289.84370305
-97808902.9087125
-98751611.10875827
-103849351.15595978
-112535096.6071152
-113032124.53949444
-89581528.26504305
-55588029.838413395
-42310962.5942822
-66299773.966746874
-82549697.91386537
-81157311.1971784
-74384483.86694783
-70710725.20997113
-70150539.68287133
-70441015.02596442
-70644927.93999425
-70713961.21225485
-70727721.8846114
-70725315.96130182
-70720803.43701582
-70718029.37466268
-70716914.16102311
-70716594.378584
-70716527.43769221
-70716517.10006091
-70716515.91338234
-70716515.81178148
-70716515.8117814
-70716515.91338202
-70716517.10006087
-70716527.43769233
-70716594.37858416
-70716914.16102295
-70718029.37466215
-70720803.43701528
-70725315.96130179
-70727721.88461167
-70713961.2122555
-70644927.93999484
-70441015.02596444
-70150539.68287063
-70710725.20997068
-74384483.8669488
-81157311.19717976
-82549697.91386576
-66299773.966746554
-42310962.59428073
-29212265.599876214
-44081271.28695746
-53696544.353572525
-51627433.87161102
-46703120.52828638
-44344409.65846449
-44121969.397482045
-44383999.992313184
-44536825.49548038
-44584453.88983493
-44592340.36412151
-44589435.71545206
-44585661.17912143
-44583484.06385699
-44582635.51384297
-44582396.96795882
-44582347.731846906
-44582340.20818513
-44582339.351525865
-44582339.278646864
-44582339.278646864
-44582339.35152577
-44582340.20818518
-44582347.73184714
-44582396.96795903
-44582635.51384303
-44583484.063856766
-44585661.17912125
-44589435.715452105
-44592340.36412177
-44584453.88983532
-44536825.4954807
-44383999.99231308
-44121969.397481434
-44344409.658464156
-46703120.52828698
-51627433.871611886
-53696544.353572786
-44081271.28695725
-29212265.59987524
-18483226.10430775
-26460357.08136699
-31040337.099396173
-28729533.159871828
-25411549.00522492
-24095493.35576526
-24109477.040562402
-24332787.93081124
-24440837.875381775
-24470837.108957738
-24474120.578196056
-24470988.40496919
-24467941.123546053
-24466316.86203867
-24465710.8816362
-24465545.431703124
-24465511.987045996
-24465506.954451025
-24465506.388061486
-24465506.340306975
-24465506.34030698
-24465506.38806146
-24465506.95445108
-24465511.987046164
-24465545.431703284
-24465710.88163624
-24466316.8620386
-24467941.123545986
-24470988.404969238
-24474120.578196242
-24470837.108957946
-24440837.87538198
-24332787.93081119
-24109477.040562004
-24095493.35576501
-25411549.005225223
-28729533.15987231
-31040337.099396277
-26460357.081366856
-18483226.10430715
-11297359.062098537
-15128532.872709855
-16723911.972652202
-14659376.794206744
-12605555.515915949
-11990674.468757732
-12121744.443927117
-12295833.933009792
-12366690.009480854
-12383387.193426011
-12383556.903764429
-12380533.189307922
-12378189.793504404
-12377046.981909996
-12376643.804912537
-12376537.986902775
-12376517.203431247
-12376514.142110862
-12376513.803086182
-12376513.774852445
-12376513.774852436
-12376513.803086169
-12376514.142110871
-12376517.203431332
-12376537.986902844
-12376643.804912535
-12377046.981909929
-12378189.793504369
-12380533.189307963
-12383556.903764486
-12383387.193426095
-12366690.009480918
-12295833.933009746
-12121744.443926917
-11990674.46875758
-12605555.51591607
-14659376.794206934
-16723911.972652221
-15128532.872709794
-11297359.062098224
-7294705.445055664
-9241033.597361172
-9587391.402656615
-8082211.620237887
-6924784.641236273
-6702466.710924088
-6855709.144981298
-6977782.025501114
-7020059.680649793
-7027665.216535321
-7026108.55473452
-7023485.137361995
-7021794.933808315
-7021045.269015662
-7020797.802661126
-7020736.004595433
-7020724.313778335
-7020722.639901633
-7020722.45849251
-7020722.443634192
-7020722.4436341785
-7020722.458492484
-7020722.6399016185
-7020724.313778354
-7020736.0045954585
-7020797.802661119
-7021045.2690156335
-7021794.933808298
-7023485.137361997
-7026108.554734526
-7027665.21653533
-7020059.680649823
-6977782.025501108
-6855709.144981219
-6702466.710924013
-6924784.641236308
-8082211.620237934
-9587391.402656596
-9241033.597361142
-7294705.445055524
-5146037.2991149165
-6444387.979611724
-6513882.755909241
-5599953.375331067
-5006102.462052787
-4960604.649394806
-5085830.6156456545
-5162875.505969354
-5185432.799694959
-5187596.22129053
-5185416.663711615
-5183370.9677749835
-5182246.017766748
-5181794.020954762
-5181655.628314713
-5181623.060365731
-5181617.179274762
-5181616.3671306865
-5181616.2815543115
-5181616.274697508
-5181616.274697503
-5181616.281554296
-5181616.3671306735
-5181617.17927476
-5181623.060365731
-5181655.628314707
-5181794.020954748
-5182246.01776674
-5183370.96777498
-5185416.663711604
-5187596.221290517
-5185432.799694964
-5162875.505969359
-5085830.615645623
-4960604.649394767
-5006102.462052778
-5599953.375331064
-6513882.755909218
-6444387.979611713
-5146037.299114858
-3657229.4670857005
-4678225.127776425
-4767261.590298572
-4284113.200475081
-4000394.2621052656
-4013437.658534586
-4098107.266361825
-4142351.681013427
-4152865.0988113037
-4152361.687844589
-4150300.3090520687
-4148874.6020046114
-4148195.174795306
-4147948.7470157207
-4147879.2739543496
-4147863.9996940056
-4147861.3899880066
-4147861.045264192
-4147861.010206803
-4147861.007476318
-4147861.0074763154
-4147861.010206794
-4147861.045264187
-4147861.389988006
-4147863.999694011
-4147879.273954347
-4147948.7470157137
-4148195.174795305
-4148874.6020046105
-4150300.309052058
-4152361.687844578
-4152865.0988113023
-4142351.681013425
-4098107.2663618117
-4013437.6585345655
-4000394.262105252
-4284113.2004750725
-4767261.590298559
-4678225.127776426
-3657229.467085681
-2355690.3167770635
-3096933.9178463076
-3191959.3126451145
-2951076.149750711
-2819199.961240213
-2841248.57259858
-2891802.8304392216
-2915079.4624424134
-2919099.3032059763
-2917725.628549078
-2916157.6037553865
-2915278.771499966
-2914912.867538152
-2914793.535457712
-2914762.7598290597
-2914756.4852000293
-2914755.4786778674
-2914755.352452671
-2914755.340149104
-2914755.3392233653
-2914755.3392233634
-2914755.340149103
-2914755.352452669
-2914755.478677867
-2914756.4852000303
-2914762.7598290616
-2914793.5354577145
-2914912.8675381555
-2915278.7714999677
-2916157.6037553824
-2917725.6285490734
-2919099.3032059767
-2915079.462442415
-2891802.830439216
-2841248.5725985686
-2819199.9612402013
-2951076.149750701
-3191959.3126451094
-3096933.9178463086
-2355690.3167770603
-1281450.7198118402
-1725906.3766326543
-1780115.3325352734
-1657594.3663129616
-1596599.8673174388
-1613647.0688020024
-1641140.5621646766
-1652283.9234089972
-1653285.6655891028
-1651988.1892897293
-1650989.784674095
-1650517.2055214462
-1650344.7248865752
-1650294.3893759416
-1650282.5835151528
-1650280.3619494138
-1650280.0283515435
-1650279.9886743703
-1650279.9849651183
-1650279.9846949794
-1650279.9846949799
-1650279.984965118
-1650279.9886743692
-1650280.028351543
-1650280.3619494135
-1650282.5835151528
-1650294.3893759432
-1650344.7248865783
-1650517.205521448
-1650989.7846740938
-1651988.189289727
-1653285.6655891025
-1652283.9234089984
-1641140.5621646766
-1613647.0688019982
-1596599.8673174335
-1657594.3663129574
-1780115.332535271
-1725906.3766326562
-1281450.719811839
-551126.5387075393
-759462.2925945133
-770944.5351506124
-707260.2511253939
-680609.3938681369
-691712.6647342901
-705560.1758181032
-710358.3833041766
-710274.9915461206
-709395.6340001568
-708860.5460370719
-708642.5195996907
-708572.7925483274
-708554.685196744
-708550.8328799921
-708550.1596304489
-708550.0632748327
-708550.0520841172
-708550.051042486
-708550.0509659213
-708550.0509659211
-708550.0510424855
-708550.0520841171
-708550.0632748333
-708550.1596304491
-708550.8328799926
-708554.6851967446
-708572.7925483289
-708642.5195996916
-708860.5460370713
-709395.634000156
-710274.9915461212
-710358.383304177
-705560.1758181028
-691712.6647342877
-680609.3938681355
-707260.2511253926
-770944.5351506125
-759462.2925945142
-551126.5387075392
-160820.0059308667
-228601.8577746741
-218756.5426007814
-187276.1785373193
-177667.04582579088
-184568.2303511117
-191137.14148022627
-193013.20020073612
-192745.55531329502
-192277.50870292587
-192038.35409976772
-191953.79270841103
-191930.16510695056
-191924.7135809625
-191923.6436333767
-191923.46067541168
-191923.43339212335
-191923.42994118246
-191923.4295849678
-191923.42955596873
-191923.42955596882
-191923.42958496767
-191923.4299411823
-191923.43339212352
-191923.4606754117
-191923.64363337684
-191924.7135809626
-191930.16510695108
-191953.79270841117
-192038.35409976754
-192277.50870292552
-192745.5553132955
-193013.20020073638
-191137.14148022627
-184568.2303511115
-177667.04582579056
-187276.17853731924
-218756.54260078154
-228601.85777467422
-160820.00593086643
-10863.181058182758
-18410.484057683818
-5725.187310925676
7790.333159871583
9739.602925826108
5590.776228606979
2586.6639715784268
1875.1814130085124
2041.166610441833
2238.5274031143576
2325.906690507315
2352.795410986149
2359.380741112147
2360.775655965749
2361.055721034383
2361.111224738636
2361.1213327567007
2361.1228572312466
2361.1230361098937
2361.123051994021
2361.123051993859
2361.1230361099083
2361.122857231351
2361.1213327566206
2361.1112247385763
2361.0557210343845
2360.7756559657337
2359.380741112135
2352.7954109860816
2325.906690507327
2238.5274031141703
2041.1666104415772
1875.1814130083253
2586.6639715783667
5590.776228606868
9739.602925825757
7790.333159871279
-5725.187310925983
-18410.4840576838
-10863.18105818258
16661.263236033476
23399.669253790882
31011.435921054956
35368.38372015974
34681.79573967231
32327.1903365375
30968.910843607817
30672.159255077568
30728.303903188655
30792.28929337386
30817.577614259313
30824.4522180146
30826.025736091975
30826.394265746247
30826.491403396692
30826.516383770795
30826.521660530605
30826.522509366045
30826.52261134609
30826.52262046062
30826.522620460597
30826.522611346092
30826.522509366085
30826.521660530587
30826.516383770817
30826.491403396754
30826.39426574636
30826.02573609205
30824.452218014616
30817.577614259233
30792.289293373757
30728.303903188567
30672.159255077524
30968.910843607835
32327.190336537475
34681.79573967209
35368.38372015953
31011.43592105483
23399.66925379091
16661.263236033676
6703.291219618627
11142.354787936636
13555.171416750809
14059.45033042603
12977.531932973006
11740.176423077237
11124.125609731222
10979.387374972668
10983.328145729698
10997.930438806294
11003.585418588613
11005.128784424005
11005.576284081815
11005.731311862663
11005.783165631789
11005.797234823223
11005.800144990952
11005.800596688925
11005.800649218332
11005.800653792963
11005.80065379298
11005.800649218341
11005.800596688921
11005.80014499094
11005.797234823207
11005.783165631809
11005.731311862692
11005.576284081853
11005.128784423996
11003.585418588584
10997.930438806276
10983.328145729683
10979.387374972652
11124.125609731265
11740.176423077233
12977.5319329729
14059.45033042596
13555.171416750782
11142.354787936674
6703.291219618751
-2259.396706961629
-1491.2687919013736
-1642.3249651284368
-2197.2996546367085
-2962.41608591858
-3557.750096771066
-3835.057140142249
-3909.4808924465797
-3917.3909112806673
-3915.5012702560534
-3914.290122546035
-3913.775738148427
-3913.5452636380523
-3913.452480704785
-3913.4226432640594
-3913.4152093149364
-3913.413787399642
-3913.4135797194913
-3913.4135566300324
-3913.4135546842313
-3913.413554684225
-3913.413556630027
-3913.4135797194763
-3913.413787399661
-3913.4152093149564
-3913.4226432640553
-3913.4524807047724
-3913.545263638047
-3913.775738148426
-3914.2901225460373
-3915.50127025606
-3917.3909112806687
-3909.4808924465588
-3835.0571401422158
-3557.750096771055
-2962.4160859185886
-2197.2996546367435
-1642.3249651284245
-1491.2687919013406
-2259.3967069615614
-3803.111282997779
-4361.834650527691
-5006.876521814653
-5510.458002999589
-5904.901106169444
-6163.893800231696
-6283.297282895835
-6318.294227272323
-6323.651326580036
-6323.323706882201
-6322.738622326257
-6322.413516978697
-6322.268051290349
-6322.2155954259615
-6322.20063169036
-6322.197267754698
-6322.196674461227
-6322.196592959606
-6322.196584300705
-6322.196583594957
-6322.196583594956
-6322.196584300697
-6322.19659295961
-6322.196674461219
-6322.197267754696
-6322.200631690362
-6322.215595425963
-6322.268051290351
-6322.413516978698
-6322.738622326257
-6323.323706882189
-6323.651326580026
-6318.294227272316
-6283.297282895806
-6163.893800231664
-5904.901106169426
-5510.45800299958
-5006.876521814639
-4361.834650527675
-3803.111282997749
-2243.918465536672
-2742.694219095143
-3141.5847530874876
-3388.023752599021
-3548.7011532344986
-3649.3963097531187
-3696.3510504110704
-3710.018730926805
-3711.6385141977617
-3711.074001801507
-3710.61786182436
-3710.407150381962
-3710.3275463013324
-3710.3026668077623
-3710.296343832996
-3710.29504890789
-3710.2948368510197
-3710.2948093501523
-3710.294806553554
-3710.2948063329827
-3710.2948063329804
-3710.2948065535506
-3710.2948093501527
-3710.2948368510224
-3710.295048907892
-3710.2963438329957
-3710.3026668077637
-3710.3275463013365
-3710.407150381965
-3710.617861824353
-3711.074001801504
-3711.638514197758
-3710.0187309268
-3696.3510504110545
-3649.396309753102
-3548.701153234483
-3388.0237525990074
-3141.5847530874767
-2742.6942190951363
-2243.9184655366653
-848.0458055116907
-1060.2911467318143
-1209.852115633776
-1294.150910459412
-1347.9703743879684
-1382.8190937937582
-1398.939135085964
-1402.9396565337936
-1402.8069430940748
-1402.2420236886605
-1401.9464566225004
-1401.8345210811317
-1401.7984991170486
-1401.7885977148724
-1401.7863257814313
-1401.7858975981146
-1401.785832071022
-1401.785824021096
-1401.7858232364092
-1401.7858231764965
-1401.7858231764963
-1401.7858232364088
-1401.7858240210953
-1401.7858320710236
-1401.7858975981153
-1401.7863257814297
-1401.7885977148705
-1401.7984991170492
-1401.8345210811308
-1401.9464566224972
-1402.2420236886585
-1402.8069430940736
-1402.939656533792
-1398.9391350859567
-1382.8190937937488
-1347.9703743879616
-1294.1509104594084
-1209.852115633771
-1060.291146731811
-848.0458055116886
-229.7925686909389
-289.0388739369644
-327.95575707158935
-349.816335480988
-365.4111158125745
-376.11185142532275
-380.65687811306515
-381.25911048396006
-380.7847969263471
-380.4209800506151
-380.270024604383
-380.2211347253454
-380.2074158768118
-380.2040522308977
-380.20334866691144
-380.20322579335294
-380.2032081418499
-380.20320608285357
-380.20320589029376
-380.20320587605914
-380.20320587605914
-380.20320589029365
-380.2032060828537
-380.2032081418501
-380.20322579335306
-380.20334866691127
-380.2040522308975
-380.20741587681283
-380.2211347253451
-380.2700246043824
-380.4209800506144
-380.7847969263472
-381.25911048396046
-380.656878113064
-376.1118514253208
-365.4111158125728
-349.816335480987
-327.9557570715891
-289.0388739369647
-229.79256869093882
-46.536190629688384
-58.01738079903665
-65.32750811839712
-70.03655503958824
-74.17252847063288
-77.0019634936387
-77.89634659618653
-77.70512822479066
-77.371898291335
-77.19418506389049
-77.13095939200099
-77.11292423407575
-77.10843601052991
-77.10744542188071
-77.1072554901254
-77.10722462786345
-77.1072204547684
-77.10721999193692
-77.1072199503958
-77.10721994742345
-77.10721994742347
-77.1072199503957
-77.10721999193683
-77.10722045476835
-77.10722462786332
-77.10725549012517
-77.10744542188067
-77.10843601052999
-77.11292423407572
-77.1309593920008
-77.19418506389027
-77.37189829133527
-77.7051282247912
-77.89634659618679
-77.00196349363881
-74.17252847063295
-70.03655503958858
-65.3275081183976
-58.01738079903711
-46.53619062968867
-7.168638069135701
-8.720470302366115
-9.790810402781016
-10.783085620644508
-11.79623042810226
-12.372155466930614
-12.390426335869233
-12.184691368850938
-12.02435079290366
-11.953630562178443
-11.931232935327596
-11.92549561871423
-11.924214208567026
-11.923958162592362
-11.923913036357936
-11.92390620117877
-11.923905330150905
-11.923905238256127
-11.923905230341507
-11.923905229793503
-11.92390522979351
-11.923905230341509
-11.92390523825611
-11.92390533015088
-11.923906201178742
-11.923913036357874
-11.923958162592331
-11.924214208567044
-11.925495618714228
-11.931232935327555
-11.953630562178448
-12.024350792903817
-12.184691368851228
-12.39042633586952
-12.372155466930865
-11.796230428102497
-10.783085620644817
-9.79081040278132
-8.720470302366344
-7.168638069135814
-0.8391519063580394
-1.0230476497866305
-1.2067621366323824
-1.4426369502066507
-1.6512724776473662
-1.7027763816115629
-1.6186675864902813
-1.5149708082408688
-1.4538354560280031
-1.4301008290141164
-1.4232602240866028
-1.421663918197613
-1.42134080256216
-1.4212820876691625
-1.4212725626973974
-1.4212712172048436
-1.421271055589293
-1.4212710393707937
-1.421271038029643
-1.421271037939421
-1.4212710379394264
-1.4212710380296498
-1.4212710393707955
-1.4212710555892931
-1.4212712172048378
-1.4212725626973817
-1.4212820876691594
-1.4213408025621692
-1.421663918197623
-1.4232602240866068
-1.4301008290141308
-1.453835456028049
-1.5149708082409419
-1.6186675864903712
-1.7027763816116623
-1.6512724776474637
-1.4426369502067478
-1.206762136632461
-1.0230476497866752
-0.8391519063580447
-0.07069797159653783
-0.12436714976872465
-0.18402353675921873
-0.24291101611509716
-0.26935863362601836
-0.2462174190867669
-0.1985587556202563
-0.15996882808606983
-0.14056677445311186
-0.13372494554440287
-0.13190245018155766
-0.13151015867195018
-0.13143746415571142
-0.13142538232007234
-0.13142357468298363
-0.1314233364608005
-0.13142330948192632
-0.1314233069000896
-0.13142330669256205
-0.131423306678379
-0.13142330667838054
-0.13142330669256494
-0.13142330690009246
-0.13142330948192849
-0.1314233364608008
-0.1314235746829818
-0.131425382320071
-0.13143746415571225
-0.13151015867195162
-0.131902450181557
-0.1337249455443986
-0.14056677445310592
-0.1599688280860647
-0.19855875562025507
-0.24621741908677047
-0.26935863362602136
-0.24291101611509638
-0.18402353675921107
-0.12436714976870952
-0.07069797159651793
-0.0027036216403303116
-0.028317845407634268
-0.050851585602527304
-0.06391861789936426
-0.061406509022106946
-0.04604697245691775
-0.028570623939734405
-0.01694722401826826
-0.011707169770386392
-0.009995365664167416
-0.00956848284194805
-0.009482637195952597
-0.00946788324240301
-0.009465617390221675
-0.009465302852777331
-0.009465264045591597
-0.009465259874949252
-0.009465259484423701
-0.009465259450946917
-0.00946525944796763
-0.009465259447967927
-0.009465259450947582
-0.009465259484424423
-0.009465259874949969
-0.009465264045592081
-0.00946530285277719
-0.009465617390220876
-0.009467883242401769
-0.009482637195950765
-0.009568482841944488
-0.009995365664160368
-0.011707169770374882
-0.01694722401825337
-0.028570623939718518
-0.0460469724569023
-0.0614065090220911
-0.06391861789934718
-0.05085158560250963
-0.028317845407617444
-0.002703621640316148
0.0005030148603234263
-0.009066981973996777
-0.01613003289586478
-0.018430898343175108
-0.01564455550735843
-0.010150706468414185
-0.005166970432620342
-0.00223402174570615
-0.0010152112810599325
-0.0006408538228433437
-0.0005523327931760785
-0.0005354392201464889
-0.0005326936857958552
-0.0005322964222430239
-0.0005322444821163471
-0.0005322384071410302
-0.000532237769109905
-0.0005322377039479966
-0.0005322376961228958
-0.000532237694931042
-0.0005322376949310395
-0.0005322376961228837
-0.0005322377039480063
-0.0005322377691100084
-0.000532238407141201
-0.0005322444821163805
-0.0005322964222426973
-0.0005326936857950749
-0.0005354392201451635
-0.0005523327931738039
-0.0006408538228394007
-0.0010152112810537946
-0.0022340217456979826
-0.0051669704326109
-0.01015070646840421
-0.015644555507348185
-0.018430898343164914
-0.016130032895855264
-0.009066981973988754
0.0005030148603293615
0.00016818475129064148
-0.002557539125792575
-0.004346344569290395
-0.00463053098349524
-0.0036267908606335887
-0.0021600456459525148
-0.0009920739015469625
-0.0003615185727900267
-0.00011545802967677455
-4.341269630652712e-05
-2.7000202169918724e-05
-2.3958689407643918e-05
-2.347630761997088e-05
-2.340823919214318e-05
-2.339963422076054e-05
-2.339867265023535e-05
-2.339857505442535e-05
-2.3398564197532154e-05
-2.3398562430453947e-05
-2.3398562066008355e-05
-2.3398562065990832e-05
-2.339856243041309e-05
-2.3398564197501695e-05
-2.3398575054443695e-05
-2.339867265030323e-05
-2.3399634220813573e-05
-2.3408239192082997e-05
-2.347630761972028e-05
-2.395868940713954e-05
-2.7000202169037197e-05
-4.341269630506703e-05
-0.00011545802967456285
-0.00036151857278704915
-0.0009920739015433807
-0.0021600456459485865
-0.0036267908606295615
-0.0046305309834913785
-0.004346344569286997
-0.0025575391257898947
0.00016818475129247364
3.3562291990136064e-05
-0.0005905807369886192
-0.0009670295360959084
-0.0009803393556374236
-0.0007257962184868607
-0.0004081968776356025
-0.00017692962516949922
-5.998146485852706e-05
-1.650551553771899e-05
-4.184935519606214e-06
-1.4191240030930936e-06
-9.029850498151353e-07
-8.188073160725347e-07
-8.06536088399551e-07
-8.050105919853763e-07
-8.048843362927168e-07
-8.048915212532894e-07
-8.048982767391002e-07
-8.049003299791347e-07
-8.04900776797557e-07
-8.049007767919014e-07
-8.04900329966663e-07
-8.048982767310872e-07
-8.04891521261303e-07
-8.04884336318757e-07
-8.050105920141879e-07
-8.065360884019665e-07
-8.188073160176603e-07
-9.029850496752055e-07
-1.4191240028347196e-06
-4.184935519184889e-06
-1.6505515537091897e-05
-5.998146485767681e-05
-0.00017692962516845044
-0.00040819687763442764
-0.0007257962184856627
-0.0009803393556363077
-0.0009670295360949682
-0.0005905807369879157
3.3562291990588577e-05
