1600
837825856907725.8
1699627438683991.0
2386839911483909.5
2667055402536226.0
2731853388490278.5
2726986414159023.5
2736115989989848.5
2748897401442145.0
2759407896171700.0
2764299011591482.0
2765517257133725.0
2764811889712834.0
2763915943092851.0
2763322166625777.0
2763004393807410.5
2762900963717713.0
2762891116767980.5
2762903196396254.0
2762904655715126.5
2762902439218918.5
2762902439218921.5
2762904655715142.5
2762903196396298.0
2762891116768046.5
2762900963717767.5
2763004393807414.5
2763322166625745.0
2763915943092835.5
2764811889712870.5
2765517257133807.0
2764299011591574.5
2759407896171741.0
2748897401442077.0
2736115989989704.5
2726986414158976.0
2731853388490443.0
2667055402536469.0
2386839911484001.5
1699627438683893.8
837825856907577.0
1222298967764136.0
3076081013069988.0
-1516542932063412.8
534708181446682.9
-787633516902964.4
-128935030272454.66
-429375421209842.2
-242120560738014.12
-331446961267355.1
-280325153352914.1
-299326810820991.5
-292863864295885.3
-294722760429073.6
-295118355262443.6
-294861251497357.5
-295332299149675.5
-295143400837024.56
-295238768200073.44
-295150375545046.4
-295191880893975.3
-295191880894004.75
-295150375545050.6
-295238768199896.94
-295143400837150.7
-295332299149791.56
-294861251497248.6
-295118355262470.3
-294722760428910.25
-292863864295867.75
-299326810821127.0
-280325153352850.2
-331446961267242.06
-242120560738479.78
-429375421209510.5
-128935030271648.28
-787633516903799.0
534708181446325.25
-1516542932063574.0
3076081013070169.0
1222298967763960.5
886817063118597.2
515252974685855.56
527315339914070.9
-326446895499386.0
-766400957709923.5
-957085480430778.1
-982217136543755.4
-965689873970063.2
-962532987511631.2
-958533661339707.2
-959265035814994.2
-959517242796681.5
-960311121717255.0
-960554806333808.1
-960739209861379.2
-960793920156761.2
-960790789156140.6
-960780521152179.9
-960771836221985.1
-960773278932816.5
-960773278932811.9
-960771836221971.8
-960780521152158.9
-960790789156122.6
-960793920156753.5
-960739209861362.6
-960554806333795.8
-960311121717222.6
-959517242796650.0
-959265035814974.8
-958533661339693.4
-962532987511612.6
-965689873970049.6
-982217136543729.9
-957085480430750.0
-766400957709961.9
-326446895499467.6
527315339913928.44
515252974685746.5
886817063118473.1
203644539755533.78
137110084902969.5
-383436861441331.3
-1231587987208577.0
-1566350291659682.8
-1808532201590359.0
-1817458485970097.8
-1837349962935455.8
-1825954592068802.2
-1830020217904636.0
-1827786444352165.5
-1829256591654338.2
-1829515330606440.2
-1829751002151554.0
-1829926258737191.0
-1829861112516605.2
-1829880007687481.5
-1829853569669681.2
-1829862518845812.2
-1829855867262816.8
-1829855867262813.8
-1829862518845805.2
-1829853569669691.5
-1829880007687477.2
-1829861112516599.8
-1829926258737195.5
-1829751002151535.0
-1829515330606429.8
-1829256591654323.8
-1827786444352157.5
-1830020217904659.5
-1825954592068819.5
-1837349962935389.8
-1817458485970061.8
-1808532201590386.5
-1566350291659657.8
-1231587987208659.5
-383436861441435.1
137110084902845.16
203644539755493.22
-231555449717759.9
-300786197459536.4
-706256429564402.1
-989987167749197.5
-1124020805434068.8
-1198455914164074.8
-1204766593249289.0
-1215008209298383.8
-1208625264956976.5
-1209503690617270.5
-1208120602396369.2
-1209012044500357.2
-1209213304656140.0
-1209367051288633.8
-1209415645021607.8
-1209364252725956.2
-1209360766098177.2
-1209350513555042.2
-1209357593387844.2
-1209355857449554.2
-1209355857449558.5
-1209357593387853.2
-1209350513555066.8
-1209360766098193.5
-1209364252725969.0
-1209415645021617.5
-1209367051288626.8
-1209213304656147.5
-1209012044500376.5
-1208120602396396.8
-1209503690617312.0
-1208625264957008.5
-1215008209298355.8
-1204766593249254.0
-1198455914164069.2
-1124020805434058.5
-989987167749241.5
-706256429564430.2
-300786197459567.7
-231555449717737.75
-328547522196668.8
-518682194347991.3
-588857322064208.6
-548299905514337.94
-470235379578104.1
-430982604470221.9
-419044192977386.2
-416656704754962.44
-414013488810436.4
-412808374801236.1
-412601924095917.6
-412815983761931.0
-412888125063771.6
-412876879382605.9
-412833405021190.4
-412789481381249.9
-412775694400005.7
-412779167922103.8
-412785393097186.6
-412787899980465.3
-412787899980470.4
-412785393097203.3
-412779167922132.94
-412775694400041.25
-412789481381278.94
-412833405021202.75
-412876879382609.7
-412888125063787.06
-412815983761964.9
-412601924095962.3
-412808374801280.4
-414013488810468.0
-416656704754962.9
-419044192977354.5
-430982604470198.44
-470235379578121.9
-548299905514370.25
-588857322064201.1
-518682194347949.44
-328547522196614.44
-312681879307666.94
-537189892215003.94
-528391257880595.1
-365129523790207.6
-206383119483790.94
-121761340036267.86
-101169192561213.25
-97799316074828.77
-98931820739732.02
-99410895266841.98
-99962950350782.52
-99828878164049.56
-99594174509432.62
-99401482293891.47
-99279715311830.97
-99224271448118.31
-99211181828881.88
-99219802454763.83
-99226310312773.45
-99229417020943.14
-99229417020946.25
-99226310312783.83
-99219802454785.73
-99211181828914.69
-99224271448145.61
-99279715311839.08
-99401482293886.89
-99594174509433.16
-99828878164068.69
-99962950350815.94
-99410895266875.78
-98931820739752.72
-97799316074818.56
-101169192561169.56
-121761340036243.34
-206383119483831.2
-365129523790256.0
-528391257880585.3
-537189892214937.7
-312681879307591.75
-310819996767626.44
-558460889994522.8
-560997742076836.75
-388604647070466.1
-211375434178294.9
-121323319247395.3
-102168532246145.48
-104609054123279.38
-110011569608294.27
-112859070763051.48
-113659474491050.11
-113256060561552.2
-112748746437868.11
-112420826122887.28
-112253293113183.8
-112192045022824.64
-112185886187097.42
-112196049345394.34
-112201228751938.81
-112202534139349.52
-112202534139349.2
-112201228751941.06
-112196049345405.42
-112185886187118.67
-112192045022842.88
-112253293113184.11
-112420826122872.5
-112748746437854.61
-113256060561554.45
-113659474491067.52
-112859070763073.48
-110011569608303.11
-104609054123254.38
-102168532246091.72
-121323319247371.5
-211375434178343.94
-388604647070526.3
-560997742076829.0
-558460889994449.3
-310819996767541.8
-322583202026614.56
-580876249120346.0
-599732399319429.2
-436213178425668.1
-260484970447140.0
-175832780857496.6
-162237066539538.66
-170076975188450.66
-178160398903180.3
-182006532233752.34
-182678678698261.94
-182064824723194.28
-181429369789826.2
-181058732475527.5
-180891271902590.3
-180843504262041.34
-180848304718399.72
-180859919601432.44
-180862937920836.62
-180862149381530.47
-180862149381529.3
-180862937920836.03
-180859919601438.03
-180848304718413.44
-180843504262053.22
-180891271902587.62
-181058732475511.66
-181429369789812.12
-182064824723194.16
-182678678698274.97
-182006532233769.62
-178160398903186.88
-170076975188425.3
-162237066539487.84
-175832780857475.47
-260484970447186.94
-436213178425726.3
-599732399319422.8
-580876249120278.9
-322583202026535.7
-323647576610369.25
-576437259698385.9
-601516067575064.5
-449011331287112.8
-284509079103118.9
-209026402968565.94
-200601550906981.38
-210866635394041.97
-219434157155926.75
-223130639419429.75
-223561937144052.47
-222865922447271.12
-222232411713502.38
-221889200380145.97
-221749488025437.6
-221720819838942.84
-221734178747595.5
-221746607498981.2
-221748116900386.53
-221746125542383.03
-221746125542382.66
-221748116900387.3
-221746607498987.22
-221734178747607.84
-221720819838953.34
-221749488025435.84
-221889200380135.1
-222232411713495.44
-222865922447277.72
-223561937144069.75
-223130639419449.2
-219434157155936.6
-210866635394024.5
-200601550906940.28
-209026402968548.56
-284509079103159.3
-449011331287163.2
-601516067575060.1
-576437259698331.0
-323647576610303.4
-304095284803399.0
-536282571726175.06
-561646922310966.3
-425017267688517.56
-279074495963279.72
-214449705151643.5
-209211969670287.47
-219281768475536.78
-226927622774680.97
-230027972228337.47
-230279999162952.8
-229615557853438.62
-229050031113075.38
-228756696302654.1
-228643904254720.38
-228625107673041.8
-228639468363920.56
-228650542313694.8
-228651180760577.72
-228648906024085.47
-228648906024085.66
-228651180760580.22
-228650542313703.0
-228639468363934.03
-228625107673053.28
-228643904254721.5
-228756696302648.88
-229050031113076.12
-229615557853452.6
-230279999162975.16
-230027972228359.4
-226927622774693.97
-219281768475525.8
-209211969670255.16
-214449705151629.4
-279074495963313.94
-425017267688561.6
-561646922310964.25
-536282571726130.0
-304095284803343.56
-264348020644188.12
-462863392927953.1
-485494357436363.2
-370240069666449.56
-248803287128386.88
-196597116837969.66
-193440443632938.97
-202076621451447.72
-208258067414457.62
-210661549981131.72
-210788132634347.44
-210205983702162.1
-209729139860467.2
-209486812019066.78
-209394033831288.75
-209377276317619.47
-209387736365198.44
-209396032401289.72
-209396151113981.4
-209394125508810.6
-209394125508811.3
-209396151113984.22
-209396032401298.44
-209387736365212.38
-209377276317631.56
-209394033831292.72
-209486812019065.5
-209729139860472.06
-210205983702178.8
-210788132634370.56
-210661549981153.5
-208258067414470.38
-202076621451439.5
-193440443632912.03
-196597116837957.53
-248803287128415.78
-370240069666487.1
-485494357436362.6
-462863392927916.9
-264348020644140.3
-209407635348814.5
-364984213930363.2
-383212878962660.75
-293609536498465.06
-201146864737990.44
-163122383887994.4
-162112957987492.2
-169112320222177.03
-173752616127402.06
-175453584802453.56
-175469834656072.94
-174986571781256.44
-174608122291219.44
-174419838483243.84
-174347571237916.62
-174333021023888.75
-174339774051909.2
-174345596493861.44
-174345572457452.22
-174344049091877.6
-174344049091878.34
-174345572457454.47
-174345596493868.03
-174339774051919.94
-174333021023898.75
-174347571237920.44
-174419838483243.25
-174608122291222.66
-174986571781268.6
-175469834656090.62
-175453584802470.3
-173752616127411.56
-169112320222169.8
-162112957987470.3
-163122383887985.2
-201146864738013.72
-293609536498495.06
-383212878962660.8
-364984213930334.0
-209407635348777.25
-146867672366979.75
-256018618466505.75
-269004557173026.44
-206316103642342.12
-143880497411412.38
-120322917765983.06
-121491244179203.1
-126934005786845.53
-130123805847904.83
-131168328501346.86
-131090723308332.3
-130715473046715.75
-130441345959723.55
-130310362002106.36
-130261436281823.39
-130251891736361.03
-130256832451197.9
-130261027480490.27
-130261114423319.44
-130260135380802.86
-130260135380802.9
-130261114423320.1
-130261027480493.14
-130256832451203.69
-130251891736366.64
-130261436281824.78
-130310362002103.64
-130441345959722.27
-130715473046719.88
-131090723308340.44
-131168328501355.8
-130123805847909.89
-126934005786839.75
-121491244179187.48
-120322917765976.28
-143880497411428.75
-206316103642363.38
-269004557173026.94
-256018618466485.56
-146867672366954.7
-86686249854109.34
-152874598557926.5
-160471904987682.4
-121988228305788.72
-86012091756040.83
-74688273925427.12
-77359516999273.48
-81300973940372.39
-83226139762727.77
-83724291824783.19
-83584401615098.39
-83316303794523.27
-83140248466183.45
-83062477578667.86
-83035937972860.45
-83032291007195.81
-83036480313020.44
-83039513940858.14
-83039696342660.69
-83039139864449.95
-83039139864449.98
-83039696342660.27
-83039513940858.23
-83036480313022.02
-83032291007197.84
-83035937972860.11
-83062477578664.42
-83140248466179.56
-83316303794521.86
-83584401615099.86
-83724291824786.38
-83226139762729.72
-81300973940368.33
-77359516999263.8
-74688273925422.78
-86012091756050.42
-121988228305801.23
-160471904987682.6
-152874598557914.75
-86686249854095.16
-39178896895597.49
-72035909199688.4
-75060937319206.73
-54932789438169.12
-38239769199130.71
-35031374892498.773
-38060236171256.164
-40583803158490.055
-41526380898898.01
-41644279612746.21
-41483129041132.766
-41308713010842.35
-41211211782076.92
-41174557177780.2
-41165061460552.44
-41165877285179.75
-41169384181279.99
-41171392516464.95
-41171530697731.664
-41171224096242.36
-41171224096242.266
-41171530697731.2
-41171392516464.234
-41169384181279.95
-41165877285180.27
-41165061460551.99
-41174557177777.875
-41211211782073.81
-41308713010840.25
-41483129041132.305
-41644279612747.08
-41526380898898.93
-40583803158488.13
-38060236171251.18
-35031374892496.367
-38239769199135.48
-54932789438175.51
-75060937319206.89
-72035909199682.9
-39178896895590.89
-10384036775525.055
-22472734978797.688
-22610785216477.594
-13986671429883.605
-8443816116258.696
-9010827409909.166
-11395260143786.32
-12719055383600.182
-13019635145829.79
-12940087018519.957
-12797366016640.344
-12695920440648.793
-12651223041860.955
-12639826346482.871
-12639865356440.285
-12642591652500.584
-12645109467743.643
-12646201880878.354
-12646210216199.35
-12646023011714.254
-12646023011714.27
-12646210216199.19
-12646201880877.986
-12645109467743.494
-12642591652500.775
-12639865356440.262
-12639826346482.156
-12651223041859.809
-12695920440647.996
-12797366016640.258
-12940087018520.486
-13019635145830.416
-12719055383599.697
-11395260143784.4
-9010827409908.16
-8443816116260.716
-13986671429886.39
-22610785216477.793
-22472734978795.598
-10384036775522.812
1195099738462.8662
-1247187830286.8545
-338763778398.1517
2488700131080.5474
3297981688664.318
1973410915008.5361
625776900006.0598
133431604053.26883
151813706471.33987
281306387727.4152
381186412163.78674
432153401942.69824
447853632924.2702
448076637094.3236
445074767379.1607
442599542355.29956
441205205235.6209
440802745250.3473
440905862984.6933
441037090905.0086
441037090904.9622
440905862984.6527
440802745250.4286
441205205235.65845
442599542355.19836
445074767379.0264
448076637094.3207
447853632924.35474
432153401942.67737
381186412163.58624
281306387727.0448
151813706470.90994
133431604053.18185
625776900006.5243
1973410915008.8062
3297981688663.6357
2488700131079.5645
-338763778398.3322
-1247187830286.347
1195099738463.2634
2619958359133.1035
2963744480283.9146
3733664093981.639
4312056046232.653
3934854164032.618
3088532770372.508
2576184214486.7754
2508439295801.6704
2614721686117.16
2714440965316.6494
2769240039546.6733
2790217744520.842
2793587163691.356
2791280856788.2114
2788870110154.1577
2787521096857.6245
2787015656583.607
2786999574257.5464
2787139159415.2183
2787231703912.2563
2787231703912.2217
2787139159415.1704
2786999574257.546
2787015656583.6143
2787521096857.5913
2788870110154.0845
2791280856788.1187
2793587163691.256
2790217744520.7227
2769240039546.5425
2714440965316.519
2614721686116.992
2508439295801.544
2576184214486.8
3088532770372.548
3934854164032.491
4312056046232.454
3733664093981.589
2963744480283.973
2619958359133.0254
1015101014333.8796
1444541491047.8706
1762952497127.985
1736388650218.3
1415304703505.2183
1106706506698.479
1013689652871.9783
1073380174312.8666
1157012220668.7656
1209686515955.493
1232645364250.9531
1239113795210.7966
1238900331012.8792
1237309717011.5186
1236233038686.2454
1235811929197.2925
1235772806386.0845
1235882789525.321
1235995137451.9392
1236052095770.3516
1236052095770.34
1235995137451.9192
1235882789525.3118
1235772806386.0815
1235811929197.2869
1236233038686.222
1237309717011.4773
1238900331012.8318
1239113795210.7551
1232645364250.937
1209686515955.4949
1157012220668.7485
1073380174312.8236
1013689652871.9574
1106706506698.5024
1415304703505.2666
1736388650218.3438
1762952497128.0127
1444541491047.8604
1015101014333.804
-90766725544.9811
8317017038.143473
45250130575.19642
-42064848346.451866
-160068261106.51956
-212984474940.3028
-187823141863.37625
-134427121859.93025
-93780119325.18193
-73681596330.59741
-66722099985.839195
-65554068626.5001
-66126077649.32665
-66739397675.48465
-66998540623.60471
-67006504456.094635
-66916255063.70301
-66819636389.22357
-66755204487.30994
-66726800370.60355
-66726800370.60458
-66755204487.31375
-66819636389.22763
-66916255063.70653
-67006504456.09709
-66998540623.611664
-66739397675.49579
-66126077649.33888
-65554068626.50189
-66722099985.8248
-73681596330.57188
-93780119325.16367
-134427121859.92807
-187823141863.37326
-212984474940.27402
-160068261106.4621
-42064848346.390366
45250130575.23231
8317017038.140409
-90766725544.99942
-295467493394.084
-331025294458.74243
-369072776556.50854
-413784197570.38043
-435942496580.39325
-426432171652.18024
-400637384619.4121
-376996270143.7402
-363355354636.4175
-357906607907.90546
-356573546283.4043
-356647736667.7947
-356932766863.5918
-357071420094.2741
-357063191142.6754
-356993322058.93475
-356921850758.70135
-356871600122.21985
-356844058000.11206
-356832956582.79486
-356832956582.7935
-356844058000.1111
-356871600122.21985
-356921850758.7029
-356993322058.9367
-357063191142.6785
-357071420094.2775
-356932766863.59393
-356647736667.7932
-356573546283.39655
-357906607907.89417
-363355354636.4077
-376996270143.73413
-400637384619.40405
-426432171652.1636
-435942496580.3681
-413784197570.35583
-369072776556.4943
-331025294458.74255
-295467493394.0801
-170115984444.18518
-206888704375.5965
-234597920145.07217
-248195014565.8672
-247112375037.49066
-237712364316.76804
-227859629553.46503
-221255659615.74158
-218118555723.23026
-217126521974.0247
-217043344509.94666
-217172215340.0123
-217256814859.0619
-217264039580.54398
-217228411026.0368
-217185774615.5644
-217154227429.9433
-217136014283.82416
-217127174403.06393
-217123821150.3564
-217123821150.35583
-217127174403.06308
-217136014283.82358
-217154227429.94327
-217185774615.5649
-217228411026.0376
-217264039580.54422
-217256814859.06192
-217172215340.0121
-217043344509.94568
-217126521974.02383
-218118555723.22992
-221255659615.74136
-227859629553.46277
-237712364316.7639
-247112375037.48676
-248195014565.8653
-234597920145.07224
-206888704375.59787
-170115984444.1799
-59755111363.14366
-75189542562.98572
-85284533684.87096
-87362846605.61537
-84989155885.96494
-81923958181.12915
-79869794866.35243
-78789357136.28242
-78319681307.60008
-78186287089.45667
-78204136351.29106
-78243959930.34363
-78257564976.86656
-78249407937.11894
-78232920030.86949
-78217974527.31535
-78208725448.66666
-78204100625.31586
-78201946735.09552
-78201114754.6071
-78201114754.60698
-78201946735.09505
-78204100625.31535
-78208725448.66672
-78217974527.31566
-78232920030.86964
-78249407937.1183
-78257564976.86566
-78243959930.34338
-78204136351.2919
-78186287089.45831
-78319681307.60239
-78789357136.28433
-79869794866.35341
-81923958181.1301
-84989155885.9677
-87362846605.61905
-85284533684.8742
-75189542562.98763
-59755111363.141075
-15100049284.643171
-19234806722.638054
-21528229370.029682
-21199746274.263447
-20277511657.41973
-19823217156.996258
-19733888499.76003
-19691584167.083153
-19623227239.182476
-19575905812.727493
-19566811169.172302
-19569795476.987125
-19568865323.574974
-19564863228.028866
-19560377991.515953
-19557067591.473106
-19555436529.82229
-19554658452.36424
-19554134923.281128
-19553860366.110992
-19553860366.111004
-19554134923.280994
-19554658452.363983
-19555436529.822235
-19557067591.47335
-19560377991.516037
-19564863228.028248
-19568865323.57402
-19569795476.986675
-19566811169.172726
-19575905812.728535
-19623227239.183826
-19691584167.08454
-19733888499.76117
-19823217156.997654
-20277511657.421978
-21199746274.265938
-21528229370.03152
-19234806722.63913
-15100049284.642187
-3113992021.7777085
-3769011043.992414
-4059323309.9447613
-3709455360.69819
-3496645870.2728972
-3560812977.4210596
-3658494321.223876
-3669660428.512945
-3630891938.176148
-3598696246.3213043
-3587975203.2544904
-3586087336.2729945
-3584732710.1834116
-3583463019.6672077
-3582650733.404122
-3582346271.18947
-3582313816.9944377
-3582140799.50346
-3581828946.109838
-3581622918.1500473
-3581622918.150087
-3581828946.1098146
-3582140799.5032983
-3582313816.9943967
-3582346271.1896796
-3582650733.4042487
-3583463019.666921
-3584732710.1829057
-3586087336.272726
-3587975203.2546105
-3598696246.3216453
-3630891938.1766167
-3669660428.5134845
-3658494321.2243776
-3560812977.4215927
-3496645870.273607
-3709455360.698885
-4059323309.9452095
-3769011043.9926467
-3113992021.7773285
-732090286.6912742
-667911165.366238
-667517267.429996
-502190162.42480004
-455439486.9922703
-511159608.50655556
-546096669.6128302
-535009711.5161744
-510850366.72165585
-496434381.9756201
-492662143.90280694
-492202367.81752306
-491616686.86577207
-491040132.0651915
-490821990.7138276
-490887964.6406402
-490918070.5535208
-490705545.0506079
-490393640.26787466
-490202168.55309767
-490202168.5531568
-490393640.26793593
-490705545.05058706
-490918070.55355114
-490887964.64080286
-490821990.71396613
-491040132.06516826
-491616686.8656776
-492202367.8175205
-492662143.90289605
-496434381.97569335
-510850366.7216969
-535009711.5162286
-546096669.6128759
-511159608.50656503
-455439486.9922468
-502190162.424739
-667517267.4299195
-667911165.366174
-732090286.6910964
-332869625.1901192
-195768466.08655366
-191532073.0317455
-100240950.34103121
-61367587.368900664
-70286876.12853792
-73766806.81967524
-63865718.38825796
-54337031.21258745
-50770570.52416134
-50693398.51321884
-50849200.85054481
-50400319.565529265
-49854014.722936474
-49604609.65121984
-49588578.81756855
-49515505.300222814
-49266207.2416166
-48983695.519096315
-48823100.923892304
-48823100.9239328
-48983695.51915486
-49266207.241631985
-49515505.30024979
-49588578.81764533
-49604609.65129285
-49854014.722975
-50400319.56558308
-50849200.85064638
-50693398.51331697
-50770570.5241879
-54337031.21254946
-63865718.388203286
-73766806.81961364
-70286876.12845007
-61367587.36877927
-100240950.34089008
-191532073.03163594
-195768466.08653125
-332869625.1900267
-243036281.86738354
-131231366.4159706
-134882223.06663743
-64950083.14264008
-20107838.2922807
-11603672.157560034
-10074069.245974494
-6318274.73895788
-4106319.4191080295
-4214902.638021004
-4813673.233600315
-4787745.3165134005
-4227940.638585186
-3648184.0219032196
-3361040.840754345
-3286351.8056997987
-3177283.4593587047
-2955477.787716637
-2733405.644172286
-2613435.5070847063
-2613435.507099937
-2733405.64418942
-2955477.7877085633
-3177283.459348096
-3286351.805704062
-3361040.8407593616
-3648184.0219104826
-4227940.638619419
-4787745.316576608
-4813673.233658248
-4214902.638040724
-4106319.41909251
-6318274.738928644
-10074069.245939884
-11603672.157517955
-20107838.292232897
-64950083.14258862
-134882223.06659943
-131231366.41596831
-243036281.86733225
-194717915.75644195
-109366454.16641936
-113692179.36715905
-55440451.80457078
-13771272.69056904
-3410280.6392528354
-2877262.411356027
-2225910.4072496565
-2168064.208389071
-2794829.100546015
-3116676.1193477996
-2813693.142062042
-2176772.537018061
-1616290.006340889
-1343086.519713072
-1259734.3121990818
-1163328.1879403738
-998067.4956931153
-843769.0265892483
-763969.0895300606
-763969.0895300893
-843769.0265810239
-998067.4956705035
-1163328.1879135873
-1259734.3121754043
-1343086.5196908673
-1616290.0063239606
-2176772.537015177
-2813693.142074265
-3116676.119364535
-2794829.1005558246
-2168064.20839111
-2225910.4072473976
-2877262.4113503085
-3410280.6392476284
-13771272.690570233
-55440451.80457114
-113692179.36715735
-109366454.1664345
-194717915.75641057
-156305866.5833438
-90741043.79635426
-94165251.20584823
-46893689.34096124
-12526806.899365567
-4040882.8637191737
-4253339.653407785
-4394658.599227187
-4606564.487254591
-5014152.050140088
-5036541.568852273
-4584987.861566344
-3949593.57348832
-3447221.2988499827
-3211887.239064757
-3141445.3278448437
-3074034.2729074243
-2967706.2522706636
-2873807.3225461994
-2827851.504046712
-2827851.5040427875
-2873807.32253494
-2967706.2522538803
-3074034.272886761
-3141445.3278215732
-3211887.2390429657
-3447221.298833562
-3949593.573477764
-4584987.861561624
-5036541.568852583
-5014152.05014298
-4606564.487259048
-4394658.5992313465
-4253339.653409362
-4040882.8637218773
-12526806.899375102
-46893689.340969466
-94165251.20585005
-90741043.7963609
-156305866.5833158
-125150917.41058494
-74914403.78660114
-77776485.75730735
-40299822.09901826
-13068730.30825414
-6443970.239926511
-6752216.199295506
-6917544.511338719
-7033248.085057333
-7232264.650285355
-7099894.252935803
-6615120.871125829
-6036507.415674183
-5611810.790989162
-5422145.852916972
-5371025.114880616
-5332911.248857526
-5275120.4402338
-5227018.618580692
-5205564.975190993
-5205564.9751879
-5227018.618574924
-5275120.440228213
-5332911.248847684
-5371025.114864618
-5422145.852902194
-5611810.790980836
-6036507.415669255
-6615120.8711219495
-7099894.252933855
-7232264.650285648
-7033248.085059954
-6917544.511341558
-6752216.199295671
-6443970.239926498
-13068730.308258537
-40299822.09902119
-77776485.75730447
-74914403.78660007
-125150917.41056162
-99936289.6023966
-62444856.344093695
-64836112.78199984
-35431281.8917403
-13942195.57197457
-8695663.047946969
-8887876.88286159
-8964559.052841546
-9003367.383723566
-9089741.759308115
-8901809.756652374
-8449507.087476378
-7958252.474401604
-7619553.337913952
-7477208.298358946
-7445759.431916938
-7430632.666891712
-7406264.421429218
-7387368.78318277
-7380566.708429645
-7380566.708428027
-7387368.783181664
-7406264.421430924
-7430632.666889934
-7445759.431908649
-7477208.298351552
-7619553.337912253
-7958252.474401741
-8449507.087475339
-8901809.756651223
-9089741.759308
-9003367.383725055
-8964559.052843116
-8887876.882860817
-8695663.04794543
-13942195.571975756
-35431281.891739905
-64836112.78199519
-62444856.34409172
-99936289.6023794
-79689650.27469747
-52443641.15905412
-54593186.00933127
-31331485.679299027
-14256846.554415653
-9969581.324071694
-10028599.470616188
-10044339.51181918
-10039572.019401697
-10062664.157464242
-9863225.610113315
-9472188.254327966
-9079392.048104456
-8826306.433325328
-8728708.396131596
-8714079.410967544
-8713515.662178276
-8707886.467342632
-8703828.36582442
-8703621.472807407
-8703621.472806592
-8703828.365825081
-8707886.467346767
-8713515.662180975
-8714079.410966069
-8728708.396130633
-8826306.433327671
-9079392.048107026
-9472188.254328758
-9863225.610113366
-10062664.157464596
-10039572.01940283
-10044339.511820016
-10028599.470615273
-9969581.324070722
-14256846.554417055
-31331485.679299407
-54593186.00932806
-52443641.15905183
-79689650.27468476
-65128883.48239319
-45038197.16740505
-46951733.35846807
-28494104.41971547
-14736568.922489287
-11128590.71534303
-11075090.506646685
-11054846.23015236
-11021674.187701175
-10998867.251183355
-10805153.225321004
-10482506.847289164
-10186194.742272511
-10011197.947900698
-9952350.37055992
-9950035.47194523
-9956372.955923216
-9958458.454514774
-9959556.7534203
-9960945.308655726
-9960945.308655247
-9959556.753420932
-9958458.454518287
-9956372.955927128
-9950035.47194756
-9952350.370562406
-10011197.9479043
-10186194.74227548
-10482506.847290788
-10805153.225321982
-10998867.25118412
-11021674.187701847
-11054846.230152283
-11075090.50664538
-11128590.715342436
-14736568.922491256
-28494104.41971701
-46951733.358466394
-45038197.16740308
-65128883.48238433
-56855996.615027905
-40339698.88334558
-42194383.6520636
-27620646.207476918
-16434053.810347617
-13284733.772068104
-13134391.64258652
-13098521.187665688
-13055626.852617022
-13002125.19998682
-12825385.034821788
-12572768.611337058
-12365704.53865728
-12257264.740770714
-12228898.573824132
-12234073.277722144
-12241900.189777214
-12245314.897409836
-12246765.844747402
-12247646.306555923
-12247646.306555623
-12246765.844747523
-12245314.897411615
-12241900.18978004
-12234073.277724938
-12228898.573826848
-12257264.740773343
-12365704.538659336
-12572768.611338496
-12825385.03482289
-13002125.199987503
-13055626.852617195
-13098521.187664986
-13134391.642584797
-13284733.772067323
-16434053.810349297
-27620646.207478482
-42194383.652062595
-40339698.883343756
-56855996.61502081
-49925243.3579055
-36278847.038860165
-38237166.62401979
-27034531.973640144
-18120814.02358831
-15418435.63042105
-15201988.66330382
-15187980.502808332
-15152775.237611076
-15100671.192547679
-14959913.331984382
-14783666.839411387
-14655461.225928368
-14599447.27264426
-14591865.87096518
-14599893.012220046
-14606184.039685158
-14608347.572799375
-14608755.781288661
-14608831.888527945
-14608831.888527708
-14608755.781288425
-14608347.57279988
-14606184.03968651
-14599893.012221774
-14591865.870966747
-14599447.272645405
-14655461.225929232
-14783666.839412201
-14959913.331985053
-15100671.192548072
-15152775.23761108
-15187980.502807561
-15201988.663302233
-15418435.630420247
-18120814.023589373
-27034531.973641127
-38237166.624018975
-36278847.0388592
-49925243.35790142
-36434507.862248845
-30244229.938308734
-31882501.556865606
-23680860.60519996
-17057297.55595289
-15014055.431555012
-14813375.970603295
-14806430.230155908
-14804895.816123733
-14778480.30902509
-14689730.30319661
-14586003.80895668
-14520033.804926163
-14498966.363006145
-14501963.203639198
-14509186.116475416
-14512869.21683814
-14513447.849321034
-14513013.180606525
-14512656.128257746
-14512656.128257602
-14513013.180606239
-14513447.849320982
-14512869.216838581
-14509186.116476111
-14501963.203639725
-14498966.363006346
-14520033.80492626
-14586003.808956943
-14689730.303196916
-14778480.309025286
-14804895.816123765
-14806430.230155407
-14813375.970602173
-15014055.431554394
-17057297.555953663
-23680860.605200756
-31882501.55686502
-30244229.9383077
-36434507.86224563
-18945542.368257318
-21419720.468083005
-22408502.812388547
-16528042.408966398
-12184613.478539478
-10966423.700500553
-10896964.865105974
-10912451.569624532
-10932499.989476178
-10924795.394273987
-10877960.026209667
-10826161.267738784
-10799430.133758815
-10796401.809967838
-10802156.36702303
-10806780.979454951
-10808158.43249744
-10807758.035720525
-10807052.888798421
-10806641.766512841
-10806641.766512763
-10807052.888798244
-10807758.035720339
-10808158.432497535
-10806780.979455164
-10802156.367023086
-10796401.809967702
-10799430.13375864
-10826161.267738746
-10877960.026209807
-10924795.39427411
-10932499.989476262
-10912451.569624258
-10896964.865105228
-10966423.70050016
-12184613.478540167
-16528042.408967039
-22408502.81238828
-21419720.468082163
-18945542.36825515
-7884861.846362779
-18505319.038069043
-18969339.71579645
-13293024.907495113
-9784756.01136908
-9335049.21809322
-9545957.285056192
-9628401.95259789
-9631119.503027583
-9611759.216260761
-9579523.464810057
-9554249.01470481
-9546499.595299425
-9549249.946250414
-9553338.833311725
-9555071.0189032
-9554875.819065668
-9554093.831622666
-9553472.840239732
-9553177.163070677
-9553177.16307063
-9553472.840239577
-9554093.831622556
-9554875.819065819
-9555071.018903371
-9553338.833311671
-9549249.946250224
-9546499.595299244
-9554249.014704935
-9579523.464810284
-9611759.21626088
-9631119.50302785
-9628401.952597901
-9545957.285055682
-9335049.218092699
-9784756.011369824
-13293024.907495592
-18969339.715796378
-18505319.03806875
-7884861.846361594
