1600
28605833880987.766
51706019833962.75
66917218127245.06
71364883849965.34
71353436674814.05
71048511644301.94
71464949035254.67
71865878635898.11
72072508858404.39
72127833627681.88
72137431966669.7
72126418416504.98
72114720601800.7
72106041034178.23
72101326964376.27
72099590779775.36
72099484425926.17
72099715855228.22
72099847726970.8
72099819234758.45
72099819234758.55
72099847726971.05
72099715855228.75
72099484425926.75
72099590779775.52
72101326964375.62
72106041034176.95
72114720601799.56
72126418416504.69
72137431966670.55
72127833627683.28
72072508858405.31
71865878635897.4
71464949035252.62
71048511644301.0
71353436674816.17
71364883849968.39
66917218127245.8
51706019833960.75
28605833880985.195
28201556606945.324
16503518067587.29
-13698954122289.271
609285143566.3418
-10303412257168.05
-4244113848586.859
-7465449571714.148
-4739048532288.906
-5998961279033.144
-5297199548420.959
-5576481845343.524
-5474424350835.442
-5514261794727.051
-5508633740698.724
-5511324376902.482
-5515420007072.902
-5514138983281.734
-5514881839066.182
-5513951710465.708
-5514348563980.653
-5514348563981.481
-5513951710466.286
-5514881839063.335
-5514138983283.235
-5515420007074.704
-5511324376900.391
-5508633740700.095
-5514261794724.066
-5474424350834.4795
-5576481845345.282
-5297199548420.312
-5998961279030.954
-4739048532295.6
-7465449571711.028
-4244113848573.9893
-10303412257180.31
609285143562.8085
-13698954122291.422
16503518067592.049
28201556606942.918
12403941619925.986
6578167679195.48
8693509692102.504
-3526742302999.5503
-9361348571261.045
-11872286702298.852
-12030555423432.62
-11704380577818.557
-11666310526730.326
-11622645096759.541
-11641236843467.486
-11643174842412.816
-11653762429766.426
-11657332443881.086
-11660614735122.39
-11661739232108.605
-11661845735887.146
-11661663313152.854
-11661478851051.82
-11661485317388.037
-11661485317387.984
-11661478851051.646
-11661663313152.584
-11661845735886.967
-11661739232108.494
-11660614735122.146
-11657332443880.914
-11653762429765.87
-11643174842412.23
-11641236843466.96
-11622645096759.105
-11666310526729.953
-11704380577818.605
-12030555423432.688
-11872286702298.541
-9361348571261.291
-3526742302999.8296
8693509692101.4
6578167679194.705
12403941619924.797
-2555800073361.9766
-1944494613553.0273
-12550207614681.398
-22795368321182.06
-27847529652114.4
-30699346532282.92
-30840111410810.785
-31239054824890.684
-31063816231998.344
-31146386435825.418
-31103688725690.324
-31127262005895.07
-31127092619830.57
-31132602061244.65
-31134656869820.016
-31134604846590.383
-31134764912921.504
-31134389106692.266
-31134455932716.094
-31134360544419.17
-31134360544419.137
-31134455932715.95
-31134389106692.43
-31134764912921.28
-31134604846590.008
-31134656869819.91
-31132602061243.93
-31127092619830.25
-31127262005894.566
-31103688725689.875
-31146386435825.547
-31063816231998.652
-31239054824889.836
-30840111410810.645
-30699346532283.9
-27847529652113.293
-22795368321182.598
-12550207614681.97
-1944494613554.0063
-2555800073361.913
-7950477642023.7295
-9868606518262.309
-17687139918821.438
-20854493430718.707
-22726945511913.547
-23685208003579.2
-23962272118798.973
-24236431305494.156
-24146227178221.25
-24153041279159.023
-24120331425813.625
-24132116782766.12
-24133755212681.957
-24137035639530.527
-24137666680824.8
-24137320440408.71
-24137204452222.703
-24137026985453.49
-24137088640570.16
-24137054561601.312
-24137054561601.402
-24137088640570.27
-24137026985453.75
-24137204452222.746
-24137320440408.562
-24137666680824.59
-24137035639530.043
-24133755212681.8
-24132116782766.145
-24120331425813.887
-24153041279159.53
-24146227178221.73
-24236431305493.848
-23962272118798.58
-23685208003579.367
-22726945511913.203
-20854493430719.105
-17687139918821.44
-9868606518262.342
-7950477642023.034
-7967602566076.667
-12679382518041.938
-14785990245402.637
-13855571289977.219
-12489541474762.63
-12012480271788.018
-12044563009993.002
-12102977380819.707
-12058684980782.15
-12017423624369.844
-12003711237365.338
-12006685642740.438
-12009231986433.002
-12009891324961.604
-12009451232473.877
-12008843408901.71
-12008583906956.562
-12008596883953.377
-12008668257653.15
-12008693495342.473
-12008693495342.596
-12008668257653.434
-12008596883953.723
-12008583906956.904
-12008843408901.918
-12009451232473.861
-12009891324961.477
-12009231986433.006
-12006685642740.736
-12003711237365.922
-12017423624370.514
-12058684980782.646
-12102977380819.643
-12044563009992.396
-12012480271787.582
-12489541474762.94
-13855571289977.791
-14785990245402.57
-12679382518041.287
-7967602566075.79
-7827554195005.696
-13510024987396.69
-14436785511503.266
-11994527642567.523
-9403789909294.041
-8255764415824.147
-8109229473663.422
-8120222688288.135
-8126672078128.361
-8111779520893.842
-8114103189265.472
-8114382081474.38
-8113675735275.314
-8111728293539.825
-8110105636800.283
-8109139960235.856
-8108875740855.211
-8108988812878.185
-8109092269914.988
-8109134614212.229
-8109134614212.309
-8109092269915.201
-8108988812878.508
-8108875740855.615
-8109139960236.2
-8110105636800.382
-8111728293539.719
-8113675735275.175
-8114382081474.502
-8114103189265.927
-8111779520894.425
-8126672078128.756
-8120222688287.98
-8109229473662.635
-8255764415823.631
-9403789909294.703
-11994527642568.451
-14436785511503.393
-13510024987395.977
-7827554195004.741
-8346075364465.375
-14567805592278.104
-15957812310596.748
-13458127420906.143
-10618610784453.06
-9332528240951.158
-9172692270518.816
-9264844784154.56
-9341826105915.951
-9370885097897.69
-9380785253913.703
-9377772718086.324
-9372613683667.166
-9368398612170.488
-9365837200498.678
-9364691152943.303
-9364522032186.0
-9364696369825.67
-9364807770753.314
-9364836989804.477
-9364836989804.514
-9364807770753.42
-9364696369825.83
-9364522032186.293
-9364691152943.58
-9365837200498.717
-9368398612170.277
-9372613683666.846
-9377772718086.2
-9380785253913.914
-9370885097898.096
-9341826105916.22
-9264844784154.264
-9172692270517.938
-9332528240950.69
-10618610784453.838
-13458127420907.264
-15957812310596.96
-14567805592277.379
-8346075364464.352
-8713904527686.694
-15130481100287.797
-16896437861587.666
-14550453172763.744
-11751902357479.188
-10524250277138.115
-10442879967153.38
-10624585280173.234
-10750909620067.225
-10800742566454.287
-10809722812439.299
-10802619338992.531
-10794443342350.918
-10789093052299.53
-10786314202340.223
-10785336868630.092
-10785346167676.086
-10785570698276.475
-10785669189351.809
-10785677901586.766
-10785677901586.771
-10785669189351.836
-10785570698276.55
-10785346167676.219
-10785336868630.203
-10786314202340.148
-10789093052299.229
-10794443342350.559
-10802619338992.346
-10809722812439.434
-10800742566454.617
-10750909620067.45
-10624585280172.916
-10442879967152.535
-10524250277137.68
-11751902357479.932
-14550453172764.805
-16896437861587.834
-15130481100287.082
-8713904527685.645
-8537946716856.079
-14741221479249.97
-16550211944747.637
-14368132075850.445
-11756236786178.969
-10667906303584.02
-10666438294600.37
-10889728336494.584
-11027817003403.844
-11077412203643.707
-11082406760021.043
-11072931418229.941
-11063916823872.84
-11058644660748.627
-11056224468859.336
-11055566806401.18
-11055729900612.23
-11055978399982.305
-11056060205510.393
-11056054833431.324
-11056054833431.34
-11056060205510.43
-11055978399982.354
-11055729900612.281
-11055566806401.186
-11056224468859.172
-11058644660748.314
-11063916823872.52
-11072931418229.854
-11082406760021.23
-11077412203644.062
-11027817003404.092
-10889728336494.365
-10666438294599.63
-10667906303583.629
-11756236786179.588
-14368132075851.357
-16550211944747.752
-14741221479249.281
-8537946716855.101
-7825359428322.217
-13454421686926.693
-15120157662171.225
-13175426760702.271
-10872924869788.326
-9955638778238.85
-9997207108717.832
-10214213152773.09
-10338475169013.572
-10379579011221.9
-10381515407151.59
-10371884662104.363
-10363515393807.307
-10358916910034.354
-10356961276410.37
-10356516584823.105
-10356718531857.102
-10356946062086.95
-10357010300091.85
-10356998795442.488
-10356998795442.521
-10357010300091.904
-10356946062087.02
-10356718531857.182
-10356516584823.1
-10356961276410.217
-10358916910034.074
-10363515393807.107
-10371884662104.39
-10381515407151.889
-10379579011222.332
-10338475169013.895
-10214213152772.959
-9997207108717.232
-9955638778238.498
-10872924869788.887
-13175426760703.06
-15120157662171.314
-13454421686926.072
-7825359428321.323
-6650752100671.785
-11407920075942.39
-12821897536022.133
-11195379422943.258
-9297837171998.473
-8570757523229.358
-8628433452721.512
-8813297135166.627
-8912996602348.625
-8943762076773.12
-8943769144749.11
-8935191912296.705
-8928118825853.002
-8924361638522.408
-8922804087187.105
-8922452642716.514
-8922612513559.41
-8922790999563.857
-8922837605639.71
-8922824943836.75
-8922824943836.768
-8922837605639.777
-8922790999563.947
-8922612513559.506
-8922452642716.559
-8922804087187.014
-8924361638522.236
-8928118825852.889
-8935191912296.818
-8943769144749.447
-8943762076773.543
-8912996602348.943
-8813297135166.55
-8628433452721.0205
-8570757523229.095
-9297837171998.953
-11195379422943.95
-12821897536022.219
-11407920075941.908
-6650752100671.02
-5133164195142.522
-8809804369866.113
-9898172121278.926
-8641199408423.838
-7210788788518.265
-6692957568332.809
-6760482241022.427
-6906416504754.621
-6979599371155.563
-7000159797603.584
-6998768658574.106
-6991726942011.038
-6986229504249.491
-6983397135844.023
-6982237010726.26
-6981967297613.772
-6982080001204.689
-6982210019113.134
-6982242479280.637
-6982231630791.058
-6982231630791.078
-6982242479280.691
-6982210019113.212
-6982080001204.789
-6981967297613.839
-6982237010726.222
-6983397135843.908
-6986229504249.412
-6991726942011.119
-6998768658574.359
-7000159797603.91
-6979599371155.808
-6906416504754.556
-6760482241022.055
-6692957568332.619
-7210788788518.668
-8641199408424.416
-9898172121279.033
-8809804369865.746
-5133164195141.95
-3476893689182.965
-6007008873768.038
-6739722490882.184
-5857321548072.345
-4899423804638.515
-4589108085845.977
-4664728174597.332
-4772825442513.3955
-4821392022140.801
-4832886714013.432
-4830551045409.818
-4825234995807.206
-4821391159832.3955
-4819503785242.523
-4818758361534.77
-4818597338529.178
-4818684962535.99
-4818777525078.217
-4818799851540.069
-4818792055817.087
-4818792055817.103
-4818799851540.099
-4818777525078.27
-4818684962536.058
-4818597338529.233
-4818758361534.74
-4819503785242.42
-4821391159832.289
-4825234995807.208
-4830551045409.938
-4832886714013.617
-4821392022140.945
-4772825442513.336
-4664728174597.062
-4589108085845.845
-4899423804638.805
-5857321548072.761
-6739722490882.275
-6007008873767.805
-3476893689182.5957
-1953904689101.415
-3445620571019.9414
-3849698765575.6475
-3296049063416.668
-2745908509007.538
-2605944383192.9214
-2681368445738.7075
-2754735516517.8057
-2782552743962.749
-2786951582721.6123
-2784194250370.556
-2780543913680.075
-2778192899535.274
-2777139533198.6055
-2776765212409.5654
-2776712061523.1235
-2776786487089.8516
-2776849561027.074
-2776863583739.6665
-2776858309993.453
-2776858309993.4614
-2776863583739.686
-2776849561027.0957
-2776786487089.8833
-2776712061523.1567
-2776765212409.551
-2777139533198.5303
-2778192899535.182
-2780543913680.0317
-2784194250370.5938
-2786951582721.6963
-2782552743962.817
-2754735516517.765
-2681368445738.5405
-2605944383192.839
-2745908509007.713
-3296049063416.915
-3849698765575.708
-3445620571019.813
-1953904689101.21
-816395572857.2081
-1525641985221.135
-1683031644972.1987
-1377559653531.2712
-1119698443452.6812
-1088007545089.1521
-1150955476840.1865
-1194492593449.0237
-1206928538992.4187
-1206788146559.779
-1204149446273.3396
-1201897077801.5435
-1200687299545.9285
-1200244528455.678
-1200135370643.5786
-1200156237232.1306
-1200216572083.5725
-1200255080319.7898
-1200261696191.7083
-1200257774121.69
-1200257774121.6956
-1200261696191.7146
-1200255080319.7927
-1200216572083.5825
-1200156237232.1453
-1200135370643.5757
-1200244528455.638
-1200687299545.8706
-1201897077801.51
-1204149446273.3467
-1206788146559.8164
-1206928538992.4534
-1194492593449.0059
-1150955476840.1038
-1088007545089.1088
-1119698443452.7686
-1377559653531.3948
-1683031644972.2263
-1525641985221.0688
-816395572857.113
-175511255661.25766
-416677425979.91394
-436001948652.7064
-291129813152.4518
-201289755964.94696
-216215741335.11856
-258345601423.33838
-279345810419.4492
-282432067864.7801
-280340249053.80273
-278273999000.7237
-277060260870.2074
-276575559238.97626
-276482294414.96655
-276509146687.7079
-276557622970.1002
-276599200715.56793
-276618343947.35266
-276619308984.5416
-276616053940.28925
-276616053940.2927
-276619308984.5445
-276618343947.35156
-276599200715.5697
-276557622970.10693
-276509146687.7092
-276482294414.954
-276575559238.9564
-277060260870.1961
-278273999000.7292
-280340249053.8184
-282432067864.79663
-279345810419.4447
-258345601423.30695
-216215741335.10144
-201289755964.9816
-291129813152.5025
-436001948652.716
-416677425979.8867
-175511255661.2246
51291035744.18761
14061252032.484398
40149587261.188126
96388061444.67836
113258954525.32343
91899184593.00787
70286576842.72786
63165023834.59413
64149385361.36083
66293533178.30176
67582805549.96745
68120999888.77643
68240399662.69879
68199170283.54194
68139855459.211845
68098925527.340675
68076897982.65767
68070675666.510864
68072769226.34475
68075416848.88979
68075416848.889175
68072769226.34376
68070675666.51202
68076897982.6585
68098925527.33847
68139855459.20982
68199170283.54263
68240399662.701324
68120999888.77705
67582805549.96459
66293533178.2963
64149385361.35416
63165023834.59255
70286576842.73509
91899184593.0125
113258954525.31314
96388061444.6638
40149587261.18609
14061252032.4931
51291035744.19408
59312599864.72918
72931202121.06671
95084249285.94368
110479118118.8799
106686682325.2048
93664839350.68454
85764209758.54579
84900765060.99947
86585740225.11807
87948854562.59428
88560288563.59387
88732728752.55995
88721825987.51225
88667023044.58855
88625558867.87494
88604343243.52147
88596845069.22643
88597125150.22064
88599926698.11528
88601828970.93861
88601828970.93845
88599926698.11545
88597125150.22156
88596845069.22742
88604343243.52138
88625558867.87398
88667023044.58742
88721825987.51134
88732728752.55884
88560288563.59305
87948854562.5937
86585740225.1166
84900765060.99812
85764209758.54626
93664839350.68561
106686682325.20398
110479118118.87843
95084249285.94444
72931202121.06874
59312599864.728455
16545167345.161194
26675370157.358532
34529549060.56452
35400040963.8779
30417626072.915028
25280911528.900635
23578744822.478374
24296406732.48285
25367083409.87852
25964554199.46662
26164271100.173923
26186664631.09613
26156262529.23026
26125272635.965584
26107983479.02385
26101735550.089188
26101448346.010464
26103580546.8669
26105770594.680843
26106932237.402294
26106932237.402287
26105770594.681
26103580546.86724
26101448346.0108
26101735550.089226
26107983479.023434
26125272635.964867
26156262529.229458
26186664631.095722
26164271100.17429
25964554199.46745
25367083409.878933
24296406732.482582
23578744822.47834
25280911528.901375
30417626072.91654
35400040963.87954
34529549060.56576
26675370157.358814
16545167345.160168
-6374678584.152689
-4701214474.84512
-4707400963.217698
-6711645863.54739
-9240197508.143064
-10625166506.567669
-10631706733.278248
-10089194437.118937
-9668687367.250465
-9497813131.625414
-9467439883.699375
-9481695916.102356
-9500033133.192335
-9511035478.15296
-9514890439.976982
-9514854063.641409
-9513305387.437054
-9511533077.976492
-9510242913.741707
-9509635966.11175
-9509635966.111734
-9510242913.741625
-9511533077.976463
-9513305387.43701
-9514854063.64142
-9514890439.97708
-9511035478.15318
-9500033133.192595
-9481695916.102377
-9467439883.699068
-9497813131.624893
-9668687367.250027
-10089194437.118816
-10631706733.278133
-10625166506.567099
-9240197508.141966
-6711645863.546198
-4707400963.217032
-4701214474.845219
-6374678584.152984
-8333547816.668752
-9388206870.875189
-10895336837.967907
-12247402344.22339
-13121638369.227604
-13377770621.493658
-13256449756.133915
-13071457502.783285
-12972418061.143358
-12950810592.807224
-12959498109.797483
-12971140096.473963
-12977944665.324944
-12980116836.880022
-12979802414.009878
-12978687294.683258
-12977505916.597204
-12976529189.492508
-12975894439.72333
-12975609432.144392
-12975609432.144365
-12975894439.723293
-12976529189.492496
-12977505916.597208
-12978687294.683254
-12979802414.009897
-12980116836.880066
-12977944665.324993
-12971140096.473932
-12959498109.797384
-12950810592.807098
-12972418061.143282
-13071457502.783237
-13256449756.133837
-13377770621.493408
-13121638369.227264
-12247402344.223085
-10895336837.967785
-9388206870.875313
-8333547816.668717
-4317691271.825745
-5141102617.838986
-6011391562.943453
-6495353277.755667
-6703477353.455772
-6741985864.029599
-6715603568.051829
-6688816089.677907
-6681888539.435191
-6687123129.140163
-6694179634.14552
-6698532588.293038
-6699939970.230084
-6699693225.030209
-6698962981.322921
-6698279238.581393
-6697722766.943108
-6697284140.3926
-6696994919.6338
-6696864072.468812
-6696864072.468809
-6696994919.633786
-6697284140.392594
-6697722766.943114
-6698279238.581386
-6698962981.322911
-6699693225.030183
-6699939970.230056
-6698532588.293019
-6694179634.145527
-6687123129.140205
-6681888539.435255
-6688816089.677954
-6715603568.051856
-6741985864.029601
-6703477353.455831
-6495353277.755745
-6011391562.943541
-5141102617.839066
-4317691271.825657
-1520219856.2800324
-1800842245.8840206
-2086317588.4357154
-2169951951.512573
-2187491468.195999
-2197980768.0339923
-2206768967.830083
-2211998731.2970324
-2215719294.536429
-2218659212.886566
-2220594232.4741716
-2221287448.450658
-2221036868.8951254
-2220480458.2682066
-2220035078.2999377
-2219756218.157223
-2219547423.9381804
-2219362215.301938
-2219228379.499779
-2219166508.1263814
-2219166508.126381
-2219228379.4997735
-2219362215.3019314
-2219547423.938183
-2219756218.1572247
-2220035078.2999315
-2220480458.2681766
-2221036868.8950963
-2221287448.450648
-2220594232.4742026
-2218659212.886621
-2215719294.5364933
-2211998731.297093
-2206768967.8301334
-2197980768.034057
-2187491468.1961083
-2169951951.512688
-2086317588.4357927
-1800842245.88406
-1520219856.2799711
-454877946.80263126
-491578343.9791204
-552992324.2819859
-531704124.3374298
-513650219.1505223
-517409502.26541924
-525343009.24743867
-528904978.4309667
-529782062.9086476
-529969113.65718955
-529943266.3904205
-529609786.14493287
-529067003.46482104
-528600753.9074561
-528349915.06850713
-528245580.2401059
-528172541.49106234
-528092534.2587979
-528030004.3915417
-528001778.2151932
-528001778.2151929
-528030004.3915386
-528092534.2587913
-528172541.49105966
-528245580.24011165
-528349915.06850785
-528600753.90744084
-529067003.4647979
-529609786.1449244
-529943266.3904346
-529969113.65721637
-529782062.9086802
-528904978.43099916
-525343009.24746805
-517409502.26545775
-513650219.1505834
-531704124.33748746
-552992324.2820144
-491578343.9791307
-454877946.8025944
-163969212.9160974
-139508645.5175979
-148806678.2973914
-117831659.76168293
-98552539.18734182
-97802230.66271624
-100582216.73289703
-101032857.1058718
-100576817.06515808
-100238076.45994757
-99924398.51763263
-99468546.44588389
-98965521.42084213
-98603764.42451754
-98441797.86371675
-98396938.50931168
-98372548.24928442
-98339652.88613118
-98313697.6143183
-98303391.70668003
-98303391.70668101
-98313697.61431786
-98339652.8861274
-98372548.24928306
-98396938.50931588
-98441797.86371863
-98603764.4245101
-98965521.42082989
-99468546.44587764
-99924398.51763524
-100238076.45995438
-100576817.06516571
-101032857.10587928
-100582216.73290347
-97802230.66272652
-98552539.1873602
-117831659.76169777
-148806678.29739302
-139508645.5175937
-163969212.91607502
-93324387.67437129
-64384088.900663495
-66570665.436075315
-41811061.28178688
-25371104.781721298
-22437932.552245617
-22857197.71889577
-22505975.7694408
-22086644.027410876
-21899036.91945153
-21647524.386576638
-21243014.698812928
-20828740.962901767
-20553642.062631056
-20442772.92382194
-20422207.721564334
-20418043.637498733
-20408417.588893544
-20401060.387352895
-20399399.481503826
-20399399.48150508
-20401060.387354154
-20408417.588892903
-20418043.63749928
-20422207.721567616
-20442772.92382418
-20553642.062629282
-20828740.96289851
-21243014.698812038
-21647524.386577822
-21899036.91945219
-22086644.027410265
-22505975.769438982
-22857197.7188928
-22437932.55224416
-25371104.78172324
-41811061.28178719
-66570665.43607019
-64384088.900657386
-93324387.67435737
-69914782.24798498
-47262290.43730838
-49077461.84150229
-29892162.52789638
-16171449.559232902
-12820614.180071022
-12666980.145092968
-12388674.097776674
-12197182.23175345
-12128670.653332353
-11927408.317370227
-11589347.525706124
-11267502.534021862
-11070469.178857004
-11000005.13951066
-10993987.92090393
-10999034.477566192
-10999762.32174595
-10999902.25940415
-11001050.587805059
-11001050.587805932
-10999902.259405376
-10999762.321746288
-10999034.477566935
-10993987.920905694
-11000005.139511876
-11070469.178857114
-11267502.534022413
-11589347.525707997
-11927408.31737221
-12128670.653333006
-12197182.231752634
-12388674.097774342
-12666980.145089317
-12820614.180068247
-16171449.559232606
-29892162.52789559
-49077461.841498636
-47262290.43730489
-69914782.24797589
-56170579.80815875
-40033996.46034196
-41739965.93322017
-26673173.630559877
-15483976.955846163
-12492874.358435322
-12302126.977289036
-12163112.817958836
-12080491.172823166
-12038311.716575235
-11865603.138650037
-11599278.71894303
-11368455.846460924
-11241323.553197576
-11204061.576874597
-11207331.821988922
-11215328.889559472
-11218845.53282948
-11220405.781438733
-11221483.849072453
-11221483.849072749
-11220405.781438971
-11218845.532829244
-11215328.889559425
-11207331.821989272
-11204061.576874692
-11241323.553197498
-11368455.846461553
-11599278.718944533
-11865603.138651598
-12038311.716576207
-12080491.172823431
-12163112.81795787
-12302126.97728689
-12492874.35843382
-15483976.95584679
-26673173.630560465
-41739965.933218636
-40033996.46033986
-56170579.80815258
-45638316.94183438
-34740745.33221682
-36243056.97989376
-24447597.157518987
-15536304.523320543
-13080110.161180034
-12925287.8320535
-12850636.41308455
-12796779.59018849
-12752411.843491495
-12612195.041168852
-12421098.393818056
-12272676.125949377
-12202275.444472661
-12188957.42460352
-12196651.543073008
-12203875.331185268
-12206636.453115448
-12207364.909563046
-12207630.693683634
-12207630.69368357
-12207364.909562683
-12206636.453114834
-12203875.331184825
-12196651.543072771
-12188957.424603136
-12202275.444472212
-12272676.125949346
-12421098.393818546
-12612195.041169534
-12752411.8434922
-12796779.590189053
-12850636.413084313
-12925287.832052328
-13080110.161179386
-15536304.523321606
-24447597.157520067
-36243056.97989316
-34740745.33221584
-45638316.94183052
-37129065.23715093
-30267674.17724787
-31573402.755658373
-22432015.321449053
-15447459.539369293
-13483954.882902283
-13354001.255566379
-13303558.293635232
-13257678.596036151
-13215786.945564529
-13114944.756699638
-12993015.462575324
-12910028.011563784
-12879215.061688116
-12879632.117192082
-12887686.430348076
-12892514.923169624
-12893659.212260172
-12893423.583007118
-12893133.812908962
-12893133.812908813
-12893423.583006723
-12893659.212259702
-12892514.923169296
-12887686.430347808
-12879632.117191656
-12879215.061687626
-12910028.011563504
-12993015.46257533
-13114944.756699855
-13215786.945564916
-13257678.596036576
-13303558.293635134
-13354001.255565582
-13483954.882901894
-15447459.53937022
-22432015.321450002
-31573402.755657982
-30267674.17724701
-37129065.23714781
-30158766.30940893
-26349940.243906803
-27480971.30233241
-20467507.36115389
-15054304.868504027
-13504735.704507608
-13396043.71848973
-13362354.397217404
-13326723.497273775
-13295899.065786926
-13233377.62208966
-13165642.036066774
-13126976.183658168
-13118665.018832525
-13124149.18902606
-13130089.944279822
-13132417.338310685
-13132346.30860908
-13131678.053155836
-13131245.236805953
-13131245.23680585
-13131678.05315561
-13132346.308608903
-13132417.338310607
-13130089.944279652
-13124149.18902573
-13118665.018832164
-13126976.183657948
-13165642.03606675
-13233377.622089753
-13295899.065787155
-13326723.497274067
-13362354.39721731
-13396043.718489122
-13504735.70450727
-15054304.868504701
-20467507.36115458
-27480971.302332122
-26349940.243906226
-30158766.30940662
-24369963.62402323
-22814119.948945012
-23777743.84207293
-18449633.266847275
-14301157.64270162
-13099989.069098782
-13019786.43906815
-13006663.548358345
-12986381.850517513
-12969950.579131262
-12937639.550425928
-12905773.097665299
-12891879.469895637
-12892862.145746695
-12898010.422731068
-12901146.907532724
-12901679.730594343
-12901072.14378726
-12900418.782283993
-12900076.439082747
-12900076.439082688
-12900418.782283893
-12901072.143787261
-12901679.730594423
-12901146.907532694
-12898010.422730887
-12892862.145746479
-12891879.469895555
-12905773.097665325
-12937639.550426014
-12969950.579131424
-12986381.850517739
-13006663.548358288
-13019786.439067682
-13099989.069098512
-14301157.64270208
-18449633.26684777
-23777743.842072725
-22814119.948944602
-24369963.62402164
-19585350.27529762
-19598760.28392469
-20409399.02894958
-16405373.070581112
-13271532.71078797
-12365446.078306662
-12321603.8247874
-12332198.138941802
-12328552.796107223
-12324582.98177416
-12311692.809640301
-12299462.839732753
-12296236.81995141
-12298839.516465096
-12301654.408697575
-12302585.33472348
-12302224.480232572
-12301580.203532884
-12301129.201594112
-12300929.074576773
-12300929.074576735
-12301129.20159407
-12301580.203532944
-12302224.48023272
-12302585.334723562
-12301654.408697534
-12298839.516465025
-12296236.819951411
-12299462.83973283
-12311692.809640404
-12324582.981774282
-12328552.796107382
-12332198.138941763
-12321603.824787056
-12365446.078306437
-13271532.710788285
-16405373.070581492
-20409399.028949477
-19598760.283924416
-19585350.27529654
-15867024.16837906
-16843231.952372152
-17546241.89136951
-14600855.041309888
-12283765.272776395
-11626286.209631367
-11620654.945716826
-11652669.175546432
-11662468.367143616
-11666200.26698198
-11663097.551389735
-11659253.469344292
-11658883.035241542
-11660219.01073334
-11660952.941996519
-11660734.389153637
-11660167.73061252
-11659710.003060466
-11659464.418327238
-11659371.56592751
-11659371.565927468
-11659464.418327203
-11659710.003060516
-11660167.73061265
-11660734.38915375
-11660952.94199655
-11660219.010733338
-11658883.035241578
-11659253.469344368
-11663097.551389804
-11666200.26698205
-11662468.367143707
-11652669.175546382
-11620654.94571656
-11626286.209631188
-12283765.272776581
-14600855.041310126
-17546241.89136945
-16843231.95237203
-15867024.168378387
-13096077.989196356
-14540917.435783915
-15201926.46078051
-13132515.13929767
-11487963.27523857
-11042690.20266314
-11071020.436439928
-11117219.834245939
-11134604.376020642
-11141034.98096205
-11141099.876270263
-11139570.024930352
-11139055.677442396
-11138999.819987927
-11138674.147493634
-11138153.377678907
-11137718.000927256
-11137467.86069369
-11137359.650641644
-11137325.130131697
-11137325.130131675
-11137359.650641607
-11137467.860693691
-11137718.00092732
-11138153.377678996
-11138674.147493677
-11138999.819987925
-11139055.677442417
-11139570.024930393
-11141099.876270283
-11141034.980962068
-11134604.376020677
-11117219.834245883
-11071020.43643972
-11042690.202662982
-11487963.275238656
-13132515.139297819
-15201926.460780468
-14540917.43578381
-13096077.989195926
-10357269.3870917
-11950555.247806624
-12542476.767714223
-11181326.408930233
-10099130.549327372
-9839078.8330694
-9893294.214920994
-9944728.991733462
-9963587.369342592
-9969071.602701198
-9968945.025751313
-9967422.267248143
-9966337.05188379
-9965637.076851755
-9965076.709951067
-9964662.755138915
-9964422.756367488
-9964314.403186152
-9964276.0997813
-9964266.05333114
-9964266.053331122
-9964276.099781258
-9964314.403186137
-9964422.756367506
-9964662.755138958
-9965076.70995109
-9965637.076851742
-9966337.05188379
-9967422.267248143
-9968945.0257513
-9969071.60270119
-9963587.369342603
-9944728.991733434
-9893294.21492087
-9839078.83306929
-10099130.549327387
-11181326.408930294
-12542476.76771419
-11950555.247806612
-10357269.387091532
-6865404.857542383
-8409272.467738874
-8790714.095624553
-7922112.298836584
-7273913.697092289
-7156510.486778852
-7223313.579248033
-7270986.384379205
-7286701.352178715
-7289652.410677581
-7288461.420206075
-7286658.775505325
-7285413.085534562
-7284681.362565752
-7284255.363956811
-7284027.502680918
-7283925.423504183
-7283888.413209802
-7283877.8062183205
-7283875.599924564
-7283875.599924561
-7283877.806218296
-7283888.413209775
-7283925.423504186
-7284027.502680932
-7284255.363956809
-7284681.362565738
-7285413.085534555
-7286658.77550532
-7288461.420206052
-7289652.410677569
-7286701.352178724
-7270986.384379193
-7223313.579247967
-7156510.486778787
-7273913.697092301
-7922112.29883661
-8790714.09562453
-8409272.46773886
-6865404.857542274
-3628212.392533632
-4937381.582488874
-5072702.669936888
-4506236.272998161
-4137366.0308220005
-4102210.643343286
-4165580.4409202193
-4202798.891347073
-4213013.57192551
-4213460.01952637
-4211642.020692324
-4209976.188689085
-4208976.067742183
-4208471.091915786
-4208237.10936048
-4208140.146851063
-4208106.251708199
-4208096.54904225
-4208094.278489559
-4208093.856468539
-4208093.856468535
-4208094.278489543
-4208096.54904224
-4208106.251708201
-4208140.146851069
-4208237.10936048
-4208471.091915779
-4208976.067742174
-4209976.188689081
-4211642.020692319
-4213460.019526365
-4213013.571925523
-4202798.891347081
-4165580.440920187
-4102210.6433432526
-4137366.030822015
-4506236.272998169
-5072702.669936879
-4937381.58248885
-3628212.392533568
-1871182.521111474
-2882247.865236275
-2895771.5784482947
-2497880.0386155145
-2282976.1585891116
-2292812.696594878
-2349293.3527152436
-2375396.4331331467
-2379669.9747231198
-2377976.335935457
-2375976.5803990783
-2374713.5883021913
-2374085.457866583
-2373817.4967895024
-2373716.5522180614
-2373683.8337183595
-2373675.0536554116
-2373672.9967648145
-2373672.434315188
-2373672.236180601
-2373672.2361806002
-2373672.4343151827
-2373672.9967648066
-2373675.053655414
-2373683.833718363
-2373716.5522180605
-2373817.4967894997
-2374085.45786658
-2374713.5883021937
-2375976.5803990797
-2377976.3359354543
-2379669.9747231295
-2375396.43313316
-2349293.3527152324
-2292812.696594854
-2282976.1585891265
-2497880.0386155187
-2895771.5784482905
-2882247.865236271
-1871182.5211114567
