1600
-6643820.194103514
-4160705.9842400495
-5778526.593670505
-6471829.251186617
-6535809.247930889
-6443709.199499432
-6398135.006276616
-6394891.1086865105
-6399846.590096107
-6402353.953246817
-6403007.175874085
-6403118.427400525
-6403131.74976348
-6403132.90956866
-6403132.984347027
-6403132.987959305
-6403132.988091055
-6403132.988094688
-6403132.988094775
-6403132.98809478
-6403132.988094776
-6403132.98809478
-6403132.988094707
-6403132.988091045
-6403132.987959291
-6403132.984347035
-6403132.909568645
-6403131.749763498
-6403118.427400533
-6403007.1758740805
-6402353.9532468375
-6399846.5900961235
-6394891.108686464
-6398135.006276642
-6443709.199499506
-6535809.2479308145
-6471829.251186604
-5778526.593670511
-4160705.9842400635
-6643820.194103536
-3174930.229880353
-1751249.0531823952
-2614947.722169322
-3029873.8654494314
-3075725.841258692
-3015307.9369110563
-2981891.864679169
-2977693.3544729464
-2980364.353387823
-2981923.030670654
-2982347.4969273917
-2982421.4543801774
-2982430.434150037
-2982431.222993982
-2982431.274165795
-2982431.27664807
-2982431.276738867
-2982431.276741376
-2982431.2767414344
-2982431.2767414385
-2982431.2767414358
-2982431.276741436
-2982431.276741386
-2982431.276738863
-2982431.2766480623
-2982431.274165796
-2982431.222993982
-2982430.4341500453
-2982421.4543801844
-2982347.4969273875
-2981923.0306706666
-2980364.353387833
-2977693.354472924
-2981891.8646791847
-3015307.936911103
-3075725.8412586623
-3029873.86544941
-2614947.722169321
-1751249.0531824054
-3174930.2298803567
-2230954.811390783
-2702801.954751459
-3082196.6423952584
-3123431.69403284
-3044005.458920121
-2988040.666012264
-2973944.275522853
-2975939.9201130094
-2978709.93983405
-2979767.4370773765
-2980011.332971324
-2980049.935789548
-2980054.333482964
-2980054.702731103
-2980054.7258985154
-2980054.7269943287
-2980054.727033639
-2980054.727034713
-2980054.7270347364
-2980054.7270347364
-2980054.7270347364
-2980054.7270347364
-2980054.727034714
-2980054.7270336393
-2980054.726994325
-2980054.7258985145
-2980054.702731102
-2980054.3334829663
-2980049.9357895497
-2980011.332971327
-2979767.43707738
-2978709.939834055
-2975939.9201130075
-2973944.275522857
-2988040.6660122736
-3044005.4589201217
-3123431.6940328423
-3082196.64239526
-2702801.9547514613
-2230954.8113907794
-1052735.8555527115
-1696777.6033662765
-1603661.8480163817
-1396972.5846197237
-1278197.2039055345
-1253245.731070312
-1260080.4763895494
-1266466.4259331457
-1268597.8591603271
-1269014.7821664624
-1269065.334542751
-1269068.7194516172
-1269068.7346705096
-1269068.7129921003
-1269068.7105400092
-1269068.7103841847
-1269068.71037748
-1269068.7103772752
-1269068.7103772673
-1269068.7103772662
-1269068.710377266
-1269068.7103772678
-1269068.7103772708
-1269068.71037748
-1269068.7103841873
-1269068.7105400083
-1269068.7129920996
-1269068.7346705107
-1269068.7194516184
-1269065.3345427534
-1269014.782166461
-1268597.8591603276
-1266466.425933152
-1260080.4763895501
-1253245.7310703073
-1278197.2039055442
-1396972.584619728
-1603661.8480163815
-1696777.6033662793
-1052735.8555527113
-912930.2447070895
-1195876.0879025517
-933901.1218818222
-668788.7836796121
-572170.6824191123
-579335.321864718
-599534.8288675277
-607310.7602903113
-608399.2711401652
-608243.022637336
-608141.0957843747
-608118.2791960494
-608115.1431670461
-608114.8466086388
-608114.826423592
-608114.825411435
-608114.8253735239
-608114.8253724553
-608114.8253724326
-608114.8253724318
-608114.8253724308
-608114.8253724304
-608114.8253724528
-608114.825373523
-608114.8254114364
-608114.8264235953
-608114.8466086445
-608115.1431670488
-608118.2791960504
-608141.0957843709
-608243.0226373299
-608399.2711401614
-607310.760290315
-599534.8288675314
-579335.3218647192
-572170.6824191138
-668788.7836796081
-933901.1218818204
-1195876.0879025555
-912930.2447070942
-1471235.8879580165
-1673201.3124085777
-1443031.6694299674
-1193281.9421746936
-1116456.546316071
-1138279.2069090146
-1163170.9033001296
-1170654.0553981734
-1170882.9119447484
-1170353.7288646118
-1170158.9971083968
-1170120.6957820996
-1170115.7266428606
-1170115.2717176615
-1170115.2413816324
-1170115.2398815372
-1170115.2398259062
-1170115.2398243465
-1170115.2398243153
-1170115.2398243158
-1170115.2398243146
-1170115.2398243141
-1170115.2398243458
-1170115.239825906
-1170115.2398815395
-1170115.241381636
-1170115.271717667
-1170115.7266428657
-1170120.6957821015
-1170158.9971083936
-1170353.7288646055
-1170882.9119447446
-1170654.0553981764
-1163170.903300138
-1138279.2069090214
-1116456.5463160675
-1193281.9421746838
-1443031.6694299635
-1673201.3124085828
-1471235.8879580237
-2055298.0935261745
-2389087.70447831
-2218458.9226443386
-1971967.874341603
-1891407.452425723
-1913448.1478496836
-1938847.8477836729
-1946008.7299540585
-1945846.9097539682
-1945148.4562939922
-1944910.3805342966
-1944864.6563134608
-1944858.790253125
-1944858.2566215498
-1944858.2211806232
-1944858.2194329367
-1944858.219368253
-1944858.2193664443
-1944858.219366406
-1944858.2193664066
-1944858.2193664063
-1944858.2193664056
-1944858.2193664445
-1944858.2193682524
-1944858.219432938
-1944858.2211806243
-1944858.256621554
-1944858.7902531286
-1944864.6563134594
-1944910.3805342903
-1945148.4562939834
-1945846.9097539631
-1946008.7299540632
-1938847.8477836824
-1913448.1478496918
-1891407.4524257178
-1971967.8743415915
-2218458.922644331
-2389087.7044783137
-2055298.0935261766
-2451047.0373645592
-2928300.8036459377
-2795289.773991102
-2536370.721589224
-2441229.494578482
-2458559.0491470573
-2483676.4252564376
-2491006.120422158
-2490841.7950232737
-2490112.856093161
-2489863.065023082
-2489814.931748837
-2489808.7428992097
-2489808.1790368645
-2489808.1415475407
-2489808.1396974185
-2489808.139628905
-2489808.1396269873
-2489808.1396269468
-2489808.1396269454
-2489808.1396269463
-2489808.139626946
-2489808.1396269863
-2489808.1396289053
-2489808.1396974204
-2489808.141547541
-2489808.179036865
-2489808.7428992125
-2489814.9317488377
-2489863.065023077
-2490112.856093154
-2490841.7950232695
-2491006.1204221635
-2483676.425256447
-2458559.049147062
-2441229.4945784793
-2536370.721589214
-2795289.7739910954
-2928300.803645941
-2451047.0373645653
-2699367.9122550115
-3282779.9426972484
-3181663.930888438
-2914526.1438409276
-2806710.2131348494
-2819003.7914023274
-2843645.391136269
-2851349.1822131253
-2851377.3868686906
-2850696.5397712435
-2850454.40867573
-2850407.1092211786
-2850400.9836068717
-2850400.423047027
-2850400.38566915
-2850400.3838208336
-2850400.3837522888
-2850400.383750371
-2850400.38375033
-2850400.3837503297
-2850400.38375033
-2850400.38375033
-2850400.38375037
-2850400.3837522916
-2850400.383820837
-2850400.3856691513
-2850400.4230470276
-2850400.983606873
-2850407.1092211776
-2850454.408675727
-2850696.539771238
-2851377.386868686
-2851349.182213127
-2843645.3911362737
-2819003.79140233
-2806710.2131348425
-2914526.143840915
-3181663.9308884297
-3282779.9426972545
-2699367.9122550157
-2831901.21288614
-3491759.260040463
-3429494.473789291
-3168102.0210157335
-3053787.1973549463
-3061299.9477769523
-3084779.868553995
-3092688.0956085743
-3092964.389720971
-3092376.0479456536
-3092154.9859689437
-3092110.9945035675
-3092105.2437377293
-3092104.7145438427
-3092104.6791298958
-3092104.677374378
-3092104.677309164
-3092104.6773073347
-3092104.6773072965
-3092104.677307295
-3092104.677307295
-3092104.677307294
-3092104.677307334
-3092104.677309165
-3092104.6773743792
-3092104.6791298985
-3092104.7145438464
-3092105.243737733
-3092110.994503569
-3092154.985968941
-3092376.047945647
-3092964.389720968
-3092688.095608576
-3084779.8685540003
-3061299.9477769565
-3053787.197354943
-3168102.0210157232
-3429494.4737892835
-3491759.2600404695
-2831901.212886145
-2836623.1728718015
-3543110.2750563575
-3526208.4561849893
-3285719.532279937
-3171806.651394191
-3174714.439552538
-3196032.010449885
-3203773.455380718
-3204278.4317416176
-3203808.0567818647
-3203618.02596201
-3203579.3529740917
-3203574.2418323783
-3203573.7684822506
-3203573.7366754673
-3203573.735094391
-3203573.735035542
-3203573.7350338898
-3203573.7350338553
-3203573.735033855
-3203573.7350338534
-3203573.7350338544
-3203573.7350338893
-3203573.735035543
-3203573.7350943917
-3203573.736675471
-3203573.7684822557
-3203574.241832385
-3203579.352974093
-3203618.0259620054
-3203808.0567818605
-3204278.4317416153
-3203773.4553807178
-3196032.0104498914
-3174714.4395525414
-3171806.651394185
-3285719.5322799254
-3526208.4561849865
-3543110.275056366
-2836623.172871808
-2691688.8521341225
-3406033.2127466393
-3434566.6203247504
-3228127.93706121
-3121710.025286275
-3120597.850471657
-3138846.0498918416
-3146000.494952633
-3146672.209989023
-3146329.7149293716
-3146177.1095372215
-3146145.198962906
-3146140.927343099
-3146140.5288386517
-3146140.5019370806
-3146140.5005956907
-3146140.500545657
-3146140.5005442505
-3146140.5005442207
-3146140.50054422
-3146140.5005442207
-3146140.5005442193
-3146140.500544248
-3146140.5005456572
-3146140.50059569
-3146140.5019370816
-3146140.528838654
-3146140.9273431
-3146145.1989629045
-3146177.10953722
-3146329.7149293656
-3146672.2099890187
-3146000.494952634
-3138846.049891845
-3120597.8504716554
-3121710.0252862694
-3228127.9370612013
-3434566.6203247453
-3406033.212746642
-2691688.8521341234
-2385049.128279086
-3058320.794163256
-3123063.5683173677
-2959391.1177375973
-2867103.7854974465
-2863241.886346547
-2877898.4715696317
-2884103.2649990707
-2884855.308706148
-2884634.9029057794
-2884521.747456278
-2884497.274880829
-2884493.9489428927
-2884493.6360288444
-2884493.6147940154
-2884493.6137315114
-2884493.6136917854
-2884493.6136906655
-2884493.6136906436
-2884493.6136906426
-2884493.6136906417
-2884493.6136906412
-2884493.6136906645
-2884493.613691785
-2884493.613731511
-2884493.614794015
-2884493.636028846
-2884493.9489428946
-2884497.2748808293
-2884521.7474562763
-2884634.902905777
-2884855.308706147
-2884103.2649990716
-2877898.471569633
-2863241.8863465455
-2867103.7854974433
-2959391.11773759
-3123063.568317364
-3058320.7941632587
-2385049.128279088
-1928744.7260755703
-2507233.9930865536
-2589211.128583583
-2470141.289964986
-2396783.4739213134
-2391922.235894712
-2402977.956401429
-2408007.595784613
-2408748.497527146
-2408630.484578514
-2408554.1815496
-2408536.945307957
-2408534.5594627983
-2408534.3327645003
-2408534.317287884
-2408534.316510489
-2408534.316481345
-2408534.3164805225
-2408534.3164805053
-2408534.316480505
-2408534.3164805043
-2408534.316480505
-2408534.316480522
-2408534.316481346
-2408534.3165104883
-2408534.317287885
-2408534.3327644994
-2408534.559462799
-2408536.945307959
-2408554.1815496
-2408630.4845785135
-2408748.4975271444
-2408007.5957846125
-2402977.95640143
-2391922.235894712
-2396783.473921312
-2470141.2899649823
-2589211.1285835826
-2507233.993086557
-1928744.7260755708
-1375377.1711076815
-1813984.4544126736
-1889169.4910612563
-1809109.914944211
-1756297.8923674314
-1752105.6577014264
-1760006.5270410378
-1763812.5838952633
-1764466.761046043
-1764422.7588815712
-1764376.9091515061
-1764365.9171844255
-1764364.3603291719
-1764364.2106414337
-1764364.200351204
-1764364.19983206
-1764364.1998125429
-1764364.1998119913
-1764364.199811979
-1764364.199811979
-1764364.1998119785
-1764364.1998119783
-1764364.19981199
-1764364.1998125426
-1764364.1998320597
-1764364.2003512026
-1764364.2106414344
-1764364.3603291719
-1764365.9171844258
-1764376.9091515066
-1764422.7588815708
-1764466.7610460438
-1763812.5838952635
-1760006.5270410387
-1752105.6577014257
-1756297.8923674289
-1809109.9149442096
-1889169.4910612553
-1813984.454412676
-1375377.171107681
-821351.2692700713
-1101590.4537050857
-1150944.419104461
-1099760.186008098
-1065684.5812769774
-1063174.351741838
-1068609.3364237056
-1071303.037871801
-1071825.506236345
-1071825.6549621096
-1071801.8396884233
-1071795.5994376026
-1071794.688399292
-1071794.599512534
-1071794.5933515285
-1071794.593039146
-1071794.5930273645
-1071794.5930270308
-1071794.5930270231
-1071794.5930270234
-1071794.5930270234
-1071794.5930270231
-1071794.5930270306
-1071794.5930273647
-1071794.5930391464
-1071794.5933515283
-1071794.599512534
-1071794.688399293
-1071795.5994376028
-1071801.8396884233
-1071825.6549621092
-1071825.5062363448
-1071303.0378718008
-1068609.3364237058
-1063174.351741837
-1065684.581276976
-1099760.186008096
-1150944.4191044597
-1101590.4537050861
-821351.2692700702
-375963.0096161458
-516387.38538703864
-535105.6524877638
-503011.93921676476
-483615.24933891924
-482929.17986446613
-486584.0675269486
-488372.50055432785
-488751.6164733157
-488771.0261502437
-488760.9113614505
-488757.82505777996
-488757.35460337205
-488757.3078115578
-488757.30453488656
-488757.30436775583
-488757.30436142965
-488757.3043612498
-488757.304361246
-488757.3043612459
-488757.30436124594
-488757.3043612459
-488757.30436124967
-488757.30436142953
-488757.3043677558
-488757.30453488644
-488757.3078115577
-488757.3546033721
-488757.8250577801
-488760.91136145033
-488771.0261502435
-488751.6164733157
-488372.50055432797
-486584.0675269478
-482929.1798644656
-483615.24933891866
-503011.939216764
-535105.6524877633
-516387.3853870386
-375963.0096161456
-104785.03489726403
-152015.50929247675
-149667.92896304166
-130324.02338345429
-121004.2842807106
-121633.5714981575
-124040.58421333626
-125154.23616071249
-125404.02792136894
-125426.27700094345
-125423.24053620604
-125421.95112588357
-125421.74075189114
-125421.7192507204
-125421.71772444838
-125421.71764600909
-125421.71764302696
-125421.717642942
-125421.71764294023
-125421.71764294017
-125421.71764294012
-125421.71764294017
-125421.71764294199
-125421.71764302706
-125421.71764600914
-125421.71772444817
-125421.71925072031
-125421.74075189115
-125421.95112588347
-125423.24053620602
-125426.27700094353
-125404.02792136907
-125154.23616071248
-124040.58421333622
-121633.5714981573
-121004.28428071056
-130324.02338345414
-149667.92896304178
-152015.50929247678
-104785.03489726387
4902.542040957877
622.7623169927001
9636.435790505926
19772.93388922162
23043.276366499194
21838.06029997764
20316.3519236046
19671.331774370647
19522.897956538378
19505.697714131416
19505.9076974454
19506.33898535235
19506.418513158016
19506.42698993007
19506.427603485074
19506.42763534303
19506.42763656128
19506.42763659604
19506.427636596778
19506.427636596738
19506.427636596738
19506.42763659676
19506.427636596018
19506.427636561177
19506.42763534301
19506.42760348511
19506.4269899301
19506.418513158005
19506.33898535239
19505.90769744544
19505.69771413143
19522.89795653837
19671.331774370647
20316.351923604616
21838.060299977704
23043.27636649911
19772.933889221553
9636.435790505882
622.7623169927081
4902.542040957982
20448.721243197087
26106.08390665927
32572.39870513867
36412.39254396551
36707.09707516471
35538.57550108346
34648.04010181489
34306.77318372376
34228.24959042894
34217.77531448007
34217.299970125496
34217.40115089804
34217.42568300922
34217.428492076106
34217.428701600584
34217.428712644505
34217.42871307028
34217.42871308249
34217.42871308275
34217.42871308278
34217.428713082765
34217.42871308275
34217.428713082496
34217.42871307025
34217.42871264451
34217.42870160063
34217.42849207612
34217.42568300923
34217.40115089803
34217.299970125496
34217.77531448005
34228.249590428924
34306.77318372375
34648.04010181489
35538.57550108348
36707.09707516467
36412.39254396543
32572.398705138596
26106.083906659296
20448.721243197084
7878.624097837924
11232.228554756455
13464.112625059715
13991.165066496826
13327.351548202587
12506.56358391978
12043.123125830127
11882.241789936299
11845.893929180178
11840.673478490931
11840.278285788278
11840.285594442585
11840.291373376298
11840.292134564641
11840.292194260555
11840.292197481558
11840.292197607258
11840.292197610894
11840.29219761097
11840.29219761098
11840.292197610976
11840.292197610972
11840.292197610881
11840.292197607256
11840.292197481553
11840.292194260544
11840.29213456463
11840.291373376305
11840.285594442588
11840.27828578827
11840.67347849092
11845.89392918017
11882.24178993629
12043.123125830103
12506.563583919748
13327.351548202547
13991.165066496795
13464.112625059684
11232.228554756453
7878.624097837924
-1067.5693770509213
-583.159731878209
-609.7121518125828
-1110.865423595075
-1740.5525680168728
-2186.670453031473
-2393.7833555069624
-2459.598771774863
-2474.0481634146568
-2476.1962569583625
-2476.3946577503043
-2476.401670803916
-2476.400813631604
-2476.4006523866824
-2476.400638517885
-2476.4006377400738
-2476.400637709124
-2476.400637708226
-2476.400637708205
-2476.4006377081996
-2476.4006377082064
-2476.4006377082073
-2476.4006377082237
-2476.40063770913
-2476.4006377400706
-2476.400638517893
-2476.400652386682
-2476.400813631607
-2476.4016708039194
-2476.39465775031
-2476.1962569583707
-2474.048163414663
-2459.5987717748726
-2393.7833555069706
-2186.670453031492
-1740.5525680168846
-1110.8654235950964
-609.712151812593
-583.1597318782166
-1067.5693770509192
-2637.656578632898
-3056.706475970024
-3530.1634819400456
-3989.452152127108
-4333.216859704837
-4523.974811323007
-4601.375108930417
-4624.191297557614
-4629.038051468788
-4629.766615148984
-4629.8405594400165
-4629.844885172982
-4629.844896559469
-4629.844872429054
-4629.844869890758
-4629.844869738265
-4629.844869732002
-4629.844869731818
-4629.844869731814
-4629.844869731813
-4629.844869731814
-4629.844869731814
-4629.844869731816
-4629.844869732005
-4629.844869738266
-4629.844869890756
-4629.844872429053
-4629.844896559466
-4629.844885172981
-4629.84055944002
-4629.766615148984
-4629.038051468782
-4624.1912975576115
-4601.375108930411
-4523.974811323006
-4333.216859704837
-3989.4521521271045
-3530.1634819400424
-3056.7064759700274
-2637.6565786328965
-1510.2508177514724
-1841.008221232961
-2129.0893697484844
-2346.071623125356
-2479.5755974627605
-2543.9752176833344
-2567.710969876599
-2574.286303143212
-2575.6374044683234
-2575.84002138376
-2575.8615583480005
-2575.8630687193586
-2575.86312125409
-2575.863119627324
-2575.8631192852904
-2575.8631192616904
-2575.8631192606676
-2575.8631192606344
-2575.8631192606335
-2575.863119260634
-2575.8631192606354
-2575.863119260634
-2575.863119260634
-2575.8631192606676
-2575.86311926169
-2575.8631192852895
-2575.8631196273245
-2575.8631212540918
-2575.863068719359
-2575.8615583479996
-2575.8400213837576
-2575.6374044683225
-2574.286303143211
-2567.7109698765976
-2543.9752176833313
-2479.5755974627573
-2346.071623125353
-2129.089369748482
-1841.0082212329592
-1510.2508177514694
-535.10189049147
-665.2972001686578
-769.4265781280511
-839.7919437365083
-878.7367451239925
-895.9031610918419
-901.7994241455432
-903.351930147273
-903.6611065545687
-903.7070265729925
-903.7120119184362
-903.7123924933303
-903.7124109079609
-903.7124112282476
-903.7124112007729
-903.7124111980319
-903.7124111978999
-903.7124111978954
-903.7124111978956
-903.7124111978957
-903.7124111978956
-903.7124111978952
-903.7124111978956
-903.7124111978999
-903.7124111980319
-903.7124112007725
-903.7124112282474
-903.7124109079612
-903.7123924933302
-903.7120119184355
-903.707026572991
-903.6611065545677
-903.3519301472719
-901.7994241455415
-895.9031610918391
-878.7367451239893
-839.7919437365052
-769.4265781280498
-665.2972001686568
-535.1018904914687
-134.52280096442922
-169.0604356335116
-195.51398540683314
-212.33484535083997
-221.05011149723012
-224.66062723607016
-225.83680737129268
-226.1339433743225
-226.19146170167468
-226.19989256341478
-226.20081459133914
-226.20088806200442
-226.2008921208079
-226.20089225460728
-226.20089225513334
-226.2008922549239
-226.20089225491105
-226.20089225491066
-226.20089225491066
-226.20089225491074
-226.20089225491083
-226.20089225491063
-226.2008922549106
-226.20089225491117
-226.20089225492407
-226.2008922551334
-226.20089225460723
-226.20089212080813
-226.2008880620046
-226.20081459133894
-226.19989256341447
-226.19146170167457
-226.13394337432234
-225.8368073712921
-224.66062723606944
-221.05011149722907
-212.33484535083923
-195.5139854068329
-169.06043563351167
-134.52280096442914
-25.176127303686062
-31.855254560629223
-36.83996691652649
-39.889613596960906
-41.40087884757323
-41.999622091068034
-42.18691717911162
-42.23266042740825
-42.24129518972906
-42.24254258771239
-42.242678946186416
-42.24269004768119
-42.24269070231777
-42.242690728567936
-42.24269072914224
-42.2426907291379
-42.24269072913704
-42.242690729136974
-42.242690729137
-42.242690729136996
-42.24269072913702
-42.24269072913698
-42.24269072913698
-42.24269072913704
-42.24269072913789
-42.24269072914219
-42.242690728567936
-42.242690702317866
-42.24269004768122
-42.2426789461864
-42.24254258771243
-42.24129518972914
-42.232660427408405
-42.18691717911169
-41.999622091068034
-41.400878847573196
-39.88961359696094
-36.83996691652665
-31.855254560629376
-25.176127303686144
-3.586577416041173
-4.559235718198806
-5.272851649404738
-5.698098433116499
-5.902259841639607
-5.980502013258974
-6.00421440899477
-6.009847159823446
-6.010887234608171
-6.011035305301069
-6.011051414543497
-6.011052738744879
-6.01105281956946
-6.011052823114691
-6.011052823217834
-6.011052823219242
-6.011052823219215
-6.0110528232192095
-6.0110528232192095
-6.011052823219215
-6.011052823219212
-6.011052823219208
-6.011052823219205
-6.011052823219208
-6.011052823219225
-6.01105282321781
-6.011052823114681
-6.011052819569475
-6.011052738744896
-6.011051414543508
-6.0110353053011005
-6.010887234608246
-6.0098471598235506
-6.004214408994875
-5.980502013259076
-5.90225984163971
-5.698098433116615
-5.272851649404867
-4.559235718198898
-3.586577416041206
-0.3935793017402337
-0.5019984631354945
-0.5805987170128821
-0.6265603562019341
-0.6481156920473591
-0.6561691569080369
-0.6585493004522399
-0.6591018574763662
-0.6592019423397971
-0.6592159922777938
-0.6592175100668297
-0.6592176351769975
-0.6592176429539163
-0.659217643311486
-0.659217643323178
-0.6592176433234189
-0.6592176433234215
-0.6592176433234211
-0.6592176433234193
-0.6592176433234185
-0.6592176433234194
-0.6592176433234208
-0.6592176433234216
-0.6592176433234213
-0.6592176433234157
-0.6592176433231703
-0.6592176433114804
-0.6592176429539173
-0.659217635177001
-0.6592175100668353
-0.6592159922778077
-0.6592019423398228
-0.659101857476402
-0.6585493004522835
-0.6561691569080881
-0.6481156920474122
-0.6265603562019875
-0.580598717012927
-0.5019984631355191
-0.39357930174023864
-0.033501337154209686
-0.04283740943024865
-0.04954689331824623
-0.05341541104419189
-0.05519757935702402
-0.05585031627777694
-0.05603935963101491
-0.056082414348758505
-0.05609008335100318
-0.056091145876012376
-0.05609125972547786
-0.05609126909810949
-0.05609126968599043
-0.05609126971372508
-0.05609126971468332
-0.056091269714705745
-0.05609126971470667
-0.05609126971470656
-0.0560912697147059
-0.05609126971470554
-0.05609126971470589
-0.05609126971470681
-0.05609126971470764
-0.05609126971470757
-0.056091269714705794
-0.05609126971468202
-0.0560912697137232
-0.05609126968598902
-0.056091269098108805
-0.05609125972547783
-0.05609114587601333
-0.056090083351005356
-0.056082414348762134
-0.056039359631021156
-0.05585031627778615
-0.05519757935703413
-0.05341541104420065
-0.04954689331825121
-0.04283740943024852
-0.033501337154206286
-0.0022214881026193017
-0.0028460501426031343
-0.003291939601637848
-0.0035462613348396232
-0.0036617994373773347
-0.003703449919123946
-0.0037153144462138137
-0.003717973434689363
-0.003718440194710946
-0.0037185040849655837
-0.003718510872566127
-0.003718511429287193
-0.0037185114643348512
-0.00371851146600804
-0.003718511466066094
-0.003718511466067556
-0.00371851146606788
-0.0037185114660679263
-0.003718511466067794
-0.003718511466067728
-0.0037185114660678647
-0.003718511466068147
-0.0037185114660684025
-0.0037185114660684363
-0.0037185114660680334
-0.0037185114660662376
-0.003718511466007754
-0.0037185114643342723
-0.003718511429286419
-0.0037185108725650232
-0.003718504084963804
-0.003718440194708254
-0.0037179734346860197
-0.003715314446210516
-0.003703449919121066
-0.003661799437374537
-0.003546261334836494
-0.003291939601634278
-0.0028460501425994432
-0.0022214881026161844
-0.00011507315370218664
-0.00014764833966802323
-0.00017078486949256033
-0.00018386921431144608
-0.00018974751798767338
-0.00019183944783687847
-0.00019242723183185377
-0.0001925571738343918
-0.00019257969456688205
-0.00019258274319112494
-0.00019258306434201874
-0.00019258309052690072
-0.00019258309217835753
-0.00019258309225620465
-0.00019258309225856827
-0.0001925830922587031
-0.000192583092258811
-0.00019258309225885677
-0.00019258309225885637
-0.00019258309225885198
-0.00019258309225886984
-0.00019258309225890575
-0.00019258309225894497
-0.00019258309225895888
-0.00019258309225889548
-0.00019258309225872287
-0.00019258309225622452
-0.00019258309217819067
-0.00019258309052651185
-0.0001925830643413023
-0.00019258274318990334
-0.0001925796945650305
-0.000192557173831974
-0.00019242723182909255
-0.0001918394478339693
-0.00018974751798470627
-0.00018386921430853332
-0.00017078486948991385
-0.0001476483396658896
-0.00011507315370073222
-4.664324212059309e-06
-5.991914262663353e-06
-6.930957548293948e-06
-7.458380566619263e-06
-7.693192230824253e-06
-7.775871260339046e-06
-7.79883626881336e-06
-7.803854077753024e-06
-7.804714049217913e-06
-7.8048292460834e-06
-7.804841287769526e-06
-7.804842254023522e-06
-7.80484231553492e-06
-7.804842318061704e-06
-7.80484231810949e-06
-7.804842318140154e-06
-7.804842318169463e-06
-7.80484231818861e-06
-7.804842318197681e-06
-7.804842318198545e-06
-7.804842318193253e-06
-7.804842318185487e-06
-7.804842318181715e-06
-7.804842318185108e-06
-7.804842318184903e-06
-7.804842318164616e-06
-7.804842318088634e-06
-7.804842315494553e-06
-7.80484225388112e-06
-7.80484128748082e-06
-7.804829245592859e-06
-7.804714048485233e-06
-7.803854076782545e-06
-7.798836267654789e-06
-7.775871259063421e-06
-7.693192229513551e-06
-7.458380565376954e-06
-6.930957547235562e-06
-5.991914261876968e-06
-4.6643242115674776e-06
-1.48069521312537e-07
-1.9039872264596115e-07
-2.2023897424089856e-07
-2.369050188321052e-07
-2.442693852735324e-07
-2.468394681977266e-07
-2.4754639905612385e-07
-2.476992805158693e-07
-2.477252279586405e-07
-2.477286524277823e-07
-2.477290091091709e-07
-2.477290351182419e-07
-2.4772903683176656e-07
-2.477290368607893e-07
-2.477290368637247e-07
-2.477290368702927e-07
-2.4772903687685677e-07
-2.4772903688247726e-07
-2.477290368863023e-07
-2.4772903688676325e-07
-2.477290368832739e-07
-2.4772903687767405e-07
-2.47729036873791e-07
-2.477290368745391e-07
-2.4772903687804733e-07
-2.477290368781136e-07
-2.4772903687078995e-07
-2.477290368230999e-07
-2.4772903507724814e-07
-2.4772900902274163e-07
-2.477286522828693e-07
-2.4772522774499444e-07
-2.476992802304693e-07
-2.475463987066348e-07
-2.4683946780415575e-07
-2.4426938486804105e-07
-2.3690501845509431e-07
-2.2023897393063947e-07
-1.9039872242514636e-07
-1.4806952118063847e-07
-3.681780964466882e-09
-4.738027978743898e-09
-5.480573798675433e-09
-5.89335513753602e-09
-6.074611376878343e-09
-6.137393450340686e-09
-6.154518576237496e-09
-6.15817807770286e-09
-6.158794700801874e-09
-6.158870605092164e-09
-6.158878615285738e-09
-6.1588789393505304e-09
-6.158878957426599e-09
-6.158878955903746e-09
-6.158878956459265e-09
-6.158878957559486e-09
-6.158878958744558e-09
-6.1588789600347615e-09
-6.158878961116598e-09
-6.1588789613245735e-09
-6.158878960332016e-09
-6.158878958650183e-09
-6.158878957424624e-09
-6.158878957590375e-09
-6.158878958872292e-09
-6.158878959686917e-09
-6.15887895855778e-09
-6.15887895582217e-09
-6.15887892982612e-09
-6.158878594838997e-09
-6.158870571248128e-09
-6.1587946513560714e-09
-6.158178011124045e-09
-6.154518493152683e-09
-6.137393355331671e-09
-6.074611278825757e-09
-5.893355047521048e-09
-5.480573726236556e-09
-4.738027928529135e-09
-3.681780935248337e-09
-7.160204717312517e-11
-9.219104968757659e-11
-1.0663420029013974e-10
-1.1463196935313257e-10
-1.1812544713023798e-10
-1.193278358217255e-10
-1.1965348827730883e-10
-1.197196946096793e-10
-1.1973086964540851e-10
-1.1973172832697483e-10
-1.1973181936838463e-10
-1.197318173752473e-10
-1.1973181633867506e-10
-1.197318160659533e-10
-1.19731816133192e-10
-1.1973181626501393e-10
-1.1973181643019895e-10
-1.197318166701254e-10
-1.197318169132051e-10
-1.1973181699033974e-10
-1.1973181680674093e-10
-1.1973181646258638e-10
-1.1973181620434853e-10
-1.197318162408458e-10
-1.1973181654075226e-10
-1.1973181679169526e-10
-1.1973181664738293e-10
-1.197318160987763e-10
-1.1973181555426284e-10
-1.1973181540605472e-10
-1.1973172183296805e-10
-1.1973086021355954e-10
-1.1971968180978288e-10
-1.1965347205629296e-10
-1.1932781705683722e-10
-1.1812542774225055e-10
-1.1463195171979388e-10
-1.0663418632299225e-10
-9.219104017078205e-11
-7.160204171498151e-11
-1.0692334160556052e-12
-1.3743743499480989e-12
-1.5883430202335995e-12
-1.7064904546253928e-12
-1.757897749162858e-12
-1.7755082046421317e-12
-1.7802529311254591e-12
-1.7809061368975134e-12
-1.7810176210810253e-12
-1.7810172565074216e-12
-1.7810168343889265e-12
-1.7810165093754289e-12
-1.7810163440169953e-12
-1.7810162994851567e-12
-1.7810163021606352e-12
-1.781016310268542e-12
-1.781016326635408e-12
-1.7810163634714904e-12
-1.7810164083948343e-12
-1.7810164288967917e-12
-1.781016404786377e-12
-1.7810163511014986e-12
-1.7810163098123677e-12
-1.7810163177981578e-12
-1.7810163728508965e-12
-1.7810164243198951e-12
-1.7810164093175486e-12
-1.781016317368427e-12
-1.7810162169792713e-12
-1.7810161886163615e-12
-1.7810162058679714e-12
-1.7810161019331944e-12
-1.780904061453269e-12
-1.7802502686587112e-12
-1.7755050980836679e-12
-1.7578945384957975e-12
-1.7064875569170987e-12
-1.588340753009118e-12
-1.3743728236994135e-12
-1.0692325473794362e-12
-1.023624894374405e-14
-1.283632787207494e-14
-1.466360619959098e-14
-1.5671323543965026e-14
-1.6109015688748042e-14
-1.625864813312668e-14
-1.629888785403329e-14
-1.6298892547132964e-14
-1.6298868130319082e-14
-1.62988162389167e-14
-1.629875693430415e-14
-1.6298711738963704e-14
-1.6298688917642464e-14
-1.629868236662868e-14
-1.629868143397164e-14
-1.6298680719733875e-14
-1.6298681548335538e-14
-1.6298686266498378e-14
-1.6298693120137517e-14
-1.6298697073120355e-14
-1.6298694754232694e-14
-1.6298687993086783e-14
-1.6298682712901225e-14
-1.6298684323146978e-14
-1.629869285001344e-14
-1.6298701278352648e-14
-1.6298700123989877e-14
-1.6298686920285275e-14
-1.6298671423317924e-14
-1.6298666657702936e-14
-1.629867036334873e-14
-1.6298658206454768e-14
-1.6298604477854184e-14
-1.6298515039389267e-14
-1.6258210622986008e-14
-1.6108563876243574e-14
-1.56709186251199e-14
-1.4663292645219225e-14
-1.2836118746216584e-14
-1.0236130387804535e-14
-2.959598626793866e-17
-2.9599097859975947e-17
-2.960005013262076e-17
-2.9599085488263887e-17
-2.9598135951941996e-17
-2.95989332201522e-17
-2.960091151897054e-17
-2.960147618465455e-17
-2.959847545050416e-17
-2.9592212630550495e-17
-2.958511593543116e-17
-2.957972851142041e-17
-2.957699429606168e-17
-2.957613438182471e-17
-2.957585467382068e-17
-2.957555839173963e-17
-2.957549275961113e-17
-2.957599669990066e-17
-2.9576858399257296e-17
-2.9577432854442044e-17
-2.957726683455782e-17
-2.95765493005794e-17
-2.957598972854019e-17
-2.957626075968772e-17
-2.9577398125734095e-17
-2.95785587190999e-17
-2.957852453463625e-17
-2.9576895702647674e-17
-2.957486133276466e-17
-2.957415757062579e-17
-2.957465749289785e-17
-2.957336600688844e-17
-2.9566955503223664e-17
-2.955598314944867e-17
-2.954603306496519e-17
-2.954360372512589e-17
-2.955053725240453e-17
-2.9562796823338974e-17
-2.957443889257372e-17
-2.958203210100707e-17
-1.9770759002383848e-21
-2.5209149542130124e-21
-2.822850888415915e-21
-2.8809468301740388e-21
-2.8884957275534043e-21
-3.0322679493590896e-21
-3.2638098444682534e-21
-3.3269640847768716e-21
-3.0152092599456348e-21
-2.370853861518381e-21
-1.6440765070130309e-21
-1.0914370267330117e-21
-8.063643563138748e-22
-7.068592247726943e-22
-6.60230112823762e-22
-6.097211537776814e-22
-5.873873486706784e-22
-6.320269062530527e-22
-7.215553222986913e-22
-7.867486989462612e-22
-7.77572998139044e-22
-7.111370716238793e-22
-6.603024632254232e-22
-6.964896673232113e-22
-8.2628320807895945e-22
-9.620400949953303e-22
-9.700605042810068e-22
-7.991700678280322e-22
-5.73071298622898e-22
-4.852892868836292e-22
-5.351592919588651e-22
-4.086507971052954e-22
2.5651266578079153e-22
1.4160223957426817e-21
2.4874210558427794e-21
2.788523306529773e-21
2.142051173029988e-21
1.0005813391184714e-21
-6.301913425158522e-24
-5.553423581572278e-22
