1600
-1.3495867570921612e+24
-1.7107381662367017e+24
-1.4515972815909548e+24
-9.041933752093453e+23
-5.002773655532372e+23
-3.770815609661063e+23
-3.917891130501633e+23
-4.193286208143713e+23
-4.265284062522931e+23
-4.2462149689401256e+23
-4.232195080487786e+23
-4.231598769991027e+23
-4.2340523336616985e+23
-4.235438221962486e+23
-4.235972393298041e+23
-4.236033225428032e+23
-4.236097757087168e+23
-4.236207608571413e+23
-4.236328860101666e+23
-4.236400595107018e+23
-4.2364005951071654e+23
-4.236328860101981e+23
-4.236207608571617e+23
-4.236097757087091e+23
-4.2360332254278185e+23
-4.235972393297939e+23
-4.235438221962663e+23
-4.2340523336620226e+23
-4.23159876999127e+23
-4.232195080487789e+23
-4.2462149689398893e+23
-4.265284062522702e+23
-4.19328620814376e+23
-3.917891130501745e+23
-3.7708156096605306e+23
-5.002773655530584e+23
-9.041933752090467e+23
-1.4515972815906214e+24
-1.7107381662364204e+24
-1.3495867570919884e+24
5.740754615875137e+21
7.141736985902028e+24
-1.6007654004372952e+24
1.5000838962752446e+24
-6.57185869935192e+23
3.936457576933681e+23
2.8847073796431456e+22
1.5750375064767397e+23
9.292321025388475e+22
1.2811025268895694e+23
1.158753237462437e+23
1.181856192231246e+23
1.2036429115668583e+23
1.178125044018049e+23
1.1944744392223923e+23
1.1858958805658276e+23
1.1899980154740131e+23
1.188077883954494e+23
1.1894415946832138e+23
1.1888368855565802e+23
1.1888368855562274e+23
1.1894415946838781e+23
1.1880778839560442e+23
1.1899980154730622e+23
1.185895880565092e+23
1.1944744392224438e+23
1.1781250440184499e+23
1.2036429115676728e+23
1.1818561922317769e+23
1.1587532374617816e+23
1.2811025268898355e+23
9.292321025382606e+22
1.5750375064748402e+23
2.8847073796690413e+22
3.936457576936381e+23
-6.571858699356463e+23
1.5000838962749292e+24
-1.600765400437445e+24
7.141736985901238e+24
5.740754615799193e+21
1.2791830941910802e+24
1.2672455989882167e+24
1.1464049351765724e+24
4.7368769774959824e+23
4.340543436913077e+22
-1.3492594028910777e+23
-1.5604728910867514e+23
-1.4476833462710777e+23
-1.388762321905352e+23
-1.3672541383176151e+23
-1.3690065475576799e+23
-1.3700340448182836e+23
-1.3715512601512475e+23
-1.3706016603150686e+23
-1.370243588529398e+23
-1.3698231167053927e+23
-1.369764842122334e+23
-1.3697479108621322e+23
-1.3697296430574904e+23
-1.3697139898212834e+23
-1.3697139898211871e+23
-1.3697296430572736e+23
-1.3697479108619538e+23
-1.3697648421222988e+23
-1.3698231167054273e+23
-1.3702435885293144e+23
-1.3706016603148263e+23
-1.371551260150932e+23
-1.3700340448181035e+23
-1.3690065475577327e+23
-1.3672541383178358e+23
-1.3887623219055118e+23
-1.4476833462709836e+23
-1.5604728910865078e+23
-1.3492594028911386e+23
4.340543436903184e+22
4.7368769774936664e+23
1.1464049351762198e+24
1.2672455989878428e+24
1.279183094190768e+24
1.2442383132527354e+24
1.2682687914661736e+24
1.1553581149403219e+24
3.6506245025442545e+23
2.6846461809105314e+22
-1.629955363408275e+23
-1.4344631459326239e+23
-1.1929745725308184e+23
-1.1421116173164807e+23
-1.1421917359391229e+23
-1.1527111222893232e+23
-1.1534516258898258e+23
-1.1572551430839819e+23
-1.154077199165613e+23
-1.1547952111064176e+23
-1.1538300159422976e+23
-1.1540186024458972e+23
-1.1539076571972372e+23
-1.1539710349655206e+23
-1.1539263354658464e+23
-1.1539263354657202e+23
-1.1539710349653223e+23
-1.1539076571970669e+23
-1.1540186024458736e+23
-1.1538300159423993e+23
-1.154795211106334e+23
-1.1540771991654132e+23
-1.1572551430836542e+23
-1.1534516258896483e+23
-1.1527111222893935e+23
-1.1421917359393954e+23
-1.1421116173166665e+23
-1.1929745725307184e+23
-1.4344631459323868e+23
-1.6299553634081826e+23
2.684646180901509e+22
3.650624502541943e+23
1.1553581149399623e+24
1.2682687914657675e+24
1.2442383132524307e+24
4.887486049664455e+23
6.472513770855269e+23
4.2847170817426894e+23
1.0462834385199145e+23
-3.935153602904793e+22
-5.27649866302626e+22
-4.703340763111977e+21
1.651506584745475e+22
2.012299694907019e+22
1.720869245982012e+22
1.6158263266220444e+22
1.5730767976788962e+22
1.5659456239731812e+22
1.5733538748676885e+22
1.5730717985479124e+22
1.577092764141083e+22
1.576361434137628e+22
1.5763943855572084e+22
1.575785417978311e+22
1.5758446867088958e+22
1.5758446867094557e+22
1.5757854179793935e+22
1.5763943855577207e+22
1.5763614341374188e+22
1.5770927641402586e+22
1.573071798547387e+22
1.5733538748681746e+22
1.5659456239739741e+22
1.5730767976793547e+22
1.6158263266218453e+22
1.7208692459807518e+22
2.0122996949055066e+22
1.6515065847455781e+22
-4.703340763096543e+21
-5.27649866302483e+22
-3.935153602905644e+22
1.0462834385191461e+23
4.284717081741161e+23
6.47251377085328e+23
4.8874860496630937e+23
1.2052929888121803e+22
2.556897158752159e+22
-6.528451543917244e+21
-6.933832621145186e+22
-5.2979657144250615e+22
2.393623193465864e+21
4.572705529002127e+22
5.952481132249331e+22
5.832106145376207e+22
5.530453458372866e+22
5.4126773229209355e+22
5.403348356759988e+22
5.413653437065749e+22
5.421109754101799e+22
5.424076984180113e+22
5.42561950058907e+22
5.425562740463808e+22
5.425062189408243e+22
5.42459148204119e+22
5.424378967267416e+22
5.424378967267659e+22
5.424591482041636e+22
5.425062189408283e+22
5.425562740463026e+22
5.4256195005878335e+22
5.424076984179136e+22
5.421109754101218e+22
5.413653437065415e+22
5.4033483567597475e+22
5.412677322920774e+22
5.530453458372559e+22
5.832106145375575e+22
5.952481132248851e+22
4.572705529002556e+22
2.393623193481044e+21
-5.297965714423053e+22
-6.933832621143541e+22
-6.528451543911921e+21
2.55689715875154e+22
1.2052929888125593e+22
-3.2662499897574748e+22
-4.982961646648271e+22
-3.3605673878722215e+22
-9.16424913059177e+21
3.255456787948032e+22
7.991568860746395e+22
1.033864177776579e+23
1.0837542701717898e+23
1.0563723725808743e+23
1.0303954205882653e+23
1.0224049879117034e+23
1.023919451609328e+23
1.0263235650737068e+23
1.0273096053142296e+23
1.0277171988306788e+23
1.0277680945525401e+23
1.027782736131057e+23
1.0277528684533078e+23
1.027734066109993e+23
1.0277203613629842e+23
1.027720361363004e+23
1.0277340661100229e+23
1.0277528684532897e+23
1.0277827361309597e+23
1.0277680945524118e+23
1.0277171988305784e+23
1.0273096053141835e+23
1.0263235650736827e+23
1.0239194516093157e+23
1.0224049879117065e+23
1.0303954205882728e+23
1.0563723725808765e+23
1.0837542701718029e+23
1.0338641777765984e+23
7.991568860746257e+22
3.255456787948055e+22
-9.164249130574124e+21
-3.3605673878674236e+22
-4.9829616466414975e+22
-3.266249989751468e+22
5.2038700905709196e+22
3.58184913469453e+22
6.4947677095418455e+22
8.789644557642304e+22
1.1727613425867659e+23
1.4330933364291167e+23
1.5478160986731844e+23
1.5655032197299445e+23
1.5424753105820504e+23
1.523153418878354e+23
1.5184703176338453e+23
1.5206905191450996e+23
1.5230307663680787e+23
1.523928877214582e+23
1.5241112958591067e+23
1.5240625267684002e+23
1.5240593946676835e+23
1.5240712792035536e+23
1.524088239355334e+23
1.5240973451419844e+23
1.5240973451420065e+23
1.524088239355365e+23
1.5240712792035382e+23
1.5240593946675926e+23
1.5240625267682885e+23
1.524111295859031e+23
1.5239288772145576e+23
1.523030766368074e+23
1.5206905191450986e+23
1.5184703176338413e+23
1.523153418878357e+23
1.542475310582079e+23
1.5655032197300123e+23
1.5478160986732196e+23
1.4330933364290075e+23
1.1727613425865634e+23
8.789644557641994e+22
6.494767709545978e+22
3.5818491347017946e+22
5.20387009057752e+22
9.113244329643826e+22
7.873683737906503e+22
1.0909172559379576e+23
1.2418052100553303e+23
1.4606211119776283e+23
1.6421560087088114e+23
1.7309022796727148e+23
1.7517526103282816e+23
1.737906744510235e+23
1.72376957096588e+23
1.7204940133978462e+23
1.722213540511291e+23
1.723763665423818e+23
1.7242333819214315e+23
1.724156371888852e+23
1.7240176364694447e+23
1.7239991109312847e+23
1.7240384195687966e+23
1.7240837540060855e+23
1.7241118693851654e+23
1.724111869385189e+23
1.7240837540061325e+23
1.7240384195688053e+23
1.723999110931237e+23
1.7240176364693692e+23
1.724156371888801e+23
1.724233381921415e+23
1.7237636654238152e+23
1.72221354051128e+23
1.72049401339783e+23
1.7237695709658656e+23
1.7379067445102466e+23
1.7517526103283363e+23
1.7309022796727486e+23
1.6421560087086977e+23
1.4606211119773987e+23
1.2418052100552261e+23
1.0909172559382431e+23
7.873683737912347e+22
9.1132443296489e+22
8.290061785415031e+22
7.029841261198861e+22
9.78353539122599e+22
1.1132834965974937e+23
1.3210777007673277e+23
1.4896667721806392e+23
1.5786041169945524e+23
1.6057245782758994e+23
1.598142821741841e+23
1.5872230697618312e+23
1.584555707644437e+23
1.5856376250477297e+23
1.586504139818459e+23
1.5866490332357545e+23
1.5864652766862863e+23
1.5863119238265382e+23
1.586294805955506e+23
1.5863436766255486e+23
1.5864000295624913e+23
1.586435895053827e+23
1.5864358950538575e+23
1.5864000295625534e+23
1.5863436766255922e+23
1.586294805955501e+23
1.5863119238265026e+23
1.5864652766862655e+23
1.586649033235756e+23
1.5865041398184666e+23
1.585637625047732e+23
1.5845557076444382e+23
1.587223069761825e+23
1.5981428217418347e+23
1.60572457827591e+23
1.578604116994548e+23
1.4896667721805452e+23
1.3210777007671625e+23
1.1132834965974155e+23
9.783535391227874e+22
7.0298412612027486e+22
8.290061785418163e+22
6.245858224122049e+22
4.843042887870167e+22
7.313110838072471e+22
8.757375050657672e+22
1.0809725907413499e+23
1.2389280546234465e+23
1.3217148004798385e+23
1.3488061885094478e+23
1.3441502461461063e+23
1.3353849245351406e+23
1.333135858452299e+23
1.3338386410748743e+23
1.3343644393323429e+23
1.3344073904259586e+23
1.334253704505697e+23
1.33414449726992e+23
1.334143293307579e+23
1.3341930396237522e+23
1.3342475127048842e+23
1.3342819415516568e+23
1.3342819415516867e+23
1.3342475127049516e+23
1.3341930396238094e+23
1.334143293307593e+23
1.3341444972699066e+23
1.3342537045056926e+23
1.3344073904259754e+23
1.3343644393323679e+23
1.3338386410749066e+23
1.3331358584523334e+23
1.3353849245351594e+23
1.3441502461461006e+23
1.3488061885094272e+23
1.3217148004798033e+23
1.2389280546233686e+23
1.0809725907412454e+23
8.757375050657306e+22
7.3131108380738935e+22
4.84304288787285e+22
6.245858224124003e+22
4.2997035352947555e+22
2.912328997068934e+22
5.056604491776246e+22
6.5719419244062785e+22
8.481317921723447e+22
9.834818397657158e+22
1.050843161486143e+23
1.0725393453524054e+23
1.0686323150768622e+23
1.0613944807380151e+23
1.0594978880996261e+23
1.0600254774956245e+23
1.0604405427943857e+23
1.0605043665730913e+23
1.0604251051983631e+23
1.0603715504234464e+23
1.0603877390544797e+23
1.0604342965783961e+23
1.0604804227684283e+23
1.0605086549799023e+23
1.0605086549799264e+23
1.0604804227684842e+23
1.0604342965784424e+23
1.0603877390544898e+23
1.0603715504234353e+23
1.0604251051983618e+23
1.0605043665731113e+23
1.0604405427944193e+23
1.0600254774956667e+23
1.0594978880996717e+23
1.061394480738045e+23
1.0686323150768606e+23
1.0725393453523812e+23
1.0508431614861056e+23
9.834818397656545e+22
8.481317921722764e+22
6.571941924406173e+22
5.056604491777512e+22
2.9123289970710965e+22
4.299703535296344e+22
2.5107892670959412e+22
1.2632639056672027e+22
2.975818009280304e+22
4.424164097195898e+22
6.0511500902748786e+22
7.089229170179316e+22
7.558558338149979e+22
7.695490189219175e+22
7.654300521864503e+22
7.595468898612483e+22
7.580680609000948e+22
7.585467629457586e+22
7.589440894693487e+22
7.590545321848172e+22
7.590378090460636e+22
7.590231634882284e+22
7.590465568159526e+22
7.590843034450642e+22
7.591184698399127e+22
7.591386995267924e+22
7.591386995268102e+22
7.591184698399511e+22
7.590843034450933e+22
7.590465568159561e+22
7.590231634882167e+22
7.590378090460612e+22
7.590545321848315e+22
7.589440894693692e+22
7.585467629457844e+22
7.580680609001255e+22
7.595468898612692e+22
7.654300521864495e+22
7.695490189219015e+22
7.558558338149746e+22
7.089229170178898e+22
6.05115009027442e+22
4.424164097195913e+22
2.9758180092814033e+22
1.2632639056690098e+22
2.510789267097334e+22
1.0018470333645115e+22
-1.642439499756995e+20
1.1735303802968466e+22
2.40089398538328e+22
3.645705243546632e+22
4.341166723605565e+22
4.60756716603906e+22
4.667301499300525e+22
4.625522906039059e+22
4.581635510666704e+22
4.572065185040172e+22
4.576823962163626e+22
4.580647509333609e+22
4.582028018832391e+22
4.582241549101411e+22
4.5822936569901685e+22
4.58249746318383e+22
4.582747964598487e+22
4.582962499817543e+22
4.58308776987307e+22
4.5830877698731815e+22
4.5829624998177825e+22
4.582747964598675e+22
4.582497463183859e+22
4.582293656990106e+22
4.582241549101394e+22
4.582028018832431e+22
4.580647509333659e+22
4.576823962163683e+22
4.572065185040263e+22
4.581635510666755e+22
4.62552290603901e+22
4.667301499300445e+22
4.607567166038977e+22
4.341166723605347e+22
3.645705243546331e+22
2.4008939853832868e+22
1.1735303802976263e+22
-1.64243949962924e+20
1.0018470333655632e+22
1.791190898620194e+20
-7.191093344909661e+21
-3.3888195168657107e+20
8.636352075594062e+21
1.690115869545691e+22
2.07464243657946e+22
2.1786269339353096e+22
2.1827185630446428e+22
2.1461760776274524e+22
2.1177898994990884e+22
2.1134175436054257e+22
2.1179582306353565e+22
2.121297589595935e+22
2.122650364786153e+22
2.123020663431277e+22
2.1231427215957126e+22
2.123275591024582e+22
2.1234071018397676e+22
2.1235169552413804e+22
2.1235818475430592e+22
2.123581847543118e+22
2.1235169552415146e+22
2.1234071018398812e+22
2.1232755910246136e+22
2.123142721595692e+22
2.1230206634312673e+22
2.1226503647861504e+22
2.1212975895959078e+22
2.1179582306353188e+22
2.1134175436054123e+22
2.1177898994990615e+22
2.146176077627397e+22
2.1827185630446117e+22
2.1786269339353084e+22
2.0746424365793713e+22
1.6901158695455102e+22
8.636352075593756e+21
-3.388819516823026e+20
-7.191093344902304e+21
1.7911908986813602e+20
-3.626859238761008e+21
-8.140793248837636e+21
-5.130798080659297e+21
3.116131733818292e+20
4.805889985088795e+21
6.321164625718402e+21
6.35168728464699e+21
6.119635741058589e+21
5.855692719514912e+21
5.707521539877224e+21
5.703711436197554e+21
5.742909445261958e+21
5.768453530728625e+21
5.779104837743795e+21
5.782505398698471e+21
5.78357714689306e+21
5.784211291640403e+21
5.784697476874107e+21
5.785109017711306e+21
5.785364311877326e+21
5.785364311877586e+21
5.785109017711877e+21
5.784697476874582e+21
5.784211291640521e+21
5.783577146892938e+21
5.782505398698355e+21
5.779104837743656e+21
5.768453530728317e+21
5.742909445261593e+21
5.703711436197313e+21
5.70752153987694e+21
5.855692719514557e+21
6.119635741058539e+21
6.351687284647253e+21
6.321164625718195e+21
4.805889985087798e+21
3.116131733813328e+20
-5.13079808065763e+21
-8.140793248834471e+21
-3.626859238758291e+21
-3.155239661213921e+21
-5.350658723914068e+21
-4.5095166797724396e+21
-1.9294991200232436e+21
-1.3290041161229348e+20
5.050993421408514e+19
-3.129482549627064e+20
-5.7103338419048e+20
-7.153244498771553e+20
-7.656433551829989e+20
-7.473160803853069e+20
-7.174708069214677e+20
-7.007393602753175e+20
-6.941252904983724e+20
-6.920697638282991e+20
-6.915520411159766e+20
-6.914135954695197e+20
-6.913620733682284e+20
-6.912963413241216e+20
-6.912430821301475e+20
-6.91243082130085e+20
-6.912963413239826e+20
-6.913620733681372e+20
-6.914135954695558e+20
-6.915520411160833e+20
-6.920697638283764e+20
-6.941252904984463e+20
-7.007393602754525e+20
-7.174708069216137e+20
-7.473160803853998e+20
-7.656433551830989e+20
-7.153244498772705e+20
-5.710333841904077e+20
-3.129482549624216e+20
5.050993421414094e+19
-1.3290041161275697e+20
-1.9294991200236895e+21
-4.509516679772085e+21
-5.350658723913078e+21
-3.155239661213076e+21
-1.3074400637157195e+21
-2.0616902221253991e+21
-2.0101050784144286e+21
-1.1503090435752295e+21
-7.772540393006267e+20
-1.0592008599360977e+21
-1.4007682589352224e+21
-1.5552182943209287e+21
-1.6001822518840585e+21
-1.5964993561705544e+21
-1.5726820308111862e+21
-1.5530803872762595e+21
-1.5438993020298335e+21
-1.5407850109456e+21
-1.540039901037851e+21
-1.5399992857872386e+21
-1.5400930213104e+21
-1.5401792935612808e+21
-1.5402208504597787e+21
-1.5402347567364437e+21
-1.54023475673645e+21
-1.540220850459801e+21
-1.5401792935613243e+21
-1.5400930213104593e+21
-1.5399992857872918e+21
-1.540039901037868e+21
-1.540785010945598e+21
-1.5438993020298487e+21
-1.5530803872762794e+21
-1.572682030811185e+21
-1.5964993561705594e+21
-1.6001822518840648e+21
-1.5552182943208492e+21
-1.4007682589350397e+21
-1.0592008599360088e+21
-7.772540393008109e+20
-1.1503090435755083e+21
-2.0101050784145017e+21
-2.061690222125258e+21
-1.3074400637156008e+21
-6.3639355010557436e+19
-1.8703708422261552e+20
-2.2894931037814492e+20
-8.365535668262668e+19
-1.7346227656453862e+20
-4.323778383491893e+20
-6.065464345779354e+20
-6.515627060897221e+20
-6.420260218340843e+20
-6.20915822390565e+20
-6.020706362432414e+20
-5.912241208674417e+20
-5.8708323900965356e+20
-5.860438452384459e+20
-5.859889736787936e+20
-5.8612740760438925e+20
-5.862454413869418e+20
-5.863175966362873e+20
-5.863541129222571e+20
-5.863704049801634e+20
-5.8637040498017724e+20
-5.863541129222903e+20
-5.863175966363254e+20
-5.862454413869683e+20
-5.8612740760439606e+20
-5.8598897367878035e+20
-5.860438452384252e+20
-5.870832390096373e+20
-5.912241208674292e+20
-6.020706362432286e+20
-6.209158223905582e+20
-6.420260218340806e+20
-6.515627060896907e+20
-6.065464345778688e+20
-4.3237783834915275e+20
-1.7346227656460603e+20
-8.36553566827582e+19
-2.2894931037824644e+20
-1.8703708422266205e+20
-6.363935501060605e+19
2.5378368795285943e+20
2.8310546603815187e+20
3.017790853363717e+20
2.8234891270145304e+20
1.781808339757395e+20
6.691723870936923e+19
2.432364909604121e+19
3.5127416430936154e+19
5.81330661066084e+19
7.617129546314778e+19
8.703002822731742e+19
9.195597477014924e+19
9.34645951012255e+19
9.367538584160721e+19
9.357468570597679e+19
9.346805228334052e+19
9.340928897332501e+19
9.338411307972085e+19
9.337395571267419e+19
9.336921888124504e+19
9.336921888123922e+19
9.337395571266083e+19
9.338411307970971e+19
9.34092889733218e+19
9.3468052283346e+19
9.357468570598865e+19
9.367538584162039e+19
9.346459510123633e+19
9.195597477015632e+19
8.703002822732033e+19
7.617129546314634e+19
5.8133066106603586e+19
3.512741643093455e+19
2.43236490960469e+19
6.69172387093704e+19
1.781808339757194e+20
2.823489127014144e+20
3.017790853363346e+20
2.8310546603812474e+20
2.537836879528278e+20
1.5665459900591958e+20
1.7503629943473114e+20
2.113728893103603e+20
1.9739729957137282e+20
1.6570325316083204e+20
1.4963102402519794e+20
1.5933256118628883e+20
1.7951533320472953e+20
1.959175658276519e+20
2.055881358146878e+20
2.1029303885879027e+20
2.1207220720321485e+20
2.125079577512954e+20
2.1252260170337396e+20
2.1247063029528465e+20
2.1243841213079785e+20
2.1242951125802343e+20
2.1243118908264212e+20
2.124342243304318e+20
2.1243555403553017e+20
2.1243555403552942e+20
2.124342243304304e+20
2.1243118908264238e+20
2.1242951125802575e+20
2.1243841213080165e+20
2.1247063029528845e+20
2.1252260170337727e+20
2.1250795775129738e+20
2.1207220720321515e+20
2.102930388587886e+20
2.0558813581468572e+20
1.959175658276482e+20
1.7951533320472465e+20
1.5933256118628414e+20
1.496310240251962e+20
1.6570325316083378e+20
1.9739729957137524e+20
2.1137288931036352e+20
1.750362994347327e+20
1.5665459900591748e+20
4.562058662113834e+19
4.184909496428226e+19
6.133619220842246e+19
6.302871641146559e+19
6.762421863555769e+19
7.936681877877488e+19
9.40569142543246e+19
1.0615377131087766e+20
1.1352645702612027e+20
1.1719263671804051e+20
1.1871850817927329e+20
1.1921021603529292e+20
1.1930945954203492e+20
1.19312169137048e+20
1.1930977370596177e+20
1.1931504005135712e+20
1.1932318706383585e+20
1.1932995274759533e+20
1.1933412024734769e+20
1.1933597880974356e+20
1.1933597880974406e+20
1.193341202473491e+20
1.1932995274759707e+20
1.1932318706383721e+20
1.193150400513581e+20
1.1930977370596203e+20
1.1931216913704744e+20
1.1930945954203348e+20
1.1921021603529143e+20
1.1871850817927255e+20
1.1719263671804053e+20
1.1352645702612037e+20
1.0615377131087723e+20
9.405691425432492e+19
7.936681877877853e+19
6.7624218635566465e+19
6.302871641147634e+19
6.1336192208432546e+19
4.184909496428882e+19
4.562058662114391e+19
5.426416011103075e+18
-2.719691997026275e+18
1.7654608593410138e+18
5.761454263273777e+18
1.4777854126399764e+19
2.4812135787801068e+19
3.2287424584841155e+19
3.6730757385066762e+19
3.898577609269535e+19
3.998278905756937e+19
4.034810594752639e+19
4.044951586487469e+19
4.047026278110116e+19
4.047836026348182e+19
4.048848066308596e+19
4.0498574820731855e+19
4.050553339645142e+19
4.050928227302839e+19
4.051116955342218e+19
4.0512027137249075e+19
4.051202713724953e+19
4.0511169553423204e+19
4.050928227302937e+19
4.0505533396451885e+19
4.049857482073188e+19
4.0488480663085605e+19
4.047836026348096e+19
4.047026278109991e+19
4.044951586487381e+19
4.034810594752672e+19
3.99827890575706e+19
3.8985776092696625e+19
3.673075738506812e+19
3.228742458484365e+19
2.4812135787805884e+19
1.4777854126406722e+19
5.761454263280439e+18
1.765460859345882e+18
-2.719691997023539e+18
5.426416011106365e+18
-6.54543221897532e+17
-5.449323899755948e+18
-5.905360296754446e+18
-3.79280912606044e+18
1.0845880916853405e+18
5.35972233336245e+18
7.654626618875444e+18
8.64276072686752e+18
9.076729963629522e+18
9.270631662638125e+18
9.340397021906487e+18
9.359750064521798e+18
9.366922774556221e+18
9.373107464168268e+18
9.379579976200327e+18
9.384712147283055e+18
9.387395379703808e+18
9.388350997113367e+18
9.38872076525814e+18
9.388924977963256e+18
9.388924977963497e+18
9.388720765258625e+18
9.388350997113725e+18
9.387395379703847e+18
9.384712147282946e+18
9.379579976200161e+18
9.373107464167883e+18
9.366922774555693e+18
9.359750064521578e+18
9.34039702190698e+18
9.270631662638963e+18
9.076729963630207e+18
8.64276072686825e+18
7.654626618876951e+18
5.359722333365097e+18
1.084588091688435e+18
-3.7928091260583096e+18
-5.905360296753712e+18
-5.449323899756045e+18
-6.545432218965705e+17
-3.254251522533732e+17
-2.0442220912217833e+18
-2.716009060461679e+18
-1.9186167067804751e+18
-1.720689893708319e+17
1.018730086178512e+18
1.3831246646035395e+18
1.428829924055081e+18
1.4571419560333768e+18
1.492058972931125e+18
1.510994690706446e+18
1.5185906515339766e+18
1.5225666593839867e+18
1.5252463660302615e+18
1.5273662629784494e+18
1.52874314984988e+18
1.5291603772258066e+18
1.5290828091013302e+18
1.5290081297006177e+18
1.5290164205429466e+18
1.529016420543025e+18
1.5290081297007708e+18
1.5290828091014134e+18
1.529160377225759e+18
1.5287431498497884e+18
1.5273662629783736e+18
1.5252463660301404e+18
1.5225666593838136e+18
1.518590651533952e+18
1.5109946907066757e+18
1.492058972931377e+18
1.4571419560334036e+18
1.428829924055054e+18
1.3831246646038426e+18
1.0187300861792534e+18
-1.7206898937006845e+17
-1.9186167067803103e+18
-2.716009060462158e+18
-2.0442220912223752e+18
-3.254251522532177e+17
-7.7719698309794e+16
-4.590606939805054e+17
-6.600962384368925e+17
-3.854836387291678e+17
7.451090702426666e+16
2.610924678353814e+17
2.1104344681217398e+17
1.47320767926222e+17
1.4026121733752755e+17
1.5512037406790678e+17
1.6536009457788157e+17
1.697852064454121e+17
1.7164692178805542e+17
1.7232032011192394e+17
1.7257602641860333e+17
1.7262235177966678e+17
1.724642680452827e+17
1.7227884931804384e+17
1.721985180415821e+17
1.7219047383985357e+17
1.7219047383987293e+17
1.721985180416173e+17
1.7227884931804787e+17
1.7246426804523872e+17
1.7262235177961184e+17
1.7257602641856634e+17
1.7232032011187994e+17
1.7164692178799248e+17
1.6978520644538134e+17
1.6536009457789962e+17
1.5512037406787485e+17
1.402612173373616e+17
1.4732076792599805e+17
2.1104344681204592e+17
2.6109246783540083e+17
7.451090702429451e+16
-3.8548363872934304e+17
-6.600962384372641e+17
-4.590606939808066e+17
-7.771969830976544e+16
-4.4174375120848e+16
-6.994694080872814e+16
-7.653686048287506e+16
1.1145943283820418e+16
9.302515707041877e+16
7.785420263755507e+16
2.1118912211961748e+16
-7160009474282363.0
-4564432017732514.0
4943184440469236.0
1.0295154926938616e+16
1.2253904098260304e+16
1.281032763506386e+16
1.2799112375140984e+16
1.2651183500478252e+16
1.2503414567652494e+16
1.2366788090666092e+16
1.2280979467973732e+16
1.225707659780403e+16
1.225982556043585e+16
1.2259825560437526e+16
1.225707659780344e+16
1.22809794679603e+16
1.2366788090639928e+16
1.2503414567628222e+16
1.2651183500462822e+16
1.2799112375121514e+16
1.2810327635029566e+16
1.225390409821973e+16
1.0295154926896682e+16
4943184440404201.0
-4564432017842574.0
-7160009474418864.0
2.1118912211845028e+16
7.785420263748757e+16
9.302515707037803e+16
1.1145943283745856e+16
-7.653686048298934e+16
-6.994694080878616e+16
-4.4174375120816264e+16
-2.378197061588904e+16
-7350801155925435.0
8980621061865235.0
3.1412297256533284e+16
3.4970767740099532e+16
1.367694629218314e+16
-6900396240056246.0
-1.1596855313584026e+16
-6829807583606365.0
-2064537191032762.8
29914593113703.574
592143947175473.9
631410966136893.1
515854718511758.75
398953139082548.3
319239768603613.7
270693695927822.75
252223455533227.97
254391683156010.88
260287757996938.34
260287757996132.72
254391683151849.5
252223455524006.25
270693695917089.5
319239768597483.6
398953139080376.06
515854718505909.25
631410966121498.2
592143947151795.8
29914593086900.695
-2064537191061237.5
-6829807583640241.0
-1.1596855313623356e+16
-6900396240092436.0
1.3676946292161964e+16
3.4970767740094412e+16
3.1412297256531656e+16
8980621061856776.0
-7350801155941746.0
-2.378197061586044e+16
-7219522022219588.0
-696239429021957.8
5479367680660644.0
8759297834208070.0
4908291813202551.0
-2646419529943445.5
-6483217561018393.0
-5202038752787232.0
-2348865435870048.5
-537776193593640.06
61076804835576.89
128030340038872.73
64407718082404.1
-8513710844864.121
-56567570666201.22
-79772574511861.67
-87264430141739.95
-84989018691653.4
-79119854442334.94
-75112562500505.39
-75112562500679.11
-79119854443787.0
-84989018694906.0
-87264430144133.5
-79772574510752.36
-56567570663106.98
-8513710842992.602
64407718081269.36
128030340034573.58
61076804830303.78
-537776193596959.7
-2348865435871541.0
-5202038752788461.0
-6483217561018819.0
-2646419529941644.0
4908291813205769.0
8759297834211570.0
5479367680663098.0
-696239429026264.2
-7219522022201038.0
-700238364772794.4
-198694640544195.44
406341322269136.0
-21361312110882.062
-1727754201255028.0
-3147788682691505.5
-2951986351125915.5
-1679227464357930.8
-528801642505653.0
13964276852890.67
131167089832160.28
102901324327096.47
58271847626340.08
27784173678127.055
13654210368159.543
10358265560178.982
12308241085110.393
16145820420216.928
19588893431092.918
21412512425277.45
21412512425384.434
19588893430664.94
16145820418916.238
12308241084943.172
10358265562678.066
13654210371829.213
27784173681647.26
58271847629791.57
102901324329984.67
131167089834481.12
13964276855665.525
-528801642502368.2
-1679227464354230.2
-2951986351121686.5
-3147788682688724.5
-1727754201257203.0
-21361312116423.504
406341322264385.7
-198694640553605.53
-700238364760563.1
487469295838661.0
-37710236961126.625
-440266728094414.2
-937105478112496.2
-1360948120156509.8
-1371316262163667.5
-925003202560589.1
-370501271775107.8
-10089235801552.523
122191745226220.75
132536511025810.78
111070005128588.38
92343681334998.72
82263057899504.62
79001575893754.89
79460546747754.56
81287032046034.12
83197478872179.11
84556635450312.66
85199686484388.48
85199686484511.14
84556635449896.3
83197478871007.64
81287032046210.98
79460546750268.58
79001575896642.56
82263057901514.77
92343681336940.86
111070005130698.22
132536511027710.52
122191745227982.48
-10089235800025.266
-370501271773388.75
-925003202558203.4
-1371316262162764.5
-1360948120160591.2
-937105478119657.2
-440266728100047.1
-37710236967844.96
487469295847780.3
329553599245142.0
60993945548318.95
-222658476268501.22
-420301285008479.9
-498646166029476.1
-401487178229753.4
-206350913395005.3
-33311583085471.816
60357592468037.73
87127858166357.14
84698889128992.22
76341740997054.06
70268931808379.85
67312617495725.87
66617053973107.85
67031539134612.34
67776327162561.86
68439733500827.91
68865991735420.65
69056045502705.75
69056045502912.54
68865991735160.96
68439733499848.336
67776327162830.2
67031539136821.95
66617053975036.46
67312617496183.516
70268931808532.086
76341740997679.33
84698889129746.45
87127858166940.47
60357592468317.44
-33311583084936.27
-206350913393568.5
-401487178228821.5
-498646166031463.3
-420301285012552.5
-222658476271045.94
60993945548400.39
329553599251495.3
111918151773551.23
-23058620530451.54
-81536527704749.06
-168665941813238.28
-179999142586473.62
-143666154532209.5
-89510203928448.89
-46514048727838.26
-28087264104695.16
-23364311148502.312
-25213252330617.62
-27661197493728.094
-29477655140585.125
-30304941009160.055
-30505235076433.977
-30369804684742.453
-30143496708231.383
-29952357603964.3
-29835126571341.543
-29785548479777.977
-29785548479560.74
-29835126571454.57
-29952357604732.08
-30143496708108.707
-30369804683311.99
-30505235075479.72
-30304941009470.066
-29477655140941.49
-27661197493404.582
-25213252330116.49
-23364311148331.445
-28087264104894.805
-46514048727795.81
-89510203927544.89
-143666154531078.66
-179999142586541.2
-168665941814321.53
-81536527705197.72
-23058620530411.24
111918151776968.1
13137566383362.152
10541149989662.5
-62979643467466.76
-78242643893406.75
-81624731110677.72
-68807586721625.08
-52928775360358.53
-46073717743551.91
-42856920653981.96
-43806996239357.33
-44634698172198.27
-45589808940890.984
-46104741806985.33
-46372350970062.914
-46412453238782.59
-46358624266027.04
-46289482269289.1
-46236105802339.44
-46207550732546.37
-46195257507238.96
-46195257507058.26
-46207550732610.305
-46236105802984.555
-46289482269531.04
-46358624265558.625
-46412453238699.6
-46372350970697.5
-46104741807383.73
-45589808940637.18
-44634698171833.57
-43806996239349.24
-42856920654316.01
-46073717743781.39
-52928775360000.99
-68807586720873.68
-81624731110250.81
-78242643893434.0
-62979643467479.08
10541149989443.078
13137566384576.441
4462937604595.294
-1728246758680.235
-36592627804558.76
-48657514704634.11
-44089367163538.625
-32664618667687.293
-22828395448993.277
-19856975106396.895
-20118461417046.016
-21487431332024.15
-22295902847264.406
-22727810886454.613
-22871795721871.438
-22885359218855.594
-22841867028489.633
-22792996025643.496
-22762910404318.9
-22747995785552.04
-22742167664529.44
-22739863030814.04
-22739863030708.094
-22742167664600.6
-22747995786072.574
-22762910404771.684
-22792996025812.69
-22841867028889.605
-22885359219553.04
-22871795722280.8
-22727810886402.477
-22295902847140.656
-21487431332104.76
-20118461417314.03
-19856975106652.32
-22828395448981.4
-32664618667413.504
-44089367163271.945
-48657514704648.44
-36592627804661.805
-1728246758324.754
4462937604721.262
33580391214295.25
-38864640735867.375
7714341445321.799
-19759542634702.902
-19294443365750.098
-5262436778219.585
960872727837.845
6286115595718.706
4636532785627.364
4518390055545.839
3590996232034.6943
3544740789316.0195
3503731404860.869
3584265548857.7134
3653395078113.651
3680696067018.5776
3696603339281.119
3696260998552.1196
3698411903887.934
3697838034165.3276
3697838034210.217
3698411903814.423
3696260998205.1567
3696603338856.867
3680696066645.3506
3653395077647.3755
3584265548314.811
3503731404506.1567
3544740789197.58
3590996231967.546
4518390055448.651
4636532785494.69
6286115595561.272
960872727763.1267
-5262436778159.045
-19294443365643.34
-19759542634664.883
7714341445204.649
-38864640736062.75
33580391214129.543
42030060722062.414
45002812488872.85
49120550474297.88
1895357475902.885
13940940381952.691
-1894728753993.5657
3724850686858.9814
2850827983539.8315
4073217474778.1963
3132197621301.526
3183296125848.2114
3040219325396.5195
3073395539411.037
3144707654576.9697
3148101106487.2715
3171840650559.528
3163344376702.077
3164138936723.013
3160786982554.2256
3162118416665.5225
3162118416676.4565
3160786982502.9517
3164138936532.0884
3163344376420.892
3171840650240.8667
3148101106141.4004
3144707654257.6597
3073395539173.235
3040219325233.312
3183296125734.3965
3132197621232.8228
4073217474746.2393
2850827983504.702
3724850686838.7964
-1894728753982.2053
13940940382008.684
1895357475943.0908
49120550474282.75
45002812488813.49
42030060721968.94
-5459618570521.619
23723914035509.906
-21892097504069.473
-13374418880048.768
-27490372385513.61
-36777924839818.8
-43193271707107.14
-46209137090481.55
-46433719411215.78
-46491749561495.88
-46360500473413.14
-46342997138923.164
-46281833911939.39
-46264186293234.58
-46255100152082.74
-46259225917760.88
-46264707744209.61
-46267687680611.414
-46268879104849.83
-46268783696137.34
-46268783696132.414
-46268879104864.51
-46267687680687.68
-46264707744345.91
-46259225917928.31
-46255100152256.33
-46264186293381.15
-46281833912047.96
-46342997139015.48
-46360500473489.93
-46491749561524.336
-46433719411194.73
-46209137090454.78
-43193271707093.62
-36777924839806.08
-27490372385486.59
-13374418880009.25
-21892097504024.836
23723914035547.234
-5459618570488.221
-80113559995006.34
203823854604326.7
-210877247325973.75
27955289888934.727
-74072698640004.05
-33064488555975.54
-59773570570666.0
-59518999890651.13
-62641416301261.87
-61186197492022.984
-61378289943634.21
-61266440861467.0
-61099414329555.875
-61220848410306.63
-61144681797273.22
-61186676684878.38
-61172570835390.58
-61182258213524.336
-61177710888482.06
-61180174704328.875
-61180174704322.875
-61177710888481.63
-61182258213519.1
-61172570835435.54
-61186676684929.805
-61144681797342.58
-61220848410341.34
-61099414329584.37
-61266440861481.62
-61378289943667.22
-61186197492013.2
-62641416301224.33
-59518999890623.414
-59773570570619.31
-33064488555978.945
-74072698640006.62
27955289888939.11
-210877247325920.5
203823854604377.88
-80113559994931.98
-107651651181357.58
-136740531160622.08
-115926891174542.39
-83941946070685.45
-73316611120584.97
-82758176216693.23
-93458683658772.27
-97986319484394.6
-98398183507463.86
-97841069038764.95
-97549294828976.88
-97481773951612.39
-97477492471236.12
-97477679575482.28
-97478458818978.34
-97479020425083.95
-97480374826314.61
-97481632281403.6
-97482494534217.2
-97482951947268.08
-97482951947265.72
-97482494534205.62
-97481632281385.0
-97480374826306.22
-97479020425090.64
-97478458818982.94
-97477679575474.14
-97477492471226.56
-97481773951612.83
-97549294828980.83
-97841069038759.28
-98398183507446.31
-97986319484373.67
-93458683658756.89
-82758176216688.5
-73316611120586.73
-83941946070675.7
-115926891174504.38
-136740531160564.86
-107651651181310.67
