1600
877758305.1969229
1612445974.568062
2179339608.9114714
2329718015.386502
2318834258.394576
2282591992.3031135
2266678259.1706448
2275007947.5937486
2277377397.145818
2278828186.7939577
2278259909.8776484
2278031321.1470385
2278021241.9028306
2278045031.0183353
2278055154.7240176
2278056174.3778777
2278055352.7752275
2278054884.148818
2278054753.309926
2278054729.9528174
2278054729.9528146
2278054753.309924
2278054884.1488185
2278055352.775231
2278056174.3778796
2278055154.724013
2278045031.0183215
2278021241.9028196
2278031321.147039
2278259909.877663
2278828186.7939734
2277377397.1458354
2275007947.59375
2266678259.170632
2282591992.303114
2318834258.3945966
2329718015.3865314
2179339608.9114833
1612445974.568054
877758305.1969033
778413450.1334933
-9137456.083716702
384777105.9598656
473811418.04666907
486396621.28796375
476977547.5639061
453188474.745042
465521818.6117646
466285085.46310973
467315378.4671482
466865469.41040343
466704635.83450925
466709049.27775806
466729696.7002637
466736985.5753689
466737455.46929854
466736766.97245264
466736404.2259215
466736304.8350321
466736287.5381821
466736287.5381829
466736304.835028
466736404.2259412
466736766.97243243
466737455.4692822
466736985.57537365
466729696.70025015
466709049.2777709
466704635.8345037
466865469.41038704
467315378.4671606
466285085.46313304
465521818.6117126
453188474.7450578
476977547.5639991
486396621.287888
473811418.0466704
384777105.95986015
-9137456.083681704
778413450.1334825
241920287.80783924
273449451.03917223
440070333.7635307
421082422.5017709
380401463.82505494
351457508.4634663
346027977.022747
350976694.2062013
353138430.1686729
353393658.4922179
353176466.5349589
353114714.1637957
353128120.0040869
353139575.7322092
353142148.2427848
353141878.9806943
353141435.2756084
353141248.4386517
353141201.89968646
353141194.77546644
353141194.77546644
353141201.8996874
353141248.43865395
353141435.2756066
353141878.9806906
353142148.2427805
353139575.73220265
353128120.00408363
353114714.1637956
353176466.53496003
353393658.4922222
353138430.1686786
350976694.20619977
346027977.02274567
351457508.4634731
380401463.82505614
421082422.50178003
440070333.7635324
273449451.03917307
241920287.807836
-204129325.22346562
-134121826.50848232
-283149432.5394759
-343277598.6355182
-392885825.74869585
-405625587.6514314
-402703235.27515465
-403226197.2407392
-402197849.646124
-402368889.53488636
-402398485.3964164
-402392182.7665
-402386013.0995049
-402386797.43177557
-402388367.33930486
-402388912.7767022
-402388979.414798
-402388964.5983335
-402388954.5800549
-402388951.43717796
-402388951.4371771
-402388954.5800513
-402388964.5983348
-402388979.41479504
-402388912.77670133
-402388367.3393068
-402386797.4317715
-402386013.0995051
-402392182.7664982
-402398485.39641225
-402368889.5348873
-402197849.6461276
-403226197.2407328
-402703235.27515346
-405625587.651443
-392885825.7486821
-343277598.63552046
-283149432.53947574
-134121826.5084847
-204129325.223462
-312036132.1468448
-426140041.89926296
-614999358.7354757
-663773745.3397752
-671832938.182319
-664643273.3036888
-661489064.4764965
-663616036.8120571
-664036369.2852478
-664106842.5655602
-663976416.0665897
-663936389.0647088
-663943491.1169728
-663953441.9270421
-663957159.9912337
-663957527.7023952
-663957219.2472634
-663957036.8017918
-663956982.878607
-663956972.4272107
-663956972.4272103
-663956982.8786045
-663957036.8017896
-663957219.2472594
-663957527.7023916
-663957159.9912286
-663953441.9270319
-663943491.1169661
-663936389.0647042
-663976416.0665876
-664106842.5655625
-664036369.2852528
-663616036.8120552
-661489064.476494
-664643273.3036928
-671832938.1823171
-663773745.3397819
-614999358.7354776
-426140041.89926267
-312036132.1468378
-265621474.5990289
-467789442.8609
-605450548.9103485
-620594883.7893196
-589429400.6503179
-569016599.0041314
-566418121.5025004
-568974900.9507102
-570039939.1314377
-569905820.6456505
-569681503.3467203
-569631267.0088037
-569646383.5351402
-569659993.9034755
-569664244.7742894
-569664326.8452817
-569663748.1344166
-569663451.7394325
-569663368.6328931
-569663353.5119933
-569663353.511993
-569663368.6328927
-569663451.7394332
-569663748.1344173
-569664326.8452802
-569664244.7742851
-569659993.9034694
-569646383.5351347
-569631267.0088034
-569681503.3467245
-569905820.6456577
-570039939.1314442
-568974900.95071
-566418121.5024945
-569016599.004128
-589429400.6503235
-620594883.78933
-605450548.9103521
-467789442.8608972
-265621474.59902105
-243427944.78947684
-458686783.2224053
-577375389.8503026
-575795595.0503832
-530266627.7980598
-505230346.18850803
-502801537.2854936
-505786099.52596116
-507113945.2232487
-506978530.0137334
-506742900.0695072
-506689236.56393427
-506703576.5801033
-506717113.0540963
-506721393.23584425
-506721330.46690476
-506720596.151116
-506720228.26439077
-506720125.9945263
-506720107.6088677
-506720107.60886854
-506720125.99452865
-506720228.26439464
-506720596.1511212
-506721330.46690774
-506721393.2358443
-506717113.054096
-506703576.5801044
-506689236.56394005
-506742900.069517
-506978530.0137433
-507113945.22325486
-505786099.5259614
-502801537.2854863
-505230346.1885023
-530266627.79806745
-575795595.0503944
-577375389.8503069
-458686783.2224027
-243427944.78946847
-259386388.0856386
-478156515.12627083
-603901979.0895615
-602310324.474487
-555962504.1254492
-530603397.61413103
-528513664.08429956
-532119629.6234802
-533787690.23688596
-533784973.6777392
-533562635.73022044
-533496966.84355044
-533504495.4230086
-533516833.1979887
-533521250.0756916
-533521191.71314317
-533520380.39873564
-533519970.33177894
-533519856.12969476
-533519835.5603775
-533519835.5603781
-533519856.1296974
-533519970.3317839
-533520380.3987407
-533521191.7131473
-533521250.07569295
-533516833.1979894
-533504495.4230101
-533496966.8435564
-533562635.73022884
-533784973.6777474
-533787690.23689145
-532119629.62347895
-528513664.0842919
-530603397.6141259
-555962504.1254579
-602310324.4744984
-603901979.0895662
-478156515.1262685
-259386388.08562937
-274730799.53671587
-494542211.5489084
-626966020.7560385
-628510288.2038682
-584238591.7332039
-559805345.993312
-558231348.8044884
-562309139.0230745
-564221456.7754728
-564299377.8612221
-564068898.0756491
-563985306.8554758
-563985865.4600093
-563997402.5880908
-564002054.7237227
-564002050.3666704
-564001209.9928421
-564000781.4687614
-564000662.0890617
-564000640.5636855
-564000640.5636849
-564000662.0890632
-564000781.4687641
-564001209.992845
-564002050.3666729
-564002054.723722
-563997402.5880889
-563985865.4600077
-563985306.8554777
-564068898.0756538
-564299377.8612283
-564221456.775476
-562309139.0230733
-558231348.8044815
-559805345.9933082
-584238591.7332119
-628510288.2038798
-626966020.7560431
-494542211.54890615
-274730799.53670645
-271362162.087045
-481695052.7206038
-610733354.975812
-613067986.2512484
-571384940.3818163
-548512902.4961206
-547344925.0494229
-551446236.892223
-553334068.9094056
-553397468.7215049
-553150453.0473069
-553056178.8088124
-553053393.2629665
-553064617.7685753
-553069355.8928334
-553069376.3897244
-553068541.6956052
-553068116.6881391
-553067998.7012146
-553067977.4699496
-553067977.4699492
-553067998.7012137
-553068116.6881382
-553068541.6956054
-553069376.389724
-553069355.8928298
-553064617.7685701
-553053393.2629614
-553056178.8088105
-553150453.0473094
-553397468.7215093
-553334068.9094099
-551446236.8922228
-547344925.0494173
-548512902.4961176
-571384940.3818245
-613067986.2512585
-610733354.9758158
-481695052.72060126
-271362162.08703613
-249852548.37472713
-438628508.73294353
-555208613.8039694
-556638149.4445434
-518825437.07253945
-498405014.2335216
-497534592.9746647
-501262667.7555277
-502921322.55317795
-502936076.3061395
-502691302.69827414
-502599734.21458066
-502596949.85330236
-502607726.51010954
-502612218.93352634
-502612208.7339276
-502611410.2894592
-502611009.0245448
-502610898.399938
-502610878.5775857
-502610878.5775852
-502610898.39993685
-502611009.02454406
-502611410.2894589
-502612208.7339265
-502612218.9335232
-502607726.51010424
-502596949.8532978
-502599734.2145798
-502691302.6982769
-502936076.3061448
-502921322.5531822
-501262667.7555283
-497534592.9746598
-498405014.2335179
-518825437.07254577
-556638149.4445521
-555208613.803972
-438628508.7329416
-249852548.37471867
-214126958.82051867
-371448956.22718585
-468974942.9646854
-468851027.25437254
-436507834.0192051
-419496277.4271642
-418954684.008805
-422106645.6044372
-423452795.50935084
-423430991.0523425
-423213148.04125464
-423134619.34129167
-423133270.88711053
-423143024.0183946
-423146919.97306657
-423146831.29365194
-423146096.26897603
-423145735.8633803
-423145637.54624933
-423145620.03713787
-423145620.0371377
-423145637.5462484
-423145735.8633799
-423146096.26897573
-423146831.2936518
-423146919.9730648
-423143024.01839095
-423133270.8871073
-423134619.3412913
-423213148.041258
-423430991.0523473
-423452795.5093552
-422106645.60443807
-418954684.00880057
-419496277.4271615
-436507834.0192108
-468851027.2543805
-468974942.9646884
-371448956.2271843
-214126958.82051113
-168126307.48068938
-287558790.3913892
-361684018.151729
-359603567.36781996
-333766996.0671368
-320788272.1863997
-320647089.5953238
-323156825.0268308
-324173862.9612415
-324133831.1161538
-323958304.1727518
-323897725.83011556
-323897948.8826645
-323906105.49850935
-323909152.4733545
-323908958.9418509
-323908309.0062672
-323908001.946962
-323907919.44511354
-323907904.8783792
-323907904.8783789
-323907919.44511294
-323908001.9469618
-323908309.0062677
-323908958.9418516
-323909152.4733541
-323906105.4985073
-323897948.8826626
-323897725.83011574
-323958304.1727546
-324133831.11615807
-324173862.96124494
-323156825.02683115
-320647089.5953208
-320788272.1863981
-333766996.0671419
-359603567.367827
-361684018.1517317
-287558790.3913884
-168126307.48068342
-117996335.3492867
-198196174.4008099
-247683778.28160897
-243505948.17083108
-224318883.74337325
-215417878.81800592
-215668121.61687142
-217541178.3530452
-218245566.602541
-218199421.0336374
-218071119.66766393
-218029361.39956558
-218030825.23764244
-218037062.8634482
-218039154.8470129
-218038856.38322458
-218038306.0842945
-218038059.06357822
-218037994.09043142
-218037982.7554228
-218037982.75542286
-218037994.09043115
-218038059.0635783
-218038306.08429548
-218038856.38322532
-218039154.84701246
-218037062.86344668
-218030825.23764098
-218029361.39956543
-218071119.66766557
-218199421.03364
-218245566.60254315
-217541178.3530451
-215668121.6168691
-215417878.81800476
-224318883.74337727
-243505948.17083642
-247683778.2816111
-198196174.4008093
-117996335.34928234
-72171077.79610147
-117901894.27893534
-145471959.99690163
-139685653.99813634
-126474415.38348232
-121094868.96499275
-121611836.2095579
-122905041.79354002
-123342452.3219781
-123299201.20678551
-123215566.84113869
-123190707.56345169
-123192901.228569
-123197183.61000046
-123198365.50086401
-123197989.17712331
-123197545.46719791
-123197358.9671792
-123197311.30432606
-123197303.1246953
-123197303.12469535
-123197311.30432615
-123197358.96717942
-123197545.46719873
-123197989.17712404
-123198365.50086382
-123197183.60999943
-123192901.22856815
-123190707.56345169
-123215566.84113975
-123299201.20678695
-123342452.32197928
-122905041.79353978
-121611836.20955606
-121094868.9649919
-126474415.38348493
-139685653.99813992
-145471959.99690303
-117901894.2789348
-72171077.79609855
-38212324.033543624
-59119182.928806886
-70844489.9644456
-64597907.12352258
-56175575.62520057
-53366690.733575
-53962428.79951021
-54777003.35826368
-55016383.12726179
-54983477.75621942
-54936683.9794714
-54924742.24374735
-54927013.09076583
-54929534.84782042
-54929976.16945146
-54929570.26194
-54929232.57430283
-54929101.4419778
-54929069.15564171
-54929063.734474204
-54929063.73447421
-54929069.15564171
-54929101.44197804
-54929232.57430328
-54929570.261940435
-54929976.16945142
-54929534.84781986
-54927013.09076536
-54924742.2437475
-54936683.97947196
-54983477.75622017
-55016383.12726234
-54777003.35826342
-53962428.79950912
-53366690.733574495
-56175575.62520197
-64597907.12352443
-70844489.96444613
-59119182.92880643
-38212324.033541836
-18885300.98672774
-25988580.564506978
-29029670.58093999
-23620993.007112432
-18653113.66694158
-17408387.110761464
-17924887.924140308
-18390951.297307327
-18507431.47643622
-18488761.30564409
-18467839.759944264
-18463837.98999848
-18465540.283165574
-18466657.20518633
-18466600.173336927
-18466219.862585545
-18465980.28588004
-18465895.23816191
-18465875.242363006
-18465871.977626268
-18465871.97762624
-18465875.242362987
-18465895.23816195
-18465980.285880208
-18466219.86258572
-18466600.173336837
-18466657.20518608
-18465540.283165388
-18463837.989998538
-18467839.75994452
-18488761.305644367
-18507431.476436432
-18390951.297307204
-17924887.92413971
-17408387.11076116
-18653113.666942175
-23620993.007113203
-29029670.580940083
-25988580.564506643
-18885300.986726757
-11072086.747099489
-12946650.625141608
-12919207.70253686
-9110199.027374603
-6388009.031817252
-5925985.960855576
-6296806.885586871
-6545939.0986016
-6601278.964273999
-6595581.615700181
-6589267.381207644
-6588695.554950516
-6589454.609459524
-6589613.566992353
-6589307.946118127
-6588997.411975175
-6588841.364449373
-6588791.074282815
-6588779.87901195
-6588778.113520191
-6588778.113520179
-6588779.879011892
-6588791.074282764
-6588841.364449425
-6588997.41197524
-6589307.946118101
-6589613.5669922475
-6589454.609459462
-6588695.55495054
-6589267.381207698
-6595581.615700238
-6601278.964274069
-6545939.09860156
-6296806.885586625
-5925985.960855408
-6388009.031817437
-9110199.027374838
-12919207.702536793
-12946650.625141418
-11072086.747099005
-8836132.671900049
-9890593.068209495
-9620569.848405056
-7375384.7006979035
-5956636.7871196335
-5813492.123440905
-6053397.694322009
-6188848.716520357
-6220246.343383732
-6222311.024852942
-6221777.978817385
-6221733.40162019
-6221599.805303191
-6221254.189992222
-6220899.043092137
-6220678.670388509
-6220586.921162853
-6220560.176111988
-6220554.581987013
-6220553.735836137
-6220553.735836111
-6220554.581986956
-6220560.17611194
-6220586.921162855
-6220678.670388527
-6220899.043092121
-6221254.189992181
-6221599.805303169
-6221733.401620189
-6221777.978817364
-6222311.024852923
-6220246.343383749
-6188848.716520341
-6053397.6943219
-5813492.123440801
-5956636.7871196475
-7375384.700697937
-9620569.848404974
-9890593.068209417
-8836132.671899818
-7644739.819475571
-9013204.814040354
-9139071.905065736
-7948482.204695613
-7203944.464189116
-7166761.299423656
-7319643.995139962
-7401793.102074683
-7423881.299954079
-7427885.689438528
-7428108.915421146
-7427501.856981128
-7426846.215987629
-7426362.106570278
-7426073.740384477
-7425938.668214354
-7425890.823856173
-7425878.227541856
-7425875.768423941
-7425875.414149572
-7425875.414149557
-7425875.768423907
-7425878.2275418285
-7425890.823856174
-7425938.66821436
-7426073.740384461
-7426362.1065702615
-7426846.215987616
-7427501.856981131
-7428108.915421122
-7427885.689438504
-7423881.29995408
-7401793.102074676
-7319643.99513991
-7166761.299423592
-7203944.464189094
-7948482.204695596
-9139071.905065687
-9013204.814040324
-7644739.819475467
-5961226.489878749
-7403897.634032066
-7703664.173126315
-7063594.368038611
-6646765.109698782
-6640337.985848798
-6740742.967651506
-6794984.47470959
-6810357.491975699
-6812782.399357776
-6812113.008134952
-6811041.524524741
-6810286.547171755
-6809880.132558512
-6809694.7814863715
-6809623.902391535
-6809602.16824952
-6809597.001604662
-6809596.064905888
-6809595.937136189
-6809595.937136186
-6809596.0649058735
-6809597.001604652
-6809602.168249518
-6809623.902391537
-6809694.781486362
-6809880.132558496
-6810286.547171756
-6811041.524524739
-6812113.008134936
-6812782.399357765
-6810357.491975704
-6794984.474709595
-6740742.967651476
-6640337.985848763
-6646765.1096987575
-7063594.368038598
-7703664.173126289
-7403897.634032062
-5961226.489878699
-4048883.554311494
-5218471.215241574
-5462408.969605597
-5086459.837149102
-4841217.080980532
-4845055.242584274
-4911255.1380400015
-4946151.187560967
-4954990.199593171
-4955206.187063603
-4953871.490768914
-4952789.577079814
-4952199.842996285
-4951940.7944913125
-4951843.293805947
-4951811.807783804
-4951803.363678511
-4951801.54773884
-4951801.241904537
-4951801.202376097
-4951801.202376094
-4951801.2419045335
-4951801.547738837
-4951803.363678518
-4951811.8077838095
-4951843.293805944
-4951940.794491305
-4952199.842996283
-4952789.577079812
-4953871.490768903
-4955206.187063598
-4954990.199593175
-4946151.187560973
-4911255.138039988
-4845055.242584253
-4841217.080980522
-5086459.837149095
-5462408.969605588
-5218471.215241581
-4048883.554311474
-2412052.517601127
-3194654.0998474085
-3326621.906869315
-3097179.7363368175
-2957039.1241364055
-2965434.711382873
-3007079.511810296
-3027287.572903019
-3031053.9435145515
-3030017.6454708027
-3028683.90991507
-3027891.120179695
-3027534.179776438
-3027401.4793974943
-3027359.205160283
-3027347.5337906727
-3027344.775393536
-3027344.2314529316
-3027344.1443305574
-3027344.1333201276
-3027344.133320126
-3027344.1443305532
-3027344.23145293
-3027344.7753935386
-3027347.533790675
-3027359.2051602807
-3027401.479397491
-3027534.1797764366
-3027891.1201796927
-3028683.909915062
-3030017.6454708013
-3031053.943514558
-3027287.572903023
-3007079.511810293
-2965434.711382865
-2957039.1241364004
-3097179.7363368147
-3326621.9068693146
-3194654.099847413
-2412052.5176011217
-1244340.36069297
-1685586.4982113368
-1734083.834987469
-1600374.768164795
-1528019.2874661197
-1537631.1435482074
-1561826.1881625182
-1572052.8568800816
-1572975.4241159759
-1571752.6909710693
-1570806.815851093
-1570350.2982225912
-1570175.743487482
-1570120.2003407744
-1570105.1702131242
-1570101.6148606283
-1570100.856737737
-1570100.7103066624
-1570100.6856315979
-1570100.682228888
-1570100.6822288882
-1570100.6856315979
-1570100.7103066628
-1570100.8567377368
-1570101.6148606292
-1570105.1702131229
-1570120.2003407734
-1570175.7434874815
-1570350.2982225905
-1570806.8158510902
-1571752.6909710674
-1572975.4241159775
-1572052.8568800844
-1561826.1881625191
-1537631.1435482032
-1528019.287466118
-1600374.7681647935
-1734083.8349874693
-1685586.4982113389
-1244340.3606929684
-522784.6807589386
-724184.531773108
-727877.268109714
-656577.4358821374
-624565.7955064862
-633011.163447761
-645884.897707667
-650403.0912065554
-650259.1012383789
-649382.8716819223
-648860.2623878159
-648647.3023428073
-648577.4495623851
-648558.4384470641
-648554.0892594246
-648553.1892229337
-648552.9946617705
-648552.9498124277
-648552.9404613673
-648552.9389387583
-648552.9389387581
-648552.9404613675
-648552.9498124279
-648552.9946617704
-648553.1892229338
-648554.0892594245
-648558.4384470637
-648577.4495623853
-648647.3023428071
-648860.2623878153
-649382.871681922
-650259.1012383793
-650403.0912065568
-645884.8977076674
-633011.1634477596
-624565.7955064852
-656577.4358821368
-727877.2681097134
-724184.531773109
-522784.6807589387
-150344.65379668755
-215122.47008003335
-202084.81569433204
-167950.34826237216
-156750.8103845876
-162985.6610379945
-169327.10611757095
-171118.58521158804
-170822.5026105989
-170355.30381797164
-170123.4145738794
-170042.38379269172
-170019.50305804366
-170014.15588241603
-170013.0879840031
-170012.8596041528
-170012.79247486833
-170012.7718486539
-170012.76690589375
-170012.7660571161
-170012.76605711633
-170012.76690589375
-170012.7718486536
-170012.79247486824
-170012.85960415256
-170013.087984003
-170014.15588241618
-170019.50305804404
-170042.38379269186
-170123.4145738792
-170355.30381797143
-170822.5026105989
-171118.58521158827
-169327.1061175713
-162985.66103799405
-156750.8103845871
-167950.34826237196
-202084.81569433192
-215122.47008003338
-150344.65379668734
-8271.141112740723
-14977.980883372395
-1461.8301983165236
12661.030274045524
14925.41323184594
10889.39624786659
7925.981983111074
7235.693978700273
7407.739493706613
7601.057205737113
7683.783233865644
7708.813517000263
7715.035402540162
7716.388124023103
7716.688494911367
7716.783161215412
7716.819703583466
7716.8313694161125
7716.8340773381815
7716.834525391643
7716.834525391583
7716.83407733799
7716.831369415935
7716.819703583473
7716.783161215405
7716.68849491132
7716.388124023068
7715.035402540036
7708.813517000246
7683.783233865642
7601.057205736997
7407.739493706586
7235.69397870027
7925.981983111141
10889.396247866664
14925.413231846023
12661.030274045488
-1461.8301983165463
-14977.980883372275
-8271.14111274058
17120.894498115424
24047.69041296987
31816.159089984965
36265.718488455735
35617.750722593715
33274.625791278326
31921.866446552423
31628.41702408266
31683.775798046398
31744.850382194276
31768.208469719324
31774.58916481119
31776.19893200218
31776.64387492364
31776.793602059028
31776.85226549201
31776.87362080089
31776.879740862947
31776.881046999282
31776.88125085014
31776.881250850147
31776.88104699931
31776.87974086291
31776.873620800823
31776.852265491947
31776.793602058948
31776.64387492364
31776.198932002157
31774.589164811114
31768.208469719295
31744.850382194272
31683.775798046376
31628.41702408272
31921.86644655257
33274.62579127823
35617.75072259352
36265.71848845562
31816.15908998494
24047.690412969976
17120.894498115635
6759.492228188651
11235.616759310366
13670.561124500773
14183.145279733537
13103.891962476813
11867.848513236511
11252.645333644472
11107.904593131787
11110.919634495918
11124.528001125482
11129.812628262365
11131.437368958872
11132.032373469972
11132.274069815163
11132.368680346397
11132.402962548145
11132.413757981192
11132.416500720577
11132.417038291807
11132.417117423793
11132.417117423813
11132.4170382918
11132.416500720557
11132.413757981161
11132.402962548114
11132.368680346395
11132.27406981518
11132.032373469976
11131.437368958852
11129.812628262336
11124.528001125469
11110.919634495933
11107.904593131823
11252.645333644536
11867.84851323652
13103.891962476728
14183.145279733437
13670.561124500766
11235.616759310404
6759.492228188786
-2256.2495049157287
-1482.7813590088624
-1632.0244257137877
-2186.6538678716624
-2950.9649828768675
-3545.4159422378693
-3822.3713297704326
-3896.848650791525
-3904.928849386106
-3903.0949840241983
-3901.7680237881123
-3901.090587261741
-3900.7507117787923
-3900.6052883189345
-3900.5527197600563
-3900.5360654827887
-3900.531482529742
-3900.530436686632
-3900.5302470900124
-3900.5302206800634
-3900.5302206800634
-3900.5302470899987
-3900.5304366866267
-3900.531482529765
-3900.5360654827905
-3900.5527197600522
-3900.605288318928
-3900.7507117787786
-3901.0905872617464
-3901.7680237881136
-3903.0949840242088
-3904.928849386115
-3896.8486507914963
-3822.3713297703807
-3545.4159422378425
-2950.9649828768634
-2186.6538678716993
-1632.0244257137872
-1482.781359008835
-2256.249504915665
-3803.455020240839
-4362.4082551200745
-5007.786148340665
-5511.278338593038
-5905.203325241421
-6163.753356113258
-6282.967835253951
-6317.865844420066
-6323.10794818304
-6322.640141965777
-6321.917514823483
-6321.493087567022
-6321.294439734274
-6321.218783488509
-6321.194594615909
-6321.187840608638
-6321.186187599296
-6321.185844733689
-6321.185786894033
-6321.185779249026
-6321.185779249021
-6321.185786894022
-6321.185844733671
-6321.186187599306
-6321.187840608638
-6321.194594615904
-6321.2187834885035
-6321.294439734275
-6321.4930875670225
-6321.917514823474
-6322.64014196577
-6323.107948183039
-6317.8658444200555
-6282.96783525392
-6163.753356113218
-5905.203325241402
-5511.278338593031
-5007.786148340646
-4362.40825512006
-3803.4550202408122
-2243.8774858877614
-2743.178846088225
-3142.3386975073954
-3388.7667071811675
-3549.2934135132778
-3649.8653730800206
-3696.734956831413
-3710.3054984908376
-3711.8168320949235
-3711.1561321263275
-3710.6300457878465
-3710.3780043329944
-3710.2786050513914
-3710.2456213440955
-3710.2362630682646
-3710.23393048164
-3710.233416389707
-3710.23331872012
-3710.233303330201
-3710.233301396942
-3710.2333013969414
-3710.2333033301966
-3710.233318720119
-3710.2334163897103
-3710.2339304816437
-3710.236263068261
-3710.245621344093
-3710.278605051393
-3710.3780043329975
-3710.630045787839
-3711.156132126323
-3711.8168320949176
-3710.3054984908313
-3696.7349568313984
-3649.8653730800065
-3549.2934135132623
-3388.766707181159
-3142.3386975073868
-2743.178846088218
-2243.87748588775
-847.9242782021147
-1060.386889470011
-1210.058333441377
-1294.3908131886337
-1348.2065284500527
-1383.0391320742099
-1399.1255124881154
-1403.0754837232032
-1402.8914432267645
-1402.2869904873382
-1401.9663520178658
-1401.841098065338
-1401.7991168333783
-1401.7868823022745
-1401.7837758391863
-1401.7830780893096
-1401.7829385341065
-1401.7829141440081
-1401.7829105479727
-1401.7829101184698
-1401.7829101184689
-1401.7829105479732
-1401.782914144007
-1401.7829385341054
-1401.783078089309
-1401.7837758391856
-1401.7868823022718
-1401.7991168333788
-1401.8410980653352
-1401.9663520178608
-1402.2869904873348
-1402.891443226764
-1403.0754837232014
-1399.125512488109
-1383.0391320742026
-1348.2065284500472
-1294.3908131886287
-1210.058333441375
-1060.3868894700086
-847.9242782021134
-229.7282881592415
-289.03111127756534
-327.9847579830322
-349.8725435432798
-365.48281932783163
-376.1848700671283
-380.71757356130684
-381.30094043745197
-380.8094106083162
-380.43363059165307
-380.27571756073075
-380.22335944325914
-380.2081502938903
-380.20422009602015
-380.2033209711018
-380.20313781883254
-380.2031044200528
-380.2030990397532
-380.2030982974164
-380.20309821316204
-380.20309821316187
-380.2030982974166
-380.2030990397535
-380.20310442005314
-380.2031378188327
-380.20332097110173
-380.2042200960202
-380.20815029389126
-380.2233594432595
-380.27571756072973
-380.4336305916521
-380.80941060831685
-381.30094043745254
-380.7175735613063
-376.18487006712644
-365.4828193278297
-349.8725435432797
-327.9847579830317
-289.0311112775657
-229.72828815924166
-46.514760139329326
-58.00565065688857
-65.32670595691623
-70.04786394293438
-74.19132265327161
-77.02143167556487
-77.91166172735437
-77.715017766542
-77.37743006300181
-77.1969461878281
-77.13219099639731
-77.11341173336197
-77.10860704146535
-77.10749763636987
-77.10726780863106
-77.10722515733546
-77.10721804464106
-77.10721698787903
-77.10721685154763
-77.10721683685264
-77.10721683685263
-77.10721685154766
-77.10721698787906
-77.1072180446411
-77.10722515733556
-77.10726780863114
-77.10749763636997
-77.10860704146555
-77.11341173336207
-77.13219099639711
-77.19694618782788
-77.37743006300215
-77.71501776654263
-77.91166172735475
-77.02143167556494
-74.19132265327164
-70.04786394293478
-65.3267059569168
-58.005650656889074
-46.51476013932965
-7.163377227103552
-8.71619138310172
-9.789510948201077
-10.785545916594186
-11.800628583003228
-12.376327051712655
-12.393374715642617
-12.18645582295505
-12.025315939370635
-11.954122757404125
-11.931460251919784
-11.92558777547166
-11.924246728779309
-11.923968149365866
-11.92391565382502
-11.923906740950985
-11.923905377532444
-11.923905190456507
-11.923905167848218
-11.92390516551738
-11.923905165517384
-11.92390516784822
-11.92390519045652
-11.923905377532448
-11.92390674095099
-11.923915653824999
-11.923968149365887
-11.924246728779368
-11.925587775471701
-11.931460251919775
-11.954122757404155
-12.025315939370802
-12.186455822955304
-12.393374715642874
-12.376327051712886
-11.800628583003459
-10.785545916594474
-9.78951094820136
-8.716191383101902
-7.163377227103642
-0.8381896483563658
-1.02218232570448
-1.2066326615277405
-1.4433388177778717
-1.6521948690330068
-1.703448606764073
-1.6190447443132465
-1.5151791750568822
-1.4539633191466765
-1.4301784928716148
-1.4233007659914736
-1.4216812276273294
-1.421346893016453
-1.421283905403829
-1.421273044342869
-1.4212713468803784
-1.421271107010527
-1.4212710762816294
-1.4212710727124453
-1.4212710723380084
-1.421271072338008
-1.421271072712448
-1.4212710762816272
-1.42127110701052
-1.4212713468803644
-1.4212730443428474
-1.4212839054038129
-1.4213468930164492
-1.4216812276273278
-1.4233007659914667
-1.4301784928716104
-1.4539633191467034
-1.5151791750569408
-1.6190447443133205
-1.7034486067641599
-1.6521948690330939
-1.4433388177779543
-1.206632661527804
-1.0221823257045062
-0.8381896483563523
-0.07061799055417785
-0.12435069679230569
-0.18417833542537035
-0.24317821191227312
-0.2695640716680216
-0.246304305516367
-0.1985839827413176
-0.1599856126803553
-0.14058644864849473
-0.13374118554669703
-0.13191175769060454
-0.13151414105594222
-0.13143883376877755
-0.13142581282157803
-0.1314237386119129
-0.13142343723007927
-0.13142339724744215
-0.1314233922714506
-0.13142339165708766
-0.13142339157768293
-0.13142339157768343
-0.13142339165708858
-0.13142339227145014
-0.13142339724743973
-0.13142343723007355
-0.1314237386119044
-0.1314258128215692
-0.13143883376877075
-0.1315141410559368
-0.13191175769059724
-0.1337411855466873
-0.14058644864848366
-0.15998561268034553
-0.19858398274131236
-0.24630430551636676
-0.2695640716680208
-0.24317821191226752
-0.18417833542535744
-0.12435069679228539
-0.07061799055415291
-0.00273382526061409
-0.02839199721176791
-0.050976164159407825
-0.06404190961186194
-0.06148093798135082
-0.04607607219356599
-0.02858269879341131
-0.0169578725995448
-0.011717016558876024
-0.010001997870784709
-0.009571774525344023
-0.009483908625907176
-0.00946830921040246
-0.009465781600275612
-0.009465404736201192
-0.009465354118395651
-0.009465348082858482
-0.009465347423278495
-0.009465347347063991
-0.00946534733568388
-0.009465347335684151
-0.009465347347064466
-0.009465347423278793
-0.009465348082858491
-0.009465354118395216
-0.009465404736199947
-0.00946578160027356
-0.009468309210400051
-0.00948390862590441
-0.009571774525339832
-0.010001997870777341
-0.01171701655886446
-0.016957872599529897
-0.02858269879339535
-0.046076072193550345
-0.061480937981334687
-0.0640419096118447
-0.05097616415938994
-0.028391997211751178
-0.002733825260600287
0.0005127446036240394
-0.009186831258797084
-0.01635052993951049
-0.01864557056799978
-0.01578772389424401
-0.010222417071682524
-0.005196349927818521
-0.002245828132960714
-0.001020837085175337
-0.000643777552843461
-0.0005537184184839568
-0.0005360294352775164
-0.0005329702581982114
-0.0005324837975027862
-0.0005324156381475066
-0.0005324090984246327
-0.0005324094297919147
-0.0005324098216743108
-0.0005324099508158011
-0.000532409980694146
-0.0005324099806941899
-0.0005324099508159032
-0.0005324098216744542
-0.0005324094297921387
-0.0005324090984249164
-0.0005324156381476746
-0.0005324837975026262
-0.0005329702581976245
-0.0005360294352763948
-0.0005537184184818914
-0.0006437775528397327
-0.0010208370851694046
-0.0022458281329527266
-0.005196349927809221
-0.010222417071672658
-0.015787723894233954
-0.018645570567989822
-0.016350529939501358
-0.009186831258789581
0.000512744603629319
