400
-0.026889961791463413
-0.024228177469534408
-0.026539442674202184
-0.02187561996093995
-0.018087094930291724
-0.01672168477707898
-0.01648205981913664
-0.01631777668413653
-0.01624893738251969
-0.01623003277312439
-0.016230032773124355
-0.016248937382519646
-0.016317776684136545
-0.01648205981913669
-0.01672168477707902
-0.018087094930291654
-0.021875619960939834
-0.026539442674202274
-0.024228177469534512
-0.02688996179146359
-0.021095485318042815
-0.025398446526829932
-0.027178082563402706
-0.02349072219633199
-0.019196168834357194
-0.01696217328619716
-0.01627502590404426
-0.016053986446039205
-0.01592072452598511
-0.015832240106177797
-0.015832240106177762
-0.01592072452598503
-0.01605398644603918
-0.016275025904044296
-0.016962173286197212
-0.019196168834357125
-0.023490722196331873
-0.02717808256340272
-0.0253984465268299
-0.021095485318043106
-0.02762936863212099
-0.03071525030453762
-0.03288914706520339
-0.029633777806091745
-0.025114140873059593
-0.02252914470831059
-0.021678834708813148
-0.02142693775844353
-0.021258237310302
-0.021143270372315354
-0.021143270372315316
-0.021258237310301905
-0.021426937758443506
-0.02167883470881321
-0.022529144708310644
-0.025114140873059528
-0.029633777806091634
-0.03288914706520338
-0.030715250304537554
-0.02762936863212136
-0.023705531659141785
-0.02737247007969406
-0.029473395704941403
-0.02671255544411227
-0.02272422347135995
-0.020494754069173025
-0.019831796955134085
-0.019674454773690224
-0.019558143595142526
-0.01946948440216839
-0.019469484402168356
-0.01955814359514246
-0.019674454773690203
-0.01983179695513415
-0.02049475406917309
-0.02272422347135991
-0.026712555444112183
-0.029473395704941396
-0.027372470079694
-0.023705531659142104
-0.014718114082398861
-0.018927256203993638
-0.020576943150741638
-0.01830041449054682
-0.015311466949961728
-0.013819972871211443
-0.013508773503661252
-0.013512166468861962
-0.013491034164788751
-0.013454563688291352
-0.013454563688291326
-0.013491034164788696
-0.013512166468861941
-0.013508773503661302
-0.013819972871211488
-0.015311466949961706
-0.018300414490546785
-0.020576943150741652
-0.018927256203993624
-0.014718114082399031
-0.00899321744385001
-0.012529604771934244
-0.013514366923952218
-0.01172845302862603
-0.00971643314460566
-0.00887235465681303
-0.008815166782367417
-0.008912478203019535
-0.008949814092356484
-0.008949152714440026
-0.00894915271444001
-0.008949814092356448
-0.008912478203019518
-0.008815166782367441
-0.008872354656813054
-0.009716433144605643
-0.01172845302862601
-0.013514366923952236
-0.012529604771934256
-0.008993217443850086
-0.006852699465492212
-0.009379848309159
-0.009894798208719925
-0.008599720742576589
-0.007328428723066779
-0.006892436001846785
-0.006942968047429597
-0.007053110787394294
-0.007101465105069451
-0.007112578138167974
-0.007112578138167968
-0.007101465105069431
-0.0070531107873942804
-0.006942968047429599
-0.00689243600184679
-0.007328428723066768
-0.008599720742576578
-0.009894798208719937
-0.009379848309159007
-0.006852699465492251
-0.005728975758802364
-0.0075679837955978865
-0.007892537441231976
-0.0070252741526734795
-0.006252566165567445
-0.0060405860828331385
-0.0061146895438804125
-0.006201552970015161
-0.0062384420333928894
-0.00624801281744698
-0.0062480128174469745
-0.006238442033392877
-0.0062015529700151515
-0.006114689543880414
-0.00604058608283314
-0.006252566165567439
-0.007025274152673477
-0.007892537441231987
-0.007567983795597886
-0.005728975758802386
-0.004441876994103212
-0.00585288490149798
-0.006111149785807603
-0.005569025001316605
-0.005117123424521827
-0.005023376883521772
-0.005089676299566352
-0.005147848060661336
-0.005169322245966677
-0.005173737145496185
-0.005173737145496182
-0.0051693222459666755
-0.0051478480606613345
-0.005089676299566356
-0.0050233768835217735
-0.00511712342452183
-0.0055690250013166066
-0.006111149785807608
-0.005852884901497981
-0.004441876994103221
-0.0030329019322056323
-0.004067406123211867
-0.004263910939061848
-0.003945016547800395
-0.003696495296770955
-0.003664072618967101
-0.003713990423790579
-0.003748540285097702
-0.0037581809630352677
-0.0037586266906802844
-0.003758626690680283
-0.0037581809630352673
-0.003748540285097704
-0.0037139904237905833
-0.0036640726189671054
-0.003696495296770958
-0.0039450165478004
-0.004263910939061855
-0.004067406123211875
-0.0030329019322056414
-0.001779366142991701
-0.0024400559699984167
-0.002557978228017495
-0.002380762746462886
-0.0022564736829667528
-0.0022528384643691326
-0.0022858976989133363
-0.0023039855360501415
-0.0023068837275745605
-0.0023056597947928763
-0.0023056597947928763
-0.0023068837275745605
-0.002303985536050143
-0.002285897698913339
-0.0022528384643691357
-0.0022564736829667545
-0.0023807627464628896
-0.0025579782280175005
-0.002440055969998421
-0.001779366142991704
-0.0008502391314672256
-0.0011933667857914794
-0.0012390168327039302
-0.001145077931552187
-0.0010900752795477817
-0.001096242590044419
-0.0011153774238512526
-0.001123530465571754
-0.0011236219128799812
-0.0011223037720411104
-0.0011223037720411101
-0.0011236219128799819
-0.0011235304655717547
-0.0011153774238512539
-0.00109624259004442
-0.0010900752795477823
-0.001145077931552189
-0.0012390168327039324
-0.0011933667857914809
-0.0008502391314672261
-0.0002885306885623465
-0.0004187880986670601
-0.00041896142350886364
-0.00037104728675006456
-0.000350032076806864
-0.00035681145668973774
-0.000366440741592387
-0.0003695411857927887
-0.00036898168144251477
-0.00036813722167877125
-0.0003681372216787714
-0.0003689816814425149
-0.00036954118579278885
-0.0003664407415923872
-0.000356811456689738
-0.00035003207680686383
-0.00037104728675006467
-0.000418961423508864
-0.00041878809866706043
-0.0002885306885623462
-3.549218968013918e-05
-6.000476817857061e-05
-4.4254003143011e-05
-2.1484164689010665e-05
-1.5129602025157797e-05
-1.9828845190948235e-05
-2.4145860040040304e-05
-2.5173709574206424e-05
-2.4762030138088983e-05
-2.4368232809479412e-05
-2.4368232809479358e-05
-2.4762030138088847e-05
-2.517370957420629e-05
-2.4145860040040344e-05
-1.982884519094801e-05
-1.5129602025157574e-05
-2.1484164689010408e-05
-4.425400314301073e-05
-6.0004768178570345e-05
-3.549218968013882e-05
2.779558875460316e-05
3.5610938044912186e-05
4.8726661002907385e-05
5.766064713233007e-05
5.8417970010923845e-05
5.563388104067363e-05
5.378171547767581e-05
5.34153234675676e-05
5.3577699693820683e-05
5.371226523519361e-05
5.3712265235193594e-05
5.357769969382071e-05
5.341532346756765e-05
5.378171547767585e-05
5.563388104067367e-05
5.841797001092389e-05
5.766064713233026e-05
4.872666100290754e-05
3.561093804491233e-05
2.7795588754603227e-05
1.738675319056903e-05
2.5219481182909226e-05
3.0732417280081375e-05
3.2740942339469384e-05
3.181645053053887e-05
3.0255606138737846e-05
2.942265402817521e-05
2.923549980742181e-05
2.9259227625014973e-05
2.9288524635089337e-05
2.9288524635089334e-05
2.9259227625014973e-05
2.9235499807421847e-05
2.9422654028175216e-05
3.0255606138737836e-05
3.1816450530538896e-05
3.2740942339469425e-05
3.073241728008141e-05
2.521948118290926e-05
1.7386753190569036e-05
6.150686735618831e-07
2.7491675047554184e-06
3.328693354290065e-06
2.82727736705148e-06
1.821496851419343e-06
9.957213126773137e-07
5.978970218725709e-07
4.828700338444682e-07
4.667079823145606e-07
4.6760376353316465e-07
4.676037635331731e-07
4.6670798231454194e-07
4.828700338444767e-07
5.97897021872554e-07
9.957213126773052e-07
1.821496851419322e-06
2.8272773670514917e-06
3.328693354290065e-06
2.7491675047554e-06
6.150686735618154e-07
-4.734614257876309e-06
-5.2960256698418445e-06
-6.140967419406418e-06
-6.923854954576691e-06
-7.541158291109063e-06
-7.93335457999733e-06
-8.119272543114922e-06
-8.182192698641133e-06
-8.196595442253952e-06
-8.198469677924247e-06
-8.198469677924244e-06
-8.196595442253954e-06
-8.182192698641136e-06
-8.119272543114934e-06
-7.933354579997329e-06
-7.541158291109063e-06
-6.9238549545766894e-06
-6.140967419406417e-06
-5.296025669841854e-06
-4.734614257876323e-06
-3.4430572811026693e-06
-4.210409300968449e-06
-4.86488306963521e-06
-5.302059798445498e-06
-5.5760073978089945e-06
-5.737319117156677e-06
-5.8154746090171916e-06
-5.8429069111400296e-06
-5.84878942138341e-06
-5.849060618472735e-06
-5.849060618472732e-06
-5.848789421383403e-06
-5.842906911140033e-06
-5.815474609017197e-06
-5.73731911715668e-06
-5.576007397808993e-06
-5.302059798445504e-06
-4.864883069635212e-06
-4.210409300968447e-06
-3.443057281102665e-06
-1.4301097107499477e-06
-1.794660723536562e-06
-2.064631044286829e-06
-2.224212685027276e-06
-2.318939152007703e-06
-2.376281801860727e-06
-2.4044490047440122e-06
-2.413385002842986e-06
-2.414339605191849e-06
-2.4137890033965157e-06
-2.4137890033965157e-06
-2.4143396051918478e-06
-2.413385002842988e-06
-2.4044490047440165e-06
-2.3762818018607294e-06
-2.318939152007705e-06
-2.2242126850272795e-06
-2.064631044286831e-06
-1.7946607235365628e-06
-1.4301097107499475e-06
