400
-0.22274447553241578
-0.15290270639385303
-0.18379877185925525
-0.1339003126889887
-0.0833328663440008
-0.06461201853178884
-0.06381979660837891
-0.06443848423689615
-0.06449056606550754
-0.0656024617032372
-0.06560246170323672
-0.06449056606550657
-0.06443848423689623
-0.06381979660837932
-0.0646120185317894
-0.08333286634400006
-0.13390031268898742
-0.1837987718592568
-0.1529027063938545
-0.222744475532419
-0.1295367690444089
-0.1570649482463821
-0.1699415229372731
-0.13413706475811107
-0.08721381635959366
-0.06134774803396134
-0.0541754509094133
-0.053546917477427666
-0.053368383313268264
-0.05322288885905404
-0.05322288885905388
-0.05336838331326767
-0.05354691747742731
-0.05417545090941345
-0.061347748033961466
-0.087213816359593
-0.1341370647581102
-0.16994152293727374
-0.15706494824638162
-0.1295367690444126
-0.18606000804434852
-0.1764931284259083
-0.18753223524181103
-0.15513885144465392
-0.10873981561669896
-0.08027404120094644
-0.07101483279255771
-0.06969826665202648
-0.06937913093376122
-0.06886957801126097
-0.06886957801126074
-0.06937913093376061
-0.06969826665202611
-0.0710148327925579
-0.08027404120094661
-0.10873981561669846
-0.1551388514446532
-0.18753223524181156
-0.17649312842590772
-0.18606000804435316
-0.14099464064418962
-0.1392272526101999
-0.1519344624280125
-0.12794433148263334
-0.0898602385561153
-0.06590185243903926
-0.05847810155166741
-0.05781646251487395
-0.05769914887984782
-0.05716167157127483
-0.057161671571274685
-0.05769914887984742
-0.05781646251487364
-0.05847810155166768
-0.06590185243903952
-0.089860238556115
-0.12794433148263293
-0.15193446242801278
-0.13922725261019936
-0.14099464064419362
-0.0639245139116308
-0.08150431321376456
-0.09539197618534036
-0.07996393522967489
-0.05337355554529043
-0.037203498342464114
-0.033153822280855436
-0.03357342116358372
-0.033755890910387984
-0.03336283840104299
-0.03336283840104287
-0.03375589091038775
-0.03357342116358372
-0.03315382228085589
-0.03720349834246452
-0.05337355554529036
-0.07996393522967485
-0.09539197618534091
-0.08150431321376467
-0.06392451391163337
-0.02501966898638219
-0.043058708469228914
-0.0534958965320201
-0.0435933053870857
-0.026408845390213053
-0.01667951315254594
-0.015053437973018828
-0.015992689958573763
-0.016345963841475138
-0.01612143399335915
-0.016121433993359063
-0.016345963841474964
-0.015992689958573794
-0.015053437973019177
-0.016679513152546243
-0.026408845390213053
-0.04359330538708575
-0.05349589653202063
-0.043058708469229226
-0.02501966898638347
-0.01803988117536576
-0.02709086631396861
-0.033158427552610475
-0.026430797789983407
-0.015248731249842287
-0.00925610722062123
-0.008626455293763845
-0.009491253032108807
-0.009795247354426564
-0.009655337958648015
-0.009655337958647937
-0.009795247354426388
-0.009491253032108737
-0.008626455293764004
-0.009256107220621387
-0.015248731249842233
-0.026430797789983373
-0.03315842755261073
-0.02709086631396878
-0.018039881175366673
-0.018812599408616196
-0.021812283728637537
-0.02531065537177103
-0.02039128447703024
-0.012497891203930434
-0.008310071072531662
-0.007858623574042782
-0.008393662406865041
-0.008524724113563718
-0.008383985829707851
-0.008383985829707785
-0.00852472411356356
-0.00839366240686493
-0.007858623574042836
-0.008310071072531747
-0.012497891203930358
-0.02039128447703011
-0.025310655371771042
-0.021812283728637447
-0.018812599408616786
-0.01782770541197847
-0.019324309270987328
-0.0218168057500605
-0.017912318615620093
-0.011760091727892457
-0.008443964080111638
-0.007929669243168905
-0.008145126783286123
-0.008098105932114609
-0.00792109385957249
-0.007921093859572445
-0.008098105932114493
-0.008145126783286038
-0.007929669243168956
-0.008443964080111738
-0.011760091727892419
-0.017912318615619965
-0.021816805750060446
-0.01932430927098713
-0.017827705411978766
-0.015605399753875395
-0.017402824267483026
-0.01942657557321456
-0.016122112782599358
-0.011076877427055782
-0.008340626492258205
-0.007797571772462371
-0.00781358877804203
-0.007658867567635753
-0.007462852644656908
-0.007462852644656883
-0.007658867567635686
-0.007813588778041983
-0.007797571772462435
-0.00834062649225831
-0.011076877427055773
-0.016122112782599275
-0.01942657557321455
-0.01740282426748302
-0.015605399753875898
-0.01371745619451682
-0.01594233394912936
-0.01759233954015473
-0.01474015762387464
-0.010605410692056607
-0.008399051966834816
-0.007917015616891317
-0.007857741405381091
-0.007683456933742004
-0.007507811392065154
-0.007507811392065142
-0.007683456933741965
-0.007857741405381074
-0.007917015616891381
-0.008399051966834891
-0.010605410692056606
-0.01474015762387461
-0.017592339540154767
-0.01594233394912935
-0.013717456194517126
-0.012361300899463962
-0.01482426217883849
-0.016142702931797318
-0.013699651981699484
-0.010380029303881119
-0.008672050694190067
-0.008305125778374497
-0.008253267422083349
-0.008122124990749631
-0.007996452250616253
-0.007996452250616246
-0.008122124990749604
-0.00825326742208334
-0.008305125778374538
-0.008672050694190114
-0.010380029303881107
-0.013699651981699465
-0.016142702931797367
-0.014824262178838513
-0.012361300899464193
-0.011148528351533554
-0.013710206285480244
-0.014750927394906901
-0.012695192383914807
-0.010094608039031039
-0.008827461320615132
-0.008587994132658067
-0.008579834874984763
-0.008514812002064644
-0.008445866864263482
-0.008445866864263477
-0.008514812002064623
-0.008579834874984755
-0.008587994132658098
-0.00882746132061516
-0.010094608039031014
-0.012695192383914776
-0.014750927394906927
-0.013710206285480257
-0.011148528351533715
-0.009848814001621327
-0.012388040676746051
-0.013204906241605556
-0.011520043690400964
-0.009542290538493065
-0.008647387057189563
-0.00852234733349319
-0.0085598314171493
-0.008551893721007122
-0.008527605289250942
-0.008527605289250931
-0.008551893721007101
-0.00855983141714929
-0.008522347333493214
-0.008647387057189586
-0.009542290538493044
-0.011520043690400933
-0.013204906241605564
-0.012388040676746044
-0.009848814001621405
-0.0085202307761644
-0.010912327931092957
-0.011560007790204744
-0.010234587329771965
-0.008791487490658462
-0.008199292814285651
-0.008162090182318546
-0.008228219769423657
-0.008252932679361438
-0.008253538657879483
-0.008253538657879473
-0.008252932679361414
-0.008228219769423646
-0.00816209018231856
-0.008199292814285667
-0.008791487490658454
-0.010234587329771946
-0.011560007790204753
-0.01091232793109296
-0.008520230776164466
-0.007200888630861537
-0.009331661118414752
-0.009861016370618404
-0.008891090740496495
-0.007905418473798786
-0.007550486247037336
-0.00757028043916365
-0.007643027900288279
-0.007676051760249223
-0.007684377326825838
-0.007684377326825831
-0.0076760517602492044
-0.007643027900288269
-0.0075702804391636555
-0.0075504862470373475
-0.007905418473798782
-0.008891090740496491
-0.009861016370618415
-0.00933166111841475
-0.00720088863086156
-0.005595714786477467
-0.007333178868180601
-0.0077535232814784855
-0.007117345339067028
-0.0065092026519243465
-0.006329867646757668
-0.006377460387836391
-0.006439727205127382
-0.00646607865856638
-0.006472642369400584
-0.006472642369400581
-0.006466078658566371
-0.006439727205127376
-0.006377460387836395
-0.006329867646757677
-0.006509202651924346
-0.0071173453390670225
-0.007753523281478496
-0.007333178868180621
-0.005595714786477508
-0.0035895292031448258
-0.0048095304988700184
-0.005080361298725564
-0.00469461930136477
-0.004360303362077208
-0.00429345286179092
-0.004345634010293734
-0.0043896844511072735
-0.004404922443858172
-0.004407362457125876
-0.004407362457125873
-0.004404922443858167
-0.00438968445110727
-0.004345634010293736
-0.0042934528617909265
-0.00436030336207721
-0.004694619301364772
-0.005080361298725572
-0.0048095304988700245
-0.0035895292031448336
-0.0018603231754434797
-0.00259083746359318
-0.0027069905022900744
-0.002469874966316821
-0.0023023145749157614
-0.0022918883877029138
-0.0023342511482470187
-0.0023603495731459373
-0.002366554071725561
-0.0023661536911262137
-0.002366153691126212
-0.0023665540717255585
-0.002360349573145935
-0.0023342511482470204
-0.002291888387702917
-0.0023023145749157623
-0.002469874966316824
-0.002706990502290078
-0.0025908374635931807
-0.001860323175443476
-0.0009265770484388653
-0.001342350690388558
-0.0013721035849192957
-0.0012319814018369802
-0.0011546670768578463
-0.0011642152663162886
-0.0011925053668044778
-0.001205413229063675
-0.0012064958566953914
-0.0012050681753840284
-0.001205068175384028
-0.0012064958566953905
-0.0012054132290636739
-0.0011925053668044787
-0.0011642152663162895
-0.001154667076857846
-0.0012319814018369808
-0.0013721035849192972
-0.0013423506903885588
-0.0009265770484388652
