400
-0.9238007226390459
-8.706614380047071
-20.71790762474268
-36.55483202509372
-53.61982790048249
-65.83794743755303
-69.77755078845755
-68.3695229188748
-66.89253312803149
-66.66629569813387
-66.66629569813688
-66.8925331280372
-68.36952291887678
-69.77755078845347
-65.83794743754416
-53.61982790047142
-36.55483202508249
-20.717907624733556
-8.706614380041401
-0.9238007226367224
-3.709893533417283
-18.27575120925432
-35.473820552215656
-70.27135756887301
-101.38619108902188
-125.4290284152546
-134.5655218918008
-133.15012985858579
-131.6633852203048
-131.26521575782954
-131.26521575783724
-131.66338522032245
-133.15012985860375
-134.56552189181068
-125.42902841525265
-101.38619108901179
-70.27135756886076
-35.473820552207016
-18.27575120924989
-3.709893533415591
-5.152636151542041
-24.630106090425436
-55.31095116559626
-102.7570830390223
-145.97547776067884
-174.87526673117378
-190.02307284205176
-189.3280497205354
-187.84286932037452
-188.48149937488444
-188.48149937489544
-187.8428693204053
-189.32804972057812
-190.02307284208996
-174.87526673119322
-145.97547776068544
-102.75708303902161
-55.3109511656005
-24.63010609042986
-5.152636151545412
-7.06565920084064
-32.484348489122496
-79.77129020147149
-128.44356820665442
-185.2576894810308
-222.49289625103222
-233.5689249160135
-236.11777999237074
-236.20189477795486
-237.17084048569316
-237.17084048570675
-236.20189477799067
-236.11777999241983
-233.5689249160616
-222.49289625106795
-185.25768948105053
-128.44356820666735
-79.77129020148371
-32.48434848913509
-7.065659200848669
-6.859827473473778
-30.47824692332372
-74.13124676299282
-116.67358659085316
-167.45819663131311
-200.1814623925053
-206.7893240707634
-209.24901641228857
-210.26056277005205
-211.1759033680479
-211.17590336805222
-210.2605627700634
-209.24901641230508
-206.78932407078395
-200.1814623925194
-167.4581966313235
-116.67358659086327
-74.13124676300382
-30.478246923331863
-6.859827473479104
-1.7026173900942632
-14.018029178768902
-35.35089599568225
-58.39841377116028
-81.48595130839882
-95.27127669912116
-98.49578037011226
-97.59172537724268
-97.3572303917473
-98.09753258061366
-98.09753258060545
-97.35723039172034
-97.59172537720028
-98.4957803700695
-95.27127669909274
-81.48595130838488
-58.39841377115128
-35.35089599567362
-14.018029178761772
-1.7026173900908916
3.3589710822162706
2.376784056906298
0.012753305170403295
-5.419199235016556
-9.201008370323853
-10.929245302211074
-9.875150143307346
-7.018617192901377
-5.751365929548447
-5.734843459664402
-5.734843459654112
-5.751365929512931
-7.018617192840229
-9.875150143237395
-10.929245302156533
-9.201008370289784
-5.4191992349923215
0.012753305192684528
2.3767840569236016
3.3589710822253016
3.187873713378523
5.671934891400842
8.470390689817446
9.242178253894384
10.044837365475868
10.726384047367976
12.052628421132912
14.200138228049727
15.481124694743997
15.881901852661132
15.881901852660036
15.4811246947483
14.200138228071953
12.052628421172718
10.726384047410509
10.044837365508833
9.24217825391816
8.470390689835579
5.671934891413535
3.187873713384688
0.6765369752751725
1.6626152508824037
2.571703252650557
2.3441827436437466
1.5733888100200968
0.6878742356186107
0.528857064549161
1.204701242353666
1.88689291678494
2.2361175268663818
2.2361175268502738
1.8868929167456532
1.2047012423150223
0.528857064533292
0.6878742356279748
1.5733888100386482
2.344182743656793
2.5717032526551713
1.662615250882516
0.6765369752742343
-0.17939986443239897
-0.19140337674022045
-0.35719873442709715
-0.9009153548961365
-1.690558471754449
-2.4444302076313233
-2.814936793854052
-2.7712947213384664
-2.590684262000125
-2.4672967434976982
-2.467296743518525
-2.5906842620562545
-2.7712947214077364
-2.8149367939056074
-2.4444302076505
-1.6905584717535285
-0.9009153548956665
-0.35719873443391614
-0.191403376749001
-0.17939986443769168
0.1793998644361247
0.1914033767406291
0.3571987344124857
0.9009153548581654
1.6905584717049844
2.4444302076092685
2.8149367938968326
2.7712947214437555
2.5906842621295887
2.467296743614173
2.467296743602703
2.5906842620945776
2.771294721391701
2.814936793846673
2.444430207577237
1.6905584716892943
0.9009153548468813
0.35719873439990396
0.19140337673014618
0.17939986443100123
-0.676536975275243
-1.662615250885831
-2.5717032526620542
-2.3441827436663614
-1.5733888100496145
-0.687874235641643
-0.5288570645518726
-1.2047012423372694
-1.8868929167639905
-2.236117526853663
-2.236117526850574
-1.8868929167626876
-1.2047012423513852
-0.5288570645832644
-0.6878742356787404
-1.5733888100806004
-2.344182743688047
-2.57170325267648
-1.6626152508939784
-0.6765369752781619
-3.187873713382432
-5.671934891407619
-8.47039068982252
-9.242178253892748
-10.044837365470645
-10.726384047376722
-12.052628421171908
-14.200138228120856
-15.481124694833161
-15.881901852750946
-15.881901852738569
-15.481124694807157
-14.200138228107443
-12.052628421188384
-10.72638404741547
-10.044837365511215
-9.242178253920045
-8.470390689835652
-5.671934891411886
-3.1878737133828414
-3.3589710822206453
-2.3767840569119962
-0.012753305167959028
5.419199235037654
9.201008370358567
10.929245302229713
9.875150143277967
7.018617192821307
5.751365929443895
5.734843459566163
5.734843459580884
5.751365929477135
7.018617192848531
9.87515014327932
10.929245302206997
9.201008370329175
5.419199235018614
-0.012753305174452834
-2.3767840569114647
-3.358971082218699
1.7026173900930734
14.018029178768694
35.35089599568947
58.39841377118264
81.48595130843465
95.2712766991527
98.49578037011923
97.59172537722304
97.35723039171856
98.0975325805945
98.09753258060522
97.35723039174687
97.59172537725804
98.49578037014831
95.271276699169
81.48595130844038
58.39841377118456
35.350895995692184
14.018029178771837
1.7026173900954644
6.859827473476674
30.478246923329273
74.13124676300058
116.67358659085797
167.45819663131712
200.18146239251058
206.789324070785
209.24901641232873
210.26056277010207
211.17590336810025
211.17590336810957
210.2605627701198
209.24901641235962
206.78932407082797
200.18146239255452
167.4581966313488
116.67358659087293
74.13124676300218
30.478246923328435
6.859827473475967
7.065659200845096
32.484348489129985
79.77129020147626
128.44356820664666
185.25768948101256
222.49289625101733
233.5689249160246
236.1177799924148
236.20189477801623
237.17084048575416
237.1708404857576
236.201894778025
236.11777999243185
233.56892491605623
222.4928962510524
185.2576894810382
128.44356820665416
79.77129020147169
32.484348489123704
7.065659200841522
5.152636151544758
24.630106090431383
55.31095116560232
102.75708303901663
145.97547776066259
174.87526673115087
190.0230728420469
189.32804972054763
187.84286932039453
188.48149937489995
188.48149937490308
187.842869320403
189.32804972055686
190.02307284205568
174.87526673116088
145.9754777606642
102.75708303901169
55.31095116559094
24.630106090426725
5.152636151543247
3.7098935334172807
18.275751209256825
35.4738205522208
70.27135756888092
101.38619108902608
125.42902841525196
134.5655218917908
133.15012985856887
131.66338522028303
131.265215757805
131.26521575781317
131.66338522030014
133.1501298585815
134.5655218917902
125.42902841524018
101.38619108901096
70.27135756887122
35.4738205522187
18.27575120925975
3.7098935334201553
0.923800722637691
8.706614380046853
20.717907624747014
36.55483202510494
53.61982790049736
65.83794743756287
69.77755078845466
68.36952291885855
66.89253312800813
66.66629569811037
66.66629569811751
66.89253312802379
68.36952291887039
69.77755078845419
65.8379474375515
53.61982790048478
36.554832025099856
20.717907624750136
8.706614380052802
0.9238007226415843
