400
-4.611626356992309e-08
-6.34614407373966e-08
-7.074527913250582e-08
-7.128304927181741e-08
-7.022502458041979e-08
-6.972438995308688e-08
-6.969528579495971e-08
-6.975302008622722e-08
-6.978151029827318e-08
-6.978872732906941e-08
-6.978872732906942e-08
-6.978151029827321e-08
-6.975302008622724e-08
-6.96952857949597e-08
-6.972438995308689e-08
-7.022502458041976e-08
-7.128304927181737e-08
-7.074527913250578e-08
-6.346144073739659e-08
-4.6116263569923136e-08
-2.1794921324464142e-08
-2.944881880638524e-08
-3.3312466189579305e-08
-3.430933300399317e-08
-3.425283198064326e-08
-3.412265445582231e-08
-3.408809471319098e-08
-3.4090097810682665e-08
-3.4093858577868126e-08
-3.40950408666718e-08
-3.40950408666718e-08
-3.4093858577868126e-08
-3.4090097810682665e-08
-3.408809471319098e-08
-3.412265445582231e-08
-3.425283198064326e-08
-3.430933300399316e-08
-3.33124661895793e-08
-2.9448818806385235e-08
-2.1794921324464145e-08
-2.122090989690854e-08
-2.8948204663296666e-08
-3.254119365069365e-08
-3.31722398503651e-08
-3.2891643377493676e-08
-3.269074341902498e-08
-3.265125867387541e-08
-3.265874997202642e-08
-3.2665204735120486e-08
-3.266705632208758e-08
-3.266705632208758e-08
-3.2665204735120486e-08
-3.265874997202642e-08
-3.2651258673875426e-08
-3.2690743419024994e-08
-3.2891643377493676e-08
-3.317223985036511e-08
-3.254119365069365e-08
-2.894820466329667e-08
-2.122090989690855e-08
-7.13293740397375e-09
-1.012353784721589e-08
-1.1070107146723466e-08
-1.078058598361089e-08
-1.0364204183659029e-08
-1.0199637983117504e-08
-1.0185273012369987e-08
-1.0198928250676738e-08
-1.0206030080850015e-08
-1.0207843373804756e-08
-1.0207843373804758e-08
-1.0206030080850016e-08
-1.0198928250676738e-08
-1.018527301236999e-08
-1.0199637983117506e-08
-1.0364204183659032e-08
-1.0780585983610881e-08
-1.1070107146723458e-08
-1.0123537847215895e-08
-7.1329374039737574e-09
1.6566140589168653e-09
1.8826181522821347e-09
2.443811098000735e-09
2.9989868312564385e-09
3.285201852639265e-09
3.348721666353779e-09
3.335506320138932e-09
3.3204531133146736e-09
3.3147794936400327e-09
3.3134898263666933e-09
3.3134898263666933e-09
3.3147794936400327e-09
3.3204531133146736e-09
3.335506320138932e-09
3.3487216663537777e-09
3.285201852639265e-09
2.9989868312564406e-09
2.443811098000736e-09
1.882618152282134e-09
1.6566140589168645e-09
2.1537368014550147e-09
2.804624424023854e-09
3.3068743191068505e-09
3.5811513193965435e-09
3.6605510862686816e-09
3.650534752336309e-09
3.6287475841660454e-09
3.617688593467875e-09
3.614323485297258e-09
3.61363386856589e-09
3.61363386856589e-09
3.614323485297258e-09
3.6176885934678756e-09
3.628747584166044e-09
3.650534752336308e-09
3.66055108626868e-09
3.5811513193965435e-09
3.3068743191068497e-09
2.8046244240238528e-09
2.153736801455016e-09
5.300107125847473e-10
7.373691184745677e-10
8.558233183584211e-10
8.845532396564593e-10
8.647302112145739e-10
8.385856061757419e-10
8.233986566519196e-10
8.177180849650689e-10
8.162279502882089e-10
8.159481594387878e-10
8.159481594387878e-10
8.162279502882089e-10
8.177180849650689e-10
8.233986566519194e-10
8.385856061757417e-10
8.647302112145739e-10
8.845532396564589e-10
8.55823318358421e-10
7.373691184745674e-10
5.300107125847479e-10
-1.3096117621093368e-10
-1.4498404385162795e-10
-1.7120443824369483e-10
-2.0306714969571357e-10
-2.2941048562133625e-10
-2.4489315421112096e-10
-2.515205111675739e-10
-2.5361628191733923e-10
-2.5411043749448524e-10
-2.541967711867659e-10
-2.541967711867659e-10
-2.5411043749448534e-10
-2.5361628191733934e-10
-2.5152051116757394e-10
-2.44893154211121e-10
-2.294104856213363e-10
-2.030671496957136e-10
-1.7120443824369488e-10
-1.4498404385162798e-10
-1.3096117621093368e-10
-1.2577642980710148e-10
-1.5588309943663584e-10
-1.817170381001892e-10
-2.006639352650816e-10
-2.1201523298075747e-10
-2.1740091845064843e-10
-2.1938821178700868e-10
-2.199530643050554e-10
-2.2007614475465494e-10
-2.2009642091951033e-10
-2.200964209195103e-10
-2.2007614475465494e-10
-2.1995306430505543e-10
-2.1938821178700875e-10
-2.1740091845064848e-10
-2.1201523298075744e-10
-2.0066393526508165e-10
-1.8171703810018923e-10
-1.5588309943663584e-10
-1.2577642980710148e-10
-4.1557648604334274e-11
-5.2454908694015946e-11
-6.097579651980143e-11
-6.652819967269873e-11
-6.948398854134752e-11
-7.07460529550092e-11
-7.11720695947021e-11
-7.128459370933031e-11
-7.130768927316124e-11
-7.131131622593717e-11
-7.131131622593717e-11
-7.130768927316122e-11
-7.128459370933032e-11
-7.11720695947021e-11
-7.074605295500919e-11
-6.948398854134752e-11
-6.65281996726987e-11
-6.097579651980142e-11
-5.245490869401593e-11
-4.155764860433429e-11
-8.312735079986708e-12
-1.0573718383647786e-11
-1.2273577107421536e-11
-1.3320997105826288e-11
-1.3844367701402711e-11
-1.4054086005603581e-11
-1.4120801715870426e-11
-1.4137512934857481e-11
-1.4140787863893264e-11
-1.4141282445902013e-11
-1.4141282445902016e-11
-1.4140787863893269e-11
-1.4137512934857486e-11
-1.4120801715870426e-11
-1.4054086005603584e-11
-1.3844367701402706e-11
-1.3320997105826283e-11
-1.2273577107421537e-11
-1.0573718383647781e-11
-8.31273507998671e-12
-1.1306918650156731e-12
-1.4443884675498518e-12
-1.675078602203486e-12
-1.8126082883674832e-12
-1.8786541261517398e-12
-1.904020489697148e-12
-1.9117576122808316e-12
-1.9136200657073307e-12
-1.9139720023124094e-12
-1.914023472854586e-12
-1.9140234728545855e-12
-1.91397200231241e-12
-1.913620065707332e-12
-1.911757612280832e-12
-1.904020489697149e-12
-1.8786541261517406e-12
-1.8126082883674842e-12
-1.6750786022034871e-12
-1.4443884675498522e-12
-1.1306918650156731e-12
-1.0964096506974559e-13
-1.4043918387700674e-13
-1.627686148540366e-13
-1.7579366907534027e-13
-1.8188121873110207e-13
-1.8414981655386074e-13
-1.848205401305796e-13
-1.8497712079274473e-13
-1.850058599759827e-13
-1.8500995299300806e-13
-1.8500995299300806e-13
-1.8500585997598278e-13
-1.849771207927448e-13
-1.848205401305796e-13
-1.8414981655386077e-13
-1.8188121873110207e-13
-1.7579366907534027e-13
-1.627686148540366e-13
-1.4043918387700667e-13
-1.0964096506974555e-13
-7.76991176095467e-15
-9.970995459500332e-15
-1.1551170656128002e-14
-1.2458823746787099e-14
-1.2874792898059328e-14
-1.3026374125060657e-14
-1.3070134305167308e-14
-1.3080106460712983e-14
-1.308189409948709e-14
-1.3082143130774941e-14
-1.3082143130774941e-14
-1.3081894099487093e-14
-1.3080106460712983e-14
-1.3070134305167305e-14
-1.3026374125060657e-14
-1.2874792898059323e-14
-1.2458823746787099e-14
-1.1551170656128002e-14
-9.970995459500327e-15
-7.769911760954674e-15
-4.085066969865227e-16
-5.249358280122355e-16
-6.079204830609966e-16
-6.550468312303163e-16
-6.763279560335901e-16
-6.839507350761225e-16
-6.861106170789943e-16
-6.865933771073142e-16
-6.866782594568461e-16
-6.866898671411548e-16
-6.866898671411547e-16
-6.866782594568462e-16
-6.865933771073142e-16
-6.861106170789942e-16
-6.839507350761224e-16
-6.763279560335901e-16
-6.550468312303163e-16
-6.079204830609968e-16
-5.249358280122358e-16
-4.0850669698652285e-16
-1.609301584093447e-17
-2.0700690815235944e-17
-2.3966872106888616e-17
-2.5805600130968143e-17
-2.6626481148320664e-17
-2.691656684831522e-17
-2.6997541645471842e-17
-2.7015357370250103e-17
-2.7018439984806027e-17
-2.7018854988687087e-17
-2.7018854988687093e-17
-2.701843998480602e-17
-2.7015357370250103e-17
-2.6997541645471848e-17
-2.6916566848315206e-17
-2.6626481148320633e-17
-2.5805600130968143e-17
-2.3966872106888585e-17
-2.0700690815235922e-17
-1.6093015840934473e-17
-4.783721790719729e-19
-6.158217771370667e-19
-7.128382322921836e-19
-7.670813626433273e-19
-7.910788612755735e-19
-7.994676352841002e-19
-8.017809818268014e-19
-8.022833755678214e-19
-8.023691427923259e-19
-8.023805367753143e-19
-8.023805367753139e-19
-8.023691427923258e-19
-8.02283375567822e-19
-8.017809818268018e-19
-7.994676352840998e-19
-7.910788612755735e-19
-7.67081362643328e-19
-7.128382322921836e-19
-6.15821777137066e-19
-4.783721790719731e-19
-1.078493558154182e-20
-1.3892429412799474e-20
-1.6078326790639312e-20
-1.7293782061996147e-20
-1.782757541182993e-20
-1.8012527313631327e-20
-1.8063021832281665e-20
-1.8073869373888097e-20
-1.807570044428596e-20
-1.8075942970485407e-20
-1.8075942970485413e-20
-1.807570044428602e-20
-1.807386937388821e-20
-1.806302183228185e-20
-1.8012527313631586e-20
-1.782757541183024e-20
-1.7293782061996475e-20
-1.607832679063957e-20
-1.3892429412799663e-20
-1.0784935581541948e-20
-1.851325791455253e-22
-2.385973635987272e-22
-2.7610172426107663e-22
-2.968622913368637e-22
-3.059249428400379e-22
-3.090420867662464e-22
-3.098860125390232e-22
-3.1006565717641524e-22
-3.100956890470091e-22
-3.100956890470181e-22
-3.10095689047027e-22
-3.10095689047034e-22
-3.100656571764564e-22
-3.0988601253908334e-22
-3.090420867663297e-22
-3.0592494284014193e-22
-2.9686229133697513e-22
-2.761017242611757e-22
-2.3859736359879388e-22
-1.8513257914554944e-22
-2.4245783682463938e-24
-3.1268488846479084e-24
-3.618348234063244e-24
-3.889406927541696e-24
-4.007140313730367e-24
-4.047387327987486e-24
-4.058206916232742e-24
-4.0582069162361014e-24
-4.0582069162380755e-24
-4.058206916240295e-24
-4.058206916243069e-24
-4.058206916245619e-24
-4.058206916247194e-24
-4.058206916247517e-24
-4.047387328007253e-24
-4.007140313755339e-24
-3.889406927568792e-24
-3.6183482340864666e-24
-3.126848884661484e-24
-2.4245783682483334e-24
