400
-0.0	693260448332608.9	5423068687392850.0
-0.0	156959126860600.47	4880175609795020.0
-0.0	49945043810829.27	4639261284033898.0
-0.0	8556225843623.06	4360183251380287.0
-0.0	930339764530.9866	4257246705904602.0
-0.0	4833047936.691827	4221734996483613.5
-0.0	-4.167427086015905	4220580842987813.5
-0.0	2.701347021107876	4221490271546119.0
-0.0	-1.2723313285872435	4221873310197451.5
-0.0	-0.6483068192376192	4221956141215368.5
-0.0	-0.6511321756355651	4221956141215370.0
-0.0	-2.2029063032866754	4221873310197448.5
-0.0	-0.42521927373367935	4221490271546127.0
-0.0	13.929592268433217	4220580842987804.5
-0.0	-4833047946.028785	4221734996483614.5
-0.0	-930339764531.7112	4257246705904608.0
-0.0	-8556225843616.313	4360183251380292.5
-0.0	-49945043810828.37	4639261284033907.0
-0.0	-156959126860586.44	4880175609795027.0
-0.0	-693260448332621.0	5423068687392834.0
-0.0	437043010565547.8	3956023347270657.0
-0.0	130070758490522.36	3858202059340750.0
-0.0	39883426854296.49	3596999416342309.5
-0.0	6572279803377.837	3438275881157970.5
-0.0	637056764597.439	3393507686136408.5
-0.0	3268180358.470849	3390660416776591.5
-0.0	-3.8984512031968115	3390609150775240.5
-0.0	3.019424396823209	3390711404612277.5
-0.0	-1.3567166854062622	3390756048456097.5
-0.0	-0.3932427821241226	3390765233932070.0
-0.0	-0.7106533175411798	3390765233932068.5
-0.0	-1.9139984483065249	3390756048456099.5
-0.0	-0.19580746497683277	3390711404612277.0
-0.0	12.460947873154433	3390609150775239.0
-0.0	-3268180366.7699585	3390660416776595.0
-0.0	-637056764597.9535	3393507686136416.0
-0.0	-6572279803371.386	3438275881157975.0
-0.0	-39883426854296.25	3596999416342316.5
-0.0	-130070758490510.8	3858202059340749.0
-0.0	-437043010565557.75	3956023347270644.0
-0.0	459611140709865.3	2955566911742632.5
-0.0	132895919665655.77	2781786508240881.0
-0.0	41753362841349.055	2646037914268123.5
-0.0	5683617403550.694	2581397963951393.0
-0.0	638915091620.2837	2578978227171132.0
-0.0	3480121347.098227	2578737799432974.5
-0.0	-3.677996928678287	2578705388692579.5
-0.0	3.489930703228182	2578720509246050.5
-0.0	-1.4143219913386065	2578728768254576.5
-0.0	-0.6697025746804623	2578730655515320.0
-0.0	-0.6888088870824255	2578730655515320.5
-0.0	-2.11955601560817	2578728768254578.5
-0.0	-0.54460494818481	2578720509246055.5
-0.0	14.737860006369395	2578705388692573.0
-0.0	-3480121355.930346	2578737799432970.5
-0.0	-638915091622.3246	2578978227171133.5
-0.0	-5683617403543.6	2581397963951394.0
-0.0	-41753362841347.91	2646037914268134.0
-0.0	-132895919665644.25	2781786508240880.5
-0.0	-459611140709875.94	2955566911742619.5
-0.0	296333934512226.2	1973532106459386.2
-0.0	76795686359202.78	1840049818568475.8
-0.0	20287672474799.79	1768430752979706.0
-0.0	2276987475375.068	1765797733948431.5
-0.0	205933893967.3393	1765729977171919.5
-0.0	1086035322.0140865	1765701919636162.5
-0.0	-2.6400745844407596	1765699948012399.5
-0.0	2.6070839480281784	1765702450262476.5
-0.0	-1.233070010414807	1765703654470990.2
-0.0	-0.1650562479768129	1765703943208433.2
-0.0	-0.4562530807576746	1765703943208433.2
-0.0	-1.8437894810110411	1765703654470989.0
-0.0	-0.8106127648700395	1765702450262478.5
-0.0	9.678433170172456	1765699948012397.2
-0.0	-1086035327.8968015	1765701919636160.8
-0.0	-205933893968.34525	1765729977171920.5
-0.0	-2276987475369.9834	1765797733948433.5
-0.0	-20287672474799.06	1768430752979711.5
-0.0	-76795686359194.72	1840049818568474.8
-0.0	-296333934512233.75	1973532106459378.8
-0.0	83764801960873.77	973550061622665.9
-0.0	13882384099122.756	897505421861973.1
-0.0	746832205841.3673	894145240835935.9
-0.0	-300982526951.30927	894133636603268.9
-0.0	-63305026246.74321	894127991390254.1
-0.0	-356564614.9409049	894126741324924.5
-0.0	-1.106848862701396	894127001635062.9
-0.0	1.0402676209102764	894127297620684.4
-0.0	-0.4609143866920106	894127408965860.0
-0.0	0.010221887020311826	894127434212932.6
-0.0	-0.25769450871163224	894127434212932.9
-0.0	-0.664052794668581	894127408965859.8
-0.0	-0.47708934456506785	894127297620685.0
-0.0	3.470811747209429	894127001635062.4
-0.0	356564613.31251144	894126741324923.6
-0.0	63305026246.100746	894127991390254.8
-0.0	300982526953.3326	894133636603269.0
-0.0	-746832205840.9863	894145240835938.0
-0.0	-13882384099120.047	897505421861973.4
-0.0	-83764801960876.27	973550061622663.5
-0.0	-14107627010741.92	241089424289065.53
-0.0	-8447666677132.463	236825593108290.75
-0.0	-3896899561008.457	236825347406058.44
-0.0	-624513174925.0305	236825318129000.94
-0.0	-71957925459.95302	236825309674686.06
-0.0	-388701018.41992444	236825310741203.44
-0.0	-0.26719488463944413	236825313061053.66
-0.0	0.09168882455057947	236825314238591.1
-0.0	0.025546471032588274	236825314596900.62
-0.0	-0.019542450530916317	236825314670329.38
-0.0	-0.006970812089137065	236825314670329.44
-0.0	-0.10208602206252664	236825314596900.56
-0.0	0.013179887572581313	236825314238591.12
-0.0	0.018922968583437005	236825313061053.7
-0.0	388701018.84389776	236825310741203.53
-0.0	71957925459.72064	236825309674686.06
-0.0	624513174925.3302	236825318129001.0
-0.0	3896899561008.6724	236825347406058.72
-0.0	8447666677132.295	236825593108290.84
-0.0	14107627010741.873	241089424289065.56
-0.0	-21259623965443.016	9614662144453.09
-0.0	-6100853172958.692	9614449592645.766
-0.0	-1769430163612.7007	9614449592646.0
-0.0	-201942040442.39285	9614449592645.824
-0.0	-17275036740.82546	9614449592645.934
-0.0	-89290775.6617245	9614449592646.127
-0.0	0.13967211185879527	9614449592645.973
-0.0	-0.08065306120141491	9614449592645.977
-0.0	0.14876532678535745	9614449592645.916
-0.0	0.06297745439073892	9614449592645.979
-0.0	0.08932132942541733	9614449592645.988
-0.0	0.13887881453695627	9614449592645.986
-0.0	0.07378519049766626	9614449592645.98
-0.0	-0.5227216052851541	9614449592645.963
-0.0	89290776.28427568	9614449592646.066
-0.0	17275036740.857426	9614449592645.951
-0.0	201942040442.25797	9614449592645.78
-0.0	1769430163612.8523	9614449592645.844
-0.0	6100853172958.324	9614449592645.758
-0.0	21259623965443.438	9614662144453.389
-0.0	-7166487837995.012	462819485.7401762
-0.0	-1173897872466.1494	462819485.8631477
-0.0	-93623909021.73161	462819485.95142937
-0.0	17645804964.16395	462819485.7541187
-0.0	4407350007.955225	462819485.80480886
-0.0	26075691.542712208	462819485.8924511
-0.0	0.11480989440939893	462819485.8419603
-0.0	-0.06778717270602158	462819485.90446484
-0.0	0.059662584038426385	462819485.83176994
-0.0	0.02517133957765279	462819485.82026476
-0.0	0.03297107240831321	462819485.8082169
-0.0	0.0730728086729337	462819485.8213008
-0.0	0.028699692829761158	462819485.8277141
-0.0	-0.2862668893740194	462819485.83414465
-0.0	-26075691.331492856	462819485.9031748
-0.0	-4407350007.868425	462819485.8177586
-0.0	-17645804964.296593	462819485.70129526
-0.0	93623909021.74298	462819485.8114357
-0.0	1173897872466.0051	462819485.82424045
-0.0	7166487837995.233	462819485.90981245
-0.0	273434514663.4399	-0.025775502294031697
-0.0	438472622756.259	0.0070266244743198295
-0.0	218022869121.0706	0.03764267839232471
-0.0	35578445620.15449	-0.017560712130754445
-0.0	4171768088.1188507	0.0033174092313479173
-0.0	23148378.00196805	0.021065007034607015
-0.0	0.04045227775588602	0.006277857569443242
-0.0	-0.018489436381407605	0.011047984761100624
-0.0	0.00735871928091982	-0.002877762536585069
-0.0	0.007067578318035566	0.0026442266324035605
-0.0	0.00714998132396728	0.0040911012022387125
-0.0	0.01753381858461674	0.0013087422265461817
-0.0	0.007614859104565225	-0.00033068318048263726
-0.0	-0.04053425530500846	0.008070761651526388
-0.0	-23148378.005747512	0.02560880657382781
-0.0	-4171768088.087606	-0.0005521818343429825
-0.0	-35578445620.19941	-0.029543235550304515
-0.0	-218022869121.08752	-0.0030067282010518663
-0.0	-438472622756.2633	0.009751546752525358
-0.0	-273434514663.4129	0.015444228224323168
-0.0	1373760326398.5674	0.012514312478075839
-0.0	384279642872.7838	5.739887658417676e-05
-0.0	112696605702.58821	-0.008539857046048758
-0.0	14060948749.218525	-0.004489673636027633
-0.0	1380374668.4994922	-0.005182936188043485
-0.0	7532886.193212206	-0.004687246975644664
-0.0	-0.011070824826403553	-0.000991318554571777
-0.0	-0.0031259961395315628	-8.092317534934816e-05
-0.0	-0.017443409351281317	0.000880968367479536
-0.0	-0.010144255249679875	-0.0024594024807345193
-0.0	-0.009314136925532221	-0.0036104967216893024
-0.0	-0.012472301637163417	-0.002515912462907828
-0.0	-0.008608398148675889	-0.0036793751358419014
-0.0	0.026825559379366648	-0.006671174441479876
-0.0	-7532886.244108489	-0.006274800119161685
-0.0	-1380374668.511981	-0.003640075083973497
-0.0	-14060948749.225473	-0.003229414757643035
-0.0	-112696605702.60468	-0.007543125263824637
-0.0	-384279642872.7686	-0.005996821468644843
-0.0	-1373760326398.5999	-0.004816088113891084
-0.0	729847751725.1486	0.043510540933683534
-0.0	142995005380.89117	0.035277067101835945
-0.0	31592448784.799896	0.0308898986034847
-0.0	3268784707.2285542	0.05068989449431225
-0.0	277656075.6363228	0.0479505354190343
-0.0	1496448.5898777542	0.04345751962197609
-0.0	-0.006679025723213874	0.04835181409985936
-0.0	0.0077567151847840075	0.04699927650052538
-0.0	-0.005746923189134868	0.05209435945332282
-0.0	-0.0010432287245741802	0.04818120608791256
-0.0	-0.0007115347398632438	0.04764708735104886
-0.0	-0.0059946884349020525	0.0489288115541513
-0.0	3.177738821921558e-05	0.050990639009151954
-0.0	0.03019150417491452	0.04723974210927682
-0.0	-1496448.6079001825	0.04052789551035857
-0.0	-277656075.638912	0.047076969908238175
-0.0	-3268784707.214643	0.05347201375357929
-0.0	-31592448784.800198	0.04015688381319032
-0.0	-142995005380.87576	0.03531948038181377
-0.0	-729847751725.1643	0.02678448305558895
-0.0	234734717073.33118	0.02103103912471556
-0.0	34968969017.1854	0.01914594285205238
-0.0	6000997418.605078	0.016772856200324406
-0.0	519320370.860877	0.026167626510316216
-0.0	38102741.368517734	0.024825649580400032
-0.0	202735.97464613107	0.02328639539119869
-0.0	-0.004975356631151545	0.025441824597154772
-0.0	0.0036588774936846397	0.023270025753024344
-0.0	-0.0015361288371933048	0.026979723507863915
-0.0	-0.0003232000051033837	0.025889961471339713
-0.0	-0.00034600248845962955	0.026110632652524984
-0.0	-0.002805531341690406	0.027812043435240026
-0.0	-0.00034019500818735157	0.02672379024192797
-0.0	0.012414546395946979	0.02475888884833783
-0.0	-202735.98080275074	0.022057076378741197
-0.0	-38102741.37086477	0.024998744476707694
-0.0	-519320370.85339004	0.02784642803669328
-0.0	-6000997418.603723	0.023068151903165805
-0.0	-34968969017.17994	0.018595019910064917
-0.0	-234734717073.33783	0.01338749254189144
-0.0	53283265524.11871	0.002545404684802131
-0.0	6158293892.210426	0.0007720392700888704
-0.0	824674072.9142834	-0.00047260262474817005
-0.0	59586319.27569361	0.002173249813731872
-0.0	3740769.6687990953	0.0012948799383650806
-0.0	19607.873953250735	2.037243112292136e-05
-0.0	-0.001997773148251728	0.0011078576130105022
-0.0	0.0007387051227014605	0.0006216245439181251
-0.0	-0.0007632427068375323	0.0016048933588161383
-0.0	-0.00043506320781238293	0.0010172195765977953
-0.0	-0.0006104333125254273	0.000978414158050954
-0.0	-0.001242867663863036	0.0011242265283479
-0.0	-0.0005050987514538996	0.0009683843673083973
-0.0	0.0033253413247574266	0.0008331775044270687
-0.0	-19607.876249228815	-0.000164299685964201
-0.0	-3740769.670280204	0.0011526578729072331
-0.0	-59586319.274074666	0.002557996601463552
-0.0	-824674072.9145207	0.0011492821990598243
-0.0	-6158293892.209531	0.0008213763064198823
-0.0	-53283265524.12113	-2.572086333280957e-05
-0.0	8974381660.037786	0.00028281810346333827
-0.0	794469261.7542169	-0.00014006406205827122
-0.0	82752388.94747269	-0.0004601332466684888
-0.0	5061171.310727622	3.591543359946715e-05
-0.0	269508.55810764397	-0.0001299236977543943
-0.0	1387.0205707343837	-0.00033548647272822947
-0.0	-0.00023471087567252213	-9.380191092432369e-05
-0.0	0.00045696673670616927	-0.00030011932845970947
-0.0	8.400026369603787e-05	-9.53174706661052e-05
-0.0	0.0001572987197518993	-0.00010263117218815059
-0.0	9.103452788857816e-05	-0.00012591089821258335
-0.0	-5.4349462744206656e-06	-0.00017051275530890317
-0.0	0.0001359973958170206	-0.0001378637387581888
-0.0	0.0009760246528218152	-0.0001538389141845407
-0.0	-1387.0204926283686	-0.00043114872818359324
-0.0	-269508.55796940956	-0.00010441503756928209
-0.0	-5061171.309924533	0.00014855421486931447
-0.0	-82752388.94705842	-9.262864648956813e-05
-0.0	-794469261.7536892	-0.00015819747223795263
-0.0	-8974381660.038015	-0.00028780103798828333
-0.0	1150366115.2440424	-28.316137956964756
-0.0	71433623.85621414	-50.2769789799142
-0.0	5662157.47922132	-64.71670200955221
-0.0	320085.32388308295	-69.74787522712734
-0.0	14477.497897365767	-72.01387284890068
-0.0	72.82562063007035	-72.82556787978369
-0.0	-9.93546254251232e-05	-73.05552345163153
-0.0	1.3706570465915302e-05	-73.10692955318105
-0.0	-3.7135393432954505e-05	-73.11593948541852
-0.0	-3.772959315438642e-05	-73.11719822545714
-0.0	-3.5224419765885456e-05	-73.1171820898956
-0.0	-6.239113180867624e-05	-73.11595440249329
-0.0	-3.53797082720599e-05	-73.1069151332443
-0.0	9.811945969026734e-05	-73.05553102984487
-0.0	-72.8257092718425	-72.82558149249977
-0.0	-14477.497986414142	-72.01388191828019
-0.0	-320085.3238541664	-69.74786511712175
-0.0	-5662157.4792439565	-64.71664833530637
-0.0	-71433623.8562247	-50.276970110509396
-0.0	-1150366115.2441638	-28.316231216802173
-0.0	113828715.56830363	-240.09357317990595
-0.0	3754903.2011207007	-430.1956000874049
-0.0	227204.65802216035	-521.8191083722593
-0.0	15481.618798163378	-568.0818330193354
-0.0	586.3174805555341	-586.3175252229881
-0.0	2.866025072142988	-592.7215722025088
-0.0	-8.21215885089341e-06	-594.4985163954923
-0.0	5.206093289653842e-06	-594.8796483270017
-0.0	-1.2892737863432746e-06	-594.9410006917171
-0.0	-5.271160671819369e-07	-594.9479492442961
-0.0	-3.286004670174925e-07	-594.9479485938331
-0.0	-3.849029170849211e-06	-594.9410014306493
-0.0	7.583005518880441e-08	-594.8796461695598
-0.0	1.590363149733716e-05	-594.4985163045296
-0.0	-2.866028853824924	-592.7215740813787
-0.0	-586.3174857096016	-586.3175259415918
-0.0	-15481.618788610709	-568.0818327187629
-0.0	-227204.6580187599	-521.8191015839785
-0.0	-3754903.201117395	-430.1955990273191
-0.0	-113828715.56831713	-240.0935846563565
-0.0	8357047.086496858	-278.1034677504453
-0.0	288332.3779047658	-545.3032819794961
-0.0	42718.944555336464	-778.5270490335773
-0.0	1071.8653273276543	-1071.8653250627178
-0.0	18.063374399392117	-1196.3750524793936
-0.0	0.08512374916771112	-1087.527194526033
-0.0	-3.498690565499274e-06	-883.9460958518398
-0.0	-1.7618672877721366e-06	-732.4030713323431
-0.0	-2.3688049828770808e-06	-663.3947264651812
-0.0	-2.238253710923212e-06	-642.7824429604584
-0.0	-2.3024706946149342e-06	-642.7824429913168
-0.0	-2.648015264585846e-06	-663.3947266246558
-0.0	-2.4486377002527353e-06	-732.4030710138202
-0.0	-8.822318480653525e-07	-883.9460959236135
-0.0	-0.08512959149717231	-1087.527194538364
-0.0	-18.063379765233144	-1196.375052458375
-0.0	-1071.865330177837	-1071.8653248130622
-0.0	-42718.94455781738	-778.5270483891268
-0.0	-288332.37790691026	-545.3032820343263
-0.0	-8357047.086500369	-278.1034687633624
-0.0	217631.10730369107	-228.18442705628982
-0.0	200424.4704372488	-13664.165518912447
-0.0	25871.742250400875	-25871.742250365827
-0.0	278.3106522645987	-31324.47685811857
-0.0	0.4281843146938357	-27828.88194647775
-0.0	0.0019174325932426227	-18438.515591886684
-0.0	-2.9294133217909214e-07	-9290.77195242645
-0.0	-7.802554551713556e-08	-3817.6810333268268
-0.0	-1.2007428472611756e-07	-1589.528767352369
-0.0	-1.0092984343180106e-07	-964.5783435159353
-0.0	-1.0456320716487808e-07	-964.5783435090354
-0.0	-1.3522522288462113e-07	-1589.5287673645112
-0.0	-1.39082725448422e-07	-3817.6810333049175
-0.0	2.8538798717954877e-08	-9290.771952415644
-0.0	-0.001917998044531165	-18438.51559189777
-0.0	-0.42818492849143486	-27828.881946486672
-0.0	-278.310652524914	-31324.476858055106
-0.0	-25871.742250658815	-25871.742250261028
-0.0	-200424.47043729937	-13664.165518900121
-0.0	-217631.10730332212	-228.18442710742735
-0.0	-96179.53390035834	3213.3757019738205
-0.0	83122.83658569967	-83122.83658570876
-0.0	8675.242041382357	-146661.5753268798
-0.0	79.83258289103892	-161806.62077379294
-0.0	0.00913617693855796	-131141.70790590186
-0.0	2.9658771843646732e-05	-80245.01633467824
-0.0	-7.168069053188629e-11	-37382.75455012374
-0.0	1.520350567946436e-08	-13545.578454559034
-0.0	3.864353959570476e-09	-4184.655033014609
-0.0	3.6907505503252744e-09	-1590.1750115210061
-0.0	3.1477845260465798e-09	-1590.175011519303
-0.0	2.7454474343927966e-09	-4184.65503301146
-0.0	7.716236995059443e-09	-13545.57845455233
-0.0	5.4645267566272084e-08	-37382.75455012701
-0.0	-2.9620622155995648e-05	-80245.01633469164
-0.0	-0.009136117072658257	-131141.70790590605
-0.0	-79.832582738692	-161806.62077378348
-0.0	-8675.242041299092	-146661.57532683096
-0.0	-83122.83658562567	-83122.8365856947
-0.0	96179.53390057974	3213.3757020001267
-0.0	-32638.022231250165	32638.022231249262
-0.0	18869.16231173778	-315098.9869892848
-0.0	1557.8107443464366	-546531.42076161
-0.0	12.627423317287125	-583624.8280692429
-0.0	0.0003554610704807376	-456552.0490887717
-0.0	2.867195863756637e-07	-271032.2045419318
-0.0	-4.425321165007066e-09	-123356.09756211344
-0.0	7.060957713107345e-10	-43596.735509950064
-0.0	-1.1539357375188368e-10	-12584.61793799692
-0.0	-5.5954423919069016e-11	-3944.5753362988303
-0.0	-5.505076892111955e-11	-3944.5753362933656
-0.0	-3.2104866586404815e-10	-12584.61793798397
-0.0	-2.978070522090217e-10	-43596.73550993843
-0.0	6.8396486771325225e-09	-123356.09756211542
-0.0	-2.928561255551613e-07	-271032.2045419509
-0.0	-0.0003554714547271273	-456552.0490888
-0.0	-12.627423299662745	-583624.8280692637
-0.0	-1557.8107443444273	-546531.4207615955
-0.0	-18869.162311731052	-315098.9869892517
-0.0	32638.02223132363	32638.0222313231
