400
0.0	-7.117869376878745e+19	-7.117876172023527e+19
0.0	6.453712140952147e+19	-3.5874017927311255e+20
0.0	1.4694644638093767e+19	-6.020715350797225e+20
0.0	3.3324838542278443e+19	-6.422696059756198e+20
0.0	7.375733733663548e+18	-6.548537919061152e+20
0.0	-2.1404353647485642e+18	-5.6989132545371007e+20
0.0	9.764230941078809e+18	-5.590375956407332e+20
0.0	-5.29156956680805e+17	-5.772308785916666e+20
0.0	3.689319212350877e+17	-5.938824843587691e+20
0.0	1.8099754620685967e+18	-6.086105686607091e+20
0.0	-1.809975462068716e+18	-6.086105686606555e+20
0.0	-3.689319212372092e+17	-5.938824843586297e+20
0.0	5.291569566842433e+17	-5.7723087859150186e+20
0.0	-9.76423094107789e+18	-5.590375956406165e+20
0.0	2.140435364750099e+18	-5.698913254536657e+20
0.0	-7.375733733667551e+18	-6.548537919060987e+20
0.0	-3.3324838542266155e+19	-6.422696059755744e+20
0.0	-1.4694644638092302e+19	-6.020715350796352e+20
0.0	-6.453712140949984e+19	-3.587401792730238e+20
0.0	7.117869376876244e+19	-7.1178761720212505e+19
0.0	-1.8229162261927576e+20	3.149250762121149e+19
0.0	1.0136937586392313e+20	5.211392900139843e+20
0.0	9.204581013324734e+19	-4.696945840608253e+19
0.0	-3.008481943813703e+18	4.349339436813479e+20
0.0	5.137551799006133e+19	3.9416252007882444e+20
0.0	-5.624915202242816e+19	1.1047046921477067e+21
0.0	2.0832263838347063e+19	9.10427677235865e+20
0.0	3.853749821073055e+18	9.707054868929357e+20
0.0	-1.2621908251341337e+19	9.974502863330977e+20
0.0	1.179710573248089e+19	9.668036522962382e+20
0.0	-1.1797105732488047e+19	9.668036522963962e+20
0.0	1.2621908251336559e+19	9.974502863334493e+20
0.0	-3.853749821060158e+18	9.707054868930535e+20
0.0	-2.083226383834301e+19	9.104276772360449e+20
0.0	5.62491520224375e+19	1.1047046921478375e+21
0.0	-5.137551799007537e+19	3.9416252007879777e+20
0.0	3.008481943850908e+18	4.3493394368126065e+20
0.0	-9.204581013323493e+19	-4.6969458406145114e+19
0.0	-1.0136937586390722e+20	5.2113929001397754e+20
0.0	1.8229162261922752e+20	3.1492507621199077e+19
0.0	-1.1065773815511509e+20	2.4693615113524864e+18
0.0	7.2411514560293265e+19	5.792199619442891e+19
0.0	3.9421913212508596e+20	-2.8437050306664403e+22
0.0	6.404419537546909e+20	2.350112272896587e+21
0.0	7.237294209680363e+19	-1.1607883090023475e+22
0.0	-7.657845515457556e+19	1.4857596768143385e+22
0.0	2.639836562321424e+20	3.1000353136119445e+21
0.0	-6.3623004094003724e+19	2.592676225951834e+21
0.0	1.2869099267428336e+19	5.922439104778659e+21
0.0	5.6273095798491144e+19	3.380501893201496e+21
0.0	-5.627309579811119e+19	3.3805018932033864e+21
0.0	-1.2869099267966585e+19	5.922439104791506e+21
0.0	6.362300409395874e+19	2.592676225953244e+21
0.0	-2.6398365623163476e+20	3.100035313615583e+21
0.0	7.657845515380946e+19	1.4857596768141712e+22
0.0	-7.237294209614069e+19	-1.1607883090029806e+22
0.0	-6.404419537546931e+20	2.3501122728969028e+21
0.0	-3.942191321265924e+20	-2.8437050306661395e+22
0.0	-7.241151456030284e+19	5.792199619396989e+19
0.0	1.1065773815510629e+20	2.4693615113494984e+18
0.0	1.3305971470901807e+19	2.988501536292834e+18
0.0	2.0967581088061928e+20	1.5087756244565832e+19
0.0	8.986845762457066e+19	2.458776746041555e+21
0.0	4.203412113183946e+20	3.011260535619787e+21
0.0	-4.548069683644866e+19	7.910629020687666e+21
0.0	4.956904814927842e+19	1.6265369501107204e+22
0.0	1.563678931477949e+20	1.1248875548198344e+22
0.0	-2.2771664540814143e+19	1.2175522694505465e+22
0.0	3.6770118521587036e+19	1.3028033818166945e+22
0.0	1.4684073119655287e+19	1.2321844901610451e+22
0.0	-1.4684073119584743e+19	1.2321844901614052e+22
0.0	-3.677011852169911e+19	1.3028033818169161e+22
0.0	2.277166454081263e+19	1.2175522694506725e+22
0.0	-1.5636789314756395e+20	1.1248875548198037e+22
0.0	-4.9569048149564645e+19	1.6265369501108145e+22
0.0	4.548069683660691e+19	7.910629020687733e+21
0.0	-4.203412113184623e+20	3.0112605356196176e+21
0.0	-8.986845762489601e+19	2.4587767460405864e+21
0.0	-2.09675810880708e+20	1.5087756244559718e+19
0.0	-1.3305971470870704e+19	2.9885015362976497e+18
0.0	6.076026520082896e+19	-1.055663874171653e+18
0.0	2.346013826046063e+20	-5.000679983568229e+19
0.0	7.415203804843662e+19	-1.243638726981942e+22
0.0	4.456716953412244e+20	6.932268312706672e+21
0.0	-6.73513979751459e+19	1.0581994836951816e+22
0.0	4.987657284976808e+19	3.779995600941844e+22
0.0	1.1500508489739932e+20	2.4029592629632557e+22
0.0	-3.0645582680595124e+19	2.5309338759184616e+22
0.0	3.4409904507907883e+19	2.9242843324377958e+22
0.0	1.3743137668088197e+19	2.6363436033292533e+22
0.0	-1.3743137668067019e+19	2.636343603329248e+22
0.0	-3.4409904507920716e+19	2.9242843324381053e+22
0.0	3.064558268056272e+19	2.5309338759194284e+22
0.0	-1.1500508489706755e+20	2.40295926296469e+22
0.0	-4.9876572850358845e+19	3.779995600941867e+22
0.0	6.735139797540204e+19	1.0581994836941995e+22
0.0	-4.456716953413393e+20	6.932268312706384e+21
0.0	-7.415203804893097e+19	-1.2436387269817546e+22
0.0	-2.3460138260465946e+20	-5.0006799835508646e+19
0.0	-6.076026520080267e+19	-1.0556638741701297e+18
0.0	3.3140947544058216e+19	2.5944112919993235e+17
0.0	1.2229181775322435e+20	3.3152065601058787e+20
0.0	-6.276212636640087e+19	1.4281556141584876e+22
0.0	1.6487324565731184e+20	1.5206211218562282e+22
0.0	-4.681738617968863e+19	3.7901866087395235e+22
0.0	4.441792766565845e+19	6.338652461080202e+22
0.0	3.3936105545523122e+19	4.677483852385822e+22
0.0	-1.0781777775811131e+19	5.107594356443623e+22
0.0	1.3336548639169135e+19	5.409665348120342e+22
0.0	2.6212257312618848e+17	5.19617699036506e+22
0.0	-2.6212257313411552e+17	5.196176990365955e+22
0.0	-1.3336548639161704e+19	5.409665348121104e+22
0.0	1.0781777775834835e+19	5.1075943564442046e+22
0.0	-3.3936105545502716e+19	4.677483852386902e+22
0.0	-4.44179276656475e+19	6.338652461080597e+22
0.0	4.6817386179671106e+19	3.7901866087391066e+22
0.0	-1.6487324565727802e+20	1.520621121856007e+22
0.0	6.276212636643762e+19	1.428155614158818e+22
0.0	-1.2229181775317048e+20	3.3152065601075315e+20
0.0	-3.3140947544072565e+19	2.59441129200561e+17
0.0	-8.441847549979751e+18	-2.5219207856194954e+17
0.0	-1.1816713214369765e+19	1.1018157248848426e+20
0.0	-2.1895043244027937e+19	2.423600605447064e+21
0.0	-1.1851519455617786e+16	1.0168281662269363e+22
0.0	-6.880536568572687e+18	2.407319347018854e+22
0.0	-1.1298526152342112e+18	4.6732719286369995e+22
0.0	-1.4068681602185283e+18	3.2062357591838834e+22
0.0	1.0747172933888161e+18	3.4606492211668916e+22
0.0	-2.1317430288014835e+18	3.779880815841472e+22
0.0	8.568373672734656e+17	3.5634545982449725e+22
0.0	-8.568373672798758e+17	3.563454598245614e+22
0.0	2.1317430288098432e+18	3.779880815841716e+22
0.0	-1.0747172933964348e+18	3.4606492211664923e+22
0.0	1.4068681602948314e+18	3.2062357591846266e+22
0.0	1.1298526153018097e+18	4.673271928635658e+22
0.0	6.880536568566337e+18	2.4073193470185397e+22
0.0	1.185151962329155e+16	1.0168281662268067e+22
0.0	2.189504324423048e+19	2.423600605445857e+21
0.0	1.1816713214491257e+19	1.1018157248860532e+20
0.0	8.441847549939023e+18	-2.521920785631818e+17
0.0	-2.332081493504236e+19	8.027606749870862e+16
0.0	-4.344705655956728e+19	2.16721061345572e+20
0.0	1.5370539436634718e+19	1.8946075697106987e+21
0.0	-3.0867710428178874e+19	1.1043035403382761e+22
0.0	9.751022603380543e+18	2.534389544269893e+22
0.0	-1.5450285794778888e+19	5.103859920285688e+22
0.0	-4.559132994888835e+18	3.461196227901545e+22
0.0	3.3279842108150774e+18	3.704487792848697e+22
0.0	-5.448268980480092e+18	4.044735035292276e+22
0.0	1.8615546302843213e+18	3.789813113363553e+22
0.0	-1.861554630294967e+18	3.789813113364261e+22
0.0	5.448268980473899e+18	4.044735035293701e+22
0.0	-3.3279842108004485e+18	3.7044877928478953e+22
0.0	4.5591329949209487e+18	3.4611962279001472e+22
0.0	1.5450285794799008e+19	5.103859920284974e+22
0.0	-9.751022603355855e+18	2.5343895442692717e+22
0.0	3.086771042835273e+19	1.1043035403381304e+22
0.0	-1.5370539436464964e+19	1.8946075697077423e+21
0.0	4.344705655965608e+19	2.167210613455212e+20
0.0	2.3320814935015772e+19	8.027606749824741e+16
0.0	-1.3606696204782733e+19	-5.542464461926703e+16
0.0	-1.4119241572672487e+19	2.2065108900108203e+20
0.0	1.9940084390312235e+19	5.225520702240526e+21
0.0	-1.6477837432715418e+18	1.189135358051596e+22
0.0	8.850441389266259e+18	2.9264396028740268e+22
0.0	-8.883851053120784e+18	5.405375575418107e+22
0.0	3.006916897091033e+18	3.779893816654478e+22
0.0	1.6151268590119437e+18	4.044197329032978e+22
0.0	-2.3501558435053394e+18	4.368107936844623e+22
0.0	1.8314467636487365e+18	4.120078612412753e+22
0.0	-1.831446763656003e+18	4.12007861241471e+22
0.0	2.3501558434893056e+18	4.368107936844917e+22
0.0	-1.6151268590017298e+18	4.044197329031996e+22
0.0	-3.006916897119959e+18	3.779893816654281e+22
0.0	8.883851053144705e+18	5.405375575418504e+22
0.0	-8.850441389273221e+18	2.9264396028740767e+22
0.0	1.647783743330952e+18	1.1891353580516822e+22
0.0	-1.9940084390352585e+19	5.225520702235676e+21
0.0	1.411924157268474e+19	2.2065108900094748e+20
0.0	1.3606696204792205e+19	-5.542464461954566e+16
0.0	-2.897395220447108e+18	3.933968079888459e+16
0.0	9.111027234206542e+17	2.2165918624577136e+20
0.0	7.135694506177656e+18	2.645320704434523e+21
0.0	5.667909612938066e+18	1.1174745534303775e+22
0.0	2.847825882242025e+18	2.637990192487959e+22
0.0	-1.705696219161699e+18	5.192051635932908e+22
0.0	2.7352294659414953e+18	3.5637125708815647e+22
0.0	2.88256641010749e+17	3.789562157690889e+22
0.0	-2.218627174404893e+17	4.120390344366395e+22
0.0	6.901484601460362e+17	3.862626370630628e+22
0.0	-6.901484601560925e+17	3.862626370631767e+22
0.0	2.2186271743399974e+17	4.120390344368211e+22
0.0	-2.882566410149169e+17	3.789562157691415e+22
0.0	-2.735229466027809e+18	3.563712570881132e+22
0.0	1.705696219195269e+18	5.19205163593071e+22
0.0	-2.847825882301184e+18	2.637990192487573e+22
0.0	-5.667909613000702e+18	1.1174745534301095e+22
0.0	-7.135694506398108e+18	2.645320704431672e+21
0.0	-9.111027234640182e+17	2.2165918624576884e+20
0.0	2.897395220478951e+18	3.933968079899203e+16
0.0	2.897395220446245e+18	3.933968079859053e+16
0.0	-9.111027234279688e+17	2.2165918624553635e+20
0.0	-7.13569450625464e+18	2.645320704436569e+21
0.0	-5.667909612734703e+18	1.117474553430425e+22
0.0	-2.8478258823206666e+18	2.637990192488842e+22
0.0	1.7056962192845507e+18	5.19205163593274e+22
0.0	-2.7352294660356895e+18	3.563712570880332e+22
0.0	-2.8825664102404506e+17	3.789562157690497e+22
0.0	2.2186271743276253e+17	4.12039034436582e+22
0.0	-6.901484601801784e+17	3.862626370630096e+22
0.0	6.901484601748151e+17	3.862626370631052e+22
0.0	-2.2186271742791834e+17	4.120390344366885e+22
0.0	2.8825664101552826e+17	3.78956215769164e+22
0.0	2.735229465950346e+18	3.563712570881119e+22
0.0	-1.705696219254054e+18	5.1920516359308486e+22
0.0	2.8478258822529725e+18	2.6379901924875163e+22
0.0	5.667909612607105e+18	1.1174745534301412e+22
0.0	7.135694506042296e+18	2.645320704435749e+21
0.0	9.111027233629585e+17	2.2165918624583936e+20
0.0	-2.8973952204226135e+18	3.9339680798617016e+16
0.0	1.3606696204753482e+19	-5.542464461992101e+16
0.0	1.4119241572688187e+19	2.2065108900100882e+20
0.0	-1.9940084390201987e+19	5.225520702237633e+21
0.0	1.647783743438524e+18	1.1891353580522472e+22
0.0	-8.850441389223099e+18	2.9264396028749017e+22
0.0	8.883851053105016e+18	5.405375575421087e+22
0.0	-3.006916897081055e+18	3.779893816654438e+22
0.0	-1.615126859009344e+18	4.0441973290320894e+22
0.0	2.3501558434918615e+18	4.368107936843629e+22
0.0	-1.8314467636474432e+18	4.120078612413556e+22
0.0	1.8314467636481144e+18	4.120078612414061e+22
0.0	-2.350155843483482e+18	4.368107936844125e+22
0.0	1.615126858999647e+18	4.0441973290326255e+22
0.0	3.006916897036665e+18	3.7798938166553544e+22
0.0	-8.88385105312398e+18	5.4053755754199044e+22
0.0	8.850441389203275e+18	2.92643960287485e+22
0.0	-1.647783743576763e+18	1.1891353580520203e+22
0.0	1.994008439013499e+19	5.225520702232172e+21
0.0	-1.4119241572753928e+19	2.206510890012392e+20
0.0	-1.3606696204756673e+19	-5.5424644619770376e+16
0.0	2.332081493501235e+19	8.027606749767725e+16
0.0	4.344705655960834e+19	2.1672106134555627e+20
0.0	-1.5370539436420975e+19	1.8946075697093052e+21
0.0	3.0867710428231795e+19	1.1043035403384707e+22
0.0	-9.75102260324249e+18	2.53438954427035e+22
0.0	1.5450285794665791e+19	5.103859920287477e+22
0.0	4.559132994968744e+18	3.461196227901102e+22
0.0	-3.327984210799855e+18	3.704487792848322e+22
0.0	5.448268980488137e+18	4.0447350352914535e+22
0.0	-1.8615546302564902e+18	3.789813113362831e+22
0.0	1.8615546302696494e+18	3.789813113364082e+22
0.0	-5.448268980476515e+18	4.0447350352924274e+22
0.0	3.327984210800673e+18	3.704487792848299e+22
0.0	-4.5591329949677066e+18	3.4611962279012822e+22
0.0	-1.5450285794733296e+19	5.103859920285546e+22
0.0	9.751022603297059e+18	2.534389544269289e+22
0.0	-3.0867710428344082e+19	1.104303540338333e+22
0.0	1.5370539436477139e+19	1.8946075697093932e+21
0.0	-4.344705655965119e+19	2.1672106134571044e+20
0.0	-2.3320814935029674e+19	8.027606749834763e+16
0.0	8.441847549990402e+18	-2.521920785621178e+17
0.0	1.1816713214413945e+19	1.101815724884602e+20
0.0	2.189504324410517e+19	2.423600605446264e+21
0.0	1.1851519376076192e+16	1.0168281662269682e+22
0.0	6.880536568636817e+18	2.407319347018457e+22
0.0	1.1298526151859105e+18	4.673271928636161e+22
0.0	1.4068681602636042e+18	3.2062357591832073e+22
0.0	-1.0747172933921335e+18	3.4606492211654357e+22
0.0	2.1317430288233236e+18	3.779880815840925e+22
0.0	-8.56837367265389e+17	3.5634545982454112e+22
0.0	8.568373672672212e+17	3.5634545982454473e+22
0.0	-2.1317430288191667e+18	3.779880815841835e+22
0.0	1.074717293382993e+18	3.4606492211665414e+22
0.0	-1.4068681602393925e+18	3.206235759184473e+22
0.0	-1.1298526152683377e+18	4.67327192863534e+22
0.0	-6.880536568542486e+18	2.4073193470181945e+22
0.0	-1.1851519415959276e+16	1.0168281662267612e+22
0.0	-2.1895043244031267e+19	2.423600605447312e+21
0.0	-1.1816713214411106e+19	1.1018157248860584e+20
0.0	-8.441847549994348e+18	-2.5219207856173613e+17
0.0	-3.314094754401575e+19	2.594411292004057e+17
0.0	-1.2229181775321506e+20	3.31520656010832e+20
0.0	6.276212636629363e+19	1.4281556141584637e+22
0.0	-1.6487324565742138e+20	1.5206211218567764e+22
0.0	4.681738617959388e+19	3.790186608739559e+22
0.0	-4.441792766565166e+19	6.338652461080548e+22
0.0	-3.393610554557761e+19	4.677483852387026e+22
0.0	1.0781777775784884e+19	5.107594356445089e+22
0.0	-1.3336548639160625e+19	5.409665348121713e+22
0.0	-2.621225731555628e+17	5.196176990366358e+22
0.0	2.621225731498017e+17	5.196176990366887e+22
0.0	1.3336548639148472e+19	5.409665348121506e+22
0.0	-1.0781777775832906e+19	5.107594356445053e+22
0.0	3.3936105545664115e+19	4.677483852387951e+22
0.0	4.4417927665573585e+19	6.3386524610822775e+22
0.0	-4.681738617955371e+19	3.7901866087400075e+22
0.0	1.6487324565749563e+20	1.5206211218566139e+22
0.0	-6.276212636626745e+19	1.4281556141587086e+22
0.0	1.222918177532433e+20	3.3152065601091266e+20
0.0	3.314094754403564e+19	2.5944112920013946e+17
0.0	-6.076026520079722e+19	-1.0556638741724635e+18
0.0	-2.3460138260464425e+20	-5.000679983561621e+19
0.0	-7.415203804856089e+19	-1.2436387269815143e+22
0.0	-4.4567169534104994e+20	6.932268312705662e+21
0.0	6.73513979744103e+19	1.0581994836951342e+22
0.0	-4.987657284971212e+19	3.77999560093969e+22
0.0	-1.150050848973174e+20	2.402959262962915e+22
0.0	3.06455826805902e+19	2.5309338759195106e+22
0.0	-3.4409904507918524e+19	2.92428433243859e+22
0.0	-1.3743137668073871e+19	2.6363436033284346e+22
0.0	1.3743137668108542e+19	2.6363436033295402e+22
0.0	3.4409904507874808e+19	2.9242843324386782e+22
0.0	-3.064558268073328e+19	2.5309338759196964e+22
0.0	1.1500508489760095e+20	2.4029592629627e+22
0.0	4.987657284994564e+19	3.779995600939556e+22
0.0	-6.735139797484916e+19	1.0581994836947846e+22
0.0	4.4567169534115833e+20	6.932268312705182e+21
0.0	7.415203804884964e+19	-1.2436387269819914e+22
0.0	2.346013826046401e+20	-5.0006799835510915e+19
0.0	6.0760265200828735e+19	-1.0556638741742291e+18
0.0	-1.3305971470900785e+19	2.988501536297161e+18
0.0	-2.0967581088065772e+20	1.5087756244559596e+19
0.0	-8.986845762459655e+19	2.4587767460429237e+21
0.0	-4.2034121131828714e+20	3.01126053562105e+21
0.0	4.5480696836042105e+19	7.910629020690865e+21
0.0	-4.956904814929479e+19	1.6265369501108076e+22
0.0	-1.563678931476531e+20	1.1248875548198948e+22
0.0	2.2771664540786586e+19	1.2175522694509908e+22
0.0	-3.6770118521723834e+19	1.3028033818171015e+22
0.0	-1.4684073119678956e+19	1.2321844901612752e+22
0.0	1.4684073119595444e+19	1.232184490161439e+22
0.0	3.6770118521581117e+19	1.302803381817277e+22
0.0	-2.2771664540968686e+19	1.2175522694507824e+22
0.0	1.5636789314775515e+20	1.1248875548199174e+22
0.0	4.9569048149347795e+19	1.6265369501105184e+22
0.0	-4.548069683631889e+19	7.91062902068991e+21
0.0	4.203412113182955e+20	3.011260535620234e+21
0.0	8.986845762487165e+19	2.458776746041827e+21
0.0	2.0967581088063137e+20	1.5087756244557396e+19
0.0	1.3305971470923825e+19	2.9885015362944763e+18
0.0	1.106577381551057e+20	2.4693615113466967e+18
0.0	-7.241151456030494e+19	5.792199619412356e+19
0.0	-3.9421913212559275e+20	-2.843705030666761e+22
0.0	-6.404419537544501e+20	2.3501122728991248e+21
0.0	-7.237294209719664e+19	-1.1607883090025322e+22
0.0	7.657845515502672e+19	1.4857596768154798e+22
0.0	-2.63983656231373e+20	3.10003531361273e+21
0.0	6.362300409419105e+19	2.592676225946758e+21
0.0	-1.286909926755025e+19	5.922439104769381e+21
0.0	-5.627309579828673e+19	3.380501893191604e+21
0.0	5.627309579868489e+19	3.3805018931996205e+21
0.0	1.2869099268001884e+19	5.922439104776175e+21
0.0	-6.362300409421812e+19	2.592676225950708e+21
0.0	2.6398365623200337e+20	3.100035313611807e+21
0.0	-7.657845515435929e+19	1.4857596768142043e+22
0.0	7.2372942096871e+19	-1.1607883090032213e+22
0.0	6.404419537544736e+20	2.3501122728972756e+21
0.0	3.942191321266307e+20	-2.8437050306663882e+22
0.0	7.241151456028328e+19	5.7921996194573615e+19
0.0	-1.1065773815509438e+20	2.4693615113483274e+18
0.0	1.8229162261927182e+20	3.1492507621210333e+19
0.0	-1.0136937586395018e+20	5.2113929001409754e+20
0.0	-9.204581013326773e+19	-4.696945840599973e+19
0.0	3.008481943790044e+18	4.349339436814338e+20
0.0	-5.137551799008994e+19	3.941625200790517e+20
0.0	5.6249152022400614e+19	1.1047046921482156e+21
0.0	-2.083226383837883e+19	9.104276772359547e+20
0.0	-3.8537498210996444e+18	9.707054868928486e+20
0.0	1.262190825131617e+19	9.9745028633315e+20
0.0	-1.1797105732511689e+19	9.66803652296392e+20
0.0	1.1797105732455959e+19	9.668036522964495e+20
0.0	-1.2621908251362154e+19	9.974502863334282e+20
0.0	3.8537498210315223e+18	9.707054868930767e+20
0.0	2.083226383830313e+19	9.104276772360041e+20
0.0	-5.624915202246213e+19	1.1047046921480886e+21
0.0	5.137551799005955e+19	3.941625200789196e+20
0.0	-3.008481943870732e+18	4.3493394368135175e+20
0.0	9.204581013324521e+19	-4.69694584057961e+19
0.0	1.0136937586394083e+20	5.211392900140404e+20
0.0	-1.822916226192881e+20	3.1492507621220065e+19
0.0	7.1178693768787665e+19	-7.117876172023816e+19
0.0	-6.453712140952166e+19	-3.5874017927312055e+20
0.0	-1.469464463809359e+19	-6.020715350797416e+20
0.0	-3.332483854228331e+19	-6.422696059756651e+20
0.0	-7.375733733663534e+18	-6.548537919061517e+20
0.0	2.1404353647490435e+18	-5.6989132545369224e+20
0.0	-9.764230941076908e+18	-5.590375956406679e+20
0.0	5.291569566815963e+17	-5.772308785916007e+20
0.0	-3.6893192123452326e+17	-5.938824843587766e+20
0.0	-1.809975462067966e+18	-6.086105686608054e+20
0.0	1.809975462069945e+18	-6.086105686608017e+20
0.0	3.689319212379809e+17	-5.938824843587885e+20
0.0	-5.291569566829799e+17	-5.772308785916681e+20
0.0	9.764230941079802e+18	-5.590375956407876e+20
0.0	-2.1404353647512873e+18	-5.6989132545383216e+20
0.0	7.375733733670855e+18	-6.548537919062705e+20
0.0	3.3324838542277296e+19	-6.422696059757471e+20
0.0	1.4694644638093548e+19	-6.020715350798037e+20
0.0	6.453712140953788e+19	-3.587401792731634e+20
0.0	-7.117869376879308e+19	-7.117876172024332e+19
