32
5.628287175272854e-05
3.0025267975161424e-05
4.3711883199367294e-05
5.083443187431099e-05
5.083443187431099e-05
4.371188319936729e-05
3.0025267975161427e-05
5.628287175272854e-05
9.040743409097165e-06
-5.423021945357706e-06
-1.9483908818989096e-06
5.896782067549438e-07
5.89678206754939e-07
-1.9483908818989104e-06
-5.423021945357709e-06
9.040743409097163e-06
-9.040743409097155e-06
5.423021945357725e-06
1.9483908818989206e-06
-5.89678206754934e-07
-5.896782067549378e-07
1.9483908818989215e-06
5.423021945357717e-06
-9.040743409097158e-06
-5.628287175272853e-05
-3.002526797516138e-05
-4.3711883199367294e-05
-5.083443187431099e-05
-5.083443187431099e-05
-4.3711883199367294e-05
-3.002526797516138e-05
-5.628287175272853e-05
