32
0.000260322774733722
7.382354254762757e-05
9.82939319308132e-05
0.0001233889966075237
0.00012338899660752374
9.829393193081323e-05
7.382354254762753e-05
0.0002603227747337219
2.2698331889828058e-05
-1.1268560427596682e-05
-6.470763938292551e-06
1.9603335305673088e-06
1.9603335305673143e-06
-6.47076393829257e-06
-1.1268560427596717e-05
2.269833188982803e-05
-2.269833188982791e-05
1.1268560427596868e-05
6.4707639382927196e-06
-1.9603335305671796e-06
-1.9603335305671817e-06
6.47076393829272e-06
1.1268560427596858e-05
-2.2698331889828e-05
-0.0002603227747337217
-7.382354254762734e-05
-9.829393193081282e-05
-0.00012338899660752374
-0.0001233889966075237
-9.82939319308128e-05
-7.382354254762732e-05
-0.0002603227747337216
