32
-2695588300.330796
-1451326321.5970883
15348952200.009233
53164331348.16681
81498273646.24692
158170079775.14917
-27438539546.526096
-48575672854.56654
-965820793.5068928
421579876.5484393
9704533303.4653
27138586739.620953
36004251345.253784
-282278714123.497
266618931035.01718
-37668705812.04907
965820793.5068929
-421579876.5484388
-9704533303.465296
-27138586739.620937
-36004251345.25378
282278714123.497
-266618931035.01718
37668705812.04907
2695588300.330796
1451326321.597088
-15348952200.00923
-53164331348.166794
-81498273646.24692
-158170079775.1492
27438539546.52606
48575672854.56654
