32
-27744577533.217766
-46305594986.3972
84300780563.08354
606147055627.0701
1521009254606.6274
2476593036662.6323
2313339576209.4233
1501228943319.5422
-11292493644.317596
-14325571926.211802
62972287890.50105
333543891693.07275
797871192081.3472
-1152579681717.6233
-819952181720.0072
754270646382.3802
11292493644.317595
14325571926.211802
-62972287890.50107
-333543891693.0729
-797871192081.3473
1152579681717.6218
819952181720.0066
-754270646382.3801
27744577533.217762
46305594986.39721
-84300780563.08357
-606147055627.0701
-1521009254606.6274
-2476593036662.632
-2313339576209.423
-1501228943319.5422
