400
0.0	1379428.1868412932	6158880.096285656
0.0	391442.61749366304	5498874.162850849
0.0	178049.37209753605	5321243.06304696
0.0	60964.82784553124	4961725.140847253
0.0	25704.55949414536	4783152.272813903
0.0	12391.09007385978	4709295.481177038
0.0	4139.139021248169	4658427.338200488
0.0	705.6089275398849	4628910.142695288
0.0	24.765663486314548	4620295.739837167
0.0	0.0012743964561014649	4619444.816031327
0.0	-0.0012743982710028308	4619444.816031326
0.0	-24.76566349186393	4620295.739837166
0.0	-705.6089275360522	4628910.142695292
0.0	-4139.139021232666	4658427.338200485
0.0	-12391.090073876218	4709295.481177037
0.0	-25704.559494146033	4783152.272813906
0.0	-60964.82784552143	4961725.1408472555
0.0	-178049.3720975357	5321243.063046971
0.0	-391442.6174936382	5498874.162850859
0.0	-1379428.1868413154	6158880.096285637
0.0	937314.5685113061	4192600.2362472797
0.0	396618.77524134296	4132034.273156768
0.0	189370.8871816028	3926660.274814826
0.0	67351.43446361681	3688370.6104966016
0.0	27105.013492865844	3561976.9168324145
0.0	11196.865480537019	3501691.5246149646
0.0	3211.4128352995217	3467835.9112852584
0.0	481.62704809517777	3455465.259453565
0.0	16.512509534531514	3454110.407419234
0.0	0.0008369152330115733	3454160.792258214
0.0	-0.0008369167351686348	3454160.7922582114
0.0	-16.51250953984137	3454110.4074192336
0.0	-481.62704809072613	3455465.2594535663
0.0	-3211.4128352838834	3467835.9112852556
0.0	-11196.86548055317	3501691.524614968
0.0	-27105.013492866092	3561976.9168324205
0.0	-67351.43446360702	3688370.6104966057
0.0	-189370.8871816035	3926660.2748148385
0.0	-396618.7752413184	4132034.2731567724
0.0	-937314.5685113254	4192600.2362472583
0.0	1049337.6020521407	3342824.9550572447
0.0	427092.89333169337	3244215.1442782837
0.0	209119.89499346877	3130272.5080812424
0.0	58144.18432935968	2943889.070818587
0.0	25743.74485623862	2898487.908308305
0.0	11164.715802333896	2870974.014487234
0.0	3283.674567656049	2857492.949600219
0.0	514.0306569388526	2855919.4677585126
0.0	18.37553158796399	2856032.0395487463
0.0	0.000937611465382862	2856052.50747212
0.0	-0.0009376130182923777	2856052.5074721193
0.0	-18.37553159315064	2856032.039548747
0.0	-514.0306569343364	2855919.467758518
0.0	-3283.6745676350815	2857492.949600214
0.0	-11164.715802353743	2870974.01448723
0.0	-25743.744856240868	2898487.908308308
0.0	-58144.18432934891	2943889.0708185895
0.0	-209119.89499346894	3130272.508081255
0.0	-427092.89333166706	3244215.144278286
0.0	-1049337.6020521629	3342824.955057224
0.0	809986.0752981091	2521887.5640820544
0.0	328557.3319808508	2399150.370147422
0.0	151525.77651416743	2264531.420113748
0.0	41348.55323333727	2143038.0118881254
0.0	15073.232815307107	2109346.393546007
0.0	5896.284325489458	2095708.2232710146
0.0	1454.471152853592	2093629.0611416106
0.0	181.98426563024694	2093706.4947955105
0.0	5.728865948035099	2093728.6705626182
0.0	0.00030117734337076993	2093731.7159819263
0.0	-0.00030117853932921246	2093731.7159819263
0.0	-5.728865953345779	2093728.6705626165
0.0	-181.98426562721383	2093706.494795511
0.0	-1454.4711528371267	2093629.0611416078
0.0	-5896.284325505072	2095708.2232710118
0.0	-15073.232815308596	2109346.3935460085
0.0	-41348.553233329134	2143038.011888128
0.0	-151525.77651416825	2264531.420113757
0.0	-328557.331980829	2399150.3701474215
0.0	-809986.0752981262	2521887.56408204
0.0	397491.75801041734	1884407.7040426699
0.0	148649.54879489477	1768839.036017124
0.0	58887.128349457475	1677072.4475947886
0.0	11829.685091113726	1608543.5200870368
0.0	2799.4347923073324	1595245.7922929681
0.0	293.8181866416552	1592880.5024378244
0.0	-148.02239140139977	1592889.5542992083
0.0	-47.71399766759957	1592904.9512853855
0.0	-1.8649795806762262	1592909.9427020624
0.0	-9.776291521921068e-05	1592910.551941843
0.0	9.776226082868572e-05	1592910.5519418432
0.0	1.8649795774471145	1592909.9427020627
0.0	47.71399766863243	1592904.9512853865
0.0	148.0223914108362	1592889.5542992076
0.0	-293.8181866496298	1592880.50243782
0.0	-2799.434792307904	1595245.7922929693
0.0	-11829.685091109375	1608543.520087039
0.0	-58887.128349458355	1677072.4475947951
0.0	-148649.54879488272	1768839.0360171264
0.0	-397491.75801042607	1884407.7040426605
0.0	132941.26680020418	1291422.6847186803
0.0	37488.079221359985	1207632.765628251
0.0	5876.418777273416	1152559.2571957065
0.0	-2040.484739346279	1126512.3351844337
0.0	-1788.5429901630964	1124130.9464959754
0.0	-1186.5775891638064	1124111.5661338023
0.0	-395.16239074486407	1124122.4207471083
0.0	-60.004612634848684	1124126.7300745852
0.0	-2.033916277237743	1124127.9579033693
0.0	-0.00010661852293564775	1124128.1512234614
0.0	0.00010661834126763796	1124128.1512234614
0.0	2.0339162761343035	1124127.957903369
0.0	60.00461263558012	1124126.7300745859
0.0	395.1623907475366	1124122.420747108
0.0	1186.5775891614935	1124111.5661338007
0.0	1788.542990163061	1124130.9464959763
0.0	2040.4847393484479	1126512.3351844347
0.0	-5876.418777273674	1152559.2571957102
0.0	-37488.07922135606	1207632.765628252
0.0	-132941.26680020703	1291422.6847186764
0.0	33245.84665632498	757181.4579075519
0.0	877.1602368506028	705968.6576128616
0.0	-6124.0048716445945	681475.0687997481
0.0	-3096.717818346887	678229.6783598185
0.0	-1367.6845811468015	678214.0652307887
0.0	-578.3227592568653	678216.177252091
0.0	-136.1292158254507	678217.8762522638
0.0	-15.14626469599683	678218.5420166347
0.0	-0.45940094790060126	678218.7123901914
0.0	-2.4074386674257944e-05	678218.7423953558
0.0	2.4073869157881688e-05	678218.7423953558
0.0	0.45940094694927563	678218.7123901916
0.0	15.146264696013377	678218.5420166352
0.0	136.1292158258618	678217.8762522636
0.0	578.3227592559435	678216.177252091
0.0	1367.6845811462772	678214.0652307892
0.0	3096.7178183474925	678229.6783598189
0.0	6124.004871644327	681475.0687997495
0.0	-877.1602368500207	705968.6576128624
0.0	-33245.846656326285	757181.4579075506
0.0	4853.050489753206	347024.73372300563
0.0	-4186.024815724634	322577.9026287601
0.0	-3891.466745217305	318717.93310668005
0.0	-1137.4700489765419	318702.49419446534
0.0	-320.64511174882625	318702.9250644741
0.0	-46.309754686908114	318703.188905492
0.0	9.945558048605452	318703.301873541
0.0	3.626882264774677	318703.3376911321
0.0	0.1429687390759761	318703.34609955415
0.0	7.499889707896153e-06	318703.34755297145
0.0	-7.5000284187322335e-06	318703.34755297145
0.0	-0.14296873935016904	318703.3460995542
0.0	-3.6268822647196015	318703.3376911323
0.0	-9.945558048491161	318703.30187354074
0.0	46.30975468679141	318703.1889054919
0.0	320.64511174858524	318702.9250644742
0.0	1137.4700489768395	318702.49419446534
0.0	3891.466745217384	318717.9331066806
0.0	4186.024815724746	322577.90262876014
0.0	-4853.0504897536575	347024.73372300516
0.0	-2234.1858288091635	103657.80388620394
0.0	-2313.1906541830404	99117.07691761028
0.0	-992.7949282090008	99096.45151008882
0.0	-47.93461866708405	99096.46191210953
0.0	73.68031268539293	99096.46859647043
0.0	70.40613262062296	99096.47162795204
0.0	24.573036351953867	99096.47274637026
0.0	3.6770935084327596	99096.47306426124
0.0	0.12384659398772996	99096.4731335287
0.0	6.493818057742348e-06	99096.47314493958
0.0	-6.493858112197353e-06	99096.47314493958
0.0	-0.12384659405429002	99096.47313352869
0.0	-3.677093508421941	99096.47306426127
0.0	-24.57303635200628	99096.47274637021
0.0	-70.40613262056448	99096.47162795204
0.0	-73.68031268548313	99096.46859647041
0.0	47.934618667147646	99096.46191210952
0.0	992.7949282090485	99096.45151008895
0.0	2313.1906541829912	99117.0769176103
0.0	2234.185828809065	103657.80388620391
0.0	-2117.25805440127	11459.46594103745
0.0	-450.14025764536893	11432.443580007037
0.0	175.6186555972333	11432.443580469593
0.0	170.06270965303653	11432.443580682317
0.0	89.8449686597269	11432.44358076954
0.0	41.23424805111118	11432.44358080679
0.0	10.330323982432141	11432.443580819332
0.0	1.2678034297168268	11432.44358082266
0.0	0.04013177626569995	11432.443580823337
0.0	2.1040238117000107e-06	11432.44358082346
0.0	-2.1039889627233976e-06	11432.443580823461
0.0	-0.040131776211149384	11432.44358082335
0.0	-1.2678034296926393	11432.443580822677
0.0	-10.330323982458273	11432.44358081934
0.0	-41.23424805101833	11432.443580806788
0.0	-89.84496865969865	11432.443580769537
0.0	-170.0627096530199	11432.443580682311
0.0	-175.61865559718802	11432.443580469588
0.0	450.14025764533187	11432.443580007055
0.0	2117.258054401297	11459.465941037479
0.0	-338.96912374051476	58.91168820146566
0.0	310.7880583822582	58.911688093719484
0.0	315.5737159510213	58.91168800099249
0.0	109.02154298704306	58.91168796019929
0.0	39.434349733963046	58.91168794477029
0.0	12.929656157574804	58.91168793859653
0.0	2.557159593401976	58.91168793662611
0.0	0.26672061669087394	58.91168793613704
0.0	0.007959156954106502	58.91168793602828
0.0	4.172334851782737e-07	58.91168793601935
0.0	-4.1723055873189083e-07	58.91168793601951
0.0	-0.007959156939387273	58.91168793603357
0.0	-0.266720616701367	58.911687936129674
0.0	-2.557159593421183	58.91168793662615
0.0	-12.929656157567573	58.911687938600714
0.0	-39.43434973395319	58.911687944770506
0.0	-109.02154298707708	58.911687960191905
0.0	-315.5737159510271	58.911688000971445
0.0	-310.78805838227197	58.91168809371857
0.0	338.9691237405334	58.91168820149256
0.0	577.6751544561325	-0.00040144114668039536
0.0	343.38730325891663	-0.0006997689264510524
0.0	174.97741773944102	-0.0009425908533368232
0.0	40.99274560066972	-0.001017664322401055
0.0	11.29159629252564	-0.0010575184302817422
0.0	2.7681943341244426	-0.0010718023976413204
0.0	0.4358489105083469	-0.0010761578088280342
0.0	0.03858310319901921	-0.0010772062270399034
0.0	0.0010774043422015994	-0.0010774043395376145
0.0	5.6472849186005676e-08	-0.0010774333081268596
0.0	-5.6472013799816524e-08	-0.001077433308551211
0.0	-0.0010774043428215705	-0.001077404336826314
0.0	-0.038583103200459976	-0.0010772062246099277
0.0	-0.4358489104988641	-0.0010761578074568272
0.0	-2.768194334139952	-0.0010718024026820283
0.0	-11.291596292516001	-0.0010575184322924082
0.0	-40.99274560067995	-0.0010176643245800097
0.0	-174.97741773945006	-0.000942590860623565
0.0	-343.3873032589063	-0.0006997689255712193
0.0	-577.6751544561331	-0.00040144114091712134
0.0	560.6769223770507	-0.0015285368657620509
0.0	178.57144449600673	-0.00260979286173942
0.0	62.34816801918992	-0.0033909795033429994
0.0	10.873391027461341	-0.003829435686377685
0.0	2.332244712860943	-0.003961655170306077
0.0	0.43385012212196467	-0.004013677844977653
0.0	0.05419813453693831	-0.004028474183445875
0.0	0.004031939470069843	-0.004031939475952576
0.0	0.00010415766759292933	-0.004032571689394159
0.0	5.458606275491804e-09	-0.004032659496732239
0.0	-5.4591920814067015e-09	-0.004032659496645266
0.0	-0.00010415767189687628	-0.004032571691488501
0.0	-0.004031939466894238	-0.004031939477377673
0.0	-0.054198134524164006	-0.004028474184385385
0.0	-0.43385012213639707	-0.00401367784232588
0.0	-2.332244712857523	-0.003961655169050952
0.0	-10.873391027456957	-0.0038294356849523413
0.0	-62.348168019193075	-0.003390979500553668
0.0	-178.57144449599446	-0.0026097928623048817
0.0	-560.676922377058	-0.0015285368720509946
0.0	282.59392985569656	-0.001973205839184586
0.0	62.06758512940958	-0.0033066680694391086
0.0	15.84061779789344	-0.004127148800042576
0.0	2.118475357319195	-0.00466209441292825
0.0	0.356952877351397	-0.004910576992956362
0.0	0.051219632894020505	-0.005023525164840573
0.0	0.005064550641670461	-0.0050645506399067865
0.0	0.0003125671912318822	-0.005072627066453637
0.0	7.366424799075086e-06	-0.005071880754451439
0.0	3.8705502964700377e-10	-0.005070908275071576
0.0	-3.857376986514656e-10	-0.005070908275450325
0.0	-7.366426044495246e-06	-0.005071880754886056
0.0	-0.0003125671861336072	-0.00507262706396834
0.0	-0.005064550631837822	-0.005064550640134575
0.0	-0.0512196328992999	-0.005023525166740964
0.0	-0.3569528773493906	-0.004910576993042851
0.0	-2.118475357312341	-0.0046620944117520356
0.0	-15.840617797892328	-0.004127148796457349
0.0	-62.06758512940153	-0.0033066680699048966
0.0	-282.5939298557009	-0.001973205845665663
0.0	96.36549901799017	-0.0019240033561804914
0.0	15.591954964022294	-0.002865717811737639
0.0	2.9432904338824972	-0.003260313208891139
0.0	0.30375529171688	-0.003768272040117291
0.0	0.04090478856234112	-0.004322985011009819
0.0	0.00470465954314852	-0.004704659541532852
0.0	0.00036493906892591586	-0.004824575823686306
0.0	1.827427689242308e-05	-0.004806991863818583
0.0	3.8676035654113136e-07	-0.004773281398246303
0.0	1.9064910380136134e-11	-0.004758249133613499
0.0	-2.1399275462495092e-11	-0.004758249133028635
0.0	-3.867636686952367e-07	-0.004773281398721634
0.0	-1.8274277488251196e-05	-0.0048069918633450275
0.0	-0.00036493906830019465	-0.004824575823946937
0.0	-0.004704659547330175	-0.004704659541936268
0.0	-0.040904788564501846	-0.004322985011311826
0.0	-0.30375529171577276	-0.0037682720397809906
0.0	-2.9432904338837553	-0.0032603132070963547
0.0	-15.591954964021427	-0.0028657178115415916
0.0	-96.36549901799418	-0.001924003359319768
0.0	23.914637652301842	-0.0018039338948670572
0.0	2.903202898341438	-0.0022039656269214995
0.0	0.39958727228149227	-0.0022778171984924865
0.0	0.032407330578156646	-0.0029638256449646258
0.0	0.003891863345220942	-0.003891863350188778
0.0	0.00040226570149031626	-0.004445698944210897
0.0	2.220111615140437e-05	-0.00448342487556955
0.0	8.152280128121006e-07	-0.004319121974635929
0.0	1.5222274593743742e-08	-0.004193167660838235
0.0	7.665820824336745e-13	-0.004144021226244132
0.0	-8.1671151639789e-13	-0.004144021226198456
0.0	-1.5222726592790792e-08	-0.004193167660920259
0.0	-8.152275142374034e-07	-0.004319121974456456
0.0	-2.2201115271107248e-05	-0.004483424875531812
0.0	-0.0004022657021062689	-0.004445698944313738
0.0	-0.003891863345569332	-0.003891863350227786
0.0	-0.03240733057718741	-0.0029638256449415735
0.0	-0.39958727228122254	-0.002277817197757954
0.0	-2.903202898340808	-0.0022039656267550767
0.0	-23.914637652302723	-0.0018039338958911661
0.0	4.445182221232416	-0.0017083819542230065
0.0	0.4038076328230895	-0.0021988167918866974
0.0	0.04120611626575966	-0.0023554313966945733
0.0	0.003442926272740062	-0.0034429262721189205
0.0	0.0005530599040680605	-0.004537241818375063
0.0	5.736972241975331e-05	-0.004882409759082034
0.0	1.7468605436944043e-06	-0.004560077131312833
0.0	2.8329560901047912e-08	-0.004111185940609253
0.0	4.505306135573012e-10	-0.0038403375382524514
0.0	-4.845234920782471e-13	-0.003741147801336257
0.0	-5.459603851475892e-13	-0.0037411478013420385
0.0	-4.5164706587115694e-10	-0.0038403375382893784
0.0	-2.8330451132011042e-08	-0.00411118594053909
0.0	-1.7468613715631822e-06	-0.0045600771313290545
0.0	-5.73697235385871e-05	-0.0048824097590956525
0.0	-0.0005530599051071085	-0.004537241818377663
0.0	-0.0034429262734313377	-0.003442926272059018
0.0	-0.041206116266533276	-0.0023554313965034354
0.0	-0.40380763282371995	-0.002198816791911565
0.0	-4.445182221233246	-0.0017083819544610264
0.0	0.6226222038024707	-0.0020154135639609107
0.0	0.04344374467001247	-0.003465552505074325
0.0	0.005112762353540859	-0.00511276235352016
0.0	0.0007834063092472955	-0.007304501374170595
0.0	0.00015675088791471036	-0.008790419787296716
0.0	1.379354353855521e-05	-0.00856813349794807
0.0	2.823937568861857e-07	-0.0072653229877488726
0.0	8.451259067629707e-10	-0.0060359101778289966
0.0	1.0128213417812802e-11	-0.005364164289025756
0.0	-5.4481262063686626e-14	-0.005125514722546642
0.0	-5.75634830706401e-14	-0.005125514722542753
0.0	-1.0257950240114744e-11	-0.005364164289033192
0.0	-8.452148288573066e-10	-0.0060359101778212024
0.0	-2.8239383489841853e-07	-0.0072653229877459365
0.0	-1.379354366568116e-05	-0.008568133497949411
0.0	-0.00015675088803660184	-0.008790419787298047
0.0	-0.0007834063093048692	-0.0073045013741576455
0.0	-0.005112762353619393	-0.005112762353490907
0.0	-0.04344374467007203	-0.0034655525050721506
0.0	-0.6226222038025708	-0.0020154135640044458
0.0	0.06319391770408515	-0.0020069302557004128
0.0	0.004975083473441798	-0.004975083473444707
0.0	0.0014381906773395878	-0.007782539181023075
0.0	0.0003147088268666368	-0.010647713207814838
0.0	4.6614988089541974e-05	-0.011883029127146479
0.0	3.164529222801017e-06	-0.010868633525687236
0.0	5.208567326138694e-08	-0.008696456965981087
0.0	3.7050995744485024e-11	-0.006870018063778304
0.0	1.5399168865715456e-13	-0.005907485025499257
0.0	4.4587786505105844e-15	-0.0055680883042471836
0.0	3.734169702158668e-15	-0.005568088304246739
0.0	-1.481688881175919e-13	-0.005907485025499433
0.0	-3.703936288940373e-11	-0.006870018063776545
0.0	-5.208565928867202e-08	-0.008696456965981831
0.0	-3.1645292166430658e-06	-0.010868633525688292
0.0	-4.661498808347206e-05	-0.011883029127145905
0.0	-0.0003147088268531831	-0.010647713207813388
0.0	-0.0014381906773305148	-0.007782539181018551
0.0	-0.0049750834734327435	-0.004975083473444737
0.0	-0.06319391770408407	-0.002006930255706568
0.0	0.003315261155420747	-0.0033152611554205322
0.0	0.0010213026475133064	-0.009954404008168199
0.0	0.000405781608962255	-0.016601793948017817
0.0	6.650350397348547e-05	-0.02227717183846266
0.0	8.099765818014558e-06	-0.024127637185718177
0.0	4.746624296061191e-07	-0.021278179698053533
0.0	6.996450898265499e-09	-0.01633843105109842
0.0	3.2769803358226217e-12	-0.012379838366691185
0.0	1.3328102647539456e-15	-0.010331635547044212
0.0	-1.1566138527315242e-16	-0.009613569369611458
0.0	-1.1293018523673561e-16	-0.009613569369611568
0.0	-1.7540999915569476e-15	-0.010331635547044561
0.0	-3.2768314603924665e-12	-0.012379838366691393
0.0	-6.996450540530181e-09	-0.016338431051098723
0.0	-4.746624301189205e-07	-0.02127817969805359
0.0	-8.099765818544237e-06	-0.02412763718571792
0.0	-6.650350397282309e-05	-0.022277171838462267
0.0	-0.00040578160896217677	-0.016601793948016995
0.0	-0.0010213026475131008	-0.009954404008167963
0.0	-0.0033152611554213346	-0.0033152611554212227
