400
0.0	5232000.504234921	9517590.534049377
0.0	1609750.8933348716	8040409.357506081
0.0	883946.2563766893	8046194.022720587
0.0	365021.3280210914	7176382.015938697
0.0	203617.17110429832	6614451.102154244
0.0	144676.8503921585	6391001.608354065
0.0	96052.15542469252	6261385.315950608
0.0	44088.66849089137	6100003.320488246
0.0	18482.503699272776	6017482.526968186
0.0	6979.051140943046	6008096.486545894
0.0	-6979.051140947964	6008096.48654589
0.0	-18482.503699282846	6017482.526968178
0.0	-44088.668490885175	6100003.3204882555
0.0	-96052.15542465635	6261385.315950608
0.0	-144676.85039221286	6391001.608354076
0.0	-203617.17110428947	6614451.102154249
0.0	-365021.3280210636	7176382.015938697
0.0	-883946.2563767057	8046194.022720625
0.0	-1609750.893334791	8040409.357506123
0.0	-5232000.5042349985	9517590.534049338
0.0	3559478.634463829	5383040.896736797
0.0	1829410.1662750037	5583296.458419943
0.0	1071706.3952158855	5528318.928042108
0.0	479320.58754604764	5057418.393180189
0.0	264325.9333329653	4716907.719303024
0.0	175948.91581899644	4535805.0469542565
0.0	110657.59514664813	4400891.046905394
0.0	51066.85264823632	4265668.4808244
0.0	21234.066780599805	4190346.7094790037
0.0	7024.876530953643	4165516.4648490986
0.0	-7024.876530952641	4165516.4648491074
0.0	-21234.066780621284	4190346.7094790065
0.0	-51066.85264822499	4265668.4808244
0.0	-110657.59514661065	4400891.04690539
0.0	-175948.91581904335	4535805.046954256
0.0	-264325.9333329616	4716907.719303025
0.0	-479320.587546016	5057418.393180189
0.0	-1071706.395215908	5528318.92804213
0.0	-1829410.166274941	5583296.458419937
0.0	-3559478.6344638974	5383040.896736743
0.0	4214058.821827662	4972838.663149042
0.0	2019990.9731272156	5124345.729550689
0.0	1225122.1190600295	4999654.802607087
0.0	458605.27841571195	4589344.818920311
0.0	279009.4391770946	4421875.970780073
0.0	195833.1881641887	4314894.580636035
0.0	125139.61028563832	4228722.472429025
0.0	58492.49266493429	4140325.2463371553
0.0	24461.754073639437	4092302.090911271
0.0	7888.393413720029	4071989.407903905
0.0	-7888.393413709464	4071989.4079039013
0.0	-24461.754073683867	4092302.090911265
0.0	-58492.49266492503	4140325.246337174
0.0	-125139.61028557646	4228722.472429017
0.0	-195833.18816425983	4314894.58063603
0.0	-279009.43917707895	4421875.970780078
0.0	-458605.278415686	4589344.818920314
0.0	-1225122.1190600852	4999654.8026071405
0.0	-2019990.973127121	5124345.729550699
0.0	-4214058.821827735	4972838.663148987
0.0	3510384.238251822	4151412.763569605
0.0	1756731.354892472	4078912.4637872875
0.0	1039876.0724748857	3897744.039299531
0.0	402399.3342802994	3599309.9673197833
0.0	216644.51787258807	3461829.0054680933
0.0	155669.36124024098	3415789.6101316824
0.0	95567.70097019934	3347981.8340819324
0.0	40206.38598581756	3281998.533830061
0.0	12172.9606958494	3248500.0783828925
0.0	3841.6209302987045	3240088.6946130637
0.0	-3841.6209302960824	3240088.6946130567
0.0	-12172.960695878028	3248500.078382889
0.0	-40206.38598581055	3281998.5338300806
0.0	-95567.70097014669	3347981.8340819357
0.0	-155669.36124030588	3415789.6101316833
0.0	-216644.51787257404	3461829.005468101
0.0	-402399.3342802754	3599309.967319802
0.0	-1039876.0724749224	3897744.0392995733
0.0	-1756731.3548923964	4078912.4637873108
0.0	-3510384.2382518905	4151412.763569573
0.0	2080539.7438869323	3725768.7881522635
0.0	1080971.6797517333	3548117.102816748
0.0	634561.873012885	3440624.6426955406
0.0	221235.4149532115	3131633.3218193497
0.0	105934.59320914897	3009494.0226917192
0.0	73927.9065263202	2983668.6766784224
0.0	39377.10763254567	2926603.076684257
0.0	12555.349113828357	2885726.428807991
0.0	2798.9052601965277	2872018.9096408878
0.0	530.9627526343465	2870489.1709960024
0.0	-530.9627526372839	2870489.1709960015
0.0	-2798.905260206266	2872018.9096408878
0.0	-12555.34911382425	2885726.4288079967
0.0	-39377.10763251721	2926603.0766842547
0.0	-73927.90652636215	2983668.6766784205
0.0	-105934.59320914125	3009494.0226917258
0.0	-221235.41495319616	3131633.3218193534
0.0	-634561.873012898	3440624.642695561
0.0	-1080971.679751685	3548117.1028167624
0.0	-2080539.7438869753	3725768.7881522314
0.0	1128084.8762042602	3369633.6824602187
0.0	583648.0319601996	3142626.8576812595
0.0	312082.1799606333	3035351.469390682
0.0	92696.53622181286	2788712.981793411
0.0	37033.61484493666	2697237.420108083
0.0	19049.93353705265	2663675.57934622
0.0	5069.365776641953	2628329.447348519
0.0	-341.1261743430034	2612987.950810627
0.0	-1128.5038759567221	2610926.4413134623
0.0	-634.9768857279666	2610919.8744999017
0.0	634.9768857273976	2610919.8744999007
0.0	1128.503875952291	2610926.4413134623
0.0	341.12617434695267	2612987.950810629
0.0	-5069.3657766291935	2628329.4473485136
0.0	-19049.933537070458	2663675.5793462186
0.0	-37033.614844932556	2697237.420108085
0.0	-92696.53622180468	2788712.9817934157
0.0	-312082.17996064184	3035351.469390695
0.0	-583648.031960173	3142626.8576812646
0.0	-1128084.8762042783	3369633.682460199
0.0	715055.841295247	2949445.5688942643
0.0	336163.06841381785	2755219.0898492085
0.0	156906.7986556915	2644174.864761037
0.0	36906.350698877184	2448866.150314503
0.0	9442.67910296327	2386197.5404461375
0.0	392.67528119079543	2362194.868750179
0.0	-4025.1504599552118	2347106.955731055
0.0	-2475.6373738717293	2345115.493077197
0.0	-1075.7345606581107	2345082.6784176426
0.0	-394.98914310674036	2345080.112658352
0.0	394.98914310310096	2345080.1126583517
0.0	1075.7345606515769	2345082.678417642
0.0	2475.6373738717402	2345115.493077198
0.0	4025.1504599606046	2347106.955731055
0.0	-392.6752812027935	2362194.8687501806
0.0	-9442.679102963213	2386197.5404461385
0.0	-36906.35069887399	2448866.1503145066
0.0	-156906.79865569866	2644174.864761047
0.0	-336163.0684138036	2755219.089849218
0.0	-715055.8412952609	2949445.568894255
0.0	490873.15544412157	2452783.674359386
0.0	198807.5579087093	2301136.6313369824
0.0	79406.19299114085	2182904.0758172986
0.0	13992.373386040506	2051603.869854427
0.0	1328.3662108761591	2016809.3267208347
0.0	-2520.6961124936215	2003574.782552153
0.0	-2878.73249644933	2001393.4564204593
0.0	-1135.3822055251526	2001387.225297523
0.0	-294.5876672550962	2001388.110329802
0.0	-57.62308960035707	2001388.4166683373
0.0	57.623089600483546	2001388.4166683394
0.0	294.58766724854416	2001388.110329802
0.0	1135.382205526303	2001387.2252975248
0.0	2878.7324964559693	2001393.4564204593
0.0	2520.6961124836243	2003574.782552157
0.0	-1328.366210875838	2016809.326720837
0.0	-13992.373386036345	2051603.8698544302
0.0	-79406.19299114609	2182904.075817306
0.0	-198807.55790869653	2301136.6313369856
0.0	-490873.15544413077	2452783.6743593756
0.0	303791.7335705521	1881136.4002906424
0.0	104130.33833404296	1763223.4829830874
0.0	33660.19779275555	1671424.4395144265
0.0	3515.740898266685	1603191.494232645
0.0	-722.3457120404574	1590178.5660675606
0.0	-1566.3676710034347	1587899.07959032
0.0	-822.4271334188495	1587891.3580262358
0.0	-128.57984824237718	1587891.7039389354
0.0	45.946657694943234	1587892.457159145
0.0	39.49425988664504	1587892.5395892248
0.0	-39.49425988456699	1587892.539589222
0.0	-45.94665770062523	1587892.4571591457
0.0	128.579848244431	1587891.7039389429
0.0	822.4271334272818	1587891.3580262344
0.0	1566.3676709976962	1587899.0795903183
0.0	722.3457120416788	1590178.5660675615
0.0	-3515.740898262936	1603191.4942326485
0.0	-33660.19779275883	1671424.4395144347
0.0	-104130.33833403309	1763223.4829830956
0.0	-303791.7335705561	1881136.4002906382
0.0	155039.09815353015	1291922.0920758308
0.0	42332.18985705552	1208412.194351938
0.0	8823.11332207723	1153491.7337524095
0.0	-513.090685230567	1127633.617245786
0.0	-766.2397134977325	1125336.8574149439
0.0	-400.8991004444024	1125325.8118759806
0.0	124.22551854619792	1125326.483172543
0.0	149.82567111397063	1125326.6667214679
0.0	75.04400997409971	1125326.6971984848
0.0	28.555728598691392	1125326.699451559
0.0	-28.55572860123185	1125326.6994515574
0.0	-75.04400997951265	1125326.6971984853
0.0	-149.82567111602762	1125326.6667214716
0.0	-124.22551854609105	1125326.483172543
0.0	400.8991004387089	1125325.8118759803
0.0	766.2397134951475	1125336.8574149446
0.0	513.0906852299056	1127633.6172457878
0.0	-8823.113322081403	1153491.7337524141
0.0	-42332.18985705396	1208412.1943519416
0.0	-155039.09815353557	1291922.0920758275
0.0	60443.35673320986	757234.2724184466
0.0	10723.11833235875	706060.4972168901
0.0	-435.8206601966747	681588.9750643915
0.0	-914.9964775839903	678358.8061007892
0.0	-232.14464046140498	678344.6547106577
0.0	168.74091984456285	678344.2407923811
0.0	270.33890328975707	678344.081257157
0.0	118.07125274233039	678344.0397080483
0.0	35.744011302579096	678344.0326410658
0.0	9.973503979735817	678344.0319641079
0.0	-9.973503979875119	678344.0319641078
0.0	-35.744011303272174	678344.0326410659
0.0	-118.07125274178367	678344.0397080488
0.0	-270.33890328872735	678344.0812571571
0.0	-168.74091984551	678344.2407923813
0.0	232.14464046137434	678344.6547106581
0.0	914.9964775853118	678358.8061007899
0.0	435.82066019666445	681588.9750643934
0.0	-10723.118332356953	706060.4972168903
0.0	-60443.356733211505	757234.2724184443
0.0	14235.734238004226	347018.90017942764
0.0	-223.666881075294	322568.1571994616
0.0	-1548.8159305094314	318705.256890712
0.0	-264.4610322817206	318689.73678624205
0.0	119.62003264769855	318689.3129684028
0.0	239.90406331363474	318689.0044726636
0.0	159.56554371742914	318688.89126831765
0.0	49.54187571996784	318688.8707309391
0.0	10.852675779619224	318688.8581330863
0.0	2.3210176052766136	318688.8563437094
0.0	-2.3210176053185023	318688.8563437094
0.0	-10.852675779848472	318688.85813308635
0.0	-49.54187571975905	318688.87073093926
0.0	-159.56554371716618	318688.8912683176
0.0	-239.90406331383275	318689.0044726639
0.0	-119.62003264784693	318689.312968403
0.0	264.46103228225115	318689.73678624217
0.0	1548.8159305095792	318705.2568907128
0.0	223.66688107566847	322568.1571994616
0.0	-14235.734238004803	347018.90017942694
0.0	-1005.9924779421872	103651.95650802947
0.0	-1496.6196631201697	99107.41727831273
0.0	-464.73871444423014	99084.38660579921
0.0	149.6548033560657	99082.60644112699
0.0	173.6278181270091	99082.51096237233
0.0	137.60887484306375	99082.37370668803
0.0	59.855640663234716	99082.15749928383
0.0	14.25779234689226	99082.09149458684
0.0	2.3625780880135796	99082.07705128599
0.0	0.3905787187266341	99082.07458188587
0.0	-0.39057871879370815	99082.0745818859
0.0	-2.3625780881108414	99082.07705128599
0.0	-14.257792346901677	99082.09149458687
0.0	-59.855640663256	99082.15749928383
0.0	-137.60887484307887	99082.37370668804
0.0	-173.62781812714132	99082.51096237233
0.0	-149.6548033560117	99082.60644112699
0.0	464.7387144442481	99084.38660579936
0.0	1496.61966312011	99107.41727831274
0.0	1005.9924779420437	103651.9565080294
0.0	-2329.87965016734	11452.99950434958
0.0	-385.6894426914176	11422.081640659417
0.0	237.71674295794367	11419.97890325778
0.0	194.32202395383732	11418.054371835822
0.0	103.20151635406826	11417.09923780382
0.0	51.64200945311493	11416.589663010014
0.0	16.096673811106562	11416.346904908078
0.0	3.00031116065892	11416.274050108692
0.0	0.38384641829146837	11416.25695714823
0.0	0.0491188006944718	11416.256461938023
0.0	-0.04911880068899335	11416.256461938026
0.0	-0.3838464182764779	11416.256957148236
0.0	-3.0003111606672848	11416.274050108686
0.0	-16.096673811133083	11416.346904908083
0.0	-51.64200945306352	11416.589663010016
0.0	-103.20151635409255	11417.099237803817
0.0	-194.32202395386366	11418.054371835811
0.0	-237.71674295791493	11419.978903257766
0.0	385.6894426913686	11422.081640659433
0.0	2329.8796501673637	11452.999504349618
0.0	-469.96219801904624	52.947485082169315
0.0	294.3575995833856	49.217265068036966
0.0	311.97989471751157	47.68124020922211
0.0	108.4730613898403	46.182367309706585
0.0	39.97820842128075	45.35119719928212
0.0	13.994261443926064	44.91742690936137
0.0	3.231474738067101	44.73426944172275
0.0	0.47462491226992315	44.663754828829006
0.0	0.0473505014605452	44.65444773174026
0.0	0.004691842382841027	44.65731915576424
0.0	-0.0046918423578668714	44.65731915575844
0.0	-0.047350501427145315	44.65444773174464
0.0	-0.4746249122622146	44.66375482882469
0.0	-3.2314747380637634	44.73426944172492
0.0	-13.994261443899417	44.91742690937033
0.0	-39.978208421249505	45.3511971992867
0.0	-108.4730613898571	46.182367309701746
0.0	-311.9798947175018	47.681240209200936
0.0	-294.35759958338383	49.21726506803555
0.0	469.96219801908	52.947485082199265
0.0	551.204844455816	-5.2791230908274605
0.0	335.06268593559696	-8.899748850262455
0.0	170.69835974362928	-9.70473819845832
0.0	39.865714515594654	-10.576653296080405
0.0	11.01250316217541	-11.012503162183808
0.0	2.830518617006429	-11.40517328729279
0.0	0.49755586333071283	-11.569112655291981
0.0	0.058183817700854464	-11.616815295802178
0.0	0.004502891370253057	-11.616697955249489
0.0	0.00034382144291595875	-11.611137583317602
0.0	-0.0003438214415279079	-11.611137583318335
0.0	-0.004502891366338555	-11.616697955249872
0.0	-0.058183817702521776	-11.61681529580276
0.0	-0.4975558633309711	-11.569112655292363
0.0	-2.83051861702024	-11.40517328729344
0.0	-11.012503162159916	-11.012503162184741
0.0	-39.8657145156056	-10.576653296079709
0.0	-170.6983597436403	-9.704738198467183
0.0	-335.0626859355875	-8.899748850262718
0.0	-551.2048444558116	-5.279123090821383
0.0	558.9718944749127	-5.512295051007904
0.0	176.39559317650094	-9.284294935871161
0.0	60.42505742675067	-9.139056373757079
0.0	10.44384074984449	-10.443840749799419
0.0	2.28284745121512	-11.042571336434488
0.0	0.440234355663534	-11.371208453405133
0.0	0.061118036340502994	-11.528038716461351
0.0	0.005822121804666213	-11.561258773477363
0.0	0.0003433157042642256	-11.551891495558314
0.0	1.970107053674145e-05	-11.542234627276816
0.0	-1.97010913221198e-05	-11.542234627276999
0.0	-0.00034331572683265723	-11.551891495558753
0.0	-0.005822121822964259	-11.561258773475998
0.0	-0.06111803635555177	-11.528038716461396
0.0	-0.44023435569715635	-11.371208453401788
0.0	-2.282847451224842	-11.042571336432351
0.0	-10.443840749855418	-10.443840749798586
0.0	-60.42505742677025	-9.139056373752
0.0	-176.39559317650276	-9.284294935870037
0.0	-558.9718944749333	-5.512295051013576
0.0	282.09814866466513	-8.183806867111457
0.0	60.805444872044795	-12.611162588415292
0.0	15.263089962284118	-15.263089962288674
0.0	1.9730720410287064	-16.643727572573727
0.0	0.3586188215955908	-17.50132678066543
0.0	0.05594458681476966	-18.017608207966084
0.0	0.006619652515493349	-18.246975399709857
0.0	0.0005191068493759451	-18.28281350857701
0.0	2.592670712285276e-05	-18.25758691887405
0.0	1.0130272350217756e-06	-18.237732119675343
0.0	-1.013040425120673e-06	-18.237732119675076
0.0	-2.5926722840411058e-05	-18.25758691887493
0.0	-0.0005191068596950784	-18.282813508575604
0.0	-0.006619652523786367	-18.246975399709356
0.0	-0.055944586833206696	-18.017608207966813
0.0	-0.3586188216074492	-17.501326780665543
0.0	-1.973072041034911	-16.64372757257202
0.0	-15.263089962295187	-15.263089962284944
0.0	-60.80544487204753	-12.61116258841417
0.0	-282.09814866467923	-8.18380686711691
0.0	95.90563970543053	-10.570434578380706
0.0	15.267167208234316	-15.267167208234236
0.0	2.7385343922220655	-17.591311556273475
0.0	0.34069762024448064	-19.05302514867808
0.0	0.04985156934163218	-19.929952676574466
0.0	0.007407810264286581	-20.513191055241446
0.0	0.0008381248365658097	-20.7628781546411
0.0	5.610066123489745e-05	-20.792307207923315
0.0	2.0956429426117166e-06	-20.756299025235077
0.0	5.399082306956679e-08	-20.730602860512487
0.0	-5.398722633957753e-08	-20.730602860512192
0.0	-2.0956405168059e-06	-20.756299025235236
0.0	-5.610065614767812e-05	-20.792307207922683
0.0	-0.0008381248305418096	-20.76287815464154
0.0	-0.007407810262711612	-20.51319105524177
0.0	-0.04985156933843762	-19.929952676574274
0.0	-0.3406976202383199	-19.053025148677598
0.0	-2.7385343922185834	-17.59131155627144
0.0	-15.267167208228978	-15.267167208234817
0.0	-95.9056397054304	-10.57043457838422
0.0	26.513343254968575	-26.51334325496811
0.0	2.4584180361309422	-29.86470707032082
0.0	0.31554495711998076	-34.16622049222801
0.0	0.03337548790135743	-36.67464298574329
0.0	0.005715353984582771	-38.37846390413678
0.0	0.0010302759613376594	-39.50561770590945
0.0	0.00011773486010832406	-39.982729213294675
0.0	6.937074872810742e-06	-40.03267003023083
0.0	2.0877825791475103e-07	-39.95861504607507
0.0	4.197335920063277e-09	-39.90726887724014
0.0	-4.197696716771827e-09	-39.907268877240114
0.0	-2.087789172454283e-07	-39.95861504607524
0.0	-6.9370746782954865e-06	-40.03267003023085
0.0	-0.00011773485966265396	-39.9827292132949
0.0	-0.0010302759620499575	-39.505617705909586
0.0	-0.005715353985045016	-38.378463904136765
0.0	-0.0333754879005215	-36.67464298574324
0.0	-0.31554495711999114	-34.166220492227424
0.0	-2.458418036130542	-29.86470707032076
0.0	-26.513343254969563	-26.513343254969296
