32
7114.424651156151
4087.586959805065
5913.323823119731
6859.6739231745205
6859.6739231745205
5913.323823119731
4087.586959805065
7114.424651156152
1224.3187004889053
-731.8869135796776
-266.8033062795538
73.40887612493052
73.4088761249308
-266.803306279553
-731.886913579678
1224.318700488905
-1224.318700488905
731.886913579678
266.8033062795538
-73.40887612493087
-73.40887612493083
266.8033062795546
731.8869135796767
-1224.3187004889048
-7114.424651156153
-4087.5869598050654
-5913.323823119732
-6859.673923174522
-6859.673923174522
-5913.323823119732
-4087.586959805066
-7114.4246511561505
