32
-206126.27138447986
-304087.73942476517
-563308.6727670995
-614236.5269549472
-614236.5269549473
-563308.6727670996
-304087.73942476517
-206126.27138447986
-91604.38211429093
59540.38111986261
13861.383752669662
-5420.301041841543
-5420.301041841564
13861.383752669597
59540.38111986265
-91604.38211429094
91604.38211429091
-59540.38111986267
-13861.383752669477
5420.301041841575
5420.301041841688
-13861.383752669557
-59540.38111986264
91604.38211429086
206126.27138447986
304087.7394247647
563308.6727671
614236.5269549473
614236.5269549474
563308.6727670998
304087.7394247648
206126.27138448015
