32
42806.646625884794
24360.020153916495
35268.589657312266
40925.71618616047
40925.71618616047
35268.58965731227
24360.020153916503
42806.646625884794
7301.169720929431
-4366.479000205457
-1588.8452890563156
442.6063342629752
442.60633426297795
-1588.8452890563112
-4366.479000205457
7301.169720929432
-7301.16972092943
4366.479000205455
1588.845289056314
-442.606334262978
-442.6063342629743
1588.845289056314
4366.479000205456
-7301.169720929431
-42806.64662588478
-24360.020153916495
-35268.589657312266
-40925.71618616047
-40925.71618616047
-35268.589657312266
-24360.0201539165
-42806.64662588478
