1600
0.0	-7162559366708.928	-7162557474905.8125
0.0	4988293084420.41	-11760775193608.54
0.0	-3609652979725.5405	7353660394973.383
0.0	910180219421.5509	1626558825438.2969
0.0	-854733322766.6367	4738759475223.5
0.0	130137797120.16248	-177506457078.40625
0.0	-1339712550.9698792	-1174789014178.789
0.0	-70673628450.35858	-1733636218879.7344
0.0	42509070481.36361	-1467342778530.8281
0.0	-9801936023.250755	-1381732759257.914
0.0	15733929550.421629	-1300844883789.789
0.0	-3321692451.4655414	-1323794907291.6094
0.0	9773411614.793537	-1343087908356.0781
0.0	-3262777552.530924	-1343246421031.3438
0.0	1419247649.0629487	-1350704314649.5156
0.0	-682947697.620362	-1348588398757.0703
0.0	-38073725.0847922	-1349671147177.0078
0.0	-136029499.34178454	-1349356836442.7344
0.0	-103530275.19875225	-1349979506153.125
0.0	72327086.19235638	-1349960991855.7812
0.0	-72327085.84270439	-1349960991855.7969
0.0	103530275.58671099	-1349979506152.9531
0.0	136029499.6810069	-1349356836441.7422
0.0	38073725.36275768	-1349671147175.875
0.0	682947698.0291516	-1348588398756.3281
0.0	-1419247648.6630468	-1350704314649.4219
0.0	3262777552.7981696	-1343246421032.0625
0.0	-9773411614.466219	-1343087908356.4531
0.0	3321692451.773937	-1323794907291.1953
0.0	-15733929549.955034	-1300844883788.3672
0.0	9801936023.54797	-1381732759256.2422
0.0	-42509070480.940994	-1467342778529.8594
0.0	70673628450.74815	-1733636218880.6484
0.0	1339712550.5140076	-1174789014181.7812
0.0	-130137797119.03876	-177506457079.10938
0.0	854733322768.8215	4738759475228.836
0.0	-910180219422.038	1626558825444.9062
0.0	3609652979726.231	7353660394977.094
0.0	-4988293084420.577	-11760775193607.86
0.0	7162559366708.852	-7162557474905.883
0.0	8177552148375.297	1400596693319.394
0.0	-62689494822671.74	3243544734215906.0
0.0	-4716093625319.8545	-3394150132195783.5
0.0	-17690446769.007812	-366841925193578.0
0.0	-1367843144020.4739	-1899461324806593.8
0.0	837987900794.0635	-955458282628955.2
0.0	-368733015898.3244	-1327617095992819.0
0.0	187745144214.68683	-1143125684577278.8
0.0	-89916710470.37312	-1251281838280321.2
0.0	43002086039.016884	-1200888403842411.5
0.0	-9483712447.613834	-1222054652967231.2
0.0	-5260227673.675287	-1214961850663446.8
0.0	12880858233.570038	-1215334714302353.2
0.0	-8776620928.86824	-1215772630076166.5
0.0	4496403829.452824	-1214882924485395.0
0.0	-2489434172.5246663	-1215412134971140.0
0.0	477751724.1293069	-1215131820923375.2
0.0	-660353424.9092722	-1215273270369174.5
0.0	170191088.85498214	-1215164061703233.2
0.0	-81827393.29382712	-1215214883690301.0
0.0	81827390.72665161	-1215214883690335.8
0.0	-170191091.18540084	-1215164061703228.0
0.0	660353419.8885038	-1215273270368987.5
0.0	-477751727.5322953	-1215131820923574.8
0.0	2489434167.6390853	-1215412134971316.0
0.0	-4496403830.083332	-1214882924485292.5
0.0	8776620922.90161	-1215772630076175.0
0.0	-12880858239.00297	-1215334714302186.0
0.0	5260227671.778837	-1214961850663446.8
0.0	9483712446.953686	-1222054652967432.8
0.0	-43002086041.64655	-1200888403842390.8
0.0	89916710463.27669	-1251281838280262.5
0.0	-187745144213.16586	-1143125684577727.2
0.0	368733015890.6675	-1327617095992336.0
0.0	-837987900798.9811	-955458282628110.0
0.0	1367843144033.207	-1899461324807562.8
0.0	17690446736.38037	-366841925194055.5
0.0	4716093625320.838	-3394150132195907.0
0.0	62689494822615.6	3243544734216077.0
0.0	-8177552148371.514	1400596693319.4932
0.0	18566334267276.05	-355833375637.39087
0.0	-8215454668685.885	-3289205340695038.5
0.0	-129739369510.5166	134678124765888.12
0.0	-17525639687.737793	-1218353892077490.0
0.0	-14772314.007446289	-830621722880940.2
0.0	89393165399.19133	-1017897410288788.2
0.0	-47782390319.56558	-1095334215658159.8
0.0	-7608274450.757141	-1031393916512494.2
0.0	17777524640.557907	-1078751219518569.2
0.0	-5657389767.446598	-1056962988524336.0
0.0	4438228350.178444	-1067064823476635.9
0.0	-2171300572.3860955	-1061898510135307.8
0.0	6093447767.106448	-1064073471007208.2
0.0	-4597872876.324307	-1062702215764252.2
0.0	2351600927.8789806	-1062912343011741.2
0.0	-1028581215.9829099	-1062904434319477.8
0.0	-9537688.604567863	-1062861661980843.2
0.0	-204104107.8850648	-1062899301943293.2
0.0	33977269.73585078	-1062861902705564.2
0.0	-32542709.888609916	-1062887642659530.1
0.0	32542709.87031603	-1062887642659538.8
0.0	-33977269.7064096	-1062861902705601.9
0.0	204104107.78296483	-1062899301943281.4
0.0	9537688.512849152	-1062861661980874.5
0.0	1028581215.758519	-1062904434319529.8
0.0	-2351600927.65841	-1062912343011667.2
0.0	4597872876.289054	-1062702215764300.2
0.0	-6093447767.404722	-1064073471007166.0
0.0	2171300572.6577234	-1061898510135345.8
0.0	-4438228350.143122	-1067064823476695.5
0.0	5657389767.403584	-1056962988524335.2
0.0	-17777524640.602074	-1078751219518519.0
0.0	7608274450.948311	-1031393916512588.0
0.0	47782390319.46163	-1095334215658117.6
0.0	-89393165399.41211	-1017897410288547.0
0.0	14772315.046447754	-830621722881126.4
0.0	17525639681.894775	-1218353892077500.8
0.0	129739369511.33936	134678124765871.0
0.0	8215454668675.898	-3289205340694665.5
0.0	-18566334267273.06	-355833375637.2053
0.0	9500764101526.662	-64943501660.53748
0.0	-2883680573683.7847	-364136789070602.5
0.0	6413137926168.751	-1151087100383388.0
0.0	-1148974375874.1719	288682162688864.25
0.0	2828071020918.954	-341586875876940.6
0.0	-501608609175.4036	154680705109648.5
0.0	116198558577.36272	26640002052953.75
0.0	-20512519183.20343	102566359937614.75
0.0	13515407785.752762	56229510723035.5
0.0	-9970811551.014336	79676775920377.75
0.0	-8896110893.217934	69175937800725.5
0.0	9348945502.769505	72887598912106.25
0.0	-14452914756.559574	72660674058883.0
0.0	6367819312.822544	72376600674807.0
0.0	-3022082506.955355	73148786228973.0
0.0	1611158916.398975	72723498209449.0
0.0	-390314908.3604965	72936499411419.25
0.0	334403270.1001729	72835860234390.75
0.0	-20316166.835193485	72907889989563.5
0.0	-31202297.190054536	72873972647220.5
0.0	31202296.395950615	72873972647219.75
0.0	20316166.243306816	72907889989560.75
0.0	-334403268.97103536	72835860234436.0
0.0	390314907.5799488	72936499411354.0
0.0	-1611158915.2359228	72723498209389.0
0.0	3022082505.2712984	73148786229003.75
0.0	-6367819311.007596	72376600674810.75
0.0	14452914757.884216	72660674058930.0
0.0	-9348945503.95876	72887598912078.0
0.0	8896110891.738434	69175937800637.75
0.0	9970811550.444016	79676775920392.25
0.0	-13515407783.20401	56229510723069.75
0.0	20512519178.769287	102566359937450.25
0.0	-116198558571.27911	26640002053072.5
0.0	501608609174.02783	154680705109884.25
0.0	-2828071020933.261	-341586875877253.0
0.0	1148974375882.8267	288682162688758.0
0.0	-6413137926172.139	-1151087100383429.8
0.0	2883680573683.8027	-364136789070318.0
0.0	-9500764101524.656	-64943501660.48005
0.0	-845141076533.4072	78677212796.55055
0.0	-3935737257863.379	-1642953704370162.8
0.0	7009064263531.748	-715701824323911.2
0.0	-1570677673531.142	-321000717280022.56
0.0	2688913249969.359	-533262240880077.75
0.0	-637147880906.7175	-296899382535024.94
0.0	53513439542.96765	-386729613009814.25
0.0	31195839362.43112	-327967937208011.7
0.0	-5516089906.113098	-375531367696810.0
0.0	4512370176.020493	-353102144740501.7
0.0	-3334923859.1103363	-363406995180494.2
0.0	17489383275.163334	-358983165047021.4
0.0	-23810015101.71511	-359466182143232.1
0.0	10059340758.12366	-359364611658456.6
0.0	-4750394569.499633	-358838300191579.4
0.0	2337151938.7113576	-359140572265337.6
0.0	-383194500.58229995	-358980202813274.5
0.0	462897018.1410116	-359060908032237.94
0.0	-1996831.6751554012	-359001597851423.0
0.0	-40193630.55006713	-359031282483557.0
0.0	40193630.136823654	-359031282483560.25
0.0	1996831.249952197	-359001597851431.25
0.0	-462897016.9023935	-359060908032181.8
0.0	383194499.50240463	-358980202813363.25
0.0	-2337151936.820281	-359140572265419.5
0.0	4750394567.950452	-358838300191543.1
0.0	-10059340756.625309	-359364611658470.06
0.0	23810015103.27318	-359466182143181.1
0.0	-17489383276.499744	-358983165047062.0
0.0	3334923858.391609	-363406995180593.25
0.0	-4512370176.431686	-353102144740489.0
0.0	5516089908.572235	-375531367696772.7
0.0	-31195839366.88385	-327967937208182.4
0.0	-53513439536.64545	-386729613009710.0
0.0	637147880905.072	-296899382534751.25
0.0	-2688913249984.3096	-533262240880364.44
0.0	1570677673542.4402	-321000717280103.7
0.0	-7009064263539.132	-715701824323953.0
0.0	3935737257869.1934	-1642953704369808.2
0.0	845141076533.4014	78677212796.54202
0.0	-1719826571733.537	-19291393531.96354
0.0	-12128203316362.357	-801641940338881.5
0.0	8842797839085.006	-794411017943046.0
0.0	-2268350583136.744	103850740971936.62
0.0	2567761491394.7954	-278618071004750.7
0.0	-284575609642.4708	54536576596353.125
0.0	-39824389357.48605	-33553587423190.625
0.0	213163302246.3229	13318411065378.875
0.0	-101408105021.04865	-23589171798941.25
0.0	32502612399.434135	-1986234481933.0
0.0	-30523853790.730827	-11378817554303.625
0.0	9661944106.927174	-7669716236893.75
0.0	-27473475990.156574	-7653016156669.125
0.0	8600136185.378597	-7896089516454.75
0.0	-3558946577.2639756	-7303809252150.25
0.0	1716635463.8942719	-7616596905146.0
0.0	26331451.15857798	-7463562127235.625
0.0	409282316.3567647	-7536025151930.5
0.0	231353357.07233173	-7481927514371.625
0.0	-178935851.95024973	-7510928474951.5
0.0	178935851.1840852	-7510928474960.0
0.0	-231353357.41920555	-7481927514372.75
0.0	-409282316.68748736	-7536025151886.25
0.0	-26331452.44708067	-7463562127283.375
0.0	-1716635463.6268344	-7616596905189.75
0.0	3558946576.2492714	-7303809252122.125
0.0	-8600136185.685425	-7896089516459.25
0.0	27473475990.203384	-7653016156625.75
0.0	-9661944108.197468	-7669716236896.75
0.0	30523853790.100136	-11378817554359.75
0.0	-32502612399.91178	-1986234481933.5
0.0	101408105020.6546	-23589171798924.25
0.0	-213163302248.09772	13318411065275.25
0.0	39824389360.181335	-33553587423071.0
0.0	284575609639.9874	54536576596561.25
0.0	-2567761491403.5957	-278618071005010.62
0.0	2268350583140.9795	103850740971817.0
0.0	-8842797839095.0	-794411017943088.8
0.0	12128203316366.32	-801641940338549.2
0.0	1719826571732.497	-19291393531.97477
0.0	998241479693.0264	-2843753982.2728863
0.0	-16466432811084.809	-972957401936303.8
0.0	10432888182552.82	-741876529398288.6
0.0	-2814164815609.7383	-16191897896441.75
0.0	2588369716818.9766	-321620334448766.4
0.0	-184245488484.92963	-40224693172138.75
0.0	-140249780847.325	-122851906141304.06
0.0	309888948632.2047	-80129769626296.38
0.0	-170149002530.4888	-116904313009808.0
0.0	42629662711.227806	-97719384704946.62
0.0	-45644570047.82861	-106924550523198.12
0.0	5847398482.605612	-103479668912200.12
0.0	-30614997956.17041	-103459881741807.38
0.0	7801938400.276565	-103498034663047.88
0.0	-2949429179.592162	-103037172818019.88
0.0	1298429337.955653	-103283574461601.75
0.0	169230805.07644117	-103164476063299.12
0.0	278587607.4352612	-103218451934711.38
0.0	323621024.690043	-103166687971815.12
0.0	-237896582.72627658	-103193878961543.12
0.0	237896582.53984106	-103193878961552.88
0.0	-323621024.3739601	-103166687971818.75
0.0	-278587607.7477923	-103218451934662.88
0.0	-169230805.99926025	-103164476063350.12
0.0	-1298429337.530478	-103283574461639.12
0.0	2949429179.5621586	-103037172817998.75
0.0	-7801938400.757166	-103498034663054.62
0.0	30614997956.241306	-103459881741766.5
0.0	-5847398483.307268	-103479668912198.5
0.0	45644570048.348495	-106924550523251.12
0.0	-42629662711.152954	-97719384704936.0
0.0	170149002529.4841	-116904313009787.75
0.0	-309888948632.5474	-80129769626403.38
0.0	140249780849.45444	-122851906141193.25
0.0	184245488482.6508	-40224693171930.125
0.0	-2588369716822.0557	-321620334449003.75
0.0	2814164815612.0693	-16191897896542.125
0.0	-10432888182559.426	-741876529398325.1
0.0	16466432811089.434	-972957401935965.2
0.0	-998241479694.2451	-2843753982.2691917
0.0	2460331795738.4805	9420301860.522282
0.0	-18688450886750.746	-742371969873454.5
0.0	11612757875813.123	-586849102243281.5
0.0	-3068648357759.3057	21259272137235.125
0.0	2802029519136.7075	-239291391686914.88
0.0	-190621397764.71854	-9387609531283.875
0.0	-167032218368.77805	-77843195107437.06
0.0	354022155770.42993	-42004488867197.25
0.0	-200104801137.1267	-71395383584081.62
0.0	44409754305.05411	-55148123984227.0
0.0	-57100614032.63217	-62454452657817.875
0.0	5441504153.989995	-59666442910339.5
0.0	-31739849078.832516	-59613797508163.875
0.0	8430540376.237424	-59702537328134.81
0.0	-2906980173.3137846	-59362220535151.25
0.0	1332587739.3133419	-59553640567706.5
0.0	359926002.9302373	-59459949051148.44
0.0	325756097.8194924	-59501740849709.5
0.0	330527560.03424346	-59457128056522.125
0.0	-241171053.04955995	-59480189019217.375
0.0	241171053.79642522	-59480189019222.375
0.0	-330527558.84531546	-59457128056523.5
0.0	-325756097.4410297	-59501740849677.25
0.0	-359926003.09034085	-59459949051181.75
0.0	-1332587738.0530496	-59553640567734.75
0.0	2906980174.437003	-59362220535136.81
0.0	-8430540376.047869	-59702537328139.81
0.0	31739849079.604187	-59613797508137.5
0.0	-5441504154.010716	-59666442910356.69
0.0	57100614034.3709	-62454452657863.19
0.0	-44409754303.91109	-55148123984217.19
0.0	200104801136.71875	-71395383584062.12
0.0	-354022155769.6478	-42004488867284.375
0.0	167032218371.63763	-77843195107372.31
0.0	190621397763.1577	-9387609531138.062
0.0	-2802029519138.2017	-239291391687088.2
0.0	3068648357761.3716	21259272137180.125
0.0	-11612757875820.875	-586849102243302.8
0.0	18688450886754.977	-742371969873254.6
0.0	-2460331795739.541	9420301860.460266
0.0	2305232417102.0156	-7341764753.445354
0.0	-18330604329321.785	-676605482878017.4
0.0	12023443660182.512	-493046540002400.75
0.0	-3104974867563.8315	-20816598603021.188
0.0	3024427741238.178	-227599270615479.88
0.0	-173169333415.5828	-41492076876555.5
0.0	-130254485814.5993	-99700319410665.62
0.0	364932088250.3542	-68793546053084.5
0.0	-186483777541.40723	-94534834334173.44
0.0	43764296169.06355	-80931793842366.88
0.0	-55373724167.20354	-87194410985151.94
0.0	8102889466.019505	-84923742099759.56
0.0	-32270460608.662235	-84945958373491.06
0.0	8732905501.888874	-85005698575696.44
0.0	-3435014762.5389338	-84721680425956.88
0.0	1369209915.0046468	-84887271280536.19
0.0	323751295.9305662	-84814096610209.31
0.0	248768708.15212792	-84848393933405.38
0.0	283257143.39265704	-84811607682424.62
0.0	-222393847.71159315	-84830401215156.69
0.0	222393847.73500568	-84830401215157.56
0.0	-283257142.984887	-84811607682429.81
0.0	-248768708.39130068	-84848393933377.12
0.0	-323751296.7635352	-84814096610238.94
0.0	-1369209914.460144	-84887271280558.0
0.0	3435014762.7249813	-84721680425941.56
0.0	-8732905502.211876	-85005698575699.62
0.0	32270460608.796856	-84945958373466.81
0.0	-8102889466.8243065	-84923742099767.38
0.0	55373724168.06412	-87194410985193.56
0.0	-43764296168.807465	-80931793842357.12
0.0	186483777540.4251	-94534834334154.88
0.0	-364932088250.603	-68793546053160.94
0.0	130254485817.17297	-99700319410612.12
0.0	173169333413.23822	-41492076876435.19
0.0	-3024427741240.8193	-227599270615617.75
0.0	3104974867566.0684	-20816598603069.312
0.0	-12023443660189.803	-493046540002421.8
0.0	18330604329326.344	-676605482877853.9
0.0	-2305232417102.92	-7341764753.364941
0.0	1689084826785.166	656545864.067311
0.0	-16775487489756.336	-525530490638108.0
0.0	11322956094123.883	-367556547141636.6
0.0	-2916924282623.158	-19521971062689.125
0.0	2900642166740.765	-172509584644744.94
0.0	-187185310119.4697	-32081955376606.812
0.0	-116196358082.38629	-76573307653525.4
0.0	338666245351.1703	-52547244977750.59
0.0	-176474670951.93134	-72334052697242.84
0.0	34781688903.08775	-62095308769992.34
0.0	-53084439805.113525	-66838081119826.22
0.0	6026831113.489183	-65057240135634.72
0.0	-31324820924.021004	-65109340013047.81
0.0	8443762928.003351	-65132722502156.41
0.0	-3282946290.627408	-64909036178702.69
0.0	1613699383.6021705	-65036374679392.25
0.0	359617659.7709739	-64979663517530.84
0.0	270839451.010068	-65005679731283.25
0.0	288845823.2818676	-64977164355091.31
0.0	-190544393.61004066	-64992138473080.625
0.0	190544393.63491684	-64992138473080.69
0.0	-288845822.8016957	-64977164355096.25
0.0	-270839451.1549212	-65005679731260.875
0.0	-359617660.57888854	-64979663517553.91
0.0	-1613699382.9758506	-65036374679406.22
0.0	3282946290.7665534	-64909036178691.06
0.0	-8443762928.211848	-65132722502160.625
0.0	31324820924.294064	-65109340013030.03
0.0	-6026831114.259628	-65057240135640.53
0.0	53084439805.92999	-66838081119857.09
0.0	-34781688902.760345	-62095308769984.625
0.0	176474670951.2168	-72334052697230.72
0.0	-338666245351.4907	-52547244977806.81
0.0	116196358085.06216	-76573307653482.94
0.0	187185310117.26154	-32081955376516.5
0.0	-2900642166743.768	-172509584644847.75
0.0	2916924282625.7915	-19521971062724.688
0.0	-11322956094130.873	-367556547141654.4
0.0	16775487489760.984	-525530490637977.6
0.0	-1689084826785.8906	656545864.0014262
0.0	1112573900736.709	-2348072164.748882
0.0	-14472194797022.43	-405394843975891.8
0.0	10035154910143.99	-262998957095276.44
0.0	-2605012613910.25	-29416065543501.125
0.0	2619809018431.6523	-133774060840569.34
0.0	-188686762105.1547	-36101547507066.06
0.0	-94613547393.71594	-68253014798603.59
0.0	296756873902.7237	-50505135758575.53
0.0	-152943526847.63013	-65153479057778.28
0.0	31002965874.707657	-57660587956450.625
0.0	-44858648469.03421	-61080040812109.22
0.0	6139201913.124289	-59780392629131.03
0.0	-27535508181.75015	-59854182222452.84
0.0	7888295418.418602	-59851247690313.56
0.0	-3071051118.7275352	-59699498450271.28
0.0	1467862814.6543927	-59784702910423.44
0.0	222987482.08128005	-59744333596601.97
0.0	242325918.2664873	-59762579102875.97
0.0	247295560.2961809	-59742142808249.34
0.0	-161536562.73123288	-59753125909889.03
0.0	161536562.45702368	-59753125909890.72
0.0	-247295560.18326497	-59742142808252.09
0.0	-242325918.5591421	-59762579102858.625
0.0	-222987483.03700626	-59744333596618.72
0.0	-1467862814.3126166	-59784702910439.31
0.0	3071051118.562642	-59699498450263.34
0.0	-7888295418.82466	-59851247690317.25
0.0	27535508181.799305	-59854182222441.19
0.0	-6139201914.119558	-59780392629136.34
0.0	44858648469.465065	-61080040812133.78
0.0	-31002965874.728043	-57660587956444.78
0.0	152943526846.80878	-65153479057769.25
0.0	-296756873903.5057	-50505135758617.03
0.0	94613547396.02441	-68253014798571.66
0.0	188686762102.91525	-36101547506998.97
0.0	-2619809018434.945	-133774060840646.06
0.0	2605012613912.8296	-29416065543529.188
0.0	-10035154910150.043	-262998957095290.75
0.0	14472194797026.875	-405394843975795.9
0.0	-1112573900737.336	-2348072164.678092
0.0	626561724622.0049	-22557785.013145566
0.0	-11499045274387.594	-284530887905634.1
0.0	8231376840706.478	-168684284721360.62
0.0	-2136629840259.9502	-29287907001165.688
0.0	2190571587790.9023	-92798948339687.45
0.0	-170914397999.96497	-31467378232226.14
0.0	-76182999488.58517	-52421655459677.45
0.0	239377218827.59027	-40556104848263.03
0.0	-123400987895.0676	-50404711076786.81
0.0	23770542143.14119	-45414550635934.25
0.0	-36880856539.51595	-47678464423159.16
0.0	4505253427.284081	-46815240789108.484
0.0	-23110790168.26942	-46876312278526.44
0.0	6503974233.567356	-46862538827367.69
0.0	-2707170318.668003	-46767908800189.95
0.0	1244240339.1647642	-46820324790493.0
0.0	177450658.774835	-46795183321201.47
0.0	242576604.41225162	-46807003976853.66
0.0	197858957.70992458	-46793984254616.97
0.0	-125230237.77821761	-46801233501348.75
0.0	125230237.68190384	-46801233501350.08
0.0	-197858957.47618914	-46793984254618.75
0.0	-242576604.5288119	-46807003976845.375
0.0	-177450659.48940593	-46795183321210.7
0.0	-1244240338.7049427	-46820324790503.34
0.0	2707170318.5742435	-46767908800183.484
0.0	-6503974233.791245	-46862538827371.34
0.0	23110790168.436012	-46876312278518.25
0.0	-4505253428.103508	-46815240789114.08
0.0	36880856539.94807	-47678464423175.984
0.0	-23770542143.017784	-45414550635932.67
0.0	123400987894.50845	-50404711076781.78
0.0	-239377218828.17303	-40556104848288.58
0.0	76182999490.69284	-52421655459657.766
0.0	170914397998.14297	-31467378232178.344
0.0	-2190571587793.6091	-92798948339742.16
0.0	2136629840262.687	-29287907001182.375
0.0	-8231376840710.127	-168684284721369.62
0.0	11499045274392.445	-284530887905572.25
0.0	-626561724622.5391	-22557785.057950616
0.0	194642324888.50684	-830686296.5744597
0.0	-8140539421163.0	-181158205111662.72
0.0	6090939249650.943	-95474821751530.94
0.0	-1586388171155.0994	-25878352450521.016
0.0	1655851925552.714	-58725827502626.39
0.0	-141531420516.73795	-25351656847916.406
0.0	-52362516261.447266	-37394706205904.04
0.0	173179690686.3552	-30301309394573.883
0.0	-89182160554.88326	-36209568387025.62
0.0	15921387685.666885	-33266556461162.758
0.0	-26672628509.15043	-34601048972188.844
0.0	3490290946.7842884	-34083776565826.953
0.0	-17319688540.003353	-34130466579595.516
0.0	5087447835.372495	-34107825182168.6
0.0	-2065070326.5181434	-34057145935842.234
0.0	989508063.3566997	-34085621671787.297
0.0	141829216.83713213	-34071345217497.6
0.0	210437015.97942784	-34077948902941.062
0.0	130848382.27869809	-34070610140024.39
0.0	-85752276.6316028	-34074734124558.78
0.0	85752276.51721328	-34074734124561.42
0.0	-130848382.01389211	-34070610140028.17
0.0	-210437015.9694633	-34077948902933.227
0.0	-141829217.28990805	-34071345217500.617
0.0	-989508063.1111524	-34085621671790.61
0.0	2065070326.4417222	-34057145935838.758
0.0	-5087447835.414543	-34107825182169.93
0.0	17319688540.23753	-34130466579589.43
0.0	-3490290947.2339334	-34083776565825.28
0.0	26672628509.33838	-34601048972194.453
0.0	-15921387685.613846	-33266556461160.742
0.0	89182160554.65347	-36209568387021.34
0.0	-173179690686.75357	-30301309394587.547
0.0	52362516262.91879	-37394706205893.97
0.0	141531420515.65604	-25351656847893.1
0.0	-1655851925555.0913	-58725827502654.1
0.0	1586388171157.0684	-25878352450528.375
0.0	-6090939249654.517	-95474821751535.78
0.0	8140539421165.98	-181158205111629.2
0.0	-194642324888.93848	-830686296.544436
0.0	-128806373705.771	65147082.2569603
0.0	-4852513742366.752	-99044736624831.98
0.0	3893226994773.5635	-44190199248923.82
0.0	-1013976060988.292	-18795116454059.15
0.0	1088292686750.4172	-31779407346848.72
0.0	-102974002864.29446	-17284232669767.95
0.0	-28495232765.780136	-23019207519566.395
0.0	106637807508.0964	-19453473707190.2
0.0	-53991935821.15224	-22443791562709.51
0.0	8732474696.043411	-20983578133254.824
0.0	-16267188895.386208	-21639303125899.645
0.0	2287463464.132699	-21379852546238.086
0.0	-11177216715.769405	-21411132345503.664
0.0	3422084962.380241	-21390557941820.203
0.0	-1427502027.438408	-21369630986121.184
0.0	678543348.3634083	-21381965619271.586
0.0	82535897.13063623	-21375532123254.484
0.0	157375060.13469023	-21378624097570.742
0.0	75236417.02771568	-21375233532810.953
0.0	-47006160.37918405	-21377219071694.7
0.0	47006160.290864915	-21377219071696.203
0.0	-75236416.70072973	-21375233532812.734
0.0	-157375060.0963476	-21378624097565.9
0.0	-82535897.59134835	-21375532123256.188
0.0	-678543348.0436639	-21381965619274.54
0.0	1427502027.4042845	-21369630986119.406
0.0	-3422084962.309326	-21390557941821.07
0.0	11177216716.038034	-21411132345500.18
0.0	-2287463464.5102954	-21379852546237.215
0.0	16267188895.474083	-21639303125902.85
0.0	-8732474695.928703	-20983578133254.58
0.0	53991935821.04697	-22443791562708.086
0.0	-106637807508.37402	-19453473707196.824
0.0	28495232766.908173	-23019207519561.477
0.0	102974002863.57127	-17284232669754.805
0.0	-1088292686752.2725	-31779407346863.95
0.0	1013976060989.939	-18795116454062.0
0.0	-3893226994775.8984	-44190199248926.01
0.0	4852513742368.955	-99044736624816.1
0.0	128806373705.4209	65147082.25556481
0.0	-272764146014.0244	-47473768.640797555
0.0	-2223637506327.2583	-42616870109291.05
0.0	2019133453762.7026	-14906129716810.832
0.0	-521319986830.9839	-10490265420056.73
0.0	583631730490.4603	-13507413356927.893
0.0	-63029068789.402885	-9204855891109.535
0.0	-10684955379.972908	-11240769522198.77
0.0	51293996579.29607	-9865637432942.82
0.0	-25203132148.26675	-11026975044107.625
0.0	3224752827.204754	-10475591917579.139
0.0	-7650564561.5534725	-10719635381260.873
0.0	1256243755.4007015	-10619323847176.96
0.0	-5857394409.473834	-10636160316098.012
0.0	1904243619.8441467	-10623215615479.414
0.0	-805710622.192374	-10617581471866.346
0.0	398181149.4909811	-10621165886291.838
0.0	34406851.81608482	-10619123997151.283
0.0	99503629.96835095	-10620141996606.512
0.0	28685753.13871312	-10618998844487.404
0.0	-18107698.089541756	-10619704821675.627
0.0	18107698.037802346	-10619704821675.902
0.0	-28685753.039439827	-10618998844488.207
0.0	-99503629.92104135	-10620141996605.328
0.0	-34406851.9767892	-10619123997151.805
0.0	-398181149.37565386	-10621165886292.432
0.0	805710622.1358907	-10617581471865.742
0.0	-1904243619.7811027	-10623215615480.09
0.0	5857394409.6115	-10636160316097.113
0.0	-1256243755.5823386	-10619323847176.832
0.0	7650564561.57328	-10719635381262.062
0.0	-3224752827.182354	-10475591917579.037
0.0	25203132148.29177	-11026975044106.592
0.0	-51293996579.53778	-9865637432945.207
0.0	10684955380.621536	-11240769522196.998
0.0	63029068789.04178	-9204855891104.535
0.0	-583631730491.7042	-13507413356933.44
0.0	521319986832.06335	-10490265420057.73
0.0	-2019133453764.1824	-14906129716811.475
0.0	2223637506328.6436	-42616870109284.89
0.0	272764146013.8584	-47473768.653270215
0.0	-242631267311.9892	11467007.561201371
0.0	-601881565138.7446	-11877019126652.895
0.0	739597204894.8796	-2741847098865.79
0.0	-184610887550.3844	-3740280730373.871
0.0	222295766368.94385	-3701107310996.8936
0.0	-29425765973.696606	-3163699263387.33
0.0	-914818959.068182	-3583290004389.8022
0.0	15489856939.653519	-3253679386179.6855
0.0	-6999323553.707802	-3534843687964.0635
0.0	204097970.97567177	-3407719016836.222
0.0	-2161903105.1200733	-3462595897246.4243
0.0	499379300.1438633	-3438500054603.9326
0.0	-2143318965.1749675	-3444392388660.917
0.0	787796130.2362878	-3439340340773.033
0.0	-333889734.24749523	-3438917424544.027
0.0	177874202.1169662	-3439339430546.616
0.0	9065896.62370396	-3439024441997.839
0.0	48581012.30358347	-3439206841414.9023
0.0	2656139.608118333	-3438999086657.843
0.0	-1424096.3501444682	-3439144779466.6924
0.0	1424096.3224417828	-3439144779466.706
0.0	-2656139.591151327	-3438999086658.1133
0.0	-48581012.26339122	-3439206841414.714
0.0	-9065896.672343958	-3439024441997.923
0.0	-177874202.05242744	-3439339430546.7095
0.0	333889734.1877928	-3438917424543.743
0.0	-787796130.1888525	-3439340340773.248
0.0	2143318965.2532532	-3444392388660.53
0.0	-499379300.24884623	-3438500054604.08
0.0	2161903105.128935	-3462595897246.981
0.0	-204097970.9735651	-3407719016836.1465
0.0	6999323553.75404	-3534843687963.879
0.0	-15489856939.832996	-3253679386180.481
0.0	914818959.419754	-3583290004389.506
0.0	29425765973.544037	-3163699263386.003
0.0	-222295766369.61542	-3701107310998.5938
0.0	184610887551.0526	-3740280730374.0835
0.0	-739597204895.6083	-2741847098865.993
0.0	601881565139.5566	-11877019126651.55
0.0	242631267311.91333	11467007.56519962
0.0	-125229912688.46199	4652175.796968233
0.0	64198165278.09259	-1104879818420.8457
0.0	102027890493.66199	-75924060122.15582
0.0	-18211867917.894577	-450047620916.50854
0.0	31877095542.87677	-333371018900.24615
0.0	-7804494671.069492	-367924354444.8452
0.0	1961405565.9894803	-388286749277.76044
0.0	-405622770.2721491	-364323603456.3594
0.0	724687106.7898934	-385143548685.49036
0.0	-666302588.5135006	-376697741374.474
0.0	187937947.29454064	-380132855352.783
0.0	87506451.30379847	-378376971968.409
0.0	-262218094.61740565	-379083933783.6715
0.0	160122734.59068426	-378419938820.22217
0.0	-70386726.4551469	-378528718103.50684
0.0	43504259.34667588	-378494815993.67554
0.0	-1871583.721725102	-378497429410.24634
0.0	14428086.55181643	-378501044547.97034
0.0	-5261136.258610851	-378496119918.6521
0.0	3423324.2000076277	-378503002971.3196
0.0	-3423324.2134317383	-378503002971.3109
0.0	5261136.255283704	-378496119918.67804
0.0	-14428086.526117597	-378501044547.94604
0.0	1871583.708839278	-378497429410.2519
0.0	-43504259.32587762	-378494815993.6806
0.0	70386726.4316076	-378528718103.4746
0.0	-160122734.56559923	-378419938820.2333
0.0	262218094.64886612	-379083933783.6405
0.0	-87506451.33089595	-378376971968.4113
0.0	-187937947.3045901	-380132855352.8362
0.0	666302588.5077333	-376697741374.48645
0.0	-724687106.7528603	-385143548685.4663
0.0	405622770.20320225	-364323603456.4131
0.0	-1961405565.8959038	-388286749277.74615
0.0	7804494671.0486965	-367924354444.809
0.0	-31877095543.0855	-333371018900.4036
0.0	18211867918.140892	-450047620916.49457
0.0	-102027890493.85068	-75924060122.17694
0.0	-64198165277.79877	-1104879818420.7166
0.0	125229912688.43591	4652175.794989895
0.0	-22888956083.79905	3936385.0500156973
0.0	149510495540.51154	40588957573.18558
0.0	-76558794916.52238	-28751799312.55268
0.0	25688047225.15445	31099761619.88165
0.0	-25878828980.965054	9247901026.614628
0.0	1307532560.5084577	23754342811.76655
0.0	1328089009.4126105	21571093209.520782
0.0	-3278722008.714005	21762585223.673664
0.0	1813449562.4748497	21682809403.378185
0.0	-442085578.7140392	21897625439.35199
0.0	537679964.3082187	21765965935.044098
0.0	-44362768.150980644	21776881167.982788
0.0	261171998.7544712	21826941689.358406
0.0	-56932240.540836185	21773105450.714626
0.0	23019458.72989683	21800045104.349487
0.0	-8149039.914378855	21787256959.82696
0.0	-2587169.7732249494	21792300589.315514
0.0	-702774.0967150657	21790334597.890526
0.0	-3671649.8122939495	21792312500.54449
0.0	2336039.4610707574	21791659383.331184
0.0	-2336039.4636307675	21791659383.331776
0.0	3671649.809945129	21792312500.544098
0.0	702774.1044485783	21790334597.882423
0.0	2587169.772635304	21792300589.317772
0.0	8149039.916093343	21787256959.832287
0.0	-23019458.734378684	21800045104.349487
0.0	56932240.546131626	21773105450.71924
0.0	-261171998.74793002	21826941689.355843
0.0	44362768.1509871	21776881167.985703
0.0	-537679964.3161981	21765965935.039764
0.0	442085578.71008974	21897625439.3563
0.0	-1813449562.4614606	21682809403.376717
0.0	3278722008.701132	21762585223.68149
0.0	-1328089009.4138966	21571093209.52271
0.0	-1307532560.4967444	23754342811.75127
0.0	25878828980.96991	9247901026.616096
0.0	-25688047225.117245	31099761619.882805
0.0	76558794916.5326	-28751799312.551556
0.0	-149510495540.46176	40588957573.195114
0.0	22888956083.79258	3936385.0499220625
0.0	18942901817.427223	3959405.479294549
0.0	55656320660.15263	-41667928954.38865
0.0	-55249042982.91837	12557337477.103134
0.0	16825513833.569548	-24471501401.686684
0.0	-20252313305.68325	-11644030398.02556
0.0	2392965378.8841352	-19362693355.07057
0.0	220814111.7823112	-18691839951.89736
0.0	-1492803085.4222262	-18328014755.976532
0.0	726418335.1792386	-18686290917.311188
0.0	-75967147.76351607	-18627289504.752735
0.0	218078801.6169812	-18630318062.459885
0.0	-38475966.919186	-18602339991.415806
0.0	177505579.8116703	-18639786329.075405
0.0	-59174798.59655776	-18601819248.03512
0.0	25491491.768758863	-18616667175.402874
0.0	-12409041.17990668	-18610024187.76983
0.0	-604829.6944143185	-18612496671.289703
0.0	-3182450.7806689893	-18611785730.629612
0.0	-629452.827433852	-18612569985.372845
0.0	424731.3996648283	-18612309295.45022
0.0	-424731.39897162654	-18612309295.4506
0.0	629452.8243341362	-18612569985.374226
0.0	3182450.779757294	-18611785730.636795
0.0	604829.6989322151	-18612496671.291485
0.0	12409041.179509575	-18610024187.77121
0.0	-25491491.768260423	-18616667175.40571
0.0	59174798.593553774	-18601819248.037926
0.0	-177505579.814278	-18639786329.083138
0.0	38475966.92205314	-18602339991.42183
0.0	-218078801.61586964	-18630318062.455887
0.0	75967147.7627449	-18627289504.74964
0.0	-726418335.180202	-18686290917.30996
0.0	1492803085.4281325	-18328014755.974167
0.0	-220814111.7987485	-18691839951.892128
0.0	-2392965378.875575	-19362693355.067986
0.0	20252313305.730812	-11644030398.00203
0.0	-16825513833.595755	-24471501401.69224
0.0	55249042982.94882	12557337477.10838
0.0	-55656320660.16885	-41667928954.384094
0.0	-18942901817.428196	3959405.479328478
0.0	17561503025.85633	3856491.318668485
0.0	-8995374700.656939	28607463704.146957
0.0	-9160544249.016384	-4552710512.750058
0.0	2701448521.569762	15340702444.600393
0.0	-4438298511.463925	8695187288.40615
0.0	925342290.8379178	12385638361.986734
0.0	-210856475.3975208	12272294116.12875
0.0	58197487.13457841	11901262188.986862
0.0	-80897717.0137989	12242314707.042303
0.0	69799696.8833865	12140322337.77283
0.0	-24699072.738783665	12172722974.708954
0.0	-7284365.666073091	12144958288.433338
0.0	22216079.029424652	12167203104.658783
0.0	-14312391.732297115	12145013651.59833
0.0	6971003.09014559	12152374503.209538
0.0	-3719305.7272460414	12149165388.426846
0.0	566124.7494580187	12150177803.924664
0.0	-1263689.99942125	12149801190.484156
0.0	627818.9338548004	12150095681.503248
0.0	-357405.0290783864	12150125297.634554
0.0	357405.02956072765	12150125297.634825
0.0	-627818.934144012	12150095681.506239
0.0	1263689.9976192224	12149801190.486822
0.0	-566124.7486849925	12150177803.927454
0.0	3719305.727683328	12149165388.426815
0.0	-6971003.088915501	12152374503.20794
0.0	14312391.729884665	12145013651.597286
0.0	-22216079.030883837	12167203104.656069
0.0	7284365.66576697	12144958288.433928
0.0	24699072.741429083	12172722974.71508
0.0	-69799696.88250512	12140322337.772673
0.0	80897717.01062262	12242314707.042164
0.0	-58197487.13060999	11901262188.988003
0.0	210856475.3929562	12272294116.129318
0.0	-925342290.8379388	12385638361.989809
0.0	4438298511.487566	8695187288.4218
0.0	-2701448521.5879564	15340702444.599512
0.0	9160544249.027145	-4552710512.749072
0.0	8995374700.646608	28607463704.145966
0.0	-17561503025.856167	3856491.318701691
0.0	6226179957.761351	3990659.9581958316
0.0	-19258642590.898705	-17672916109.79409
0.0	8472324626.513475	909460792.8732047
0.0	-2565154596.2434993	-8929325129.474262
0.0	2545294503.1273417	-5743097307.357349
0.0	-101082339.36218822	-7336940492.713736
0.0	-170032445.49994496	-7414075264.050321
0.0	426908155.392247	-7133317056.247084
0.0	-237465280.31435674	-7384009240.379877
0.0	59509098.634845704	-7295486383.7306595
0.0	-72438026.52241325	-7328326075.272511
0.0	6794100.189112395	-7307758466.66388
0.0	-35614514.3937039	-7320175091.48526
0.0	8393218.918296397	-7308342561.867872
0.0	-2788450.789642598	-7311595826.427789
0.0	1535653.646626963	-7310289278.392343
0.0	671287.4499816229	-7310728947.3259
0.0	240817.39444944286	-7310736770.332695
0.0	555017.8457800183	-7310787023.736641
0.0	-307261.00586089527	-7310780601.661261
0.0	307261.00573346834	-7310780601.660444
0.0	-555017.8448871056	-7310787023.73737
0.0	-240817.39504993253	-7310736770.332363
0.0	-671287.4511558573	-7310728947.324483
0.0	-1535653.6456861992	-7310289278.39262
0.0	2788450.7896255106	-7311595826.427961
0.0	-8393218.918895362	-7308342561.867901
0.0	35614514.394666195	-7320175091.486607
0.0	-6794100.190810058	-7307758466.664886
0.0	72438026.52306537	-7328326075.271423
0.0	-59509098.6340401	-7295486383.729563
0.0	237465280.31273705	-7384009240.378939
0.0	-426908155.3921181	-7133317056.246801
0.0	170032445.50316864	-7414075264.050019
0.0	101082339.35944712	-7336940492.71081
0.0	-2545294503.1259403	-5743097307.355839
0.0	2565154596.2410192	-8929325129.474031
0.0	-8472324626.51625	909460792.8732944
0.0	19258642590.900215	-17672916109.79337
0.0	-6226179957.7612095	3990659.958212725
0.0	322841372.1114378	3916028.5701309023
0.0	-10298987854.842201	10085614236.768661
0.0	7427582953.318369	479243378.2201123
0.0	-2234939069.3997226	4873786277.3928175
0.0	2682761804.3857646	3490608371.1856976
0.0	-293942092.545334	4074064473.6908937
0.0	-57193942.0048306	4187294719.550063
0.0	268207281.02171588	4003083562.25061
0.0	-137100698.41906172	4164685602.024654
0.0	22510340.81483847	4102040747.414947
0.0	-41943740.590537995	4126611043.7833543
0.0	6669744.820802625	4113155535.819604
0.0	-29313130.358305074	4119440649.6092105
0.0	9446919.305433588	4113371237.1737475
0.0	-3452905.7821511114	4114717071.9598455
0.0	2136966.3931548037	4114180000.719773
0.0	439567.5594242456	4114235208.365612
0.0	539330.6940119299	4114153512.9322
0.0	238238.5402274293	4114142948.4279747
0.0	-108539.43297528022	4114225236.5678134
0.0	108539.43309912732	4114225236.5679936
0.0	-238238.54055621766	4114142948.4281464
0.0	-539330.6937047584	4114153512.9324408
0.0	-439567.5599901196	4114235208.365034
0.0	-2136966.3924367744	4114180000.718252
0.0	3452905.7818279956	4114717071.9597692
0.0	-9446919.30507787	4113371237.174302
0.0	29313130.358897228	4119440649.6091976
0.0	-6669744.821867159	4113155535.8185153
0.0	41943740.590877414	4126611043.7822886
0.0	-22510340.81469567	4102040747.414709
0.0	137100698.41888052	4164685602.0245466
0.0	-268207281.02278924	4003083562.2510805
0.0	57193942.00813383	4187294719.549275
0.0	293942092.5433107	4074064473.689565
0.0	-2682761804.3906074	3490608371.185377
0.0	2234939069.4026833	4873786277.393511
0.0	-7427582953.322813	479243378.21927357
0.0	10298987854.846298	10085614236.768526
0.0	-322841372.11147594	3916028.570171773
0.0	-666792434.6718364	4063418.566735093
0.0	-3274217177.8898067	-5346677940.748808
0.0	3214269653.887182	-797807360.785084
0.0	-961947226.0918467	-2477461265.0517783
0.0	1260258112.4037392	-1964870371.5680213
0.0	-169574034.7052459	-2108153869.2604685
0.0	-6774597.875337973	-2203517369.3501883
0.0	99114708.3131094	-2093275598.8166802
0.0	-46929109.69861205	-2188492975.3244596
0.0	4636986.375846535	-2149408540.423483
0.0	-14275993.28169221	-2165485468.986683
0.0	3334058.3249305356	-2157675915.481567
0.0	-12564332.257084198	-2160806007.9624805
0.0	4763022.280262465	-2158138855.900221
0.0	-1601161.4577638065	-2158514208.163707
0.0	1231280.912529662	-2158435100.7034526
0.0	263072.00731998007	-2158483128.816912
0.0	347850.8989633861	-2158594609.3449802
0.0	77333.48531434021	-2158559208.1840525
0.0	-11491.0242670062	-2158561280.7057796
0.0	11491.024489592208	-2158561280.7064734
0.0	-77333.48608931105	-2158559208.1840916
0.0	-347850.89854551083	-2158594609.3435636
0.0	-263072.0074704188	-2158483128.8166018
0.0	-1231280.9121627384	-2158435100.7038
0.0	1601161.457652702	-2158514208.1636906
0.0	-4763022.279888333	-2158138855.90028
0.0	12564332.25708923	-2160806007.961488
0.0	-3334058.32538025	-2157675915.480606
0.0	14275993.281981073	-2165485468.987058
0.0	-4636986.375876259	-2149408540.4237833
0.0	46929109.69872089	-2188492975.324505
0.0	-99114708.31375608	-2093275598.8172255
0.0	6774597.877046064	-2203517369.350478
0.0	169574034.7043493	-2108153869.2610135
0.0	-1260258112.4070845	-1964870371.569759
0.0	961947226.0940719	-2477461265.05064
0.0	-3214269653.8896546	-797807360.7854269
0.0	3274217177.8921185	-5346677940.749807
0.0	666792434.6717825	4063418.566728664
0.0	-291405104.2659544	4202364.765786227
0.0	-684770255.1103601	2634984158.0877357
0.0	934415737.7624706	714596275.2968783
0.0	-273640900.68178326	1168764088.1829975
0.0	389838823.239555	1037346172.9499652
0.0	-58948160.744977795	1016017715.8539755
0.0	2553116.653774563	1082236705.4106464
0.0	25590900.54613992	1021162826.0919538
0.0	-10563921.60939372	1073230577.7567414
0.0	513872.7698920863	1050519774.7792234
0.0	-3033428.586447196	1059988992.9730529
0.0	1281798.651141678	1055579460.5625453
0.0	-3520324.1846627523	1056789347.5090249
0.0	1671487.0445831204	1055577428.6990119
0.0	-370974.49109682505	1055664856.8164802
0.0	541531.6627755053	1055639941.6399512
0.0	178028.92435277434	1055556250.0583303
0.0	166565.638813543	1055504305.6037763
0.0	33417.64115702611	1055471928.4930745
0.0	10166.89722839067	1055517487.8437301
0.0	-10166.89723297544	1055517487.8434055
0.0	-33417.64131536141	1055471928.4931874
0.0	-166565.6384784244	1055504305.6040698
0.0	-178028.92468384875	1055556250.0584042
0.0	-541531.6626273284	1055639941.6397111
0.0	370974.491106863	1055664856.8164446
0.0	-1671487.0444373523	1055577428.6989517
0.0	3520324.1847965354	1056789347.5091239
0.0	-1281798.6513717459	1055579460.5626876
0.0	3033428.5864666384	1059988992.9729296
0.0	-513872.7699039187	1050519774.7790899
0.0	10563921.609472707	1073230577.7566618
0.0	-25590900.546510227	1021162826.0917565
0.0	-2553116.653023813	1082236705.4103754
0.0	58948160.74465528	1016017715.8533694
0.0	-389838823.2408668	1037346172.9499488
0.0	273640900.6828753	1168764088.18333
0.0	-934415737.7637348	714596275.2968341
0.0	684770255.1117096	2634984158.0869937
0.0	291405104.26598954	4202364.765778581
0.0	-14807233.425551876	4464030.0867668865
0.0	-86337833.36553997	-1175686876.9926674
0.0	199549022.79605412	-506675269.1743133
0.0	-52989414.438191555	-484399439.30423856
0.0	87460319.48414397	-496690951.02322024
0.0	-13896149.106750399	-433216760.46607214
0.0	1819075.741839936	-474423252.7050631
0.0	5204386.304058495	-442799635.28892523
0.0	-1258165.7024028022	-469348850.1677637
0.0	260490.4907269776	-457384938.8474189
0.0	-151349.9744116566	-462653274.5452961
0.0	534404.4595534027	-460543628.6045443
0.0	-574670.8217626028	-461124351.3860157
0.0	523952.8143879778	-460816762.340062
0.0	62879.02984381377	-460722454.17011464
0.0	255181.54763977445	-460808966.2448412
0.0	134765.7487842542	-460828381.27904403
0.0	84283.83556465861	-460918686.3183455
0.0	25541.83649832956	-460903399.21788526
0.0	10248.075328325525	-460898445.42654794
0.0	-10248.07542498852	-460898445.4264318
0.0	-25541.836430728545	-460903399.2179563
0.0	-84283.83537495248	-460918686.3184371
0.0	-134765.74908812664	-460828381.27919006
0.0	-255181.54759355434	-460808966.2448953
0.0	-62879.02977702889	-460722454.170075
0.0	-523952.8143551075	-460816762.339945
0.0	574670.8218600715	-461124351.3859674
0.0	-534404.459666159	-460543628.6047133
0.0	151349.97442032606	-462653274.54539037
0.0	-260490.49072262505	-457384938.84753
0.0	1258165.7024561213	-469348850.1677426
0.0	-5204386.304242105	-442799635.2888652
0.0	-1819075.7415212877	-474423252.70510006
0.0	13896149.106638769	-433216760.46629906
0.0	-87460319.48452511	-496690951.0233653
0.0	52989414.43862761	-484399439.30408823
0.0	-199549022.7965576	-506675269.1744367
0.0	86337833.36615342	-1175686876.9926426
0.0	14807233.425588101	4464030.0867660865
0.0	60921580.43860156	4686405.46818567
0.0	2584994.666553557	463372838.9488327
0.0	35014979.85057896	327095277.4371029
0.0	-4749200.550487252	169745018.86256856
0.0	15532082.457796007	220331367.83142972
0.0	-1977910.8158124327	160114391.5697876
0.0	868373.5028985749	183673141.31615874
0.0	1195059.1165847746	168647556.48823223
0.0	330942.76010941295	181093894.8862061
0.0	372409.51220392366	174969818.68702886
0.0	318008.74880169024	177583445.46937197
0.0	316464.28895942617	176454779.90646747
0.0	68667.57873959403	176486923.67320818
0.0	211308.95646841783	176342212.5589111
0.0	143420.63463104665	176291486.32780874
0.0	155675.05261997395	176300517.89221305
0.0	103938.12677210971	176226099.02479422
0.0	52728.671139104204	176173853.25353464
0.0	21390.21136555822	176153275.58631212
0.0	7606.914990255437	176171992.93568346
0.0	-7606.915051393258	176171992.9357287
0.0	-21390.211307996695	176153275.5863608
0.0	-52728.67106704173	176173853.2534713
0.0	-103938.12691217527	176226099.02477968
0.0	-155675.05258627707	176300517.8922244
0.0	-143420.63459347776	176291486.3278229
0.0	-211308.95646050439	176342212.55893132
0.0	-68667.57871151969	176486923.67310816
0.0	-316464.28898970253	176454779.9063014
0.0	-318008.74879839085	177583445.4693284
0.0	-372409.5122109273	174969818.68700927
0.0	-330942.760101754	181093894.88613647
0.0	-1195059.116637637	168647556.4882963
0.0	-868373.5028416776	183673141.31609055
0.0	1977910.8158046226	160114391.5696833
0.0	-15532082.45785905	220331367.8315552
0.0	4749200.550575212	169745018.86264473
0.0	-35014979.8507166	327095277.43710804
0.0	-2584994.666401997	463372838.94868517
0.0	-60921580.438578196	4686405.468185271
0.0	63516521.23072635	4938352.061884587
0.0	8433689.897964163	-129657714.55448428
0.0	8239317.729422703	-181064338.95808414
0.0	2333754.06885664	-23895061.74819927
0.0	3064395.8827133533	-73028655.06910053
0.0	228219.3933751363	-29398454.769337744
0.0	540384.1738719282	-41992429.73586932
0.0	570237.8067076255	-35384249.64864597
0.0	463533.63293836877	-40687312.94696224
0.0	373554.01324835967	-38060233.764157295
0.0	324817.99570283096	-39360910.9334348
0.0	238189.48514285276	-39022790.696342334
0.0	145067.05973508922	-39108262.015088364
0.0	128858.40459329382	-39203700.24015954
0.0	131197.30310436906	-39116320.84134358
0.0	113241.71018654722	-39182625.49246602
0.0	79105.84050617101	-39215249.65029216
0.0	37907.114874959596	-39277658.71891862
0.0	17191.41478856989	-39280993.23330988
0.0	5842.15312361242	-39277173.23740861
0.0	-5842.153162261256	-39277173.23737094
0.0	-17191.414757220642	-39280993.23328459
0.0	-37907.11483720509	-39277658.71898641
0.0	-79105.84057489765	-39215249.65027402
0.0	-113241.71017528171	-39182625.49242526
0.0	-131197.30307517023	-39116320.841346934
0.0	-128858.40459975715	-39203700.24016465
0.0	-145067.05972050034	-39108262.015091866
0.0	-238189.48514856474	-39022790.69640048
0.0	-324817.9956997222	-39360910.93345918
0.0	-373554.0132512958	-38060233.764158815
0.0	-463533.6329356071	-40687312.946988404
0.0	-570237.8067253355	-35384249.64863686
0.0	-540384.1738746535	-41992429.73584348
0.0	-228219.3933619452	-29398454.76927516
0.0	-3064395.8827103428	-73028655.06915915
0.0	-2333754.068847499	-23895061.748259097
0.0	-8239317.729474958	-181064338.95809498
0.0	-8433689.897961047	-129657714.5544655
0.0	-63516521.2307118	4938352.06188532
0.0	52740861.01765212	5159350.021774216
0.0	6520085.027019339	8845953.000493675
0.0	4782997.679397475	101032492.72187267
0.0	2661017.4846942183	-16454120.328271165
0.0	1343117.5329888961	19543924.63216131
0.0	476452.76463047595	-8802773.500738263
0.0	418335.3151089161	-2628205.522847131
0.0	439354.6804324743	-5014277.123119697
0.0	403709.5883249065	-3150396.081080258
0.0	320889.18670752004	-4367896.947320223
0.0	272394.0820907128	-3882328.118739292
0.0	188529.07644330163	-4133071.2552919835
0.0	124264.76285011113	-4259549.949471757
0.0	93820.39043841828	-4260657.901289389
0.0	104412.4684074508	-4278989.427303001
0.0	85286.03558107559	-4289764.572889864
0.0	58162.43068050673	-4341467.898573905
0.0	27324.320306500304	-4384726.317566276
0.0	12492.820938333316	-4399702.650936395
0.0	4492.697762290872	-4394535.522680968
0.0	-4492.697780478393	-4394535.52266556
0.0	-12492.82092419245	-4399702.650924772
0.0	-27324.320283022884	-4384726.31757462
0.0	-58162.430722492885	-4341467.898571759
0.0	-85286.0355716343	-4289764.572868705
0.0	-104412.46839486588	-4278989.42729038
0.0	-93820.39044185309	-4260657.901274115
0.0	-124264.76283920961	-4259549.94947201
0.0	-188529.0764545856	-4133071.255303532
0.0	-272394.0820865168	-3882328.118739426
0.0	-320889.18670832017	-4367896.947336629
0.0	-403709.58832493285	-3150396.0810991377
0.0	-439354.68044649885	-5014277.123112723
0.0	-418335.3150931837	-2628205.5228612125
0.0	-476452.764632484	-8802773.500762284
0.0	-1343117.532991979	19543924.632201158
0.0	-2661017.484670391	-16454120.328272358
0.0	-4782997.679427173	101032492.72189368
0.0	-6520085.026978235	8845953.00046885
0.0	-52740861.01764256	5159350.021774019
0.0	42269640.32171411	5377422.019852797
0.0	5012986.413010558	39036215.08699992
0.0	3963535.539934549	-40344576.35437553
0.0	2300646.106471749	35434116.466669984
0.0	1034675.744944463	12017009.558219552
0.0	446051.4039545035	28233550.177153498
0.0	351622.95492002135	25362972.12620011
0.0	371225.50761042075	26065176.057438903
0.0	343582.29321541445	25603080.301528387
0.0	275058.17657948774	25873723.345005132
0.0	228021.04082899156	25636831.14627056
0.0	151156.24579782147	25579689.396092482
0.0	94476.91500898739	25537958.93838416
0.0	68858.94833372592	25448554.827627122
0.0	78678.72476854507	25493084.35681975
0.0	62170.73079776315	25453933.335712
0.0	41832.373742078926	25423143.159225844
0.0	19393.81336320021	25383681.24440325
0.0	8760.471481076218	25373794.55173354
0.0	3298.5664772891373	25374270.54072006
0.0	-3298.5664845869915	25374270.540720373
0.0	-8760.471470992019	25373794.551737092
0.0	-19393.813353240796	25383681.24442233
0.0	-41832.373763814954	25423143.159224167
0.0	-62170.730789306486	25453933.335723072
0.0	-78678.72476969054	25493084.356821433
0.0	-68858.94833311028	25448554.827629343
0.0	-94476.91499805254	25537958.938389927
0.0	-151156.24580997758	25579689.396087646
0.0	-228021.0408290918	25636831.146267503
0.0	-275058.1765767157	25873723.345005877
0.0	-343582.2932147939	25603080.30152762
0.0	-371225.5076178699	26065176.057445854
0.0	-351622.9549066966	25362972.12620066
0.0	-446051.4039598476	28233550.177151874
0.0	-1034675.7449484039	12017009.55821424
0.0	-2300646.1064557824	35434116.46665854
0.0	-3963535.5399443493	-40344576.35437977
0.0	-5012986.412988588	39036215.08699326
0.0	-42269640.32170707	5377422.019852818
0.0	33731782.1177899	5528467.108253937
0.0	4041498.9806612823	-32997404.21508056
0.0	3310400.9159262963	22429582.752826456
0.0	1955552.943624902	-22049733.368427776
0.0	887216.7962390324	-8524328.242223997
0.0	391205.1945995523	-17683484.734436654
0.0	297891.9298131579	-16601123.28731142
0.0	318226.9509353636	-16527906.23793374
0.0	290370.9318632045	-16631693.19983609
0.0	229782.24580088863	-16783322.55154403
0.0	187603.06860945772	-16784906.17663122
0.0	119649.81478161104	-16870630.478886805
0.0	69672.59210872705	-16978095.92340716
0.0	49983.83429018986	-16983075.578260712
0.0	57690.78144022794	-16979397.075619664
0.0	43748.65227948767	-16998124.946891587
0.0	28586.881821263345	-17028316.85209947
0.0	12567.678853043424	-17056653.756981432
0.0	5662.595816212454	-17066835.435029466
0.0	2093.0708098013047	-17067368.00232337
0.0	-2093.070811396266	-17067368.002321016
0.0	-5662.59581145232	-17066835.43502234
0.0	-12567.678854253032	-17056653.756985374
0.0	-28586.881824964912	-17028316.852099568
0.0	-43748.652270813625	-16998124.94688111
0.0	-57690.78144730587	-16979397.0756175
0.0	-49983.83429033305	-16983075.57826015
0.0	-69672.59210020392	-16978095.923412044
0.0	-119649.81479093946	-16870630.47889417
0.0	-187603.06860821633	-16784906.17663591
0.0	-229782.24580119076	-16783322.55154209
0.0	-290370.9318643224	-16631693.19983555
0.0	-318226.9509428783	-16527906.23793466
0.0	-297891.9298014832	-16601123.287307061
0.0	-391205.1946040631	-17683484.73443789
0.0	-887216.7962423639	-8524328.242220387
0.0	-1955552.9436099902	-22049733.368429437
0.0	-3310400.91594044	22429582.752827544
0.0	-4041498.9806398023	-32997404.215071343
0.0	-33731782.11778537	5528467.108254121
0.0	26876440.197557643	5631312.04781628
0.0	3330812.348079984	33838548.02341817
0.0	2727266.3232291653	180646.56514283642
0.0	1660432.4309478696	23933931.613466874
0.0	768168.457441486	16369375.751559928
0.0	336746.07668414834	20611652.58692748
0.0	246467.76170766304	20191436.760148127
0.0	261924.24747065734	20027735.114991058
0.0	237838.96130993316	20213127.21497016
0.0	186982.62446040843	20093008.441763412
0.0	150968.78218615623	20056298.100176718
0.0	92344.2846310355	19954685.2411849
0.0	48999.90558940823	19902254.745066423
0.0	34097.14433956593	19856436.27071159
0.0	39184.32351298438	19875185.90465557
0.0	29255.411286300267	19853667.556277677
0.0	18041.316124352412	19833030.962455474
0.0	7603.72157382311	19812687.03795579
0.0	3185.9214463265316	19805606.014760155
0.0	1159.5120923744075	19804400.459391396
0.0	-1159.5120903299044	19804400.459392447
0.0	-3185.921447619239	19805606.014763523
0.0	-7603.721576076196	19812687.037954032
0.0	-18041.31612023599	19833030.962456755
0.0	-29255.411280243425	19853667.5562829
0.0	-39184.323521541046	19875185.90465799
0.0	-34097.14434000343	19856436.270712223
0.0	-48999.9055833718	19902254.745066248
0.0	-92344.28463797955	19954685.241186745
0.0	-150968.78218494507	20056298.100176703
0.0	-186982.62446086228	20093008.44176336
0.0	-237838.96131096274	20213127.214972287
0.0	-261924.2474769913	20027735.11499272
0.0	-246467.76169765973	20191436.76014876
0.0	-336746.0766873308	20611652.586925432
0.0	-768168.4574438566	16369375.751563977
0.0	-1660432.4309368844	23933931.613467023
0.0	-2727266.3232401116	180646.565143588
0.0	-3330812.348067059	33838548.02341899
0.0	-26876440.197553758	5631312.047816249
0.0	21370362.524528667	5682574.445361672
0.0	2739999.073035556	-14788334.151534565
0.0	2220123.335122905	4294683.816996248
0.0	1387455.003200556	-7587176.722482307
0.0	647944.4609251259	-3998098.7461561523
0.0	269627.6114050202	-6316599.822720831
0.0	190189.36885338035	-6333512.426384699
0.0	205213.79161181973	-6083764.467298523
0.0	187516.7192142683	-6281459.905276319
0.0	147196.1963649652	-6293868.052957814
0.0	117448.76729531633	-6352031.418180658
0.0	67681.31530537512	-6415935.947683383
0.0	34715.39038349329	-6485719.872341286
0.0	23096.240171657635	-6497571.4814203475
0.0	25237.109976660366	-6493973.679584159
0.0	17953.86910509176	-6507160.656488221
0.0	10652.118044399716	-6522189.661233725
0.0	4051.113382524064	-6535222.9983550105
0.0	1550.525138758777	-6539946.477747951
0.0	553.421625800107	-6541017.291119536
0.0	-553.4216226168693	-6541017.291119378
0.0	-1550.5251412758748	-6539946.477749269
0.0	-4051.1133858456415	-6535222.998355256
0.0	-10652.118037598564	-6522189.661233297
0.0	-17953.869102247052	-6507160.656488031
0.0	-25237.109983915783	-6493973.679585081
0.0	-23096.240171079313	-6497571.481423492
0.0	-34715.3903793522	-6485719.8723433465
0.0	-67681.31530945601	-6415935.947684042
0.0	-117448.76729598556	-6352031.418179212
0.0	-147196.1963643168	-6293868.052957151
0.0	-187516.71921529263	-6281459.9052756205
0.0	-205213.79161402842	-6083764.467297094
0.0	-190189.36884838837	-6333512.426386232
0.0	-269627.6114066264	-6316599.822720222
0.0	-647944.4609267721	-3998098.7461550105
0.0	-1387455.0031959473	-7587176.722479785
0.0	-2220123.3351293565	4294683.816996279
0.0	-2739999.073030859	-14788334.151531193
0.0	-21370362.524525512	5682574.445361518
0.0	16895204.731802028	5641870.899158601
0.0	2254304.084968405	16416892.784196334
0.0	1805230.4836023597	6931759.588807323
0.0	1151898.6458275942	12053165.683758093
0.0	540182.7755805441	10153954.214826606
0.0	220319.00461235637	10766018.00671083
0.0	157801.842140701	10753187.536725402
0.0	164757.38988332284	10631564.870164378
0.0	144999.38515056355	10740399.698132087
0.0	114768.47452224299	10637681.968740469
0.0	90422.39599500803	10621492.934477646
0.0	48329.86975425486	10538945.586221699
0.0	23334.84866966194	10496949.116361655
0.0	13491.61184647153	10472929.06762133
0.0	14771.918371617936	10478320.738578955
0.0	10289.524080737581	10468508.775058765
0.0	5528.65534753967	10458792.749050789
0.0	1882.829075411461	10451346.643430272
0.0	636.0108204053711	10448823.973034725
0.0	189.64712353263667	10448142.50838363
0.0	-189.64712115296203	10448142.508382654
0.0	-636.010822754874	10448823.973034631
0.0	-1882.8290778930589	10451346.643431263
0.0	-5528.655342100741	10458792.749049295
0.0	-10289.524078535032	10468508.775054175
0.0	-14771.918376732603	10478320.73857683
0.0	-13491.611846202148	10472929.06762058
0.0	-23334.848666670743	10496949.116360571
0.0	-48329.86975719733	10538945.586219383
0.0	-90422.39599536842	10621492.934476603
0.0	-114768.47452209734	10637681.968740726
0.0	-144999.38515117596	10740399.698133247
0.0	-164757.38988513174	10631564.870163737
0.0	-157801.8421373904	10753187.53672667
0.0	-220319.00461323	10766018.006709188
0.0	-540182.7755814701	10153954.214826018
0.0	-1151898.645824666	12053165.683757365
0.0	-1805230.4836070696	6931759.588806732
0.0	-2254304.0849648765	16416892.784196826
0.0	-16895204.731799666	5641870.899158851
0.0	13283018.265403379	5507108.860361503
0.0	1853651.006912974	-2053180.2798459725
0.0	1467410.2563114753	2613414.7232304793
0.0	946544.9956782588	493297.2945663268
0.0	456525.4778207284	1061640.5209124237
0.0	182393.9212121418	554432.29454388
0.0	126950.93311622327	435130.99919232354
0.0	129497.8637807379	555190.6299973829
0.0	108853.57890672535	452782.2939232318
0.0	86878.32996774798	441650.99174336065
0.0	66100.85090763925	397112.69507256337
0.0	34871.68576951689	344441.1680077715
0.0	15305.82063112115	301819.3908838397
0.0	8542.335999111165	290654.91308802366
0.0	8192.678916814073	290697.95706939045
0.0	5124.109361849338	284202.114930477
0.0	2467.046924346514	278548.6112562772
0.0	753.6985094900062	274941.3520325925
0.0	172.80757937014337	273786.5900890427
0.0	28.016318645203853	273440.5156329693
0.0	-28.016317191179816	273440.51563174557
0.0	-172.80758074433615	273786.59008826315
0.0	-753.6985109219138	274941.3520332463
0.0	-2467.046921175802	278548.61125595495
0.0	-5124.109360649357	284202.11492686626
0.0	-8192.678919750586	290697.9570672838
0.0	-8542.33599893076	290654.9130875431
0.0	-15305.82062949837	301819.3908829037
0.0	-34871.685771047385	344441.16800711304
0.0	-66100.85090785527	397112.6950723054
0.0	-86878.32996760364	441650.9917433802
0.0	-108853.57890696579	452782.2939237254
0.0	-129497.86378188932	555190.6299985442
0.0	-126950.93311471498	435130.99919307604
0.0	-182393.9212123693	554432.2945438605
0.0	-456525.4778209751	1061640.5209124787
0.0	-946544.9956767906	493297.29456503876
0.0	-1467410.2563140476	2613414.723230697
0.0	-1853651.006911359	-2053180.2798445597
0.0	-13283018.265401512	5507108.86036155
0.0	10626879.47751657	5330197.583374931
0.0	1518499.7573781968	7864925.820567341
0.0	1171883.7916841444	6126667.176766767
0.0	778398.3020625114	6624338.479105344
0.0	374628.3022814178	6221544.429687955
0.0	144776.28521327832	6053792.961089503
0.0	98268.239692641	6048280.057176067
0.0	97461.5847047235	6011036.2491752375
0.0	85551.05810550599	6038696.795712195
0.0	68291.78787407748	5985249.443561526
0.0	48258.876286847735	5959183.445813013
0.0	23884.74939578058	5906667.935066034
0.0	10435.986195981746	5878963.378456853
0.0	4647.197708828879	5866165.990896203
0.0	3894.6007447844477	5865223.505978842
0.0	2113.9012252616576	5861310.383455055
0.0	850.0225280373786	5858512.352899674
0.0	197.3875806186225	5857128.132034628
0.0	5.601557924260174	5856692.5345407585
0.0	-14.855576023044883	5856634.229744654
0.0	14.855576623447613	5856634.229744255
0.0	-5.601558492702484	5856692.534540345
0.0	-197.38758120637092	5857128.132035237
0.0	-850.0225266430398	5858512.352899428
0.0	-2113.901225053266	5861310.383452638
0.0	-3894.6007460341493	5865223.505977891
0.0	-4647.197708714912	5866165.990896283
0.0	-10435.986195130516	5878963.378455831
0.0	-23884.749396292267	5906667.935064568
0.0	-48258.876287315	5959183.445812127
0.0	-68291.78787377989	5985249.443561902
0.0	-85551.0581057092	6038696.795712637
0.0	-97461.58470493791	6011036.249175135
0.0	-98268.23969251382	6048280.057176609
0.0	-144776.2852131039	6053792.961088973
0.0	-374628.30228134815	6221544.429688563
0.0	-778398.3020626768	6624338.479105223
0.0	-1171883.791685304	6126667.176767074
0.0	-1518499.757378532	7864925.8205673555
0.0	-10626879.477515174	5330197.583375083
0.0	8938399.198985096	5090589.576956063
0.0	1238997.9590489608	2513823.019234357
0.0	955238.8314944034	3357013.4866393204
0.0	644358.5414743412	3226993.9292634437
0.0	315404.19263695634	3166779.69521543
0.0	120411.64574580299	2985707.0643278146
0.0	80493.36000888518	2906585.323712504
0.0	74050.9248782185	2942638.129581245
0.0	65835.60123062026	2909571.4753114963
0.0	48409.4923341087	2885257.143229965
0.0	32090.58700057964	2851595.1440394325
0.0	14813.724380398515	2817019.156685715
0.0	6602.58892261198	2797894.2222719835
0.0	2294.75852749038	2789181.1838330226
0.0	1583.8158163814585	2787984.804213479
0.0	683.5149220844407	2785897.899253891
0.0	184.98165716747909	2784805.1553497575
0.0	8.109161285476766	2784382.7510806965
0.0	-19.529347358971776	2784326.2284943494
0.0	-9.937534224651134	2784325.881555589
0.0	9.93753437341965	2784325.8815552113
0.0	19.52934723754288	2784326.2284939373
0.0	-8.109161387729795	2784382.751081203
0.0	-184.98165686821156	2784805.155349674
0.0	-683.5149219263552	2785897.899252801
0.0	-1583.8158168450295	2787984.804213091
0.0	-2294.7585273985974	2789181.183833139
0.0	-6602.5889222631595	2797894.222271714
0.0	-14813.724380652266	2817019.1566853505
0.0	-32090.587000693464	2851595.1440391135
0.0	-48409.49233402173	2885257.143230114
0.0	-65835.60123066473	2909571.47531181
0.0	-74050.92487845836	2942638.129580952
0.0	-80493.36000887978	2906585.3237128784
0.0	-120411.64574552306	2985707.064327969
0.0	-315404.19263678923	3166779.6952150627
0.0	-644358.5414743868	3226993.929263457
0.0	-955238.831494875	3357013.486639294
0.0	-1238997.9590491145	2513823.019234781
0.0	-8938399.198983971	5090589.576956184
0.0	7452752.565149684	4766583.141373516
0.0	996328.0365863753	4612940.895294307
0.0	755077.6252114475	4601033.272107501
0.0	550499.0439799853	4420914.961507364
0.0	251312.91387818873	4347938.960977301
0.0	95160.44454112029	4142704.4237768967
0.0	57774.69869912748	4112166.5263893465
0.0	56904.36313223481	4103991.145270369
0.0	45896.410433882265	4097885.5555781135
0.0	32167.137665969763	4065684.997575137
0.0	20879.14087754737	4045832.444796618
0.0	10108.646209974522	4020926.466356518
0.0	3973.138051163771	4007111.56372845
0.0	1092.8936548654478	4000822.174139854
0.0	541.7410678063603	3999622.7783834324
0.0	147.35553418231993	3998738.631948094
0.0	2.0933512988151133	3998363.846203372
0.0	-12.452763157631807	3998315.1464106627
0.0	-2.961171108570494	3998320.695715862
0.0	0.5040405973967674	3998324.1880511036
0.0	-0.5040407091973167	3998324.188051044
0.0	2.9611710896716987	3998320.695715737
0.0	12.452763127997981	3998315.1464107577
0.0	-2.093351389392179	3998363.846203363
0.0	-147.35553421529613	3998738.6319476417
0.0	-541.7410679792423	3999622.7783830394
0.0	-1092.8936548878578	4000822.1741398433
0.0	-3973.138051088166	4007111.563728285
0.0	-10108.646210082476	4020926.4663562644
0.0	-20879.140877683585	4045832.444796599
0.0	-32167.137666014853	4065684.997575236
0.0	-45896.41043394107	4097885.55557821
0.0	-56904.36313244485	4103991.145270506
0.0	-57774.69869934603	4112166.52638971
0.0	-95160.44454090689	4142704.423776822
0.0	-251312.91387812103	4347938.960977289
0.0	-550499.0439802425	4420914.961507185
0.0	-755077.6252118403	4601033.272107575
0.0	-996328.0365866865	4612940.8952944735
0.0	-7452752.565149114	4766583.141373583
0.0	5252035.371196993	4455073.125000911
0.0	746529.8132953567	3202510.530433899
0.0	512108.64112251974	3322548.317673589
0.0	347815.2875328988	3389478.431278976
0.0	168486.90745012142	3283449.2517103874
0.0	57784.521614450736	3159990.9680131637
0.0	39817.21047647197	3111920.4746470577
0.0	33579.0587425056	3116498.481150496
0.0	24797.898395101387	3095124.0200559855
0.0	16318.818135593847	3077529.7363118273
0.0	9954.663026003354	3061971.754579467
0.0	4406.82419650052	3047895.111211659
0.0	1651.3861928992658	3040765.0855869055
0.0	511.67208859490233	3037932.7845914015
0.0	140.87182343483212	3037095.387662562
0.0	1.3407758626522615	3036699.1716774916
0.0	-13.164277031591455	3036644.431625858
0.0	2.2559886277868815	3036651.245892317
0.0	8.037167171293516	3036656.9228373803
0.0	4.266303583657291	3036660.0184267205
0.0	-4.266303649249563	3036660.018426713
0.0	-8.037167176524363	3036656.922837386
0.0	-2.255988611048397	3036651.2458923277
0.0	13.164276964538999	3036644.431625864
0.0	-1.340775921780958	3036699.1716773864
0.0	-140.87182345078764	3037095.3876625095
0.0	-511.67208861888145	3037932.784591393
0.0	-1651.3861929159282	3040765.085586858
0.0	-4406.824196474011	3047895.1112115807
0.0	-9954.66302606891	3061971.7545793974
0.0	-16318.818135631467	3077529.736311837
0.0	-24797.898395104676	3095124.020055971
0.0	-33579.05874257031	3116498.48115056
0.0	-39817.2104766837	3111920.4746471327
0.0	-57784.52161428316	3159990.968013166
0.0	-168486.90745005631	3283449.2517102635
0.0	-347815.2875331054	3389478.4312789314
0.0	-512108.6411226274	3322548.317673536
0.0	-746529.8132955973	3202510.5304340287
0.0	-5252035.371196544	4455073.125001014
0.0	2851912.7700149007	4053731.3682430633
0.0	485752.9847037757	3270232.9032610017
0.0	340421.55921259837	3526733.5327118146
0.0	196661.1421149374	3391087.907909227
0.0	97747.44668628012	3378621.0333054718
0.0	43933.42905571929	3248901.9070535675
0.0	25942.564927712323	3213292.180437715
0.0	18907.795580074984	3195737.1598565914
0.0	12591.25435682254	3179999.1852603266
0.0	7650.678214454356	3163841.3252409413
0.0	4239.147784529189	3153561.780543848
0.0	1650.0232972753242	3145088.2122199917
0.0	528.2395218895227	3141551.3844734584
0.0	116.00679764378278	3140359.427469714
0.0	7.285676241823278	3140017.7889811764
0.0	-5.272371862484651	3139956.4477928486
0.0	6.626317430709571	3139959.4824281754
0.0	9.758000352012559	3139966.73892946
0.0	6.965688040085959	3139972.5866598785
0.0	2.699646485533468	3139975.6007028213
0.0	-2.6996465021502205	3139975.6007028064
0.0	-6.9656880065538616	3139972.5866599036
0.0	-9.758000309455076	3139966.738929443
0.0	-6.626317448553657	3139959.4824281996
0.0	5.272371835047124	3139956.447792834
0.0	-7.285676205792378	3140017.7889811974
0.0	-116.00679762995051	3140359.427469727
0.0	-528.2395218889399	3141551.384473473
0.0	-1650.0232972137483	3145088.2122199694
0.0	-4239.147784539988	3153561.780543845
0.0	-7650.6782144465	3163841.3252409226
0.0	-12591.25435679462	3179999.1852602838
0.0	-18907.795580074904	3195737.1598566
0.0	-25942.56492782789	3213292.1804376915
0.0	-43933.429055589615	3248901.907053561
0.0	-97747.44668621811	3378621.0333054475
0.0	-196661.1421150347	3391087.9079092196
0.0	-340421.55921259243	3526733.532711808
0.0	-485752.9847038934	3270232.9032609337
0.0	-2851912.770014564	4053731.368243154
0.0	1392535.3232400066	3391318.780182524
0.0	426900.66599674977	1494551.7092430799
0.0	214998.3098561725	1487905.48789299
0.0	110547.14117045785	2027940.6943868406
0.0	49548.05223866242	2282894.067895888
0.0	18781.179487583602	2231807.0640251497
0.0	10122.547493085756	2169704.156178425
0.0	7568.402998535192	2149963.312740565
0.0	4983.508118251929	2138351.4269616567
0.0	2915.0446567979634	2131100.604306782
0.0	1483.0393825405765	2127435.4527493436
0.0	468.4552214766733	2125016.932574959
0.0	127.65792219206656	2124407.718277395
0.0	20.524166826062206	2124052.0897375224
0.0	5.979841901915507	2123863.7573139765
0.0	12.84893575629434	2123809.3394768564
0.0	14.091145269867356	2123844.5729166516
0.0	7.394235610661502	2123900.131254987
0.0	3.1489998400377175	2123939.6316425884
0.0	0.9839765252612211	2123957.7085139793
0.0	-0.9839765271609274	2123957.708513984
0.0	-3.148999852694684	2123939.631642606
0.0	-7.394235607665883	2123900.1312549957
0.0	-14.09114524003173	2123844.572916617
0.0	-12.848935775445094	2123809.339476823
0.0	-5.979841912166416	2123863.7573139817
0.0	-20.52416682339851	2124052.089737539
0.0	-127.65792219379074	2124407.7182774236
0.0	-468.45522144620304	2125016.932574938
0.0	-1483.0393825581482	2127435.452749302
0.0	-2915.044656802479	2131100.6043067537
0.0	-4983.508118237109	2138351.4269616106
0.0	-7568.402998548483	2149963.3127405453
0.0	-10122.547493173213	2169704.1561784633
0.0	-18781.179487496884	2231807.064025208
0.0	-49548.05223863367	2282894.0678957733
0.0	-110547.14117052595	2027940.6943867858
0.0	-214998.3098561992	1487905.4878929874
0.0	-426900.6659968655	1494551.709243092
0.0	-1392535.3232398331	3391318.780182717
