1600
0.0	386622.63672442536	4863507.638825338
0.0	19107.69212806282	4255901.896011679
0.0	17377.78767809101	4860247.969660236
0.0	2165.952284514917	4052654.0655883234
0.0	101.02259336253223	4050153.9198314897
0.0	-5.9189255872377895e-09	3844832.442239695
0.0	-1.5859472628544314e-08	3845913.676934016
0.0	-2.3175542717910637e-08	3846470.73608184
0.0	-1.6022679226790965e-08	3846494.067030943
0.0	-3.3694894569417116e-08	3846466.8985867347
0.0	-2.3276715841336507e-08	3846475.164230336
0.0	-1.2476500208740387e-08	3846485.2972439635
0.0	-1.1561440861196804e-08	3846488.893867295
0.0	-1.3419910827648864e-08	3846489.6309734993
0.0	-1.942930965121392e-08	3846489.7320157695
0.0	-1.1450533220059028e-08	3846489.7418793594
0.0	-1.8136006867855988e-08	3846489.7425504453
0.0	-1.2171662339255697e-08	3846489.7425593003
0.0	-1.637228945905248e-08	3846489.7425491554
0.0	-1.523325408548183e-08	3846489.742546128
0.0	-1.5274533176601376e-08	3846489.742546131
0.0	-1.6537451608802958e-08	3846489.742549158
0.0	-1.469810470827288e-08	3846489.7425592933
0.0	-5.416035929495631e-09	3846489.7425504504
0.0	-2.252088534342336e-08	3846489.7418793635
0.0	-1.2984197240240973e-08	3846489.732015766
0.0	-1.0933570308301202e-08	3846489.63097351
0.0	-1.7019745629769374e-08	3846488.8938672883
0.0	-1.2190870340859096e-08	3846485.297243969
0.0	-1.3492163358020002e-08	3846475.16423034
0.0	3.998090933384066e-09	3846466.898586732
0.0	-8.57756617569368e-09	3846494.067030935
0.0	-1.0633616360592766e-08	3846470.7360818703
0.0	-2.542198480783146e-08	3845913.676934002
0.0	-5.870434299797291e-09	3844832.4422396477
0.0	-101.02259341610674	4050153.9198315036
0.0	-2165.952284539879	4052654.0655883243
0.0	-17377.78767811442	4860247.969660235
0.0	-19107.692128098188	4255901.896011648
0.0	-386622.6367244328	4863507.638825399
0.0	191489.09237234876	4279188.502945222
0.0	40392.06300858397	4942806.154315798
0.0	7539.06894617876	10106835.349169966
0.0	3069.9462874564792	7704899.137414034
0.0	367.7930190134133	8067506.578750683
0.0	1.2720539858029998e-08	7827439.343227861
0.0	3.3762412840957673e-09	7827466.254081467
0.0	-5.6305985107817016e-09	7827486.563416692
0.0	-2.2254392628921584e-10	7827507.636211906
0.0	-1.4523960708114479e-08	7827522.279737915
0.0	-6.2897036828525304e-09	7827528.396468361
0.0	4.155001007857291e-09	7827530.060463355
0.0	6.724604700989411e-09	7827530.371171739
0.0	2.7919764537679978e-09	7827530.410541331
0.0	-6.067851927829503e-10	7827530.413187092
0.0	6.4233366687719736e-09	7827530.413065195
0.0	-1.0643007826162983e-09	7827530.41304493
0.0	5.461653691205536e-09	7827530.41306777
0.0	2.1061225434631284e-09	7827530.413080028
0.0	2.5108319100068012e-09	7827530.413083521
0.0	2.553240310455096e-09	7827530.413083551
0.0	1.0621056236908089e-09	7827530.413080005
0.0	2.7847298459289393e-09	7827530.4130676715
0.0	1.0685868597753548e-08	7827530.413044962
0.0	-2.4015168582887398e-09	7827530.413065269
0.0	3.5477109589327076e-09	7827530.413187085
0.0	8.56685218447032e-09	7827530.410541306
0.0	4.747237789896168e-10	7827530.371171642
0.0	4.3609122274527095e-09	7827530.060463339
0.0	5.465508234865822e-09	7827528.396468452
0.0	2.0218918588164823e-08	7827522.2797378935
0.0	1.158138633781224e-08	7827507.636211908
0.0	6.50971720751979e-09	7827486.563416896
0.0	-4.1783970578326934e-09	7827466.254081269
0.0	7.879695557480657e-09	7827439.343227525
0.0	-367.7930190352054	8067506.578750991
0.0	-3069.9462874405394	7704899.137414246
0.0	-7539.068946178457	10106835.349169958
0.0	-40392.063008581856	4942806.154315632
0.0	-191489.09237232877	4279188.502945198
0.0	179581.9909102645	4836578.10964694
0.0	60621.74398915398	10051107.328624865
0.0	5767.286761787878	15171307.736086113
0.0	5732.531745671591	12421511.677988835
0.0	746.7829997707017	12905260.794957032
0.0	1.3964813022940353e-08	12601470.011290181
0.0	3.548570124620736e-09	12601395.959174018
0.0	-1.9800337593961383e-09	12601385.850046327
0.0	4.452987601275521e-09	12601390.408864848
0.0	-1.0606284837539326e-08	12601393.336184938
0.0	-9.966653513126329e-10	12601394.182291966
0.0	6.731130652450579e-09	12601394.33928511
0.0	7.750866761811242e-09	12601394.359203007
0.0	6.712990168105661e-09	12601394.36084919
0.0	1.490057417972958e-09	12601394.360936183
0.0	7.706201692439799e-09	12601394.360958945
0.0	3.098745768066148e-09	12601394.360972246
0.0	7.544417487614911e-09	12601394.360977083
0.0	4.0261931699112964e-09	12601394.360978246
0.0	5.304353960381597e-09	12601394.360978436
0.0	4.963815121642052e-09	12601394.360978447
0.0	3.882457882582223e-09	12601394.360978214
0.0	5.126841582931555e-09	12601394.360976994
0.0	1.2395209130283598e-08	12601394.360972283
0.0	-4.801982861439577e-10	12601394.360958977
0.0	6.9135326123589144e-09	12601394.360936109
0.0	7.937344541906587e-09	12601394.360849192
0.0	3.374621517453406e-09	12601394.359202897
0.0	8.303925885648837e-09	12601394.33928508
0.0	6.273629901653129e-09	12601394.182292074
0.0	2.10445191012017e-08	12601393.336184913
0.0	1.0728358088961988e-08	12601390.408864848
0.0	8.87339510297165e-09	12601385.85004656
0.0	-2.9694738290268294e-09	12601395.959173834
0.0	1.2603631264299972e-08	12601470.011289787
0.0	-746.7829997788663	12905260.794957414
0.0	-5732.531745657083	12421511.677989032
0.0	-5767.286761780917	15171307.736086113
0.0	-60621.74398915358	10051107.328624664
0.0	-179581.9909102401	4836578.109646921
0.0	180891.60920029992	4153211.8552666153
0.0	93762.072810546	7641434.17295176
0.0	-3023.794995924086	12044240.154106623
0.0	8496.210008445485	9425493.929748999
0.0	1177.0824657371368	9790613.5245388
0.0	5.400551956955613e-09	9501765.085832583
0.0	-3.638236702333316e-09	9501774.890788872
0.0	-4.142993335844309e-09	9501791.264090119
0.0	1.6286821424756153e-09	9501797.876697335
0.0	-1.0775924250554133e-08	9501799.44964157
0.0	-2.695602220119445e-09	9501799.702094767
0.0	4.745148275329585e-10	9501799.73082826
0.0	3.9987281417310106e-10	9501799.73320189
0.0	2.4788146232513032e-09	9501799.733345952
0.0	-3.5521101902582634e-09	9501799.733352441
0.0	7.194701561370238e-10	9501799.733352523
0.0	-7.418996169120045e-10	9501799.733352559
0.0	1.126167099055652e-09	9501799.733352626
0.0	-1.4480480366519798e-09	9501799.733352575
0.0	-3.1363505720310577e-10	9501799.733352555
0.0	-4.3808823684363093e-10	9501799.733352562
0.0	-8.75903769929202e-10	9501799.733352562
0.0	-5.536931691956302e-11	9501799.733352557
0.0	4.37737692433827e-09	9501799.733352583
0.0	-4.126161315728408e-09	9501799.733352551
0.0	2.504718209910042e-09	9501799.733352397
0.0	-5.926388732013377e-10	9501799.73334595
0.0	-1.1973491606492141e-09	9501799.73320179
0.0	3.714992730070429e-09	9501799.730828227
0.0	-1.0371994536295336e-09	9501799.70209486
0.0	9.919893387910591e-09	9501799.449641546
0.0	1.3859263345680028e-09	9501797.876697322
0.0	2.3385649195749336e-09	9501791.26409032
0.0	-7.745832165790266e-09	9501774.890788712
0.0	7.520897152323376e-09	9501765.085832244
0.0	-1177.0824657430392	9790613.524539141
0.0	-8496.210008448423	9425493.929749172
0.0	3023.794995922866	12044240.154106608
0.0	-93762.0728105558	7641434.172951582
0.0	-180891.60920028624	4153211.8552666046
0.0	233885.6850217583	4099205.400404089
0.0	116543.92369171756	7684170.374249541
0.0	-8597.459922000198	11838565.358303295
0.0	10562.051660878522	9345993.731541654
0.0	1478.9308771458948	9674965.172994673
0.0	1.838184406028064e-09	9406488.668096201
0.0	-5.989573118804058e-09	9406489.611120172
0.0	-8.754508783159609e-11	9406492.19265978
0.0	4.877344682463773e-09	9406493.29047989
0.0	-4.718632336194611e-09	9406493.559609802
0.0	2.232324060457604e-09	9406493.604019603
0.0	9.830530940064492e-11	9406493.609235581
0.0	-1.927339435144064e-09	9406493.609683625
0.0	4.220126767243419e-09	9406493.609712336
0.0	-3.0974598106335144e-09	9406493.60971375
0.0	-5.822807599954044e-10	9406493.609713666
0.0	1.5984247227938847e-09	9406493.60971371
0.0	8.833631917770045e-11	9406493.609713793
0.0	-1.1757789446681248e-09	9406493.609713743
0.0	1.0907350397985647e-12	9406493.60971372
0.0	7.959264183262424e-11	9406493.609713726
0.0	-1.4021963420760552e-10	9406493.609713724
0.0	-1.291002161544713e-11	9406493.609713707
0.0	2.193430694397508e-09	9406493.609713748
0.0	-3.0971152378755322e-09	9406493.609713728
0.0	3.779766515569911e-09	9406493.609713716
0.0	-4.539579704222521e-09	9406493.609712338
0.0	-3.3346726499636144e-12	9406493.609683534
0.0	4.972421891127767e-09	9406493.609235559
0.0	-3.3460564192195093e-09	9406493.604019705
0.0	4.137803070890474e-09	9406493.559609784
0.0	-3.815004821245845e-09	9406493.290479874
0.0	1.9117877338042124e-09	9406492.19265996
0.0	-7.732356506754494e-09	9406489.611120004
0.0	9.258877035144222e-09	9406488.668095872
0.0	-1478.9308771362441	9674965.172994986
0.0	-10562.051660890525	9345993.731541833
0.0	8597.45992200418	11838565.358303295
0.0	-116543.92369172812	7684170.374249361
0.0	-233885.6850217459	4099205.4004040807
0.0	297216.5915357048	3825483.402772461
0.0	130838.48630187158	7073154.208004745
0.0	-9501.99741430805	10725029.439390844
0.0	12281.87492476761	8488364.900759382
0.0	1671.626492433372	8777805.795096679
0.0	1.6195364627077099e-09	8534434.99489264
0.0	-7.1839993687097425e-09	8534434.99489254
0.0	9.699846921826682e-10	8534434.994892256
0.0	6.803138186162431e-09	8534434.99489254
0.0	-4.0331728414687835e-09	8534434.994892476
0.0	3.544106221147458e-09	8534434.994892396
0.0	3.9867272778038676e-10	8534434.994892506
0.0	-2.1802847166207627e-09	8534434.994892394
0.0	5.653964102595198e-09	8534434.994892476
0.0	-3.539837012628171e-09	8534434.994892523
0.0	-6.680319940081059e-10	8534434.994892394
0.0	2.4827119890691174e-09	8534434.994892433
0.0	5.691147683211905e-11	8534434.994892495
0.0	-1.134046341192259e-09	8534434.99489246
0.0	2.8566625622420774e-10	8534434.994892418
0.0	5.909897631150456e-10	8534434.99489244
0.0	-4.996939729879725e-11	8534434.994892444
0.0	4.3572680157608194e-10	8534434.994892417
0.0	2.874473144127816e-09	8534434.994892469
0.0	-3.3347379773270346e-09	8534434.994892458
0.0	4.9403695697243775e-09	8534434.99489249
0.0	-5.899612020565021e-09	8534434.994892498
0.0	5.296469629676525e-10	8534434.994892312
0.0	6.217619094818068e-09	8534434.994892498
0.0	-4.194022562077882e-09	8534434.994892502
0.0	3.898812377308423e-09	8534434.99489246
0.0	-5.535426702641391e-09	8534434.99489254
0.0	2.3058370868415416e-09	8534434.99489242
0.0	-9.135609112875774e-09	8534434.994892405
0.0	1.1920744887098209e-08	8534434.994892355
0.0	-1671.6264924175582	8777805.79509697
0.0	-12281.874924784199	8488364.900759518
0.0	9501.997414313191	10725029.439390853
0.0	-130838.48630188868	7073154.208004599
0.0	-297216.5915356945	3825483.4027724615
0.0	352606.43128089426	3653506.971621678
0.0	143941.8389253539	6540399.330303705
0.0	-8810.124223588718	9697975.851424359
0.0	13789.340530629972	7750886.248830817
0.0	1828.2101137631541	7996811.531279797
0.0	2.0902062910925416e-09	7782416.126871218
0.0	-8.570437227990044e-09	7782416.126871138
0.0	1.0366817118751562e-10	7782416.12687089
0.0	7.181990674889818e-09	7782416.12687112
0.0	-6.562831766918189e-09	7782416.126871087
0.0	2.8539943320993394e-09	7782416.126871022
0.0	3.6138163636360733e-10	7782416.126871104
0.0	-2.4631612804757892e-09	7782416.126871005
0.0	6.049166614233406e-09	7782416.126871086
0.0	-4.73151897904682e-09	7782416.126871116
0.0	-8.308986321846455e-10	7782416.126871009
0.0	1.897054743540353e-09	7782416.12687104
0.0	7.669852886920297e-12	7782416.126871091
0.0	-1.7247487323702548e-09	7782416.126871062
0.0	-9.51328300218839e-11	7782416.126871033
0.0	1.0495448711072696e-10	7782416.126871049
0.0	-6.024999996744342e-10	7782416.126871045
0.0	1.6801626044445442e-10	7782416.126871023
0.0	3.5368451449750188e-09	7782416.126871078
0.0	-4.8728801679071706e-09	7782416.126871062
0.0	5.37248617575248e-09	7782416.126871094
0.0	-6.654074185665669e-09	7782416.126871097
0.0	1.21292392938796e-10	7782416.126870944
0.0	6.8418249171340916e-09	7782416.126871109
0.0	-5.0729540376193284e-09	7782416.12687111
0.0	5.6730292214154066e-09	7782416.126871073
0.0	-6.0080853301813e-09	7782416.126871124
0.0	2.586509233294224e-09	7782416.126871033
0.0	-1.1669667087439257e-08	7782416.126871009
0.0	1.3874635233958187e-08	7782416.126870963
0.0	-1828.2101137481322	7996811.531280059
0.0	-13789.340530648618	7750886.248830943
0.0	8810.124223594628	9697975.851424359
0.0	-143941.8389253697	6540399.330303559
0.0	-352606.4312808766	3653506.9716216796
0.0	396331.59951722686	3413965.27118189
0.0	153950.93163394555	5896066.722175643
0.0	-8264.23194719796	8526091.306024563
0.0	14879.756984295107	6890722.839658612
0.0	1938.5322928769012	7090974.136188052
0.0	2.85314705680325e-09	6908316.555878104
0.0	-9.28315752113821e-09	6908316.555878037
0.0	-4.196025881593501e-10	6908316.555877822
0.0	7.764752599288283e-09	6908316.555878035
0.0	-8.365739067520205e-09	6908316.555877982
0.0	3.154411972951224e-09	6908316.555877941
0.0	5.041068967167372e-10	6908316.55587802
0.0	-3.061627022437492e-09	6908316.555877924
0.0	6.759417312056152e-09	6908316.5558779845
0.0	-5.065666473574238e-09	6908316.555878026
0.0	-7.368613880395365e-10	6908316.555877948
0.0	2.3206162487169666e-09	6908316.555877966
0.0	1.2928347553299844e-10	6908316.555878012
0.0	-2.31121605387534e-09	6908316.55587798
0.0	-1.3751687525910625e-10	6908316.555877962
0.0	1.2511565241320466e-11	6908316.555877974
0.0	-4.946683958797379e-10	6908316.555877966
0.0	2.465884967009114e-10	6908316.555877965
0.0	4.012948104835072e-09	6908316.555877982
0.0	-5.600460118552564e-09	6908316.55587796
0.0	6.342657739592205e-09	6908316.555877996
0.0	-7.079357404980792e-09	6908316.555877988
0.0	-1.3359565234791442e-10	6908316.555877868
0.0	7.697318403610673e-09	6908316.55587801
0.0	-5.321279866179525e-09	6908316.555877994
0.0	7.518272131863104e-09	6908316.555877967
0.0	-6.162449440355098e-09	6908316.555878026
0.0	3.1860330125785957e-09	6908316.555877943
0.0	-1.3071430108909928e-08	6908316.555877939
0.0	1.551650375634604e-08	6908316.555877891
0.0	-1938.5322928622368	7090974.136188277
0.0	-14879.756984314787	6890722.839658722
0.0	8264.231947204371	8526091.306024566
0.0	-153950.931633965	5896066.722175527
0.0	-396331.5995172076	3413965.2711818935
0.0	424143.6395454908	3115405.0043499973
0.0	157106.69617768755	5164547.214220357
0.0	-7666.685561717642	7257159.276248612
0.0	15307.835219240442	5942036.645989414
0.0	1964.1636915223937	6096528.942105554
0.0	3.29939215091537e-09	5947029.43496833
0.0	-9.618148014793318e-09	5947029.4349682685
0.0	-6.018921941744752e-10	5947029.434968096
0.0	8.175480556591082e-09	5947029.434968272
0.0	-9.171865076574162e-09	5947029.434968236
0.0	3.028425114605137e-09	5947029.434968196
0.0	7.993212478069563e-10	5947029.4349682685
0.0	-2.917087563690661e-09	5947029.4349681875
0.0	7.293531316108712e-09	5947029.434968239
0.0	-5.453815583848023e-09	5947029.434968276
0.0	-5.555553752438992e-10	5947029.434968208
0.0	2.367765127671973e-09	5947029.434968224
0.0	4.017060812756256e-10	5947029.434968262
0.0	-2.260334831770084e-09	5947029.434968236
0.0	7.299162022051803e-11	5947029.434968219
0.0	1.811458136728641e-10	5947029.434968226
0.0	-4.684737820476399e-10	5947029.434968223
0.0	4.800376062760496e-10	5947029.434968222
0.0	4.556416151081179e-09	5947029.434968233
0.0	-6.113480244141596e-09	5947029.434968218
0.0	6.777004063428546e-09	5947029.434968245
0.0	-7.0157081108127836e-09	5947029.434968239
0.0	4.0794213418073823e-11	5947029.434968132
0.0	8.286300691498931e-09	5947029.43496825
0.0	-5.518716754973157e-09	5947029.434968249
0.0	8.541201519272901e-09	5947029.434968222
0.0	-6.346813454818795e-09	5947029.4349682685
0.0	3.5704406002121657e-09	5947029.434968195
0.0	-1.4227145951589988e-08	5947029.434968198
0.0	1.6673361673992314e-08	5947029.434968147
0.0	-1964.1636915074946	6096528.942105733
0.0	-15307.835219261167	5942036.6459895
0.0	7666.685561724821	7257159.276248615
0.0	-157106.69617770665	5164547.214220267
0.0	-424143.6395454692	3115405.004350002
0.0	432111.6718905393	2769102.805556255
0.0	152013.2442159545	4375954.696940057
0.0	-6660.563938869651	5947487.872581551
0.0	14959.609577870791	4945762.625785264
0.0	1886.6016785801014	5056709.747622671
0.0	3.3204309725736243e-09	4940249.931288909
0.0	-9.828350120552816e-09	4940249.931288866
0.0	-8.044896688911453e-10	4940249.931288729
0.0	8.247487552971607e-09	4940249.931288865
0.0	-9.678008351755665e-09	4940249.931288837
0.0	2.912289421341088e-09	4940249.931288808
0.0	8.109338410238185e-10	4940249.9312888635
0.0	-3.0124130363618188e-09	4940249.9312888
0.0	7.332250391102308e-09	4940249.931288835
0.0	-5.725581186717414e-09	4940249.931288864
0.0	-5.019216395304025e-10	4940249.931288817
0.0	2.3931078824536384e-09	4940249.931288825
0.0	3.875329482720134e-10	4940249.931288855
0.0	-2.42257721532933e-09	4940249.931288835
0.0	1.7082044905882632e-11	4940249.9312888235
0.0	1.116002474053351e-10	4940249.931288827
0.0	-6.630253704483025e-10	4940249.931288827
0.0	2.559477958544952e-10	4940249.931288824
0.0	4.9200643024043975e-09	4940249.931288835
0.0	-6.449781332020087e-09	4940249.931288821
0.0	6.800474111597118e-09	4940249.931288841
0.0	-7.2181272750272615e-09	4940249.931288842
0.0	-1.7443723515281775e-10	4940249.931288765
0.0	8.368268238166493e-09	4940249.93128885
0.0	-5.5830239119975314e-09	4940249.931288847
0.0	8.871751359479286e-09	4940249.93128883
0.0	-6.5351291801426775e-09	4940249.931288862
0.0	3.714951452526019e-09	4940249.931288808
0.0	-1.4580318513343513e-08	4940249.931288806
0.0	1.7061258536411168e-08	4940249.931288767
0.0	-1886.6016785656286	5056709.747622803
0.0	-14959.60957789191	4945762.625785328
0.0	6660.5639388767595	5947487.872581553
0.0	-152013.24421597438	4375954.696939985
0.0	-432111.6718905176	2769102.805556263
0.0	418412.14465257066	2389035.956736874
0.0	138682.39588731548	3565814.709603327
0.0	-5201.031993787276	4660208.067864978
0.0	13805.488774202418	3948655.6754278415
0.0	1703.850968349597	4020663.461511724
0.0	3.408838733105759e-09	3935451.151086121
0.0	-9.286700952333919e-09	3935451.151086089
0.0	-9.781984721773708e-10	3935451.151085988
0.0	7.687277063781884e-09	3935451.1510860897
0.0	-9.758811770561775e-09	3935451.151086065
0.0	2.6351541906484072e-09	3935451.1510860454
0.0	7.281189078237956e-10	3935451.1510860906
0.0	-2.923025391431138e-09	3935451.15108604
0.0	7.030385595717949e-09	3935451.151086071
0.0	-5.4442357405507855e-09	3935451.1510860897
0.0	-4.4865181286040275e-10	3935451.1510860464
0.0	2.057009200933046e-09	3935451.15108606
0.0	4.71888003779799e-10	3935451.1510860813
0.0	-2.4027714289680553e-09	3935451.151086065
0.0	-1.1553839609205263e-10	3935451.1510860603
0.0	9.89892502868421e-11	3935451.151086063
0.0	-6.557615470010038e-10	3935451.1510860594
0.0	3.259874269423169e-10	3935451.151086055
0.0	4.7546371999598896e-09	3935451.151086068
0.0	-6.262467605185096e-09	3935451.1510860557
0.0	6.595325427730718e-09	3935451.1510860748
0.0	-6.85173581156654e-09	3935451.1510860715
0.0	-8.013163175820107e-11	3935451.1510860147
0.0	7.947073615694005e-09	3935451.1510860813
0.0	-5.407896624147705e-09	3935451.151086079
0.0	8.893339343147433e-09	3935451.151086061
0.0	-5.958010468118831e-09	3935451.151086089
0.0	3.74766155850744e-09	3935451.1510860478
0.0	-1.442104984347749e-08	3935451.151086048
0.0	1.6481561609280554e-08	3935451.151086017
0.0	-1703.850968336174	4020663.4615118196
0.0	-13805.488774222647	3948655.6754278895
0.0	5201.031993794261	4660208.06786498
0.0	-138682.39588733448	3565814.709603273
0.0	-418412.14465254924	2389035.9567368827
0.0	382865.6066625101	1991663.268509369
0.0	117923.06608285455	2774024.9116499135
0.0	-3419.1454811621747	3461702.0247965925
0.0	11887.323393133323	3001110.2942943615
0.0	1425.920398776505	3041031.2023382857
0.0	3.8918793396115866e-09	2983584.8485389487
0.0	-7.570519107556916e-09	2983584.8485389287
0.0	-2.956092331998068e-10	2983584.8485388597
0.0	7.828460625236616e-09	2983584.84853893
0.0	-8.370056657238228e-09	2983584.8485389138
0.0	2.8623043196374163e-09	2983584.8485389017
0.0	1.7877927754584472e-09	2983584.848538927
0.0	-1.6465336872696677e-09	2983584.8485388965
0.0	7.166957434428676e-09	2983584.8485389147
0.0	-4.377117407361684e-09	2983584.8485389273
0.0	5.35629389605644e-10	2983584.8485389035
0.0	2.478249696862847e-09	2983584.848538908
0.0	1.2644182111987335e-09	2983584.848538924
0.0	-1.3323577874872983e-09	2983584.848538916
0.0	7.318186450984624e-10	2983584.8485389072
0.0	9.337198197403091e-10	2983584.8485389133
0.0	2.573774866586219e-10	2983584.8485389105
0.0	8.845374390857378e-10	2983584.8485389105
0.0	5.348610534978573e-09	2983584.8485389147
0.0	-5.062076547498879e-09	2983584.8485389086
0.0	6.838891367223105e-09	2983584.848538917
0.0	-5.2078006390258556e-09	2983584.848538919
0.0	6.147595751416498e-10	2983584.8485388793
0.0	8.04938258201061e-09	2983584.848538923
0.0	-4.041501086156066e-09	2983584.84853892
0.0	9.38831587793926e-09	2983584.8485389114
0.0	-4.604068640798501e-09	2983584.8485389273
0.0	4.2703094071423395e-09	2983584.848538898
0.0	-1.2380418246590677e-08	2983584.8485389026
0.0	1.6113756256272746e-08	2983584.84853888
0.0	-1425.9203987635235	3041031.2023383477
0.0	-11887.323393149372	3001110.2942943904
0.0	3419.1454811703347	3461702.024796595
0.0	-117923.06608286822	2774024.9116498795
0.0	-382865.6066624861	1991663.2685093794
0.0	327512.88380646496	1595361.1008917948
0.0	91760.35829026898	2042554.1323115537
0.0	-1557.442300646327	2415278.1352843232
0.0	9365.393085896914	2153086.004367893
0.0	1080.0826994350966	2169496.7905042
0.0	2.973608932790441e-09	2134830.9829545296
0.0	-6.5936376805482545e-09	2134830.982954518
0.0	-1.1045835612299068e-09	2134830.9829544765
0.0	5.692810204541317e-09	2134830.982954519
0.0	-8.069248394438736e-09	2134830.9829545086
0.0	1.1511614294539433e-09	2134830.9829544984
0.0	9.998601226721489e-10	2134830.9829545156
0.0	-1.3880711309563378e-09	2134830.9829544956
0.0	5.40165551820707e-09	2134830.982954512
0.0	-4.418304958403197e-09	2134830.982954517
0.0	1.563127676983916e-10	2134830.9829544993
0.0	1.5002169254462965e-09	2134830.9829545026
0.0	6.902588373604237e-10	2134830.9829545133
0.0	-1.5761084055809501e-09	2134830.9829545068
0.0	1.5533345436103222e-10	2134830.9829545044
0.0	2.032991320365373e-10	2134830.9829545086
0.0	-4.874212443775698e-10	2134830.9829545077
0.0	4.830408181620512e-10	2134830.9829545054
0.0	4.743329662969916e-09	2134830.9829545086
0.0	-5.096276139848096e-09	2134830.982954505
0.0	4.99798294308818e-09	2134830.9829545105
0.0	-4.354573090299248e-09	2134830.982954512
0.0	-2.367643846297975e-12	2134830.9829544877
0.0	6.041351846447032e-09	2134830.982954514
0.0	-3.581116423915589e-09	2134830.9829545114
0.0	7.674539873200154e-09	2134830.982954506
0.0	-4.050694867646349e-09	2134830.982954517
0.0	3.1219875620876965e-09	2134830.9829544984
0.0	-1.1360075468396984e-08	2134830.982954502
0.0	1.3395403273855962e-08	2134830.982954487
0.0	-1080.0826994259044	2169496.790504239
0.0	-9365.393085911543	2153086.004367911
0.0	1557.4423006513475	2415278.1352843246
0.0	-91760.35829028385	2042554.1323115327
0.0	-327512.8838064477	1595361.1008918046
0.0	257847.95612225658	1219313.238446916
0.0	63701.46863731729	1411164.7485418424
0.0	49.44633262120533	1571416.9401382017
0.0	6557.025313716737	1447488.1803747187
0.0	714.4626892916059	1449656.7217666802
0.0	2.3740150503187728e-09	1431761.0677851585
0.0	-4.907750645699254e-09	1431761.0677851536
0.0	-9.825203609119139e-10	1431761.0677851322
0.0	4.242907926199532e-09	1431761.0677851539
0.0	-6.632255817645295e-09	1431761.0677851476
0.0	4.1284705913131975e-10	1431761.067785144
0.0	9.601323858359337e-10	1431761.067785152
0.0	-5.8655959517323e-10	1431761.0677851418
0.0	4.318394706181506e-09	1431761.0677851492
0.0	-3.7164011351070697e-09	1431761.0677851513
0.0	3.8148382727216654e-10	1431761.0677851418
0.0	9.541096329923252e-10	1431761.0677851455
0.0	6.531620340564945e-10	1431761.0677851494
0.0	-9.609837135910128e-10	1431761.0677851466
0.0	7.254855618136156e-11	1431761.0677851448
0.0	2.5178240382334746e-10	1431761.0677851466
0.0	-4.153791569575463e-10	1431761.0677851473
0.0	1.9488511428521906e-10	1431761.0677851446
0.0	4.231854390993577e-09	1431761.0677851478
0.0	-4.036786906408542e-09	1431761.0677851464
0.0	3.8590661870963245e-09	1431761.06778515
0.0	-3.005366436338299e-09	1431761.0677851504
0.0	-4.4852383764596145e-11	1431761.067785139
0.0	4.593720246504438e-09	1431761.0677851518
0.0	-2.7025494898614236e-09	1431761.0677851504
0.0	6.6738569896339e-09	1431761.0677851462
0.0	-2.8875903805524735e-09	1431761.0677851525
0.0	2.8072481230629358e-09	1431761.067785143
0.0	-9.27312115087813e-09	1431761.0677851466
0.0	1.103676850206762e-08	1431761.0677851364
0.0	-714.4626892850595	1449656.7217666972
0.0	-6557.02531372829	1447488.1803747253
0.0	-49.44633261670401	1571416.9401382026
0.0	-63701.46863732948	1411164.7485418313
0.0	-257847.95612224253	1219313.2384469255
0.0	183078.05787950323	881658.0727743357
0.0	38132.70394584062	910456.5520718292
0.0	1071.677655160472	955116.2203317003
0.0	3903.4180162264142	910935.8966535358
0.0	389.70843520666773	907260.1497102564
0.0	1.8037492937730533e-09	899927.265713258
0.0	-3.4580072911354546e-09	899927.2657132568
0.0	-1.0841558518945476e-09	899927.2657132482
0.0	2.844870513988278e-09	899927.2657132568
0.0	-5.22766611222829e-09	899927.265713254
0.0	1.5047812925877485e-10	899927.2657132533
0.0	6.678082347640282e-10	899927.2657132569
0.0	-6.379084432985832e-10	899927.2657132519
0.0	2.8174364375146387e-09	899927.2657132547
0.0	-2.589207985840756e-09	899927.2657132556
0.0	2.398900726537357e-10	899927.2657132533
0.0	5.0892267874646e-10	899927.2657132542
0.0	4.3537682498576285e-10	899927.2657132553
0.0	-9.684206196273327e-10	899927.2657132545
0.0	-9.175126324013355e-11	899927.2657132548
0.0	4.8588581356285106e-11	899927.2657132548
0.0	-4.199924743847223e-10	899927.265713255
0.0	6.564163638769884e-11	899927.2657132543
0.0	2.9721388132869456e-09	899927.2657132543
0.0	-3.142933707390641e-09	899927.2657132534
0.0	2.702598549345743e-09	899927.2657132549
0.0	-2.082670191638362e-09	899927.2657132559
0.0	-1.5763062578550702e-10	899927.2657132507
0.0	3.129511756135246e-09	899927.2657132557
0.0	-2.0001287983533227e-09	899927.2657132541
0.0	5.128332990772706e-09	899927.2657132531
0.0	-1.877673933742385e-09	899927.2657132561
0.0	1.8106911860469214e-09	899927.265713252
0.0	-6.544254412910995e-09	899927.2657132561
0.0	7.382619664710549e-09	899927.2657132496
0.0	-389.708435203564	907260.1497102589
0.0	-3903.4180162338735	910935.8966535367
0.0	-1071.6776551580544	955116.2203317008
0.0	-38132.703945849586	910456.5520718257
0.0	-183078.0578794937	881658.0727743432
0.0	114295.20394032945	596875.622331612
0.0	18772.08372522338	552396.1995918206
0.0	1359.450074117571	554123.2603876493
0.0	1830.5999926228417	543795.7233011466
0.0	156.34798736773962	540045.652515792
0.0	1.338633396344066e-09	537957.3550820723
0.0	-1.9746363990584395e-09	537957.3550820724
0.0	-9.360248140190778e-10	537957.3550820706
0.0	1.5960474947224577e-09	537957.3550820727
0.0	-3.720371644587634e-09	537957.3550820719
0.0	-1.156817593865836e-10	537957.355082072
0.0	4.856871681428196e-10	537957.355082072
0.0	-3.454450492466921e-10	537957.3550820706
0.0	1.623453610281516e-09	537957.3550820719
0.0	-1.6010287400951357e-09	537957.3550820716
0.0	2.9860687917133933e-10	537957.3550820709
0.0	3.0590688088010486e-10	537957.3550820712
0.0	3.6185638844672503e-10	537957.3550820716
0.0	-8.218093011731525e-10	537957.3550820712
0.0	4.942007166803506e-11	537957.3550820719
0.0	-1.937232917850095e-11	537957.3550820719
0.0	-2.981374012421305e-10	537957.3550820722
0.0	-3.468439727244556e-11	537957.3550820716
0.0	2.0390887468672836e-09	537957.3550820713
0.0	-2.073306881619677e-09	537957.3550820709
0.0	1.6158226173484767e-09	537957.3550820716
0.0	-9.88378391714945e-10	537957.3550820723
0.0	-1.971905128900307e-10	537957.3550820708
0.0	1.9009577686899405e-09	537957.3550820723
0.0	-1.0566099777559368e-09	537957.3550820713
0.0	3.6040880037243355e-09	537957.3550820708
0.0	-8.656664243104461e-10	537957.3550820723
0.0	1.1942594011984352e-09	537957.3550820714
0.0	-3.914110286738505e-09	537957.3550820734
0.0	4.362170736550487e-09	537957.3550820705
0.0	-156.34798736709078	540045.6525157901
0.0	-1830.5999926268746	543795.7233011462
0.0	-1359.4500741162906	554123.2603876494
0.0	-18772.08372522906	552396.1995918202
0.0	-114295.20394032344	596875.6223316167
0.0	60719.531690346936	372980.1345188649
0.0	7036.5732914641885	321833.9941802245
0.0	1063.2601100504596	317557.8482029343
0.0	559.7833297470195	315582.87759135454
0.0	30.35709810717562	313872.9082440276
0.0	8.984798270360265e-10	313553.836122009
0.0	-8.661241261446436e-10	313553.8361220096
0.0	-6.749784877464155e-10	313553.8361220093
0.0	7.025981224614301e-10	313553.83612200944
0.0	-2.274251319536389e-09	313553.83612200903
0.0	-3.6545395926012316e-10	313553.8361220096
0.0	3.105840586187834e-10	313553.83612200874
0.0	-2.862146368798943e-11	313553.8361220085
0.0	7.763340018792646e-10	313553.8361220092
0.0	-9.299582480520708e-10	313553.836122009
0.0	2.4961978204626365e-10	313553.8361220092
0.0	6.384765317981566e-11	313553.8361220091
0.0	2.7569480571480234e-10	313553.8361220087
0.0	-4.212718017180719e-10	313553.83612200903
0.0	1.5711652334883645e-11	313553.8361220093
0.0	-3.227170432723305e-11	313553.8361220092
0.0	-1.8819028651266387e-10	313553.83612200915
0.0	-1.1346143154395779e-10	313553.83612200944
0.0	1.2443217331763466e-09	313553.83612200886
0.0	-1.1797651596494352e-09	313553.8361220087
0.0	8.461621026852044e-10	313553.8361220091
0.0	-3.537848677252844e-10	313553.83612200944
0.0	-1.415350073502071e-10	313553.83612200944
0.0	9.258527398776002e-10	313553.8361220092
0.0	-4.3270961333520626e-10	313553.83612200886
0.0	2.2401863645168464e-09	313553.8361220088
0.0	-1.988275556514485e-10	313553.8361220092
0.0	6.922304763117727e-10	313553.83612200915
0.0	-2.1819224376329478e-09	313553.83612201014
0.0	2.295466911631778e-09	313553.836122009
0.0	-30.357098107592407	313872.9082440246
0.0	-559.7833297487672	315582.8775913541
0.0	-1063.260110049982	317557.84820293414
0.0	-7036.573291467305	321833.9941802246
0.0	-60719.53169034359	372980.1345188676
0.0	26140.012099679116	210151.92976176908
0.0	1677.7043222213442	179704.26597171518
0.0	549.5245235172687	177432.5686682657
0.0	12.199107586961588	176481.70738854486
0.0	-11.764210948765903	176148.75182754992
0.0	4.913872195688765e-10	176134.05432772893
0.0	-3.028840707352834e-10	176134.0543277293
0.0	-4.362812535667307e-10	176134.05432772936
0.0	1.9649313343153814e-10	176134.0543277291
0.0	-1.2021104517216034e-09	176134.05432772907
0.0	-3.541844875982895e-10	176134.05432772945
0.0	1.6523616830025752e-10	176134.05432772904
0.0	9.030322930311532e-11	176134.05432772893
0.0	2.7340387265194557e-10	176134.05432772913
0.0	-3.802930358172408e-10	176134.05432772893
0.0	1.8222018412363343e-10	176134.05432772898
0.0	-9.661575830438268e-11	176134.0543277291
0.0	1.5700790884602734e-10	176134.05432772898
0.0	-1.2363201543135788e-10	176134.05432772904
0.0	-3.3094366585079668e-12	176134.05432772907
0.0	-2.7866768101135194e-11	176134.0543277291
0.0	-9.614035027906071e-11	176134.05432772913
0.0	-1.0929492515831727e-11	176134.05432772925
0.0	6.200993826517238e-10	176134.05432772898
0.0	-5.336004396858492e-10	176134.05432772887
0.0	2.88727137835505e-10	176134.0543277291
0.0	1.4108233136357904e-11	176134.05432772925
0.0	-1.0278406421168258e-10	176134.05432772933
0.0	3.67379015015309e-10	176134.05432772904
0.0	-1.2095320545710532e-10	176134.05432772887
0.0	1.2011522806854384e-09	176134.05432772893
0.0	9.886333445517984e-11	176134.05432772904
0.0	3.4785936530410514e-10	176134.0543277291
0.0	-9.1566548167465e-10	176134.05432772962
0.0	9.225666373481193e-10	176134.05432772887
0.0	11.764210948035739	176148.75182754814
0.0	-12.199107587396966	176481.70738854466
0.0	-549.5245235171752	177432.56866826565
0.0	-1677.7043222227114	179704.2659717154
0.0	-26140.012099677555	210151.92976177036
0.0	8253.232722470779	102522.56670516296
0.0	62.39839258146233	88889.45424110739
0.0	149.98010241166597	87743.74969972658
0.0	-95.56337932070599	87462.39644656709
0.0	-11.98731430471278	87445.8975697522
0.0	2.2413611465988094e-10	87445.85697075608
0.0	-4.7982821187825225e-11	87445.8569707563
0.0	-2.102164748521638e-10	87445.85697075631
0.0	-1.7541296740485425e-12	87445.85697075623
0.0	-5.084719048866436e-10	87445.85697075614
0.0	-2.0589675547649065e-10	87445.85697075637
0.0	7.170567109149235e-11	87445.85697075615
0.0	7.180178049988674e-11	87445.85697075608
0.0	4.1827238611753753e-11	87445.8569707562
0.0	-1.2415743320172596e-10	87445.85697075611
0.0	8.882074892883358e-11	87445.85697075614
0.0	-7.14615029564825e-11	87445.85697075615
0.0	7.634064543505701e-11	87445.85697075613
0.0	-4.151216460175077e-11	87445.85697075617
0.0	-3.98171095695412e-12	87445.8569707562
0.0	-1.431774359055201e-11	87445.85697075623
0.0	-4.145081486840851e-11	87445.85697075623
0.0	-9.92496661324031e-12	87445.85697075623
0.0	2.5058779102392944e-10	87445.85697075611
0.0	-2.013496197900285e-10	87445.85697075608
0.0	7.858875363833434e-11	87445.85697075617
0.0	9.534552021689417e-11	87445.85697075623
0.0	-5.0909444569079773e-11	87445.85697075629
0.0	8.845841575815019e-11	87445.85697075618
0.0	1.1554211558090212e-11	87445.85697075607
0.0	5.041559129615064e-10	87445.85697075611
0.0	1.3848745957209015e-10	87445.85697075618
0.0	1.2327397355225025e-10	87445.85697075614
0.0	-2.936724825784449e-10	87445.85697075643
0.0	2.4219755576901236e-10	87445.85697075611
0.0	11.987314304131049	87445.89756975135
0.0	95.56337932076548	87462.39644656699
0.0	-149.9801024117072	87743.74969972653
0.0	-62.398392581920746	88889.4542411075
0.0	-8253.232722470175	102522.56670516351
0.0	1315.6076314490256	40633.096556855075
0.0	-105.03400686373757	35719.436110261886
0.0	-22.742168039096594	35419.85312662183
0.0	-48.861994775345984	35402.53801078157
0.0	-3.296900385449183	35402.4905255934
0.0	7.070542501540256e-11	35402.4905255933
0.0	2.1578469078717463e-11	35402.49052559338
0.0	-7.235841473588992e-11	35402.490525593355
0.0	-3.790201293862404e-11	35402.490525593326
0.0	-1.45843879329532e-10	35402.49052559331
0.0	-8.404885165914952e-11	35402.4905255934
0.0	1.995277087038712e-11	35402.49052559331
0.0	3.772575313892447e-11	35402.4905255933
0.0	-1.4076887497213874e-11	35402.49052559333
0.0	-1.8591434670297536e-11	35402.490525593304
0.0	3.36771370642824e-11	35402.49052559331
0.0	-3.7238611655023484e-11	35402.49052559331
0.0	2.421015759925212e-11	35402.4905255933
0.0	-4.780904841322937e-12	35402.490525593326
0.0	-3.335724402428148e-12	35402.49052559333
0.0	-7.454128100993517e-12	35402.49052559333
0.0	-1.2322801777865817e-11	35402.49052559334
0.0	-1.0885648675904737e-12	35402.49052559334
0.0	6.230692962911751e-11	35402.49052559329
0.0	-4.083731087008892e-11	35402.490525593304
0.0	-4.435754977777163e-12	35402.49052559331
0.0	6.240784063607254e-11	35402.49052559334
0.0	-2.0247030501656115e-11	35402.49052559336
0.0	-3.5995659104278336e-12	35402.490525593326
0.0	2.862393399298827e-11	35402.4905255933
0.0	1.4542797115740863e-10	35402.4905255933
0.0	8.26856434313082e-11	35402.490525593326
0.0	2.972179086361994e-11	35402.4905255933
0.0	-3.9849873775966644e-11	35402.49052559341
0.0	7.32463825402229e-12	35402.4905255933
0.0	3.296900385172338	35402.49052559311
0.0	48.861994775474855	35402.538010781565
0.0	22.742168039040976	35419.85312662181
0.0	105.03400686365987	35719.43611026193
0.0	-1315.6076314488673	40633.096556855235
0.0	-310.19984353034624	11540.734356758594
0.0	-2.3480560117599474	10681.724096937647
0.0	-41.99330040678787	10663.347013849005
0.0	-2.461954393718945	10663.290717203625
0.0	1.243823003499004	10663.290717203634
0.0	9.366015181978907e-12	10663.29071720362
0.0	1.4996837817278443e-11	10663.29071720364
0.0	-1.0824088299534977e-11	10663.29071720362
0.0	-1.702763452299714e-11	10663.290717203628
0.0	-1.2268252987845621e-11	10663.290717203621
0.0	-1.565798724227091e-11	10663.290717203636
0.0	7.641027379712275e-13	10663.290717203621
0.0	9.529262807219446e-12	10663.290717203621
0.0	-1.1623268220485448e-11	10663.290717203627
0.0	4.0642302634783984e-12	10663.290717203621
0.0	5.684903070936959e-12	10663.290717203623
0.0	-7.78671925993828e-12	10663.290717203625
0.0	3.014521168182368e-12	10663.290717203623
0.0	1.3467126694238026e-12	10663.290717203623
0.0	-3.638869489948411e-13	10663.290717203625
0.0	-6.323129551855406e-13	10663.290717203628
0.0	-1.5126782436471097e-12	10663.290717203628
0.0	1.1661048703540046e-13	10663.290717203628
0.0	3.08634447593209e-12	10663.290717203621
0.0	2.2554646403323537e-12	10663.290717203627
0.0	-9.804690629451628e-12	10663.290717203625
0.0	1.880155267233084e-11	10663.290717203628
0.0	-3.959046964090869e-12	10663.290717203628
0.0	-1.0537278189213373e-11	10663.290717203625
0.0	1.194394354810795e-11	10663.290717203627
0.0	1.2032841135833281e-11	10663.290717203621
0.0	2.3403108163217426e-11	10663.290717203632
0.0	-8.065799066988866e-13	10663.29071720361
0.0	1.482507896387658e-11	10663.290717203647
0.0	-2.6443017657194546e-11	10663.29071720362
0.0	-1.2438230035660982	10663.290717203592
0.0	2.461954393780432	10663.290717203628
0.0	41.993300406762984	10663.347013849005
0.0	2.348056011774336	10681.724096937654
0.0	310.19984353036153	11540.73435675862
0.0	-214.02886770781373	1766.4170876787705
0.0	46.434496087596905	1729.584389970018
0.0	-16.70516655910449	1729.5189397968538
0.0	11.1619292879973	1729.518939796856
0.0	1.661139441965506	1729.5189397968516
0.0	-5.209439241355252e-12	1729.518939796854
0.0	5.18091373116493e-13	1729.5189397968575
0.0	4.9508929112195125e-12	1729.5189397968502
0.0	3.4928060627464704e-13	1729.518939796858
0.0	1.1645234549440401e-11	1729.518939796856
0.0	5.590983442340289e-12	1729.5189397968525
0.0	-2.239466201015405e-12	1729.518939796857
0.0	-2.0276877822475996e-12	1729.5189397968586
0.0	-1.0591503940545337e-12	1729.5189397968552
0.0	2.5227164487627e-12	1729.5189397968575
0.0	-2.496806329475263e-12	1729.518939796858
0.0	2.346883625040099e-12	1729.5189397968563
0.0	-1.819568960587734e-12	1729.518939796858
0.0	8.725181732405882e-13	1729.5189397968566
0.0	2.3886744424708987e-13	1729.5189397968566
0.0	5.15003809077051e-13	1729.5189397968568
0.0	1.000349281376223e-12	1729.518939796857
0.0	2.487632389372509e-13	1729.5189397968568
0.0	-6.164920156792591e-12	1729.5189397968556
0.0	4.934137187459321e-12	1729.518939796859
0.0	-1.6508742914702923e-12	1729.518939796857
0.0	-2.9202559295030093e-12	1729.5189397968538
0.0	1.251180788703034e-12	1729.5189397968559
0.0	-1.4891021850485832e-12	1729.518939796857
0.0	-5.880889066438201e-13	1729.51893979686
0.0	-1.2149331749989274e-11	1729.5189397968556
0.0	-3.5816207547405736e-12	1729.5189397968584
0.0	-3.09453140838075e-12	1729.5189397968525
0.0	7.892936778928825e-12	1729.518939796858
0.0	-8.301333179419915e-12	1729.5189397968627
0.0	-1.6611394419519727	1729.5189397968675
0.0	-11.16192928799148	1729.518939796854
0.0	16.705166559102363	1729.5189397968568
0.0	-46.434496087585345	1729.584389970018
0.0	214.02886770780788	1766.4170876787728
0.0	54.75778218270869	81.34491822819027
0.0	41.934311471434526	81.25660771275017
0.0	-0.19454927066888272	81.25660771275217
0.0	8.157426826849608	81.25660771275278
0.0	0.8701691234436333	81.25660771274988
0.0	-3.3153407031871502e-12	81.25660771275079
0.0	-4.70545804176517e-12	81.25660771275088
0.0	3.771059977214655e-12	81.25660771275037
0.0	5.001515412810266e-12	81.25660771275237
0.0	4.880595835328706e-12	81.25660771275226
0.0	5.5608898556186466e-12	81.25660771274937
0.0	-8.727609455345914e-13	81.2566077127524
0.0	-2.933663989297657e-12	81.25660771275405
0.0	3.411691123129356e-12	81.25660771275106
0.0	-1.2771084657705666e-12	81.25660771275253
0.0	-2.180193575657235e-12	81.2566077127536
0.0	2.5821345631725332e-12	81.2566077127525
0.0	-1.3303244097867067e-12	81.25660771275308
0.0	-2.9698250362113494e-13	81.25660771275223
0.0	2.2311292268575006e-13	81.25660771275248
0.0	4.020192049936863e-13	81.25660771275254
0.0	4.621198240584366e-13	81.25660771275231
0.0	1.689404901570718e-13	81.25660771275213
0.0	-1.5597229715415686e-12	81.2566077127527
0.0	1.224209627901091e-13	81.25660771275344
0.0	2.511427623999287e-12	81.25660771275227
0.0	-6.080502702807812e-12	81.25660771275079
0.0	1.1201989646570665e-12	81.2566077127518
0.0	3.003530265811196e-12	81.25660771275261
0.0	-3.675076419334934e-12	81.25660771275376
0.0	-5.1415091813535645e-12	81.2566077127523
0.0	-7.219272347254995e-12	81.25660771275243
0.0	-3.555748894560742e-13	81.2566077127517
0.0	-3.2814409426870355e-12	81.25660771275132
0.0	5.390864681978845e-12	81.25660771275635
0.0	-0.8701691234220663	81.25660771276084
0.0	-8.157426826861155	81.2566077127508
0.0	0.19454927067306427	81.25660771275327
0.0	-41.93431147143542	81.25660771274995
0.0	-54.757782182708816	81.34491822819078
0.0	136.56130247857476	0.23839689631169328
0.0	24.155273577447588	0.23839689631105143
0.0	3.1224911137330604	0.23839689631098238
0.0	3.4120389673273404	0.23839689631113115
0.0	0.29750528108926055	0.2383968963107212
0.0	2.1133148590558152e-13	0.23839689631077146
0.0	-4.099988762118029e-12	0.23839689631053324
0.0	4.140032327902402e-13	0.23839689631098243
0.0	3.882529927588012e-12	0.23839689631093908
0.0	-2.2854247501181427e-12	0.23839689631099437
0.0	1.7978683302665563e-12	0.2383968963107267
0.0	2.702183176063508e-13	0.23839689631124653
0.0	-1.3422831743977156e-12	0.238396896311005
0.0	3.2231985141096836e-12	0.23839689631073166
0.0	-2.4901558938512495e-12	0.2383968963110606
0.0	-5.135808268623946e-13	0.23839689631091715
0.0	1.1890343669422165e-12	0.2383968963109726
0.0	-7.146254104451278e-14	0.2383968963112783
0.0	-8.194817186911866e-13	0.23839689631126007
0.0	-2.9416967995048427e-14	0.23839689631126035
0.0	1.4012129345247398e-13	0.23839689631120192
0.0	-6.044757937578143e-14	0.23839689631124084
0.0	1.2444267421323456e-15	0.2383968963110121
0.0	1.714694399376184e-12	0.23839689631074654
0.0	-2.2500668962271526e-12	0.23839689631084351
0.0	2.8407942092296656e-12	0.23839689631088518
0.0	-3.5908502324025527e-12	0.23839689631080085
0.0	2.5980180395487525e-13	0.2383968963107245
0.0	3.3882472533707184e-12	0.2383968963109781
0.0	-2.610182404270347e-12	0.23839689631084982
0.0	2.112282535379794e-12	0.23839689631100758
0.0	-3.856486604399826e-12	0.23839689631098854
0.0	1.2572308975547523e-12	0.23839689631113647
0.0	-6.273121280764613e-12	0.2383968963109238
0.0	7.60052604661976e-12	0.23839689631136735
0.0	-0.29750528107928503	0.23839689631205105
0.0	-3.41203896733711	0.23839689631079575
0.0	-3.1224911137299545	0.23839689631121888
0.0	-24.155273577452952	0.23839689631115515
0.0	-136.56130247856998	0.23839689631168723
0.0	99.29309399042197	-4.721706686400722e-13
0.0	10.568679881915035	4.237457792524261e-13
0.0	1.8436515162672045	3.581765523315017e-13
0.0	0.9999343670657359	7.152840650463725e-14
0.0	0.07354741395342311	7.604212950489662e-13
0.0	1.4340401612787275e-12	4.676854717575215e-13
0.0	-2.1239198523248465e-12	4.3681135624807867e-13
0.0	-8.897936911072263e-13	7.003529306127891e-13
0.0	1.856788921396016e-12	1.4730877336697528e-13
0.0	-3.835105061379521e-12	1.399804082479948e-13
0.0	-2.412794572508013e-13	9.137207501410726e-13
0.0	4.996528224931273e-13	6.688868599096934e-14
0.0	-2.2497380236669785e-13	-4.158034156706399e-13
0.0	1.7274902629653108e-12	2.7185269456921687e-13
0.0	-1.8658032561829916e-12	7.041839554968623e-14
0.0	2.5351065417666015e-13	-6.331672667549144e-14
0.0	2.958311154436736e-13	-6.809862384573444e-14
0.0	3.4563839625994655e-13	-1.343373324954772e-13
0.0	-7.428806979543348e-13	1.8441718662407927e-13
0.0	-1.4509700267195124e-14	9.895386137183301e-15
0.0	-5.0980250613182005e-14	5.5138626270022506e-14
0.0	-2.901491208109675e-13	7.874041193464982e-14
0.0	-1.5035580994229142e-13	6.37429041533379e-14
0.0	2.147629567341704e-12	-5.404775228926219e-14
0.0	-2.1065877604345055e-12	-3.2076356085337055e-13
0.0	1.8342525590041445e-12	9.145798519340262e-14
0.0	-1.1817414985501723e-12	4.893845626852529e-13
0.0	-1.8179778144682352e-13	9.916612360194149e-14
0.0	2.0974766707654166e-12	1.5172966852535126e-13
0.0	-1.1279708212064832e-12	-2.9862582747806577e-13
0.0	3.7657271225597064e-12	7.524834426122427e-14
0.0	-9.810464332736605e-13	6.54176455287361e-14
0.0	1.2069715838351102e-12	3.447038792938933e-13
0.0	-4.608415300444883e-12	1.5674750619597478e-13
0.0	5.0238742031424604e-12	-9.082794082549333e-13
0.0	-0.07354741395204675	-1.7174022128841697e-12
0.0	-0.9999343670701315	4.3861172649701937e-13
0.0	-1.8436515162660467	6.196330011122897e-14
0.0	-10.568679881919314	4.550517850580833e-13
0.0	-99.29309399041728	-7.352172733369377e-13
0.0	46.364966795786714	-2.723208676899423e-13
0.0	3.6200038861448216	6.212971676719244e-13
0.0	0.6319393269217017	4.142508396059204e-13
0.0	0.21825235814737542	3.1101342425147017e-13
0.0	0.013662766187107784	9.106112341397391e-13
0.0	1.0778649964293798e-12	5.807828514642439e-13
0.0	-8.222447321799331e-13	5.945751806318787e-13
0.0	-9.201883605606942e-13	7.012605338477232e-13
0.0	5.459806802001243e-13	3.2508471870266826e-13
0.0	-2.6475506661343985e-12	2.522203789553882e-13
0.0	-6.870487877387061e-13	8.989255573549912e-13
0.0	3.4105670314570696e-13	4.142489746571763e-13
0.0	9.256599622488534e-14	-9.044463911882438e-14
0.0	6.501166634986661e-13	5.541667283231513e-13
0.0	-8.968880867192609e-13	3.414511928905103e-13
0.0	3.7758797317563786e-13	3.010195361194061e-13
0.0	-1.4194932852510783e-13	3.693877595104059e-13
0.0	3.1677850548178815e-13	3.3170894547478603e-13
0.0	-2.849981895516401e-13	5.116614636344131e-13
0.0	2.7573675927519284e-15	4.593549791116328e-13
0.0	-4.615595931313689e-14	4.4784057499048355e-13
0.0	-2.465781927635874e-13	4.336719132395861e-13
0.0	-9.239566911562851e-14	3.9399454616128214e-13
0.0	1.3141968064025984e-12	3.799494566052362e-13
0.0	-1.1910500111636464e-12	9.70927075082372e-14
0.0	7.79832399784855e-13	3.607645981007497e-13
0.0	-8.264378240035313e-14	7.039546757267914e-13
0.0	-2.1507954972707338e-13	3.2555528196570124e-13
0.0	8.488441708262432e-13	3.368328842790836e-13
0.0	-3.155099374510783e-13	-3.9856942549689236e-14
0.0	2.6594045658987975e-12	2.843205081093421e-13
0.0	1.0710398017026541e-13	3.498920688178013e-13
0.0	8.054122665281813e-13	4.3883187725178195e-13
0.0	-2.15517204850547e-12	4.582915061521981e-13
0.0	2.258189067352802e-12	-5.885052384719994e-13
0.0	-0.013662766188293303	-1.4785141860022188e-12
0.0	-0.21825235814854127	6.276069394347063e-13
0.0	-0.6319393269214284	1.7220654620327863e-13
0.0	-3.6200038861468977	6.685044333636008e-13
0.0	-46.364966795784	-3.5557324304385223e-13
0.0	15.722124068077594	-4.062388268442281e-13
0.0	0.9700357820187449	-3.60187119141834e-15
0.0	0.15074978314727833	-2.37401202815519e-13
0.0	0.03642248338897817	-3.561612227492863e-13
0.0	0.0019423280921606297	-4.9931241607414376e-14
0.0	4.681700722650697e-13	-2.28446717575366e-13
0.0	-2.7244916134248815e-13	-1.5536393933832238e-13
0.0	-5.304010570313652e-13	-1.308223522282784e-13
0.0	8.864592080610628e-15	-3.657748937627503e-13
0.0	-1.2743278240947415e-12	-3.546627161701589e-13
0.0	-4.668318165138474e-13	-9.303268301439135e-15
0.0	9.409860332577315e-14	-3.665590263964664e-13
0.0	5.4046725110739925e-14	-5.751492287930341e-13
0.0	1.1890848386829778e-13	-2.3459667853271717e-13
0.0	-3.8728758517709264e-13	-3.566999413127913e-13
0.0	1.2811034415067954e-13	-5.054807693522168e-13
0.0	-1.95339184130008e-13	-3.753415990549966e-13
0.0	9.381027156392219e-14	-4.3603593119725007e-13
0.0	-1.8303604627322417e-13	-3.550307841273115e-13
0.0	-7.556221676641448e-14	-3.9272003447953e-13
0.0	-9.417842233108287e-14	-3.7908109792705794e-13
0.0	-1.9154366015027326e-13	-4.0109673124397003e-13
0.0	-8.969015300312466e-14	-3.6889112021088537e-13
0.0	5.172015690041886e-13	-3.827984719357842e-13
0.0	-5.779364356364255e-13	-5.446234518011849e-13
0.0	1.8862340739650444e-13	-3.9546134433684696e-13
0.0	5.503950857591377e-14	-1.9151061089415807e-13
0.0	-1.7114038611095583e-13	-3.447393201940598e-13
0.0	2.0639698369893321e-13	-3.571125703947629e-13
0.0	-1.0951699380223584e-13	-5.212111391439637e-13
0.0	1.1466557425701186e-12	-3.6069590916027093e-13
0.0	1.7397560927157988e-13	-3.6497627471948116e-13
0.0	2.556589020227345e-13	-2.5144265199954394e-13
0.0	-8.345073023202763e-13	-2.9031383131982234e-13
0.0	6.811553782408026e-13	-8.284723202451592e-13
0.0	-0.0019423280933259799	-1.2575640432275727e-12
0.0	-0.036422483389183545	-1.798680239841082e-13
0.0	-0.150749783147414	-3.448275899881543e-13
0.0	-0.9700357820195615	-3.7178798661927734e-14
0.0	-15.722124068076539	-4.850618351889386e-13
0.0	4.036794486272752	-6.28075038379032e-14
0.0	0.2019816261186824	9.65471204914394e-14
0.0	0.02637647523017967	3.48772901152102e-14
0.0	0.004709003274488639	-4.294935153704287e-15
0.0	0.00021338836915358152	1.13939910487715e-13
0.0	1.7068187483582614e-13	5.097167651410151e-14
0.0	-5.310289177021341e-14	7.975859416769355e-14
0.0	-1.8382039778110966e-13	7.885000079542899e-14
0.0	-2.5327064792918275e-14	8.494036206163583e-15
0.0	-4.196904356693549e-13	2.956268151766437e-15
0.0	-1.831662075570151e-13	1.1263879165482013e-13
0.0	3.416544996616705e-14	-1.890154693764168e-14
0.0	5.1928242250392656e-14	-8.048504315032236e-14
0.0	2.5386656969892116e-14	5.169519511215789e-14
0.0	-1.0767195805284722e-13	1.0991912023204484e-14
0.0	5.94508673071953e-14	-3.917539579276022e-14
0.0	-7.086377699555742e-14	-6.739147031353683e-15
0.0	4.461882935362079e-14	-3.671517389019406e-14
0.0	-4.5933054090776053e-14	2.5049763644532084e-15
0.0	-1.6576240332539612e-14	-4.732426378049978e-16
0.0	-1.975620621350978e-14	7.352692920261292e-15
0.0	-5.198252020579481e-14	1.47151900572485e-15
0.0	-1.8652938185306805e-14	-1.4583316162478571e-15
0.0	1.7884666069473716e-13	-4.391508630152584e-15
0.0	-1.744443284017329e-13	-4.4776623429334526e-14
0.0	4.106724137974079e-14	8.02220258673705e-15
0.0	5.879904460547266e-14	7.858605134938181e-14
0.0	-5.4796639051016086e-14	1.2874137929311786e-14
0.0	5.526237635208953e-14	3.925122771726229e-15
0.0	-6.270653422605568e-15	-5.542166985010274e-14
0.0	3.8805918306217576e-13	7.080494987809515e-15
0.0	1.0569695409383585e-13	1.6933042201215986e-14
0.0	7.773363100445999e-14	3.400982662443598e-14
0.0	-2.388796987579827e-13	3.483611239825853e-14
0.0	1.8019692394742254e-13	-1.5885115487281843e-13
0.0	-0.0002133883696241523	-3.243679825266581e-13
0.0	-0.004709003274451361	7.417966129041862e-14
0.0	-0.026376475230258246	-9.79745702122479e-15
0.0	-0.20198162611890444	9.586603414213106e-14
0.0	-4.036794486272416	-9.747307275828296e-14
0.0	0.7995335433159285	-1.99734715865701e-14
0.0	0.032341085364737704	1.930608853078471e-14
0.0	0.0034460444144482584	-2.3807966379379225e-15
0.0	0.0004750707152393545	-6.82189674750334e-15
0.0	1.8220857777726363e-05	2.3202187834169878e-14
0.0	4.9039878274709534e-14	1.2118166431096504e-14
0.0	-5.706442793913681e-15	1.1386153857049166e-14
0.0	-4.564907079605547e-14	1.5758868082313293e-14
0.0	-1.0137894093995156e-14	-6.493289854138005e-15
0.0	-1.0449763748851283e-13	-5.324666981528934e-15
0.0	-4.654690105215879e-14	2.3149750207260674e-14
0.0	1.2731347440396176e-14	-7.50234593699314e-15
0.0	1.9477375160431938e-14	-2.637078375891829e-14
0.0	4.906863860492571e-15	7.640727147640307e-15
0.0	-2.4263294348862596e-14	-6.206013765413247e-15
0.0	1.9624738387651684e-14	-1.9672833323216187e-14
0.0	-1.9308085670075965e-14	-7.90766235601104e-15
0.0	1.4824740630893275e-14	-1.3582507662899621e-14
0.0	-8.648344605359137e-15	-3.650177987210845e-15
0.0	-3.606932468833843e-15	-6.690537817572562e-15
0.0	-2.805410220319828e-15	-7.392999251844442e-15
0.0	-1.0225438384908824e-14	-5.786465085883125e-15
0.0	-2.8294454536268317e-15	-5.0283986815091284e-15
0.0	4.838294855243919e-14	-1.039975357068764e-14
0.0	-3.621715869173041e-14	-2.1137923732951768e-14
0.0	8.733942585436174e-15	-3.0055051714063736e-15
0.0	2.4477586418395213e-14	1.4740742937677604e-14
0.0	-1.2422319621354011e-14	-1.5901538448000176e-15
0.0	1.1640468845349369e-14	-9.86994551355506e-15
0.0	6.6612025288923704e-15	-2.3915891633517436e-14
0.0	1.0357834869070289e-13	-4.806080393882339e-15
0.0	3.6491638369515076e-14	-6.8015252782818775e-15
0.0	2.4163906635014063e-14	-6.073807299006621e-16
0.0	-5.372383230465325e-14	2.013868827186856e-15
0.0	4.08175998515154e-14	-5.239194306024256e-14
0.0	-1.822085791130612e-05	-9.11712233513275e-14
0.0	-0.0004750707152090531	9.69110359401587e-15
0.0	-0.003446044414468281	-1.0865107708046188e-14
0.0	-0.03234108536478274	1.871088956508349e-14
0.0	-0.7995335433158473	-2.918070932662354e-14
0.0	0.12329838170626814	2.8480059202070754e-15
0.0	0.003931614163124105	1.2270905903506616e-14
0.0	0.0003512422172082105	8.921229304574719e-15
0.0	3.7552007184467873e-05	8.099394692998973e-15
0.0	1.2135486718861044e-06	1.4229421993631024e-14
0.0	7.229316536550861e-15	1.2531774290353267e-14
0.0	-3.073194545458518e-15	1.3506257140777772e-14
0.0	-1.2860075217094738e-14	1.3148396831296876e-14
0.0	-6.115502546400981e-15	9.230123106836129e-15
0.0	-2.3812598751943383e-14	9.224615919228454e-15
0.0	-1.299610626388015e-14	1.6495539897983016e-14
0.0	-6.55259538215172e-16	8.966338905049634e-15
0.0	7.598481911269943e-16	4.9459314056214615e-15
0.0	-2.9984277688214068e-15	1.1845853487386491e-14
0.0	-7.416570790199363e-15	8.78591731388153e-15
0.0	5.415282837009484e-16	7.164515591722273e-15
0.0	-7.691092818426243e-15	8.60706283556045e-15
0.0	-5.859940242547311e-16	6.735886700794565e-15
0.0	-4.934863673351951e-15	8.808791980943486e-15
0.0	-3.853763673369188e-15	8.841012403291225e-15
0.0	-3.56556318718813e-15	8.26984969542699e-15
0.0	-5.606067525312727e-15	8.871218323061191e-15
0.0	-3.82275807509149e-15	8.339147008499807e-15
0.0	6.0081588900268e-15	8.265959362274298e-15
0.0	-1.0252563681233325e-14	6.0222138990355274e-15
0.0	-1.9640167023354556e-15	8.339429592122672e-15
0.0	2.329787836901153e-15	1.2888843647816528e-14
0.0	-5.661024116527016e-15	9.870907817246174e-15
0.0	-1.3900448200794258e-15	8.657122861255685e-15
0.0	-9.834382194769722e-16	5.618392219667708e-15
0.0	1.698497077835591e-14	9.299211206863004e-15
0.0	4.98936318999043e-15	9.22873831665245e-15
0.0	1.165873282414823e-15	1.0045737596074489e-14
0.0	-1.244047633149481e-14	1.130597536677212e-14
0.0	3.445432075223288e-15	-4.210482059388503e-16
0.0	-1.2135487069177538e-06	-9.190754290360418e-15
0.0	-3.755200718199461e-05	1.0884621431896827e-14
0.0	-0.0003512422172188492	6.998591352165174e-15
0.0	-0.003931614163135524	1.1951865410835905e-14
0.0	-0.12329838170625754	6.840309608196126e-16
0.0	0.014837107250475262	1.353843561052922e-15
0.0	0.0003815755114306918	2.997350047344858e-15
0.0	3.9674900286366805e-05	2.6118788504395963e-15
0.0	2.3312387837363427e-06	2.603846178307629e-15
0.0	6.318405182771647e-08	3.94842643589871e-15
0.0	1.6835637649970075e-15	3.519887590455192e-15
0.0	1.1572976827441935e-16	3.8279381918977185e-15
0.0	-1.5561326039454788e-15	3.668772186571172e-15
0.0	-5.172018899399532e-16	2.93562750371387e-15
0.0	-3.116778325639365e-15	2.9290250785274324e-15
0.0	-1.6151721936067375e-15	4.093802970992827e-15
0.0	3.450030378799483e-16	2.909979869409376e-15
0.0	6.899202660210744e-16	2.348079082544281e-15
0.0	-5.2979461479546085e-17	3.3735759553106047e-15
0.0	-5.142181803840909e-16	3.0119545226837343e-15
0.0	6.605373260753343e-16	2.718778182841846e-15
0.0	-6.244072738202137e-16	2.909610441424276e-15
0.0	4.760579769036599e-16	2.784349225105466e-15
0.0	-1.691022618558999e-16	3.1098456889139198e-15
0.0	-4.863553856433131e-17	2.964472685170665e-15
0.0	-4.279950505861895e-17	2.935257139984019e-15
0.0	-3.829193465086492e-16	2.93032652943264e-15
0.0	-1.3284256730544562e-17	3.057530854552951e-15
0.0	1.4150445032003e-15	2.8668374216185993e-15
0.0	-1.0622832191299742e-15	2.5327428549110166e-15
0.0	1.0761957625592029e-16	2.988804492752826e-15
0.0	1.058288454816331e-15	3.583869092805779e-15
0.0	-4.02730065198489e-16	3.0423993087781397e-15
0.0	2.0811601711794485e-16	2.9697212015741525e-15
0.0	4.149702033583236e-16	2.544649031996276e-15
0.0	3.148625209257167e-15	2.965351564206045e-15
0.0	1.5035256466425131e-15	3.004130938598184e-15
0.0	6.756336587840963e-16	3.304786934742849e-15
0.0	-1.2971473820593236e-15	3.397135133906664e-15
0.0	9.87117898870431e-16	1.5824836881045837e-15
0.0	-6.318405657556574e-08	-4.1887297697999885e-17
0.0	-2.3312387822693993e-06	3.1893894336185993e-15
0.0	-3.967490028725993e-05	2.2542373322086577e-15
0.0	-0.00038157551143144444	2.9358702885912972e-15
0.0	-0.014837107250472817	1.185756371468857e-15
0.0	0.001367547397805062	1.4326676949893138e-16
0.0	4.942536324526051e-05	3.2857583987889355e-16
0.0	9.555807821209652e-06	3.0344257016514343e-16
0.0	1.138205835804341e-07	3.370507956100972e-16
0.0	2.57509311012929e-09	5.341596863226242e-16
0.0	2.400527774690905e-16	4.866795603681031e-16
0.0	1.8934882861550233e-17	4.558888904777434e-16
0.0	-1.8772696202745223e-16	4.3876613770490596e-16
0.0	-6.890380101232297e-17	3.2261535707470857e-16
0.0	-3.8288884878518034e-16	3.387989952485447e-16
0.0	-2.0428386982105842e-16	4.625235808809571e-16
0.0	3.807259284878538e-17	3.307645456094e-16
0.0	9.051607403768454e-17	2.4969562324701124e-16
0.0	-1.3643682229825522e-17	3.7634208828300424e-16
0.0	-6.698088920021025e-17	3.3319997259308413e-16
0.0	7.640980327247888e-17	2.898610196138586e-16
0.0	-8.233615108871744e-17	3.3322339711125013e-16
0.0	5.658040536519803e-17	3.0720834179328926e-16
0.0	-1.8282236522397358e-17	3.55237193921834e-16
0.0	-4.221173066534001e-18	3.2855408301264386e-16
0.0	-4.735223538910369e-18	3.303388879647525e-16
0.0	-4.407799325888194e-17	3.5782255422345578e-16
0.0	-5.007416282296705e-18	3.4194014585228445e-16
0.0	1.663859942848299e-16	3.1966184349218385e-16
0.0	-1.2089049519703385e-16	2.872361410136287e-16
0.0	7.443311644551137e-18	3.4133762733722326e-16
0.0	1.3738030990960908e-16	4.0631331053223453e-16
0.0	-4.581809540701513e-17	3.6106264814007593e-16
0.0	1.7978243864293626e-17	3.208292895862805e-16
0.0	5.213615422699665e-17	2.7944450214958063e-16
0.0	3.8275490546830877e-16	3.322947515525962e-16
0.0	1.8591139459674606e-16	3.3397848548289335e-16
0.0	8.151842462863689e-17	3.86920081351665e-16
0.0	-1.7315232108097781e-16	4.258823289549643e-16
0.0	1.3840098063882887e-16	1.8523906878995378e-16
0.0	-2.5750937852191043e-09	-2.0037669082070803e-17
0.0	-1.1382058339520966e-07	4.162849806851124e-16
0.0	-9.5558078213064e-06	2.601713008673163e-16
0.0	-4.942536324529376e-05	3.417246561747725e-16
0.0	-0.001367547397804464	1.113532498817228e-16
0.0	8.382882177487795e-05	1.3749211314775522e-19
0.0	1.4760702065766512e-05	1.6613106453186628e-17
0.0	3.0752307603188537e-06	8.417966284703155e-18
0.0	4.373845320254185e-09	5.475683893278629e-18
0.0	8.219854510715218e-11	2.990809299013434e-17
0.0	3.025824971680172e-17	2.1441114696431908e-17
0.0	-1.6440312107478503e-18	2.1786799798315197e-17
0.0	-2.4059550280227753e-17	1.8112788405687902e-17
0.0	-9.923082956818407e-18	1.0364670764196655e-17
0.0	-3.9623956020528917e-17	9.215966132071779e-18
0.0	-2.206778349685358e-17	2.2138911923393045e-17
0.0	2.2735030026374066e-18	7.787811452961764e-18
0.0	6.518150031222761e-18	6.111763193902874e-19
0.0	-3.313249452180538e-18	1.425216959106825e-17
0.0	-8.127173658460364e-18	9.868486456626447e-18
0.0	5.155033235190934e-18	4.469421574053854e-18
0.0	-1.0150865914918458e-17	8.846359143664553e-18
0.0	3.1895954179135118e-18	6.116819646034815e-18
0.0	-3.765319373343934e-18	1.1126298083777601e-17
0.0	-2.4626785690376556e-18	8.824955199227759e-18
0.0	-3.1736882708407147e-18	8.530181992679698e-18
0.0	-6.249543153703399e-18	9.401637736775638e-18
0.0	-2.8495073529305136e-18	8.562311344996515e-18
0.0	1.400698201065439e-17	7.603963355760776e-18
0.0	-1.3622014095963407e-17	2.478262084056722e-18
0.0	-1.2589788143062007e-18	8.834420029510156e-18
0.0	1.0761009138317213e-17	1.5926986233516947e-17
0.0	-7.185652579011978e-18	9.458521055057642e-18
0.0	-8.072820632752048e-19	8.205160111047838e-18
0.0	3.861266652409042e-18	3.0157980306394015e-18
0.0	3.478919092732417e-17	9.02558335530375e-18
0.0	1.7617109377423122e-17	9.300208082844516e-18
0.0	6.1159124212833e-18	1.2190057888950408e-17
0.0	-2.3955056057724185e-17	1.6989561946079503e-17
0.0	1.9939151465246524e-17	-1.767265561727398e-17
0.0	-8.219865175392962e-11	-5.4839397128031873e-17
0.0	-4.373845307255558e-09	1.9235026087254973e-17
0.0	-3.0752307603303505e-06	2.944671959007061e-18
0.0	-1.4760702065756562e-05	1.6736749184115615e-17
0.0	-8.382882177464875e-05	-2.593930657523008e-18
0.0	-1.124898031927265e-06	-4.0336988021898567e-19
0.0	4.896209858457225e-06	2.4807211480878472e-18
0.0	8.373801041940973e-07	1.1061329240433717e-18
0.0	1.3232256126859362e-10	-4.832006258325651e-19
0.0	2.0547884148293425e-12	4.053521538582103e-18
0.0	7.17283365317217e-18	1.1767883371660926e-18
0.0	6.958745851216057e-19	9.608391165795896e-19
0.0	-1.7478937120695656e-18	3.9966793162713344e-19
0.0	-2.690667440956853e-19	-4.481394948826623e-19
0.0	-2.5644566282066582e-18	-4.277065904578694e-19
0.0	-1.2325954014184712e-18	6.037393899485279e-19
0.0	6.296089357020135e-19	-4.672055537275128e-19
0.0	9.808100628837487e-19	-9.952440835451304e-19
0.0	1.417280842022053e-19	-8.283104297706736e-20
0.0	-1.339200467173733e-19	-3.958274231748272e-19
0.0	8.831561814794083e-19	-7.621623013117318e-19
0.0	-3.564652917272027e-19	-3.4018771606375606e-19
0.0	7.609124172434666e-19	-6.38901343130945e-19
0.0	1.7773094138165592e-19	-3.427010060360233e-19
0.0	2.759186671833224e-19	-3.822855117121363e-19
0.0	1.832390317796863e-19	-4.191791532096325e-19
0.0	1.7105424453734266e-20	-4.859545647220073e-19
0.0	2.4265493735310813e-19	-4.397941040802462e-19
0.0	1.5065354872664729e-18	-4.397604050056051e-19
0.0	-5.302279151825637e-19	-8.619556253804794e-19
0.0	3.3860928458010497e-19	-3.399355784784328e-19
0.0	1.3028526852394606e-18	1.0654621855424706e-19
0.0	-8.872147838768208e-20	-3.165338316763329e-19
0.0	3.663741254925283e-19	-4.906364182821687e-19
0.0	7.534959371369653e-19	-8.39416761713302e-19
0.0	3.202565437678244e-18	-4.210045730658065e-19
0.0	1.9755812390505737e-18	-4.1003874256972168e-19
0.0	1.4311032957759975e-18	-1.5889586881826025e-19
0.0	-2.6895316405376644e-18	4.4077726168422594e-20
0.0	5.8553684426431974e-18	-5.948728735784265e-18
0.0	-2.054806837226849e-12	-1.4727356184762136e-17
0.0	-1.3232255516805585e-10	2.799414930930855e-18
0.0	-8.373801041922562e-07	-5.967981183722196e-19
0.0	-4.8962098584512684e-06	2.4173250530695893e-18
0.0	1.1248980320158097e-06	-5.03555204909807e-19
0.0	-1.6208412943829687e-06	7.929023414560944e-21
0.0	1.3028598752857905e-06	1.1661405981134802e-18
0.0	1.8441775582385184e-07	1.0850463021769262e-18
0.0	3.150620975887947e-12	8.95502486709749e-19
0.0	4.01492814282953e-14	2.130664237255878e-18
0.0	1.1042510769122421e-18	9.351380751289073e-19
0.0	-1.4404668399095224e-19	5.2584664304635145e-19
0.0	-3.517179630238317e-19	2.5428938901248113e-19
0.0	-8.18533336641728e-20	5.899702423466379e-20
0.0	-2.0535852511093768e-19	3.9775885685056866e-20
0.0	-1.1209371685039862e-19	9.366099500265317e-20
0.0	-4.546606999550809e-22	2.0825964839118043e-20
0.0	2.473436731316247e-20	-1.6077254254565666e-21
0.0	-2.894685521329582e-20	5.684192613447246e-20
0.0	-4.167210873801516e-20	3.5879449056443115e-20
0.0	1.7950883556834268e-20	1.2768740039724528e-20
0.0	-5.636134531339238e-20	2.6258290574972e-20
0.0	7.716069896527855e-21	2.4156088408878143e-20
0.0	-2.211011195450986e-20	4.049705063018026e-20
0.0	-2.1674684245016576e-20	2.5962895925125744e-20
0.0	-2.0007663258327242e-20	3.5276205889434763e-20
0.0	-3.5910582134789514e-20	3.198213023187173e-20
0.0	-2.045902025182264e-20	3.2599191780873415e-20
0.0	5.377712025510017e-20	2.2145814856834392e-20
0.0	-6.334565033196158e-20	4.324364866390696e-21
0.0	-1.8468327015556272e-20	3.081471027477086e-20
0.0	4.7089944336014605e-20	6.351520339023464e-20
0.0	-3.839220293108731e-20	3.547006243951895e-20
0.0	-1.3518692005395372e-20	2.7618960617601575e-20
0.0	1.24979307136155e-20	6.413119690175791e-21
0.0	1.6555855040474225e-19	3.602222422103775e-20
0.0	1.0830882309273061e-19	6.092330411084898e-20
0.0	7.85952928701813e-20	1.4510065888149165e-19
0.0	-7.842303345487564e-19	3.843178086850037e-19
0.0	8.722294756854903e-19	-6.705897946520499e-19
0.0	-4.015552290861565e-14	-2.9040108260346764e-18
0.0	-3.15062070129836e-12	1.8784441016576056e-18
0.0	-1.844177558248976e-07	6.098929392344921e-19
0.0	-1.3028598752850843e-06	1.1711610281745666e-18
0.0	1.6208412944110582e-06	2.0490355852222723e-20
0.0	-3.898482702725839e-07	-2.5915994562017593e-16
0.0	2.781631050273894e-07	-4.70285086072541e-16
0.0	3.353843417260496e-08	-5.443052996211351e-16
0.0	5.884295125658941e-14	-5.850554614508071e-16
0.0	5.999699677275674e-16	-6.019752337339476e-16
0.0	2.834948938299798e-19	-6.077526832282376e-16
0.0	-5.316399710631266e-22	-6.09020150223441e-16
0.0	-4.4379585459551775e-20	-6.090644119214942e-16
0.0	-4.5869453446814975e-21	-6.090368089752323e-16
0.0	-1.205223989188227e-20	-6.090136262534237e-16
0.0	-4.659539505671381e-21	-6.090054029850099e-16
0.0	7.927829728852964e-22	-6.090081103246604e-16
0.0	1.972985466222951e-21	-6.09009262041288e-16
0.0	-4.15051187616128e-22	-6.090064217544615e-16
0.0	-1.215386088334353e-21	-6.090074494567534e-16
0.0	1.5843239345011574e-21	-6.090081284009583e-16
0.0	-1.6947342006203106e-21	-6.090080009645576e-16
0.0	1.0839856935893335e-21	-6.090080297376386e-16
0.0	-3.112244085661115e-22	-6.09007425639309e-16
0.0	-1.206996521251448e-22	-6.09007905218445e-16
0.0	-7.877314171631042e-23	-6.090077723235239e-16
0.0	-8.35676334645596e-22	-6.090075825890953e-16
0.0	-2.125828174321729e-25	-6.090075961925768e-16
0.0	3.1782359809740624e-21	-6.090080098242473e-16
0.0	-2.1337665620851258e-21	-6.090086228284654e-16
0.0	-1.2986096986875178e-22	-6.090076645286167e-16
0.0	2.937512455446472e-21	-6.090063502270632e-16
0.0	-9.658755960485023e-22	-6.090073127883903e-16
0.0	1.1611473142604219e-22	-6.090078396904427e-16
0.0	1.4722661458362122e-21	-6.0900972296683e-16
0.0	1.2120970473655105e-20	-6.090140543512345e-16
0.0	1.3795184971779178e-20	-6.090384520382037e-16
0.0	2.1542865541222886e-20	-6.090807788577158e-16
0.0	-1.1936425849392334e-19	-6.090478780420366e-16
0.0	2.144956528572377e-19	-6.08114226381309e-16
0.0	-6.012664395754382e-16	-6.031473310123597e-16
0.0	-5.88425165712351e-14	-5.847996844156491e-16
0.0	-3.353843417276357e-08	-5.444444634134026e-16
0.0	-2.781631050271673e-07	-4.702815030383197e-16
0.0	3.8984827027994273e-07	-2.591541305235659e-16
0.0	-6.927564958834922e-08	-3.785380933068763e-16
0.0	4.8986203989752064e-08	-6.412242899368287e-16
0.0	5.130907261169598e-09	-7.726438399356496e-16
0.0	8.315542264726225e-16	-8.317384561341075e-16
0.0	5.260022075592419e-18	-8.567279359407959e-16
0.0	-1.2249665449653786e-20	-8.654374960798989e-16
0.0	-2.792786640944155e-20	-8.678341010970695e-16
0.0	-1.711426793327584e-20	-8.681594643104412e-16
0.0	-3.3112983173478237e-21	-8.682250809466124e-16
0.0	-1.745270535863493e-21	-8.682291264812318e-16
0.0	-4.8057689537097495e-22	-8.68229642719114e-16
0.0	-1.5809321718317225e-22	-8.682297163357702e-16
0.0	-1.0523444207598851e-22	-8.682296855851261e-16
0.0	-2.0208687416170384e-22	-8.682295649771704e-16
0.0	-2.1960120065461947e-22	-8.682295962184551e-16
0.0	-1.2332903332402311e-22	-8.682296409512183e-16
0.0	-2.4385787365103035e-22	-8.682296220212987e-16
0.0	-1.331807664258138e-22	-8.68229655799024e-16
0.0	-1.8979994391086808e-22	-8.682296448822277e-16
0.0	-1.8219474710473803e-22	-8.682296828363004e-16
0.0	-1.8720241855861067e-22	-8.682296697403567e-16
0.0	-2.1127809630755633e-22	-8.682296202184097e-16
0.0	-1.8440007563733495e-22	-8.682295968007106e-16
0.0	-6.705248066748145e-23	-8.68229618670259e-16
0.0	-2.574947589981856e-22	-8.682296776865429e-16
0.0	-1.8222581965628886e-22	-8.682296712484586e-16
0.0	-6.884034295511897e-23	-8.682296123894282e-16
0.0	-2.139228912055829e-22	-8.682295853888643e-16
0.0	-1.8509519225143885e-22	-8.682295345246075e-16
0.0	-1.8219985051761023e-22	-8.682294172142724e-16
0.0	3.7483816407936455e-22	-8.682284550982242e-16
0.0	-7.957498497506698e-22	-8.682240647823074e-16
0.0	-6.3560028453088776e-21	-8.681596453158074e-16
0.0	-4.9226028845282264e-20	-8.678359742903974e-16
0.0	-3.000019008481723e-20	-8.655015556578438e-16
0.0	-5.768733219066072e-18	-8.569552250444386e-16
0.0	-8.317615346170416e-16	-8.31686503679397e-16
0.0	-5.130907261524656e-09	-7.726757866419835e-16
0.0	-4.898620398990221e-08	-6.412157295246381e-16
0.0	6.927564958998648e-08	-3.785364568515383e-16
0.0	-1.018859942673084e-08	-3.9171628748572163e-16
0.0	7.252692386542019e-09	-4.4101978590097827e-10
0.0	6.685610189446208e-10	-6.685610189660961e-10
0.0	6.755896171442265e-18	-6.130019006879754e-10
0.0	-4.170859427588218e-20	-4.0523944482804817e-10
0.0	2.4705977078601844e-21	-2.0174538586370192e-10
0.0	-2.6501987766629365e-21	-7.672200963967738e-11
0.0	-2.008570648881306e-21	-2.2384785164389585e-11
0.0	-3.159402020957274e-22	-5.01547638668235e-12
0.0	-1.6927176175347558e-22	-8.633147732911695e-13
0.0	-2.3186596658382795e-23	-1.1468254222311178e-13
0.0	-2.7526664831712872e-24	-1.236034259774636e-14
0.0	-1.0385365689941726e-24	-1.7218086834006355e-15
0.0	-3.688436422523785e-24	-8.781980557808024e-16
0.0	-4.2676779259792814e-24	-8.270686386991717e-16
0.0	-1.4198506194534252e-24	-8.246964162137477e-16
0.0	-5.0208912869726515e-24	-8.246122591429664e-16
0.0	-1.8348878278741547e-24	-8.246100316981935e-16
0.0	-3.44149946779667e-24	-8.246100456969201e-16
0.0	-3.158994402364797e-24	-8.246100746334608e-16
0.0	-3.2702929100166752e-24	-8.246100590780279e-16
0.0	-3.8932164693040065e-24	-8.246100135876787e-16
0.0	-3.2476969588949147e-24	-8.246100136022841e-16
0.0	1.8832250788637003e-25	-8.246122893621069e-16
0.0	-5.2746138071473935e-24	-8.246965125163868e-16
0.0	-3.235936224608508e-24	-8.270687835235707e-16
0.0	-5.20644778526975e-26	-8.781981759965615e-16
0.0	-4.304743116770325e-24	-1.7218086566576976e-15
0.0	-3.75246367481546e-24	-1.2360342299370355e-14
0.0	-6.046512920175593e-24	-1.146825415774422e-13
0.0	7.671476345883036e-23	-8.633147722180903e-13
0.0	4.0998964637443565e-23	-5.0154763851221545e-12
0.0	-3.923779625725837e-22	-2.238478516258257e-11
0.0	-5.60299579674806e-21	-7.67220096377461e-11
0.0	-1.2933954991920243e-21	-2.017453858712903e-10
0.0	-3.146395251070319e-20	-4.0523944486552855e-10
0.0	-6.7677356773019205e-18	-6.130019006734181e-10
0.0	-6.685610189902198e-10	-6.685610189688597e-10
0.0	-7.252692386558171e-09	-4.410197859002024e-10
0.0	1.0188599427040919e-08	-3.917152572011974e-16
0.0	-1.2726955484597893e-09	2.2155149402364757e-11
0.0	8.921179263100281e-10	-8.921179263094213e-10
0.0	7.377583337412846e-11	-1.3881424465407262e-09
0.0	3.5965536509246e-21	-1.2812991961240608e-09
0.0	-5.118680732662498e-21	-8.510757848981221e-10
0.0	1.8512891868515903e-21	-4.261033521588769e-10
0.0	2.500142622056108e-22	-1.6336029018594166e-10
0.0	-8.599190515837862e-23	-4.823150665994685e-11
0.0	3.677089863292941e-24	-1.099031316531164e-11
0.0	-1.2044528781706993e-23	-1.935474351953723e-12
0.0	-7.713669634249845e-25	-2.643064810104464e-13
0.0	1.5030800111287426e-25	-2.86734773748156e-14
0.0	1.0144472038397395e-25	-3.1664406499044572e-15
0.0	2.8560921525161316e-26	-1.037867753555116e-15
0.0	1.4981649232501252e-26	-9.004061195246706e-16
0.0	7.754652246424632e-26	-8.934957765758918e-16
0.0	-1.7751094197599484e-28	-8.932160644813994e-16
0.0	6.925171108083996e-26	-8.932040501278087e-16
0.0	3.300751872702649e-26	-8.932029223493937e-16
0.0	4.1354644805805696e-26	-8.932027588409278e-16
0.0	3.541646174057824e-26	-8.932027430202872e-16
0.0	2.3137734877647285e-26	-8.932028959976342e-16
0.0	3.6033477986472955e-26	-8.932040618838906e-16
0.0	1.16409395084719e-25	-8.932161616930845e-16
0.0	-9.192116560260286e-27	-8.934959795526494e-16
0.0	3.741437111134734e-26	-9.004063922028302e-16
0.0	1.0959771683956992e-25	-1.0378679716119874e-15
0.0	2.0112435450448885e-26	-3.1664406080577516e-15
0.0	1.1760263657774472e-25	-2.8673476861096606e-14
0.0	9.03205296399871e-25	-2.6430647988534344e-13
0.0	1.8469181171565924e-23	-1.9354743501286263e-12
0.0	5.4046505511637e-23	-1.0990313162661005e-11
0.0	1.3268335884669787e-22	-4.823150665632965e-11
0.0	-1.6527488598472317e-22	-1.6336029018136485e-10
0.0	1.2474670497205896e-21	-4.261033521549533e-10
0.0	-3.5311301266044016e-22	-8.510757848982933e-10
0.0	3.1747379398228487e-21	-1.2812991961176181e-09
0.0	-7.377583337294619e-11	-1.3881424465379099e-09
0.0	-8.921179263073137e-10	-8.921179263067879e-10
0.0	1.2726955485116533e-09	2.215514940403984e-11
0.0	-1.2519296691744554e-10	1.2519296691747278e-10
0.0	1.0051413847694069e-10	-4.787390873286573e-09
0.0	5.624901036902946e-12	-7.238998026882007e-09
0.0	-1.425175793184446e-21	-6.646412872539309e-09
0.0	-8.881604542825533e-22	-4.388355719501504e-09
0.0	1.694415356232237e-22	-2.184066831154606e-09
0.0	3.317232633598906e-24	-8.333482493231651e-10
0.0	-2.0912631686998556e-23	-2.454533083447063e-10
0.0	-2.1102841117534024e-24	-5.600499489456634e-11
0.0	-1.8424359594685763e-24	-9.929100466792869e-12
0.0	-1.6273383357698698e-25	-1.3741110878072781e-12
0.0	2.7647997764650837e-27	-1.5087306870080734e-13
0.0	1.5130387005547476e-27	-1.5092206245934625e-14
0.0	-4.1259181339369775e-28	-3.2952207015024493e-15
0.0	-5.036367457815012e-28	-2.4864225656827826e-15
0.0	5.497477134722666e-28	-2.442535421035993e-15
0.0	-8.513796778989675e-28	-2.4407423257992438e-15
0.0	3.3705474584340713e-28	-2.4407213820365916e-15
0.0	-1.6318048616181439e-28	-2.4407320091522886e-15
0.0	-1.6772920026454165e-28	-2.4407346536957393e-15
0.0	-1.6807980589217615e-28	-2.440734598599117e-15
0.0	-4.400738269916097e-28	-2.440731933109678e-15
0.0	-1.3331832173918183e-28	-2.440721489375584e-15
0.0	1.182055460125202e-27	-2.4407428098517038e-15
0.0	-8.879276219715453e-28	-2.442536352217991e-15
0.0	-2.3395360275258183e-28	-2.486423766360643e-15
0.0	1.327169402412104e-27	-3.2952216127598942e-15
0.0	-1.1085627621054021e-27	-1.509220595946785e-14
0.0	-2.0033550690182012e-28	-1.508730662664628e-13
0.0	3.4296609782463546e-26	-1.3741110825485303e-12
0.0	1.7897006887833634e-24	-9.929100458217958e-12
0.0	4.651873633508013e-24	-5.6004994881975384e-11
0.0	6.983979441146456e-24	-2.454533083271717e-10
0.0	-5.413245843943476e-23	-8.333482493002685e-10
0.0	7.302620784321559e-23	-2.18406683112775e-09
0.0	-1.911972584356818e-22	-4.388355719474409e-09
0.0	1.9436934714476685e-21	-6.646412872514235e-09
0.0	-5.624901037303868e-12	-7.238998026862757e-09
0.0	-1.0051413847687803e-10	-4.787390873273097e-09
0.0	1.2519296692507036e-10	1.251929669251326e-10
