1600
0.0	3.2673395933439984e+16	3.2673395935776736e+16
0.0	-4198201377000527.0	1.3173236497845728e+17
0.0	-3097782997559500.0	1.5517073105694547e+17
0.0	290123896825955.25	1.7132138610744403e+17
0.0	-1049568881160505.2	1.849475243116816e+17
0.0	456665186407764.44	1.9646137082929542e+17
0.0	-210122938445687.56	2.034642133581433e+17
0.0	158553551131824.72	2.0459930860504886e+17
0.0	-99065578451397.61	2.0556724590750618e+17
0.0	46984833154221.03	2.0532290768138566e+17
0.0	-24948303001741.883	2.055014384554628e+17
0.0	-1952898222014.3408	2.0541444596052208e+17
0.0	3369192193303.617	2.0538671314911686e+17
0.0	-5381866900988.693	2.0532872656395258e+17
0.0	2682216663837.8203	2.0530409411007072e+17
0.0	-1989357455388.4336	2.0529321152663494e+17
0.0	404436112881.4684	2.0529167593780237e+17
0.0	-766061300462.7485	2.0529317573232016e+17
0.0	454024547002.70264	2.0529341853493888e+17
0.0	-300430973002.1895	2.0529409027313427e+17
0.0	300430984453.5056	2.0529409027313408e+17
0.0	-454024534905.202	2.0529341853493824e+17
0.0	766061310522.0562	2.0529317573231978e+17
0.0	-404436102787.0148	2.0529167593780435e+17
0.0	1989357466746.4775	2.0529321152663866e+17
0.0	-2682216651215.8276	2.0530409411007034e+17
0.0	5381866910315.258	2.0532872656395142e+17
0.0	-3369192182639.043	2.0538671314911347e+17
0.0	1952898232619.4346	2.0541444596052323e+17
0.0	24948303015140.28	2.055014384554697e+17
0.0	-46984833142322.02	2.053229076813878e+17
0.0	99065578459616.16	2.055672459075042e+17
0.0	-158553551118126.6	2.0459930860504323e+17
0.0	210122938457222.5	2.0346421335813267e+17
0.0	-456665186400625.7	1.9646137082929286e+17
0.0	1049568881181274.5	1.8494752431169494e+17
0.0	-290123896822113.5	1.7132138610744973e+17
0.0	3097782997570344.5	1.5517073105694125e+17
0.0	4198201377006489.0	1.3173236497843957e+17
0.0	-3.267339593343062e+16	3.2673395935768332e+16
0.0	7.78771845503137e+16	-5188636392340147.0
0.0	-3.717707439470518e+17	-1.5436620658718622e+19
0.0	-2.259238508209709e+16	-6.415388186336307e+17
0.0	-2.0522750100110596e+16	-1.1851161895322427e+19
0.0	6524893986660790.0	-8.742511789926489e+18
0.0	-1572699563111647.5	-9.977812828780366e+18
0.0	273144707819651.06	-1.0296700643992465e+19
0.0	418543408278760.4	-9.866317352223031e+18
0.0	-273018714283021.0	-1.0223935445443226e+19
0.0	116750518028959.81	-1.0062533921326883e+19
0.0	-123316726754646.25	-1.0136924028211137e+19
0.0	37466745633520.68	-1.0097342771874662e+19
0.0	-55820041418877.45	-1.0116345067722863e+19
0.0	14461667391333.824	-1.0103007916924707e+19
0.0	-5622823644242.299	-1.0106747176430012e+19
0.0	1173763862444.9287	-1.0105336221595759e+19
0.0	369740005872.3076	-1.010570022437022e+19
0.0	-625452414353.4119	-1.0105674939733072e+19
0.0	1182741555836.691	-1.0105634061825851e+19
0.0	-903673690729.1603	-1.0105714317026292e+19
0.0	903673694452.5544	-1.0105714317026259e+19
0.0	-1182741552551.5996	-1.0105634061826013e+19
0.0	625452420943.654	-1.0105674939732656e+19
0.0	-369740001086.81006	-1.0105700224370543e+19
0.0	-1173763858187.392	-1.0105336221596277e+19
0.0	5622823646637.397	-1.010674717642957e+19
0.0	-14461667382585.383	-1.0103007916925006e+19
0.0	55820041424098.695	-1.011634506772242e+19
0.0	-37466745627219.33	-1.009734277187482e+19
0.0	123316726754325.02	-1.0136924028211694e+19
0.0	-116750518026431.1	-1.0062533921326965e+19
0.0	273018714293982.25	-1.0223935445442486e+19
0.0	-418543408280163.6	-9.866317352224141e+18
0.0	-273144707802971.75	-1.0296700643991585e+19
0.0	1572699563109252.0	-9.977812828777198e+18
0.0	-6524893986701474.0	-8.742511789928803e+18
0.0	2.0522750100149324e+16	-1.1851161895323447e+19
0.0	2.2592385082106944e+16	-6.415388186337751e+17
0.0	3.717707439470347e+17	-1.5436620658714354e+19
0.0	-7.787718455030451e+16	-5188636392338772.0
0.0	4.0520960254836456e+16	1871222422979604.2
0.0	-3.5434982560869136e+16	-5.711595098735913e+17
0.0	1.456584501783546e+16	1.0328261827323351e+18
0.0	-1797879772014598.0	-1.6867305804968576e+16
0.0	1165360594822109.0	9.479765205602844e+17
0.0	-675884304709524.5	3.922023894968363e+17
0.0	355336543139460.8	5.769364516841516e+17
0.0	-225799270108938.03	4.8882146264454317e+17
0.0	102117020661152.52	5.3841074076179814e+17
0.0	-41991987321026.734	5.144064598612037e+17
0.0	19147542256282.08	5.239940114729228e+17
0.0	-2726720493052.6543	5.223894267086529e+17
0.0	-293804532595.7168	5.20402958632824e+17
0.0	1632621667715.5603	5.226017275588475e+17
0.0	-708590105674.7799	5.2107185534201504e+17
0.0	-92668137792.31982	5.2191082164302637e+17
0.0	140886369806.7787	5.215093627591163e+17
0.0	-142218876549.65637	5.216905681906965e+17
0.0	199016682150.5306	5.2156103803409024e+17
0.0	-189040537344.03113	5.2161080135008384e+17
0.0	189040545251.07227	5.216108013500926e+17
0.0	-199016676802.4795	5.215610380340749e+17
0.0	142218885961.2106	5.2169056819058304e+17
0.0	-140886359313.27747	5.2150936275919776e+17
0.0	92668144179.23221	5.219108216431131e+17
0.0	708590111054.3815	5.21071855341968e+17
0.0	-1632621656375.0486	5.2260172755886374e+17
0.0	293804540981.17285	5.204029586327457e+17
0.0	2726720501898.909	5.223894267086592e+17
0.0	-19147542252375.023	5.239940114730267e+17
0.0	41991987327496.125	5.144064598611734e+17
0.0	-102117020648789.75	5.384107407617559e+17
0.0	225799270112993.7	4.888214626447626e+17
0.0	-355336543131170.75	5.769364516839871e+17
0.0	675884304722005.5	3.9220238949650336e+17
0.0	-1165360594837960.0	9.47976520560719e+17
0.0	1797879772032560.5	-1.6867305804850944e+16
0.0	-1.4565845017836076e+16	1.032826182732423e+18
0.0	3.5434982560867244e+16	-5.71159509873919e+17
0.0	-4.052096025483751e+16	1871222422979052.0
0.0	2.157486043072625e+16	-394768004582342.0
0.0	-2149258471831581.0	-1.0770763100460218e+19
0.0	1166665368355252.0	-1.38900475435264e+16
0.0	2485732395120888.5	-3.247549840032451e+18
0.0	-222060347774619.0	-2.4871488287905167e+18
0.0	-913076711140365.2	-2.878910422675039e+18
0.0	1507710260785088.0	-3.1073992861594255e+18
0.0	-1141619629973210.5	-2.8129324345944407e+18
0.0	659405182968812.4	-3.0024435102170614e+18
0.0	-269362195948531.3	-2.91602811545291e+18
0.0	190370784943203.88	-2.9560245415610824e+18
0.0	-25716078714234.8	-2.935595869508397e+18
0.0	46264663149559.93	-2.9448472220677294e+18
0.0	8728378040082.629	-2.9386742542009984e+18
0.0	-5777699127401.717	-2.9393860022699223e+18
0.0	4549759733970.998	-2.9392303766508114e+18
0.0	-2235520403707.767	-2.9391618581072845e+18
0.0	2016390779659.9668	-2.9392647900035026e+18
0.0	-1589383478147.51	-2.9391792821245655e+18
0.0	1032729568800.0756	-2.939244413996876e+18
0.0	-1032729571782.0396	-2.939244413996868e+18
0.0	1589383473118.9758	-2.939179282124694e+18
0.0	-2016390775503.9143	-2.9392647900032896e+18
0.0	2235520406086.449	-2.939161858107406e+18
0.0	-4549759734147.841	-2.939230376651061e+18
0.0	5777699120321.066	-2.9393860022697e+18
0.0	-8728378032082.441	-2.9386742542011484e+18
0.0	-46264663146477.03	-2.9448472220675256e+18
0.0	25716078713564.742	-2.9355958695084257e+18
0.0	-190370784952984.62	-2.956024541561342e+18
0.0	269362195944638.3	-2.916028115452896e+18
0.0	-659405182956933.1	-3.0024435102168945e+18
0.0	1141619629959885.0	-2.812932434594866e+18
0.0	-1507710260777184.5	-3.1073992861592443e+18
0.0	913076711146224.2	-2.87891042267406e+18
0.0	222060347727402.0	-2.48714882879133e+18
0.0	-2485732395091327.0	-3.247549840032593e+18
0.0	-1166665368359160.0	-1.3890047543531136e+16
0.0	2149258471832410.0	-1.0770763100458805e+19
0.0	-2.1574860430727696e+16	-394768004582167.3
0.0	82676202768835.0	90321198079428.97
0.0	4.343649495562659e+16	-7.302715242946929e+18
0.0	-1.4424266947677238e+16	8.296443520178156e+17
0.0	4107848305836466.5	-2.3007017195734482e+18
0.0	-1627404342246788.8	-1.2524528915487442e+18
0.0	-709823750325488.9	-1.7509624721328645e+18
0.0	772021457033260.0	-1.7902452476408412e+18
0.0	-968301876351131.5	-1.6598310289213394e+18
0.0	571999088654830.2	-1.76101380466413e+18
0.0	-213877641602557.2	-1.7187820915637916e+18
0.0	178863710737018.72	-1.7375652265393526e+18
0.0	-13635367408506.38	-1.727077816079598e+18
0.0	36256488631550.836	-1.7337681464191421e+18
0.0	10080063704896.137	-1.7291028421010555e+18
0.0	-6370828636703.958	-1.7301652491252844e+18
0.0	5102403607026.382	-1.72974977603881e+18
0.0	-2433909750332.338	-1.7298578972652406e+18
0.0	2290172801195.46	-1.7298518482760776e+18
0.0	-1787254928984.4788	-1.729844500279042e+18
0.0	1228140118575.701	-1.7298676126184453e+18
0.0	-1228140119396.5796	-1.7298676126184284e+18
0.0	1787254925972.3823	-1.7298445002791237e+18
0.0	-2290172797761.173	-1.729851848276011e+18
0.0	2433909753018.3794	-1.7298578972653268e+18
0.0	-5102403606290.752	-1.729749776038866e+18
0.0	6370828632710.093	-1.7301652491251456e+18
0.0	-10080063700613.404	-1.7291028421011453e+18
0.0	-36256488628911.55	-1.7337681464190628e+18
0.0	13635367409038.467	-1.727077816079632e+18
0.0	-178863710741793.1	-1.737565226539473e+18
0.0	213877641600267.62	-1.718782091563758e+18
0.0	-571999088646546.9	-1.7610138046640174e+18
0.0	968301876343358.2	-1.6598310289215693e+18
0.0	-772021457029142.5	-1.790245247640703e+18
0.0	709823750329739.2	-1.7509624721323722e+18
0.0	1627404342222631.0	-1.252452891548985e+18
0.0	-4107848305813858.0	-2.300701719573506e+18
0.0	1.4424266947680408e+16	8.296443520178527e+17
0.0	-4.343649495560774e+16	-7.302715242946087e+18
0.0	-82676202770433.0	90321198079406.94
0.0	-1.791402555748878e+16	-39296853134166.0
0.0	5.244447938876261e+16	-7.531888163208063e+18
0.0	-1.2505849276992154e+16	3.3028239364639443e+17
0.0	1370608470693182.5	-2.414550095736052e+18
0.0	1455391767564209.0	-1.5745220303222354e+18
0.0	-841935224052886.6	-1.821674756604911e+18
0.0	490926551419621.75	-1.9447305275956682e+18
0.0	-362043154691159.06	-1.7901897778118502e+18
0.0	346035679879608.9	-1.919164285744571e+18
0.0	-125120018360685.94	-1.8611071970061297e+18
0.0	97886225039413.23	-1.8857196059808538e+18
0.0	8460964559349.902	-1.873791245111772e+18
0.0	-5470883567233.805	-1.879503599884826e+18
0.0	17043307001712.633	-1.8747862486713882e+18
0.0	-8910386046035.523	-1.875552402782076e+18
0.0	5755318931367.377	-1.8752912697182223e+18
0.0	-2049128428104.671	-1.8753332780121344e+18
0.0	2012157126153.8838	-1.8753505325169408e+18
0.0	-1310844258388.7673	-1.875326162532312e+18
0.0	849879307135.2964	-1.8753738670746716e+18
0.0	-849879315987.8918	-1.8753738670747192e+18
0.0	1310844250122.1729	-1.875326162532379e+18
0.0	-2012157131052.4133	-1.8753505325167777e+18
0.0	2049128420026.726	-1.8753332780122322e+18
0.0	-5755318936229.883	-1.8752912697183565e+18
0.0	8910386035219.443	-1.875552402781914e+18
0.0	-17043307006048.543	-1.874786248671535e+18
0.0	5470883562647.969	-1.8795035998846444e+18
0.0	-8460964568726.844	-1.873791245111725e+18
0.0	-97886225049713.05	-1.8857196059810432e+18
0.0	125120018352093.45	-1.8611071970061402e+18
0.0	-346035679881895.06	-1.9191642857444728e+18
0.0	362043154676664.5	-1.7901897778121574e+18
0.0	-490926551418323.25	-1.9447305275954668e+18
0.0	841935224044745.1	-1.821674756604135e+18
0.0	-1455391767594679.5	-1.5745220303228298e+18
0.0	-1370608470677035.2	-2.414550095736228e+18
0.0	1.2505849276987386e+16	3.302823936464073e+17
0.0	-5.2444479388745064e+16	-7.53188816320707e+18
0.0	1.791402555748548e+16	-39296853134332.58
0.0	-2.8838011837010284e+16	28447051253483.758
0.0	5.812011284995429e+16	-6.757611948914131e+18
0.0	-8776407894368245.0	4.273351679429364e+17
0.0	-317756670677949.5	-2.2762495737041413e+18
0.0	3445166924193331.0	-1.4003504338595246e+18
0.0	-1252633118563937.0	-1.7013486920950963e+18
0.0	323327012784653.4	-1.8031740399420792e+18
0.0	-248526284279489.25	-1.666222676098364e+18
0.0	216129536918270.75	-1.7839225197045007e+18
0.0	-119550360036218.61	-1.7348907688751795e+18
0.0	77581993979497.06	-1.7546990030460372e+18
0.0	18552958927068.836	-1.7449752008997501e+18
0.0	-26055007897537.734	-1.7497799570409661e+18
0.0	22778998042102.742	-1.7451242706944978e+18
0.0	-10307082712207.883	-1.746006665444438e+18
0.0	6868358601527.648	-1.745696449369603e+18
0.0	-1298800902232.1265	-1.7457677269067694e+18
0.0	2451812328944.011	-1.745765199595594e+18
0.0	-1185130612940.1807	-1.745748038720799e+18
0.0	731610990742.706	-1.7457881795928579e+18
0.0	-731610991915.9714	-1.7457881795928545e+18
0.0	1185130612420.412	-1.7457480387208364e+18
0.0	-2451812326555.1694	-1.7457651995955018e+18
0.0	1298800900829.1287	-1.745767726906839e+18
0.0	-6868358598623.528	-1.745696449369708e+18
0.0	10307082708580.553	-1.7460066654443133e+18
0.0	-22778998038399.56	-1.7451242706945915e+18
0.0	26055007901018.266	-1.7497799570408822e+18
0.0	-18552958929898.215	-1.7449752008997793e+18
0.0	-77581993982471.69	-1.754699003046186e+18
0.0	119550360035430.75	-1.7348907688751514e+18
0.0	-216129536912627.3	-1.7839225197043973e+18
0.0	248526284271505.4	-1.6662226760986035e+18
0.0	-323327012773265.4	-1.8031740399418675e+18
0.0	1252633118561846.5	-1.7013486920944914e+18
0.0	-3445166924221828.0	-1.400350433859948e+18
0.0	317756670707991.0	-2.2762495737042632e+18
0.0	8776407894363746.0	4.2733516794294835e+17
0.0	-5.812011284991137e+16	-6.75761194891317e+18
0.0	2.883801183700443e+16	28447051253414.61
0.0	-3.2144490083029304e+16	-20870566237236.85
0.0	5.761799619449216e+16	-5.455716268767396e+18
0.0	-6301984048454442.0	3.151567879251755e+17
0.0	-981421423168035.0	-1.7491085640941737e+18
0.0	4499130954767908.5	-1.0942962372943401e+18
0.0	-1409025067693718.2	-1.3266517249717102e+18
0.0	430579532293881.94	-1.408574009699947e+18
0.0	-189375118419778.2	-1.2955796496779428e+18
0.0	237207277171032.7	-1.3933040275092966e+18
0.0	-129056756366630.53	-1.352203367338436e+18
0.0	67582303880956.55	-1.3684756425138289e+18
0.0	16819580972677.266	-1.360033691180331e+18
0.0	-35844313317112.39	-1.3636803538222387e+18
0.0	24747218722207.66	-1.3600259228118794e+18
0.0	-10666068981310.047	-1.3607742654800637e+18
0.0	7717790611944.493	-1.3605278928120233e+18
0.0	-764920156555.9966	-1.3605716583585912e+18
0.0	2893263507171.728	-1.3605812590285624e+18
0.0	-1313833109555.7246	-1.3605703902374134e+18
0.0	783788426565.4807	-1.3606024992102876e+18
0.0	-783788430398.3528	-1.3606024992103043e+18
0.0	1313833105317.03	-1.3605703902374592e+18
0.0	-2893263507127.969	-1.360581259028502e+18
0.0	764920152839.2839	-1.3605716583586365e+18
0.0	-7717790612583.887	-1.3605278928121183e+18
0.0	10666068974367.105	-1.3607742654799693e+18
0.0	-24747218720831.617	-1.3600259228119726e+18
0.0	35844313317765.0	-1.3636803538221645e+18
0.0	-16819580977919.572	-1.3600336911803735e+18
0.0	-67582303887190.89	-1.3684756425139174e+18
0.0	129056756362396.03	-1.3522033673384102e+18
0.0	-237207277167659.3	-1.3933040275092308e+18
0.0	189375118407628.25	-1.295579649678102e+18
0.0	-430579532284634.1	-1.4085740096998758e+18
0.0	1409025067689657.0	-1.3266517249712911e+18
0.0	-4499130954803142.0	-1.0942962372946734e+18
0.0	981421423197075.0	-1.749108564094252e+18
0.0	6301984048444803.0	3.151567879251804e+17
0.0	-5.761799619445984e+16	-5.45571626876681e+18
0.0	3.214449008302145e+16	-20870566237353.49
0.0	-3.2068245087230628e+16	12872212124890.828
0.0	6.140721998421605e+16	-4.5484507848165315e+18
0.0	-7342841717731799.0	2.8942317698307155e+17
0.0	-780697963595428.0	-1.5113592859350318e+18
0.0	4507360091358987.0	-9.329649156095533e+17
0.0	-1509625454505076.5	-1.1515954219515444e+18
0.0	485601121379767.75	-1.2196335942449034e+18
0.0	-293945439251821.7	-1.1284015135020477e+18
0.0	279890286763277.5	-1.2096418185004598e+18
0.0	-160199936070206.88	-1.1770887060583956e+18
0.0	74773066387525.56	-1.1904035194265636e+18
0.0	16738760821249.852	-1.1834188688044982e+18
0.0	-34039496134825.312	-1.1866683897520714e+18
0.0	24634584891704.41	-1.1836447736867036e+18
0.0	-12687240458693.309	-1.1843014064414802e+18
0.0	7607367952035.65	-1.184072590879069e+18
0.0	-843645244178.3484	-1.1841114116407808e+18
0.0	2921339533231.3877	-1.1841225588791322e+18
0.0	-1471592814767.4963	-1.1841112052406095e+18
0.0	868814300365.2222	-1.184134098632092e+18
0.0	-868814301426.9143	-1.1841340986320868e+18
0.0	1471592813095.9985	-1.1841112052406446e+18
0.0	-2921339529898.561	-1.1841225588791035e+18
0.0	843645243599.3862	-1.1841114116408415e+18
0.0	-7607367949560.395	-1.1840725908791532e+18
0.0	12687240454652.715	-1.1843014064414188e+18
0.0	-24634584887183.5	-1.1836447736867748e+18
0.0	34039496138548.25	-1.186668389752026e+18
0.0	-16738760823729.18	-1.1834188688045425e+18
0.0	-74773066390874.31	-1.1904035194266621e+18
0.0	160199936068827.38	-1.1770887060583933e+18
0.0	-279890286756124.4	-1.2096418185004042e+18
0.0	293945439241561.0	-1.1284015135021756e+18
0.0	-485601121367253.1	-1.2196335942448417e+18
0.0	1509625454503693.0	-1.1515954219511974e+18
0.0	-4507360091393497.0	-9.329649156098025e+17
0.0	780697963630222.0	-1.5113592859350874e+18
0.0	7342841717725542.0	2.894231769830803e+17
0.0	-6.140721998417437e+16	-4.548450784816034e+18
0.0	3.2068245087223624e+16	12872212124761.504
0.0	-3.042315101584972e+16	-6253234736436.476
0.0	5.956393243367453e+16	-3.41976523799325e+18
0.0	-7599137654873207.0	2.2049492141151462e+17
0.0	-478881392349703.5	-1.1329919601804777e+18
0.0	4088032443472451.0	-6.960629880225167e+17
0.0	-1432979352581302.0	-8.612188958477066e+17
0.0	482914335884216.0	-9.122788524784184e+17
0.0	-315853590038943.6	-8.430221145601272e+17
0.0	271821491020701.47	-9.049008660934484e+17
0.0	-157315121361842.5	-8.803876191892539e+17
0.0	76663976930509.22	-8.902087737079063e+17
0.0	12877304387409.61	-8.84905115029797e+17
0.0	-28645254874799.0	-8.872911543108067e+17
0.0	23804253343286.223	-8.849692646649725e+17
0.0	-11823904103412.21	-8.854491124490291e+17
0.0	7686059179616.824	-8.85269916634911e+17
0.0	-748815738528.3721	-8.853083418980221e+17
0.0	2751717635056.6587	-8.853194530503624e+17
0.0	-1499893970134.7756	-8.85309780970017e+17
0.0	836637561308.1086	-8.853283276333217e+17
0.0	-836637562154.0874	-8.85328327633303e+17
0.0	1499893968299.021	-8.853097809700481e+17
0.0	-2751717631590.4355	-8.853194530503483e+17
0.0	748815738317.5056	-8.853083418980682e+17
0.0	-7686059177522.426	-8.852699166349512e+17
0.0	11823904099611.918	-8.854491124489818e+17
0.0	-23804253338725.28	-8.849692646650313e+17
0.0	28645254878262.977	-8.872911543107786e+17
0.0	-12877304389724.027	-8.849051150298483e+17
0.0	-76663976933855.77	-8.902087737079791e+17
0.0	157315121360440.38	-8.80387619189254e+17
0.0	-271821491013864.56	-9.049008660934044e+17
0.0	315853590029105.94	-8.430221145602122e+17
0.0	-482914335872501.1	-9.122788524783603e+17
0.0	1432979352580118.0	-8.612188958474588e+17
0.0	-4088032443504966.0	-6.960629880226991e+17
0.0	478881392382661.5	-1.1329919601805224e+18
0.0	7599137654867805.0	2.2049492141152102e+17
0.0	-5.956393243363558e+16	-3.4197652379928474e+18
0.0	3.042315101584417e+16	-6253234736589.65
0.0	-2.757600081190407e+16	2812924783000.9976
0.0	5.5180580293644e+16	-2.45143107497408e+18
0.0	-7575122951942918.0	1.689512001628159e+17
0.0	-260212225870300.5	-8.269497161968682e+17
0.0	3472581559912824.0	-5.002807395340446e+17
0.0	-1299151349119100.8	-6.276527220182559e+17
0.0	452874504373694.06	-6.618272062065366e+17
0.0	-316299864401145.0	-6.12912540003187e+17
0.0	263111848480892.2	-6.567809270617379e+17
0.0	-143139075471300.8	-6.394478265842294e+17
0.0	73632968942335.1	-6.463253559591986e+17
0.0	10679915742886.592	-6.426216269287903e+17
0.0	-22463717374368.367	-6.443637315440819e+17
0.0	21508653626191.266	-6.427000203908536e+17
0.0	-9886958128483.414	-6.43068873957698e+17
0.0	6968073318037.98	-6.429305927459072e+17
0.0	-739209188145.4751	-6.429633676527613e+17
0.0	2487050631811.9365	-6.429670445971448e+17
0.0	-1364214157333.483	-6.429606628661194e+17
0.0	813075198434.417	-6.429734419677878e+17
0.0	-813075198041.9435	-6.429734419677802e+17
0.0	1364214156932.5183	-6.42960662866139e+17
0.0	-2487050627716.559	-6.42967044597123e+17
0.0	739209189202.0652	-6.429633676527875e+17
0.0	-6968073314958.842	-6.429305927459574e+17
0.0	9886958125866.027	-6.430688739576622e+17
0.0	-21508653620425.258	-6.427000203908961e+17
0.0	22463717378725.266	-6.443637315440701e+17
0.0	-10679915743710.297	-6.426216269288184e+17
0.0	-73632968944010.23	-6.463253559592652e+17
0.0	143139075471308.56	-6.394478265842351e+17
0.0	-263111848473245.6	-6.567809270617175e+17
0.0	316299864393808.4	-6.129125400032445e+17
0.0	-452874504361903.3	-6.61827206206497e+17
0.0	1299151349119788.0	-6.27652722018091e+17
0.0	-3472581559941421.0	-5.0028073953417894e+17
0.0	260212225901446.0	-8.26949716196917e+17
0.0	7575122951939670.0	1.6895120016282256e+17
0.0	-5.518058029360627e+16	-2.4514310749738025e+18
0.0	2.7576000811899656e+16	2812924782898.2803
0.0	-2.3261288353233536e+16	206987901636.6772
0.0	4.716655060857533e+16	-1.5843333920930816e+18
0.0	-6773846907887540.0	1.170129498133943e+17
0.0	-65659899098278.0	-5.419851999597911e+17
0.0	2766223540724949.0	-3.2264189373420595e+17
0.0	-1084939824902575.1	-4.1107960053033235e+17
0.0	378495788277706.7	-4.32073962275562e+17
0.0	-285637088928632.06	-4.006413716870415e+17
0.0	228911241191915.25	-4.287057868164653e+17
0.0	-123507026695273.25	-4.176867055277942e+17
0.0	62438139776729.33	-4.2205502649618125e+17
0.0	7603683258532.326	-4.196846697851064e+17
0.0	-18147090660332.6	-4.208107990960546e+17
0.0	17400583958067.45	-4.1971383786414234e+17
0.0	-8263289928803.213	-4.199606653146134e+17
0.0	5518732870003.961	-4.1986246954306003e+17
0.0	-722069243178.0032	-4.198855609028904e+17
0.0	2036385363864.3362	-4.198861544260134e+17
0.0	-1177220487852.4292	-4.19883782417024e+17
0.0	706804109560.0461	-4.198918735302932e+17
0.0	-706804105403.3572	-4.1989187353029414e+17
0.0	1177220491835.246	-4.1988378241704346e+17
0.0	-2036385356591.375	-4.198861544260017e+17
0.0	722069247572.4507	-4.1988556090291104e+17
0.0	-5518732863575.896	-4.198624695430864e+17
0.0	8263289930853.01	-4.1996066531459354e+17
0.0	-17400583949011.781	-4.197138378641732e+17
0.0	18147090667997.97	-4.2081079909603706e+17
0.0	-7603683254931.935	-4.196846697851258e+17
0.0	-62438139774355.43	-4.220550264962166e+17
0.0	123507026699103.45	-4.1768670552779475e+17
0.0	-228911241181384.78	-4.287057868164375e+17
0.0	285637088926337.06	-4.006413716870885e+17
0.0	-378495788263968.56	-4.3207396227553434e+17
0.0	1084939824906826.5	-4.1107960053021274e+17
0.0	-2766223540745332.5	-3.226418937343002e+17
0.0	65659899129555.0	-5.419851999598092e+17
0.0	6773846907886592.0	1.1701294981339826e+17
0.0	-4.716655060853504e+16	-1.584333392092924e+18
0.0	2.3261288353230176e+16	206987901495.27258
0.0	-1.7807806377425054e+16	-274198145898.53418
0.0	3.68758493150501e+16	-9.045563060732156e+17
0.0	-5577782751955655.0	7.312909069870227e+16
0.0	94930371847739.0	-3.1723315779634266e+17
0.0	1969395278695677.0	-1.8449845112282563e+17
0.0	-817463439712899.0	-2.4017153202891274e+17
0.0	292148718692297.9	-2.5098977194497824e+17
0.0	-234626573702463.6	-2.3334497782425786e+17
0.0	181144774316769.38	-2.4913387415459168e+17
0.0	-95397289835919.9	-2.4301052112017248e+17
0.0	51113059647632.8	-2.4541022766539456e+17
0.0	6444767774161.605	-2.4407420910053178e+17
0.0	-11699953605899.066	-2.4473271440000115e+17
0.0	13128333386389.527	-2.4408699793320272e+17
0.0	-5936080575823.181	-2.442396224649512e+17
0.0	4250061480098.1514	-2.441791685484977e+17
0.0	-492878800854.50366	-2.441941243548407e+17
0.0	1565842604815.8838	-2.4419373591007584e+17
0.0	-896126745102.5957	-2.441936772047589e+17
0.0	560956589372.2695	-2.441977756198421e+17
0.0	-560956589354.2803	-2.4419777561984237e+17
0.0	896126744895.7299	-2.4419367720477574e+17
0.0	-1565842602170.4902	-2.4419373591007037e+17
0.0	492878801904.90204	-2.4419412435485075e+17
0.0	-4250061478621.2734	-2.4417916854850976e+17
0.0	5936080574528.132	-2.4423962246493834e+17
0.0	-13128333382628.295	-2.44086997933216e+17
0.0	11699953608517.223	-2.447327143999955e+17
0.0	-6444767774340.808	-2.4407420910053914e+17
0.0	-51113059649188.17	-2.454102276654153e+17
0.0	95397289835847.25	-2.430105211201686e+17
0.0	-181144774311702.75	-2.4913387415457978e+17
0.0	234626573697818.6	-2.333449778242759e+17
0.0	-292148718685536.0	-2.509897719449668e+17
0.0	817463439713538.4	-2.4017153202885734e+17
0.0	-1969395278713483.0	-1.8449845112287834e+17
0.0	-94930371828409.0	-3.1723315779635366e+17
0.0	5577782751953796.0	7.312909069870496e+16
0.0	-3.687584931502698e+16	-9.045563060731249e+17
0.0	1.7807806377422244e+16	-274198145966.70605
0.0	-1.1967989711277718e+16	259599613242.6692
0.0	2.549979965415213e+16	-4.2502418965434765e+17
0.0	-4126976598765412.0	3.923919133832026e+16
0.0	198037122035986.75	-1.5437717710547747e+17
0.0	1175410332904571.8	-8.649478568405842e+16
0.0	-532328768663094.6	-1.1649929653064782e+17
0.0	197848944696952.9	-1.2074640790012293e+17
0.0	-170697163570627.28	-1.1270528114718243e+17
0.0	127974022848345.7	-1.1993961082267744e+17
0.0	-64688314991782.85	-1.1719675208283365e+17
0.0	36193469009571.81	-1.1825713602928389e+17
0.0	4067700170978.753	-1.1764708862682432e+17
0.0	-6174117530986.043	-1.1796476374749642e+17
0.0	8174362774814.633	-1.176505792542906e+17
0.0	-3821276428309.5063	-1.1773048497878098e+17
0.0	2696657198845.6187	-1.176979952219829e+17
0.0	-362302506649.5414	-1.1770646219097278e+17
0.0	1014158218680.8716	-1.1770557282426685e+17
0.0	-608453509505.4009	-1.1770625769112765e+17
0.0	380000985065.693	-1.1770789365981829e+17
0.0	-380000985180.12744	-1.1770789365981989e+17
0.0	608453509742.8474	-1.1770625769114002e+17
0.0	-1014158216576.0504	-1.1770557282425568e+17
0.0	362302507062.02246	-1.177064621909818e+17
0.0	-2696657197553.748	-1.1769799522198078e+17
0.0	3821276427457.207	-1.1773048497877438e+17
0.0	-8174362772391.423	-1.176505792542957e+17
0.0	6174117532984.84	-1.1796476374748997e+17
0.0	-4067700171110.881	-1.1764708862682405e+17
0.0	-36193469010201.53	-1.1825713602929638e+17
0.0	64688314991741.27	-1.1719675208283075e+17
0.0	-127974022844958.34	-1.1993961082266869e+17
0.0	170697163567401.1	-1.1270528114719773e+17
0.0	-197848944692233.84	-1.207464079001108e+17
0.0	532328768663802.06	-1.1649929653061994e+17
0.0	-1175410332916105.8	-8.649478568408514e+16
0.0	-198037122022769.0	-1.5437717710548134e+17
0.0	4126976598763676.0	3.9239191338321624e+16
0.0	-2.5499799654136252e+16	-4.250241896542996e+17
0.0	1.1967989711275884e+16	259599613208.2089
0.0	-6712186374590672.0	-68269681824.769196
0.0	1.4891897632846474e+16	-1.472261180505911e+17
0.0	-2629973970184025.5	1.6419346652963184e+16
0.0	220457575720915.25	-5.67486314525809e+16
0.0	534922591907218.6	-2.9936573119530132e+16
0.0	-281360581889440.75	-4.264793790652865e+16
0.0	111531584273604.78	-4.3631840103323784e+16
0.0	-104822024831139.98	-4.099157868602472e+16
0.0	76212606008269.33	-4.338446638890826e+16
0.0	-36331543318109.69	-4.251624312157021e+16
0.0	21794652920324.73	-4.284132279816389e+16
0.0	2014982259922.767	-4.264072618015976e+16
0.0	-2086960678769.838	-4.275701871062969e+16
0.0	4123759274354.162	-4.264125050690851e+16
0.0	-1909078057388.776	-4.2673537684103256e+16
0.0	1413871009121.914	-4.2659915172551816e+16
0.0	-194945245256.8305	-4.26638959420884e+16
0.0	542668028746.7184	-4.266313806679393e+16
0.0	-339904093562.5498	-4.266384320348381e+16
0.0	216176138797.283	-4.266421473892715e+16
0.0	-216176139160.17453	-4.26642147389268e+16
0.0	339904093242.18567	-4.26638432034869e+16
0.0	-542668028052.16266	-4.266313806679301e+16
0.0	194945245381.0421	-4.266389594208982e+16
0.0	-1413871008883.274	-4.265991517255224e+16
0.0	1909078056577.4219	-4.267353768410158e+16
0.0	-4123759273346.2314	-4.264125050691085e+16
0.0	2086960679444.7637	-4.275701871062832e+16
0.0	-2014982260255.8647	-4.264072618015948e+16
0.0	-21794652921080.23	-4.284132279816712e+16
0.0	36331543317706.62	-4.25162431215701e+16
0.0	-76212606006715.66	-4.338446638890565e+16
0.0	104822024829136.73	-4.0991578686027576e+16
0.0	-111531584271494.2	-4.363184010332187e+16
0.0	281360581889438.62	-4.264793790652037e+16
0.0	-534922591913632.4	-2.993657311953889e+16
0.0	-220457575714218.75	-5.674863145258144e+16
0.0	2629973970183463.0	1.6419346652963718e+16
0.0	-1.4891897632838512e+16	-1.47226118050578e+17
0.0	6712186374589560.0	-68269681858.91052
0.0	-2856353739873708.0	18600700662.15272
0.0	6750619567600994.0	-2.8802878329687012e+16
0.0	-1344122975656641.0	4408447283886330.5
0.0	168214466202577.56	-1.2495075377664504e+16
0.0	137777542568720.0	-5841476975912909.0
0.0	-104459419428771.05	-9314534728722540.0
0.0	46468654316724.086	-9298975677697680.0
0.0	-49797544099347.2	-8843700498633999.0
0.0	34540814681180.746	-9263793604014884.0
0.0	-15053917570684.324	-9128772940114032.0
0.0	10031477107695.57	-9174360139811502.0
0.0	627345344891.0946	-9139798985694452.0
0.0	69897259667.47412	-9165162540448848.0
0.0	1388225489744.5737	-9139482310431192.0
0.0	-651868831410.021	-9147812852359730.0
0.0	503740815732.42175	-9144158924577524.0
0.0	-82094771741.38757	-9145371284406046.0
0.0	200900095715.3217	-9145053387243106.0
0.0	-142957987696.85147	-9145387128655978.0
0.0	91008455755.81812	-9145371445412330.0
0.0	-91008455886.90665	-9145371445412220.0
0.0	142957987474.477	-9145387128656624.0
0.0	-200900095461.25488	-9145053387242880.0
0.0	82094771846.07149	-9145371284406228.0
0.0	-503740815603.1764	-9144158924578024.0
0.0	651868831044.4473	-9147812852359348.0
0.0	-1388225489346.9478	-9139482310431856.0
0.0	-69897259437.97998	-9165162540448184.0
0.0	-627345345055.0256	-9139798985694590.0
0.0	-10031477107913.684	-9174360139812632.0
0.0	15053917570551.1	-9128772940113906.0
0.0	-34540814680587.49	-9263793604014544.0
0.0	49797544098495.734	-8843700498634612.0
0.0	-46468654315803.234	-9298975677697732.0
0.0	104459419428751.03	-9314534728721548.0
0.0	-137777542571149.12	-5841476975915128.0
0.0	-168214466199824.5	-1.2495075377664278e+16
0.0	1344122975656605.0	4408447283886537.5
0.0	-6750619567597533.0	-2.8802878329685476e+16
0.0	2856353739873195.0	18600700654.288475
0.0	-700307344790460.0	-918710083.4014572
0.0	1917701867758499.0	-1116170122329001.0
0.0	-473120962742261.5	376861863428889.56
0.0	84893629675738.27	-745232626963264.5
0.0	-23750064661766.69	-229804698892217.38
0.0	-13569372926138.57	-544186666654234.4
0.0	9625087581264.908	-505703260450825.75
0.0	-14198990095616.736	-498963476703692.2
0.0	8960546141348.676	-506735782601641.25
0.0	-3116303642265.626	-507786870902733.9
0.0	2678800379423.7207	-506295474274668.6
0.0	2314017632.621155	-505801046234547.5
0.0	597594087895.8954	-507264379326237.6
0.0	82624390137.29102	-505712069550961.75
0.0	-47818534211.01306	-506407138948209.94
0.0	53210809965.316605	-506082082385225.5
0.0	-18010603531.60138	-506207574690269.4
0.0	27443583364.99975	-506162964816614.6
0.0	-30192821685.82337	-506211433234437.4
0.0	19454422707.099968	-506194799266651.4
0.0	-19454422737.913147	-506194799266645.94
0.0	30192821645.277046	-506211433234461.06
0.0	-27443583319.12847	-506162964816541.3
0.0	18010603579.745148	-506207574690241.9
0.0	-53210809942.19058	-506082082385248.0
0.0	47818534153.85893	-506407138948184.4
0.0	-82624390066.3302	-505712069550977.94
0.0	-597594087871.168	-507264379326147.75
0.0	-2314017658.995941	-505801046234441.2
0.0	-2678800379449.426	-506295474274724.56
0.0	3116303642231.8174	-507786870902748.6
0.0	-8960546141229.316	-506735782601623.25
0.0	14198990095468.9	-498963476703682.8
0.0	-9625087581110.828	-505703260450860.1
0.0	13569372926136.322	-544186666654380.6
0.0	23750064661471.105	-229804698892294.88
0.0	-84893629675242.38	-745232626963178.0
0.0	473120962742375.5	376861863428919.94
0.0	-1917701867757586.0	-1116170122328981.5
0.0	700307344790286.1	-918710086.739606
0.0	85743399855190.66	-601769116.971262
0.0	-29810761490529.156	-206030278290517.75
0.0	-52817853100893.375	-9660446720704.57
0.0	20058400935069.03	-42842902574866.1
0.0	-41064640409949.984	-44548714488477.695
0.0	12534718668692.875	-34973702560403.266
0.0	-3315504993552.927	-42117346940008.125
0.0	1106112964943.7124	-36747080490042.05
0.0	-1311383655441.894	-41398388484546.586
0.0	1057711084008.4099	-39222729744171.2
0.0	-343801461410.2501	-40175609624352.836
0.0	-122740533354.17722	-39765911444398.516
0.0	345246148761.0969	-39855568263427.43
0.0	-220862059337.55103	-39779242545247.33
0.0	98895246341.1106	-39767628821037.664
0.0	-65707650689.53502	-39776688458286.195
0.0	5348656859.155805	-39770201572755.01
0.0	-22853534675.921608	-39774180334017.78
0.0	9586655560.111454	-39769679888954.2
0.0	-6102921204.266033	-39772626624130.91
0.0	6102921203.918293	-39772626624113.58
0.0	-9586655542.103298	-39769679888947.49
0.0	22853534647.367065	-39774180334027.586
0.0	-5348656864.683153	-39770201572729.39
0.0	65707650678.96282	-39776688458288.44
0.0	-98895246304.35309	-39767628821033.78
0.0	220862059296.76486	-39779242545251.66
0.0	-345246148793.9536	-39855568263458.836
0.0	122740533354.94583	-39765911444369.74
0.0	343801461454.9586	-40175609624282.14
0.0	-1057711083995.5079	-39222729744168.56
0.0	1311383655393.7766	-41398388484551.49
0.0	-1106112964883.9478	-36747080490017.484
0.0	3315504993491.416	-42117346939990.71
0.0	-12534718668704.373	-34973702560311.05
0.0	41064640410257.625	-44548714488311.61
0.0	-20058400935287.914	-42842902574891.61
0.0	52817853100976.375	-9660446720700.129
0.0	29810761490489.5	-206030278290493.94
0.0	-85743399855210.83	-601769116.5277907
0.0	156916804789124.44	384988794.7198528
0.0	-328438268399814.1	77486143215802.23
0.0	54024095084225.44	14405703200967.637
0.0	-6966686121718.0625	7263393978402.758
0.0	-14751635668302.406	18129914724668.746
0.0	8964868992581.037	7251249971272.375
0.0	-3541766210251.8145	11493945782696.137
0.0	3337985831954.7627	8985793067170.574
0.0	-2409960278735.799	11118543407858.736
0.0	1131974291622.7563	10033074829135.479
0.0	-706187512220.2058	10527952338330.54
0.0	-58602290934.92633	10337712092357.832
0.0	41638498469.74121	10352879059083.773
0.0	-121417128708.33319	10345564988265.98
0.0	56566236031.76127	10326361944385.799
0.0	-41862230277.55513	10337073809612.684
0.0	6144876900.971533	10331476783253.955
0.0	-16390379829.922375	10334230533319.314
0.0	10695865248.306484	10331130892898.91
0.0	-6839920619.145588	10332877441264.898
0.0	6839920624.390408	10332877441275.592
0.0	-10695865238.221245	10331130892911.2
0.0	16390379805.263065	10334230533302.037
0.0	-6144876907.356982	10331476783255.203
0.0	41862230271.11	10337073809620.602
0.0	-56566236003.90946	10326361944385.71
0.0	121417128677.46606	10345564988261.402
0.0	-41638498496.883545	10352879059057.643
0.0	58602290936.20563	10337712092366.416
0.0	706187512256.0564	10527952338389.3
0.0	-1131974291610.3164	10033074829139.105
0.0	2409960278692.7783	11118543407854.678
0.0	-3337985831899.955	8985793067194.094
0.0	3541766210204.0947	11493945782711.404
0.0	-8964868992594.342	7251249971327.902
0.0	14751635668525.625	18129914724800.23
0.0	6966686121514.281	7263393978380.895
0.0	-54024095084195.72	14405703200971.906
0.0	328438268399675.6	77486143215766.17
0.0	-156916804789111.3	384988795.28528833
0.0	49630290734884.53	-69702082.67351791
0.0	-129812227973427.98	-23080995398713.89
0.0	34264445565282.383	-11278766308169.238
0.0	-8259778759801.545	3310266578956.078
0.0	2672602124465.2075	-6210375689917.452
0.0	1438677391747.5435	1527314533387.8223
0.0	-895038045566.9584	-700625703980.6504
0.0	1282868154419.1528	353945230272.6582
0.0	-820889158968.4578	-523483276028.42773
0.0	286591094933.2359	-32692906997.36914
0.0	-255498994965.83252	-265208693328.1836
0.0	1693947363.335186	-185639821078.7832
0.0	-64139813092.60876	-179291693865.3203
0.0	-4606579748.351475	-189985849668.10742
0.0	3117363054.25823	-175400244995.79297
0.0	-4141481032.280113	-182978612871.95508
0.0	1665362670.7470684	-179426238667.71484
0.0	-2324056924.549478	-181034998645.6875
0.0	2809545746.013455	-179246521515.66016
0.0	-1809302513.2609465	-180157339957.49414
0.0	1809302514.3244383	-180157339955.34766
0.0	-2809545744.7451234	-179246521508.68164
0.0	2324056919.664253	-181034998638.7871
0.0	-1665362673.4647956	-179426238664.36133
0.0	4141481032.9614697	-182978612871.50977
0.0	-3117363046.775902	-175400244996.57812
0.0	4606579741.587559	-189985849668.53125
0.0	64139813086.331726	-179291693865.49414
0.0	-1693947364.0810375	-185639821071.40234
0.0	255498994975.5296	-265208693313.9297
0.0	-286591094930.0845	-32692906997.296875
0.0	820889158958.7987	-523483276027.6406
0.0	-1282868154409.4424	353945230273.77734
0.0	895038045559.1588	-700625703977.6348
0.0	-1438677391751.6323	1527314533405.4023
0.0	-2672602124421.727	-6210375689895.109
0.0	8259778759749.189	3310266578946.9375
0.0	-34264445565282.36	-11278766308170.066
0.0	129812227973389.08	-23080995398712.715
0.0	-49630290734876.25	-69702082.56566522
0.0	-12870278321972.625	-20113782.901865125
0.0	16128852539661.945	1335641072086.9844
0.0	4790316812279.035	7555707622221.406
0.0	-2952419218303.656	-5775058130160.125
0.0	5351113925008.414	1022413194861.9414
0.0	-1551981862459.7976	-3897107934102.623
0.0	468806820487.8176	-2809857607123.0293
0.0	-220697333737.76172	-3176156297979.701
0.0	205974095980.50443	-2884652397216.501
0.0	-148328999852.4632	-3079303778171.8496
0.0	49645366352.60718	-2981406668617.1074
0.0	16928659673.65694	-3008801568290.574
0.0	-47335529528.122925	-3020037429552.5312
0.0	30533731572.366726	-3006667036434.326
0.0	-13690958696.310596	-3016345821756.755
0.0	9101645717.878283	-3011549498942.4785
0.0	-747955702.5324812	-3013645022514.674
0.0	3165572570.594092	-3012767016268.0234
0.0	-1341589516.7361145	-3013727811820.127
0.0	852238803.7902462	-3013288859976.203
0.0	-852238805.495682	-3013288859974.6855
0.0	1341589514.9442618	-3013727811820.6895
0.0	-3165572566.1704197	-3012767016265.3184
0.0	747955701.0772583	-3013645022513.135
0.0	-9101645715.394258	-3011549498940.748
0.0	13690958692.991901	-3016345821756.9404
0.0	-30533731567.37062	-3006667036432.8047
0.0	47335529531.59366	-3020037429548.256
0.0	-16928659675.436928	-3008801568288.258
0.0	-49645366356.625916	-2981406668624.8945
0.0	148328999851.2835	-3079303778171.3145
0.0	-205974095973.49323	-2884652397216.876
0.0	220697333728.29797	-3176156297982.246
0.0	-468806820478.29443	-2809857607125.5117
0.0	1551981862460.5337	-3897107934111.9766
0.0	-5351113925039.473	1022413194845.1328
0.0	2952419218324.414	-5775058130156.893
0.0	-4790316812284.824	7555707622220.349
0.0	-16128852539644.87	1335641072086.0742
0.0	12870278321974.135	-20113782.947171308
0.0	-19813464839002.652	51961908.57957114
0.0	41472735968375.59	5404054522728.406
0.0	-4894881107564.73	-4542545849755.189
0.0	1670339901.5878906	5174523659751.166
0.0	2856791164855.26	845979959228.6914
0.0	-1379563661031.6997	3727924286847.426
0.0	543115022598.33246	3244009852997.789
0.0	-481453317768.94946	3317063481170.739
0.0	348473063738.30597	3270104696335.1846
0.0	-172100472620.6485	3329731105537.6787
0.0	97990974217.20728	3295492418237.073
0.0	10945965342.628056	3300787134845.0273
0.0	-15596568462.791473	3310636187489.5938
0.0	21679590193.413944	3299787676628.4004
0.0	-9986061758.081072	3305610746214.26
0.0	7165884646.020405	3302816800872.494
0.0	-922762212.0033646	3303953750472.427
0.0	2715908233.664177	3303507660052.957
0.0	-1612212215.5525393	3303990357128.258
0.0	1029851388.5758346	3303797442358.251
0.0	-1029851389.494479	3303797442358.747
0.0	1612212211.9735937	3303990357128.792
0.0	-2715908229.259078	3303507660054.4062
0.0	922762211.8993877	3303953750472.1436
0.0	-7165884644.39599	3302816800870.5312
0.0	9986061754.949146	3305610746215.132
0.0	-21679590188.37818	3299787676629.048
0.0	15596568465.630318	3310636187493.5254
0.0	-10945965344.067108	3300787134843.797
0.0	-97990974220.43573	3295492418227.1377
0.0	172100472618.776	3329731105537.378
0.0	-348473063730.8789	3270104696334.6455
0.0	481453317759.3809	3317063481168.4297
0.0	-543115022590.0374	3244009852995.5635
0.0	1379563661033.876	3727924286838.2383
0.0	-2856791164885.368	845979959211.3213
0.0	-1670339876.0820312	5174523659755.005
0.0	4894881107560.515	-4542545849756.311
0.0	-41472735968355.984	5404054522728.482
0.0	19813464839001.984	51961908.550305285
0.0	-10274426207546.023	-35492099.6406212
0.0	23329559248278.406	-6052638169740.228
0.0	-3835089160077.6714	2484890858228.882
0.0	482890897510.3815	-3774397955971.21
0.0	909998943672.1602	-1236521335322.9314
0.0	-615979082817.0222	-2809158481053.7285
0.0	268652609669.18774	-2621984948904.3965
0.0	-272578276864.5446	-2590485796772.022
0.0	188728723014.11728	-2627201552071.4414
0.0	-85107411328.98592	-2632301134963.792
0.0	54367838318.29856	-2625273754154.4233
0.0	4146033640.693619	-2622716837965.836
0.0	-1968182939.9395256	-2629791011163.052
0.0	8708588675.59005	-2622355638016.1206
0.0	-4074442670.530444	-2625641444868.984
0.0	3048255113.312309	-2624112440872.677
0.0	-466913781.80724734	-2624699660026.718
0.0	1203466496.890139	-2624493340529.742
0.0	-804972235.1307204	-2624714059990.638
0.0	515377465.5986802	-2624640611834.5947
0.0	-515377465.93382007	-2624640611835.629
0.0	804972232.7235615	-2624714059990.492
0.0	-1203466494.2023597	-2624493340527.409
0.0	466913782.1626855	-2624699660026.341
0.0	-3048255112.4434958	-2624112440872.407
0.0	4074442669.410488	-2625641444868.417
0.0	-8708588673.22293	-2622355638016.011
0.0	1968182940.8437386	-2629791011159.5557
0.0	-4146033641.2716217	-2622716837964.6963
0.0	-54367838319.28581	-2625273754158.204
0.0	85107411327.80254	-2632301134964.175
0.0	-188728723010.52094	-2627201552071.868
0.0	272578276859.88385	-2590485796773.9883
0.0	-268652609665.05524	-2621984948905.248
0.0	615979082817.978	-2809158481057.922
0.0	-909998943685.844	-1236521335331.1235
0.0	-482890897497.9116	-3774397955968.034
0.0	3835089160075.7266	2484890858228.607
0.0	-23329559248268.85	-6052638169739.93
0.0	10274426207545.316	-35492099.68920717
0.0	-3425207905611.7676	6636462.835771681
0.0	8067393450198.428	4746395700681.19
0.0	-1520144203940.7659	-1228323295250.8647
0.0	250776753738.7676	2458246043942.3384
0.0	191863911896.45398	1072375016865.6941
0.0	-185091729382.35187	1871676745482.0884
0.0	86800664650.39774	1817786162476.587
0.0	-95139074320.43797	1762991749362.1865
0.0	64289794105.671814	1815328198355.764
0.0	-27472250654.546524	1803153544202.0088
0.0	18736171477.47963	1805833512467.0552
0.0	1085669173.8261473	1801661150563.3296
0.0	515791965.74767876	1806128000283.5325
0.0	2405597807.2335763	1801551417607.9858
0.0	-1143015650.2456608	1803254198149.8855
0.0	887089195.7984934	1802484660102.734
0.0	-152939746.09987485	1802762282540.7825
0.0	359796007.16073185	1802674248052.2612
0.0	-261384229.1074394	1802764292133.467
0.0	167762246.94867688	1802744733502.3762
0.0	-167762247.28595158	1802744733501.8833
0.0	261384228.57436842	1802764292133.672
0.0	-359796006.041832	1802674248052.664
0.0	152939745.4694767	1802762282541.038
0.0	-887089195.3791347	1802484660102.6196
0.0	1143015650.0552597	1803254198149.888
0.0	-2405597806.4695535	1801551417608.13
0.0	-515791965.3078766	1806128000284.3318
0.0	-1085669174.3246422	1801661150563.8164
0.0	-18736171477.768486	1805833512466.3179
0.0	27472250654.22085	1803153544201.5366
0.0	-64289794104.536736	1815328198355.4995
0.0	95139074318.6427	1762991749362.1353
0.0	-86800664648.74265	1817786162476.1638
0.0	185091729382.5523	1871676745480.1885
0.0	-191863911900.6941	1072375016863.082
0.0	-250776753734.31387	2458246043942.829
0.0	1520144203940.6274	-1228323295250.9482
0.0	-8067393450194.272	4746395700680.984
0.0	3425207905611.424	6636462.8116676835
0.0	-831453582978.0073	-5804949.838405321
0.0	1977562656896.0515	-3186881629987.8594
0.0	-406348530745.0668	531206165925.53845
0.0	74594602476.70383	-1477150825414.4524
0.0	27257171455.629364	-771870481439.176
0.0	-40576331956.87905	-1146027483689.754
0.0	20204299550.88257	-1144840232422.5715
0.0	-23405488769.964573	-1096731630735.502
0.0	15519821107.939669	-1140803883258.301
0.0	-6373992738.889988	-1126553104527.6184
0.0	4551974631.156151	-1131434286376.2256
0.0	203969923.27591133	-1127785064832.0928
0.0	322254782.22449064	-1130413526549.3281
0.0	487602493.3355472	-1127793509176.0767
0.0	-232662869.56113118	-1128625873559.3716
0.0	189240753.1135288	-1128265140032.559
0.0	-35120369.91295705	-1128382157641.0137
0.0	78317447.53428607	-1128351259438.5151
0.0	-61076557.113818586	-1128381502563.0908
0.0	39001842.78780428	-1128381676276.5054
0.0	-39001843.066158995	-1128381676276.3823
0.0	61076557.205942556	-1128381502563.208
0.0	-78317447.0853827	-1128351259438.7283
0.0	35120369.33121324	-1128382157640.857
0.0	-189240752.94906682	-1128265140032.4858
0.0	232662869.6927699	-1128625873559.148
0.0	-487602493.1990311	-1127793509175.9878
0.0	-322254782.11197305	-1130413526549.1704
0.0	-203969923.46590137	-1127785064831.9954
0.0	-4551974631.090939	-1131434286376.3264
0.0	6373992738.802117	-1126553104527.7554
0.0	-15519821107.62895	-1140803883258.4155
0.0	23405488769.371376	-1096731630735.2727
0.0	-20204299550.310646	-1144840232422.5317
0.0	40576331956.886894	-1146027483690.147
0.0	-27257171456.6203	-771870481439.8301
0.0	-74594602475.35881	-1477150825414.2695
0.0	406348530745.27435	531206165925.5248
0.0	-1977562656894.46	-3186881629987.1016
0.0	831453582977.8647	-5804949.84190117
0.0	-152766036548.50586	1104235.423101056
0.0	359143476756.1886	1939199389392.7444
0.0	-77836919046.23404	-180361675766.202
0.0	14852642290.290157	829448852559.6488
0.0	2937583834.9736214	498538705099.43304
0.0	-6815939404.742298	654904346707.5676
0.0	3549227984.1899147	669503117065.2185
0.0	-4279213580.1432815	635146719856.7574
0.0	2782823974.890776	665951337352.0979
0.0	-1104728310.506339	654607726785.3488
0.0	817056032.1689969	658917830922.193
0.0	29910267.92701245	656339745046.9188
0.0	85173003.93353054	657764926659.195
0.0	74531215.04360704	656371828883.8496
0.0	-35331216.82217895	656738238435.9602
0.0	30857706.284446232	656587456020.7968
0.0	-5757846.11585385	656629529257.6599
0.0	13100649.9193163	656622806972.1769
0.0	-10506228.67450288	656627937068.4448
0.0	6785745.773879912	656634092265.7352
0.0	-6785745.933239544	656634092265.7529
0.0	10506228.80273861	656627937068.6006
0.0	-13100649.756759	656622806972.1049
0.0	5757845.81503759	656629529257.6631
0.0	-30857706.2156446	656587456020.8303
0.0	35331216.935231745	656738238435.9543
0.0	-74531215.01538272	656371828883.8837
0.0	-85173003.93994215	657764926659.1558
0.0	-29910267.9575445	656339745046.7588
0.0	-817056032.1218197	658917830922.1288
0.0	1104728310.4765158	654607726785.4055
0.0	-2782823974.8339386	665951337351.9719
0.0	4279213580.025363	635146719856.8027
0.0	-3549227984.0673227	669503117065.1158
0.0	6815939404.74842	654904346707.3015
0.0	-2937583835.1310463	498538705099.54596
0.0	-14852642290.061556	829448852559.659
0.0	77836919046.29617	-180361675766.18945
0.0	-359143476755.75854	1939199389392.5713
0.0	152766036548.45795	1104235.4228014934
0.0	-19526584013.920242	716574.8776155119
0.0	47011462029.72427	-1091251702869.3967
0.0	-9970638814.21813	25288187486.330505
0.0	1926657178.127903	-435825676631.2628
0.0	529067269.001276	-296719239275.3778
0.0	-935356192.9200189	-350207355453.4104
0.0	493485317.2345429	-365837076574.1815
0.0	-604716351.6257987	-343989608332.1517
0.0	379904748.7784851	-363277666158.57855
0.0	-143911274.2771867	-355601774410.76355
0.0	111272646.99486022	-358679931801.8925
0.0	3835390.1503431583	-357053856836.5798
0.0	14965189.913086731	-357777815954.9911
0.0	9010347.26669851	-357086376508.2106
0.0	-3801347.1265878733	-357228104094.59265
0.0	4130947.2774182963	-357176008356.9813
0.0	-477840.8253295638	-357185430400.9485
0.0	1765306.711479383	-357187756001.5698
0.0	-1340450.7958693102	-357184250818.13617
0.0	898186.3711700499	-357190279202.94385
0.0	-898186.47336579	-357190279202.85876
0.0	1340450.86803758	-357184250818.0849
0.0	-1765306.6042266926	-357187756001.73267
0.0	477840.6497952244	-357185430400.93256
0.0	-4130947.265346728	-357176008356.8843
0.0	3801347.2269253787	-357228104094.53033
0.0	-9010347.277115367	-357086376508.25726
0.0	-14965189.916904276	-357777815954.9403
0.0	-3835390.146702232	-357053856836.7084
0.0	-111272646.97515911	-358679931801.9043
0.0	143911274.27775732	-355601774410.83435
0.0	-379904748.7569963	-363277666158.6227
0.0	604716351.5854183	-343989608332.17126
0.0	-493485317.2511617	-365837076574.13477
0.0	935356192.9394658	-350207355453.3438
0.0	-529067269.0048523	-296719239275.43976
0.0	-1926657178.1028678	-435825676631.40735
0.0	9970638814.234985	25288187486.317963
0.0	-47011462029.6351	-1091251702869.2677
0.0	19526584013.90688	716574.8774809367
0.0	-190614154.3033421	394901.642239228
0.0	3292988109.2283907	572029513612.961
0.0	-340226403.01637805	30631044551.774002
0.0	107466241.11064036	213144132920.58557
0.0	180939773.54460877	164842890028.3086
0.0	-118469606.89876944	174728962966.63498
0.0	59333356.40205871	186864998261.66357
0.0	-67265406.28435877	174053735701.95374
0.0	40320152.94259523	185206232804.09393
0.0	-13196050.614164274	180501253279.6821
0.0	12252037.345642176	182454142756.91718
0.0	975024.2214931792	181506730573.4397
0.0	2318395.9872883353	181849079754.32446
0.0	1264603.2587860075	181533909837.75613
0.0	121151.95502070419	181573886126.11664
0.0	812663.519942519	181563314771.7276
0.0	273386.8109432161	181561288393.60065
0.0	311066.3764699857	181565341509.625
0.0	-87800.43365986354	181560415314.85892
0.0	100660.8492762883	181565025500.02783
0.0	-100660.8895768791	181565025500.07364
0.0	87800.44948591916	181560415314.92438
0.0	-311066.3030595847	181565341509.62344
0.0	-273386.90778396267	181561288393.6074
0.0	-812663.5215688061	181563314771.81836
0.0	-121151.90496314433	181573886126.12994
0.0	-1264603.2653006008	181533909837.77487
0.0	-2318395.9885733514	181849079754.28107
0.0	-975024.2139000183	181506730573.42426
0.0	-12252037.34527247	182454142756.94104
0.0	13196050.610449243	180501253279.66437
0.0	-40320152.933808446	185206232804.03674
0.0	67265406.2752306	174053735701.99417
0.0	-59333356.41495553	186864998261.66974
0.0	118469606.9102395	174728962966.5547
0.0	-180939773.53402197	164842890028.3778
0.0	-107466241.10960642	213144132920.5479
0.0	340226403.0484373	30631044551.765213
0.0	-3292988109.2125225	572029513612.9359
0.0	190614154.30116868	394901.64223328466
0.0	1123417600.680447	178441.54816511512
0.0	-254287820.5211866	-276866794962.3394
0.0	233101965.62339783	-40694277566.267334
0.0	-3748028.6263615116	-94374433701.36353
0.0	46817661.843286976	-84739823038.14047
0.0	-14102987.335094957	-79333889702.65521
0.0	6917317.476307315	-87438913824.20781
0.0	-4346941.263285797	-80468744084.28381
0.0	3617412.0927006453	-86464345801.51843
0.0	149085.16937712627	-83798457299.71909
0.0	1723820.8896190862	-84934466491.41219
0.0	729337.7128857423	-84423745033.77936
0.0	700993.6342488386	-84569074518.0594
0.0	522780.1455807579	-84443902480.09354
0.0	468055.19771691423	-84444666227.2763
0.0	475566.20094692556	-84448565660.74464
0.0	346428.2905620347	-84443994841.44041
0.0	169528.927028244	-84447641709.51675
0.0	47650.701574519146	-84443399168.49356
0.0	23545.34793004287	-84446315100.1116
0.0	-23545.359090133723	-84446315100.12596
0.0	-47650.71158865719	-84443399168.4732
0.0	-169528.88513133314	-84447641709.46759
0.0	-346428.3375851827	-84443994841.4577
0.0	-475566.19889650104	-84448565660.72197
0.0	-468055.17671021266	-84444666227.28073
0.0	-522780.14637123863	-84443902480.10526
0.0	-700993.6322139928	-84569074518.04868
0.0	-729337.7131189719	-84423745033.78998
0.0	-1723820.8894667705	-84934466491.4314
0.0	-149085.16662739706	-83798457299.73538
0.0	-3617412.091547816	-86464345801.51996
0.0	4346941.260859342	-80468744084.29968
0.0	-6917317.484325213	-87438913824.18741
0.0	14102987.340510309	-79333889702.62921
0.0	-46817661.83636998	-84739823038.16101
0.0	3748028.6216246635	-94374433701.38419
0.0	-233101965.6004946	-40694277566.26734
0.0	254287820.50511253	-276866794962.3318
0.0	-1123417600.6800041	178441.54816758475
0.0	722518108.591207	-628035.316898432
0.0	-30245622.950075716	122021619398.66922
0.0	76415495.90948692	34377312538.532
0.0	14149808.13527356	36208211706.76608
0.0	5997204.603933908	40305110186.059105
0.0	37101.48619933799	31685041734.546318
0.0	1167577.9755047841	36603668350.03513
0.0	1515806.786161941	33055201654.810974
0.0	903855.40893188	36067784604.22014
0.0	1048266.579826655	34657171373.947174
0.0	911907.0234954685	35273640405.69264
0.0	696248.6800230272	35013857653.67581
0.0	539649.5734470523	35066870022.40293
0.0	458374.86487018975	35026221148.42845
0.0	482131.6749179794	35015911502.703995
0.0	430938.4571118643	35023284587.8311
0.0	340583.97162333416	35018819678.181
0.0	152777.26856151395	35021313040.3501
0.0	57104.59191516419	35018425432.81478
0.0	16589.531194400228	35020235906.34057
0.0	-16589.53834073696	35020235906.33745
0.0	-57104.58815140122	35018425432.83215
0.0	-152777.25475284216	35021313040.353874
0.0	-340583.99331035896	35018819678.18935
0.0	-430938.451842709	35023284587.84799
0.0	-482131.6691392281	35015911502.70794
0.0	-458374.8669512342	35026221148.43276
0.0	-539649.5698992816	35066870022.40869
0.0	-696248.6823742286	35013857653.680786
0.0	-911907.0240332345	35273640405.68527
0.0	-1048266.5806665114	34657171373.94593
0.0	-903855.4076174183	36067784604.213776
0.0	-1515806.7897531786	33055201654.820946
0.0	-1167577.9805294187	36603668350.033966
0.0	-37101.479821899906	31685041734.53239
0.0	-5997204.597488001	40305110186.07258
0.0	-14149808.13585043	36208211706.76878
0.0	-76415495.88962488	34377312538.53509
0.0	30245622.9382381	122021619398.64854
0.0	-722518108.5908147	-628035.3169022995
0.0	490862105.9124849	-433699.6389279952
0.0	76943506.02607375	-45424113641.51391
0.0	24261301.87963262	-23717952011.15846
0.0	16468206.900064826	-9392196870.917892
0.0	318114.12384994526	-16532309718.942307
0.0	1604104.4856152197	-9080975943.75553
0.0	737757.894903607	-11824294602.225403
0.0	1588420.361250248	-10173323079.419426
0.0	901706.3411453739	-11550181007.645313
0.0	992189.3117137876	-10862123017.470165
0.0	825373.077795344	-11174955300.84893
0.0	647663.1707134674	-11053616386.91419
0.0	481870.532235465	-11064318928.799625
0.0	417102.54433441977	-11058852277.995823
0.0	443732.8815210212	-11047422699.192463
0.0	395977.68194336595	-11054167389.452671
0.0	313053.6038901141	-11051049858.846315
0.0	144195.86121424593	-11052732658.577192
0.0	52077.1625263922	-11050941977.257637
0.0	10601.686128578913	-11051815555.031044
0.0	-10601.689789353217	-11051815555.028854
0.0	-52077.15890669722	-11050941977.249027
0.0	-144195.85710349944	-11052732658.582504
0.0	-313053.61224638415	-11051049858.842834
0.0	-395977.6755532533	-11054167389.447315
0.0	-443732.8834237936	-11047422699.186243
0.0	-417102.5460025513	-11058852277.998047
0.0	-481870.5270215196	-11064318928.803463
0.0	-647663.1722247816	-11053616386.915161
0.0	-825373.0790077855	-11174955300.851986
0.0	-992189.3131885652	-10862123017.46833
0.0	-901706.3404071936	-11550181007.640282
0.0	-1588420.3650767268	-10173323079.421291
0.0	-737757.900233614	-11824294602.22189
0.0	-1604104.4782753335	-9080975943.751087
0.0	-318114.11586612544	-16532309718.947348
0.0	-16468206.9035188	-9392196870.926378
0.0	-24261301.86510156	-23717952011.156822
0.0	-76943506.04393503	-45424113641.50998
0.0	-490862105.9124099	-433699.63892525644
0.0	386372916.9878064	-496110.1146841324
0.0	61194799.09968576	12433233683.253824
0.0	19850525.02743792	15002293733.766762
0.0	12956080.865368424	-573391893.3129559
0.0	1317872.6790896053	5707076744.933897
0.0	1373359.0912623752	456563276.4475975
0.0	786501.9037908204	1896501318.9438992
0.0	1277055.184605057	1200296638.4071293
0.0	933902.9589841391	1775806202.838745
0.0	908414.3502231888	1455841783.3799992
0.0	772150.5151679863	1604797123.0906887
0.0	593562.2780043359	1554585790.3450317
0.0	446982.41963827785	1550310812.2913055
0.0	388338.3334003088	1556374566.4706974
0.0	405662.0092412098	1548144906.3218212
0.0	357988.9873551101	1552655203.9569569
0.0	284152.00947517046	1550653050.0337772
0.0	128252.03277076616	1551504617.4076843
0.0	47454.26705324632	1550543377.891119
0.0	14230.298107330433	1551066625.0500507
0.0	-14230.297585320704	1551066625.0525074
0.0	-47454.267517188164	1550543377.8895283
0.0	-128252.03283479558	1551504617.4059181
0.0	-284152.0110661494	1550653050.0353394
0.0	-357988.98257185036	1552655203.9604836
0.0	-405662.0123402003	1548144906.323349
0.0	-388338.3335618356	1556374566.4684887
0.0	-446982.41695280804	1550310812.2895412
0.0	-593562.282045732	1554585790.3415642
0.0	-772150.5139274116	1604797123.0871716
0.0	-908414.3500076624	1455841783.3790798
0.0	-933902.9595526704	1775806202.8413086
0.0	-1277055.1880215148	1200296638.4082336
0.0	-786501.901347882	1896501318.9437943
0.0	-1373359.0899039295	456563276.44615173
0.0	-1317872.6775744923	5707076744.935335
0.0	-12956080.862849105	-573391893.3121223
0.0	-19850525.02581776	15002293733.768272
0.0	-61194799.09573864	12433233683.250938
0.0	-386372916.9878582	-496110.1146837806
0.0	313366367.06968033	-50062.55916022253
0.0	42807293.96825397	1105459513.5665054
0.0	18828191.696016707	-8081193669.639553
0.0	10731524.232236598	3851166793.8069477
0.0	1548413.320216498	-519479364.72112465
0.0	1140726.9888258006	2711233456.8911133
0.0	880390.9698136144	2040912032.5285578
0.0	998308.0620058435	2264983199.3714905
0.0	929162.1276289661	2087552101.089923
0.0	811952.0873798233	2209737824.758047
0.0	723278.6534274938	2150824662.338788
0.0	527779.5353045111	2168727529.167862
0.0	404968.39619616995	2175924452.1015005
0.0	335703.3241514486	2168184608.607027
0.0	357354.22012045444	2173479458.9945908
0.0	320817.79339849344	2170849784.9199286
0.0	247333.26892191012	2171963993.8549967
0.0	112696.42195707497	2171387564.8472557
0.0	48714.5432365751	2171919911.8659306
0.0	14887.512695990707	2171755218.777527
0.0	-14887.511732178924	2171755218.7758913
0.0	-48714.54438142374	2171919911.866972
0.0	-112696.42233224203	2171387564.8461237
0.0	-247333.2682561566	2171963993.857498
0.0	-320817.79032688314	2170849784.9168262
0.0	-357354.2231232475	2173479458.993683
0.0	-335703.3243665254	2168184608.6051426
0.0	-404968.39405271306	2175924452.1003847
0.0	-527779.5378931263	2168727529.1686735
0.0	-723278.6527245467	2150824662.340706
0.0	-811952.0875003574	2209737824.7574406
0.0	-929162.1275672186	2087552101.0908375
0.0	-998308.0649694785	2264983199.374777
0.0	-880390.9681775046	2040912032.5302982
0.0	-1140726.9882648513	2711233456.886507
0.0	-1548413.31897509	-519479364.71972656
0.0	-10731524.229553495	3851166793.8041363
0.0	-18828191.69516624	-8081193669.640296
0.0	-42807293.965047956	1105459513.567894
0.0	-313366367.0697325	-50062.55915989715
0.0	249250033.81382397	579789.8828574576
0.0	26216632.83654154	-4227765642.37862
0.0	18577542.75641355	4402425327.063651
0.0	8557661.83866345	-3755846653.9884987
0.0	2223885.7426331597	-937925092.6339674
0.0	974010.6994863388	-2862283687.99403
0.0	851916.1493011189	-2561538875.9986243
0.0	910300.2400218598	-2604169860.027707
0.0	825115.9255243352	-2564864790.8796005
0.0	732767.7250513618	-2602348711.241585
0.0	642222.7856881584	-2579687476.2581615
0.0	482228.8535730405	-2585041759.7165437
0.0	359624.03056900785	-2591428777.0820665
0.0	307575.60992472176	-2585379504.7384105
0.0	315374.13056269684	-2588731804.5351896
0.0	277796.41598258313	-2587191238.589793
0.0	216607.64226525364	-2587915418.6215496
0.0	106788.33760387944	-2587708440.561182
0.0	46429.16342701418	-2587946661.1834555
0.0	14224.871710214904	-2587824659.836068
0.0	-14224.871202952532	-2587824659.83741
0.0	-46429.16406964027	-2587946661.1833286
0.0	-106788.33801619244	-2587708440.5620785
0.0	-216607.6420643572	-2587915418.6207767
0.0	-277796.4143862919	-2587191238.5927377
0.0	-315374.13193677453	-2588731804.5363526
0.0	-307575.60991086415	-2585379504.738283
0.0	-359624.0295633743	-2591428777.0833387
0.0	-482228.854888537	-2585041759.7186213
0.0	-642222.7851991999	-2579687476.259144
0.0	-732767.7249187503	-2602348711.2421584
0.0	-825115.925625285	-2564864790.8794417
0.0	-910300.2414201398	-2604169860.0268397
0.0	-851916.1484861042	-2561538875.9967995
0.0	-974010.6990996203	-2862283687.9917846
0.0	-2223885.7420680947	-937925092.6353102
0.0	-8557661.837330254	-3755846653.990201
0.0	-18577542.75538788	4402425327.063568
0.0	-26216632.834973015	-4227765642.3755283
0.0	-249250033.8138467	579789.8828573421
0.0	203489433.0935984	18731.70801518776
0.0	21485321.932163686	4702122670.979716
0.0	16567924.697099626	-1762371592.7577271
0.0	7381860.435528075	3029997601.8855453
0.0	2389618.3969174693	1421879564.7685356
0.0	848240.0912055754	2418532661.809768
0.0	843426.6272750554	2317973273.1134615
0.0	807715.0045355735	2297575527.4858727
0.0	812191.084544213	2317311653.6603446
0.0	695864.9419150808	2320318295.672413
0.0	599762.271171662	2318410790.0118604
0.0	441153.6273214152	2317163398.3016176
0.0	333848.4042623441	2321678131.264468
0.0	272946.1222758693	2317411269.9932113
0.0	277255.0058315162	2319282081.7667794
0.0	244741.6890694515	2318400049.534711
0.0	194439.22145503183	2318709104.4034543
0.0	105462.66082373454	2318490468.4759107
0.0	46751.44472242633	2318579946.8408976
0.0	14602.041128861878	2318579957.0802116
0.0	-14602.04108814236	2318579957.0801516
0.0	-46751.44474025395	2318579946.841037
0.0	-105462.66079903868	2318490468.475901
0.0	-194439.22237227933	2318709104.404828
0.0	-244741.6880175071	2318400049.533593
0.0	-277255.0061813341	2319282081.7665744
0.0	-272946.1222351287	2317411269.9930234
0.0	-333848.4036462113	2321678131.2630444
0.0	-441153.62856345123	2317163398.302064
0.0	-599762.2704360493	2318410790.0122414
0.0	-695864.9415860972	2320318295.6722136
0.0	-812191.0846983676	2317311653.6603165
0.0	-807715.0056772162	2297575527.4869175
0.0	-843426.6257383329	2317973273.1146593
0.0	-848240.0916229078	2418532661.808728
0.0	-2389618.397201431	1421879564.7697358
0.0	-7381860.433776905	3029997601.884774
0.0	-16567924.698378779	-1762371592.758264
0.0	-21485321.92868391	4702122670.981927
0.0	-203489433.0936095	18731.70801537868
0.0	184764316.7095321	-3472808.476637731
0.0	24790435.874399148	-2598076381.1872654
0.0	13182821.783790182	1010378592.8971485
0.0	6771021.1729427045	-1413195407.0066233
0.0	2488767.158580907	-656803069.7131817
0.0	798472.2135754657	-1137934937.6313357
0.0	898239.3524307966	-1083607384.6294632
0.0	751999.0040711988	-1063323749.7322695
0.0	840122.2306038097	-1076546574.6433818
0.0	661727.9031539032	-1073487554.9001303
0.0	575958.1278256867	-1074718835.5655894
0.0	416087.7691585955	-1073015880.1691538
0.0	324848.5883000813	-1076025260.1224475
0.0	254602.91108800424	-1073917697.9995036
0.0	256584.40855004996	-1074770885.9761643
0.0	226264.63513279846	-1074400975.4708085
0.0	180768.45389817646	-1074610943.994276
0.0	104416.01791372869	-1074611944.0430324
0.0	55084.12996544144	-1074652337.043865
0.0	17733.539742547273	-1074624642.7925878
0.0	-17733.53997710835	-1074624642.7929053
0.0	-55084.12968245224	-1074652337.0437899
0.0	-104416.01777385638	-1074611944.0427203
0.0	-180768.4546089789	-1074610943.9937048
0.0	-226264.63500127796	-1074400975.470391
0.0	-256584.40828329528	-1074770885.9760947
0.0	-254602.91106148457	-1073917697.9995537
0.0	-324848.58835730754	-1076025260.1224608
0.0	-416087.7693381303	-1073015880.168704
0.0	-575958.1276385617	-1074718835.5650954
0.0	-661727.9031115816	-1073487554.900073
0.0	-840122.230671773	-1076546574.643027
0.0	-751999.0042020782	-1063323749.7321532
0.0	-898239.3521036014	-1083607384.628841
0.0	-798472.2137960453	-1137934937.6318443
0.0	-2488767.158768728	-656803069.7128842
0.0	-6771021.172565705	-1413195407.0064301
0.0	-13182821.78335977	1010378592.8968968
0.0	-24790435.873616133	-2598076381.1866617
0.0	-184764316.70953372	-3472808.4766375655
0.0	175588347.1541929	-7797554.307526678
0.0	8523466.388327647	2573630726.1434712
0.0	15365571.615632724	40271573.69422257
0.0	6149611.261277967	1357420036.1140242
0.0	2613754.027569246	955317655.2297695
0.0	1051352.701465345	1222105655.520372
0.0	715644.1998334168	1230417361.3048654
0.0	947665.8095887403	1188633592.7038505
0.0	743031.9531856434	1215633728.2873542
0.0	684102.7072206753	1204182879.4004192
0.0	539540.552031381	1209423884.8115408
0.0	420829.9026400723	1206173998.289568
0.0	301356.76836203155	1208017072.9370856
0.0	221691.43583670107	1206584352.936019
0.0	222000.9959997097	1206987369.3699772
0.0	187543.719883377	1206801710.0572486
0.0	144351.7358720601	1206804494.0405507
0.0	79795.0912497538	1206733594.9428658
0.0	41391.99460467011	1206733037.3686686
0.0	13267.013795773939	1206749471.00531
0.0	-13267.013989903533	1206749471.0054266
0.0	-41391.99435629797	1206733037.3686538
0.0	-79795.09109135807	1206733594.9429264
0.0	-144351.73632749068	1206804494.0407126
0.0	-187543.71983168324	1206801710.0574336
0.0	-222000.9958179727	1206987369.3699188
0.0	-221691.4358031973	1206584352.935783
0.0	-301356.76832397067	1208017072.937029
0.0	-420829.9027147817	1206173998.2897413
0.0	-539540.5519403573	1209423884.8116364
0.0	-684102.7072005409	1204182879.4004362
0.0	-743031.9531856481	1215633728.2873502
0.0	-947665.8096994424	1188633592.7040408
0.0	-715644.1997126479	1230417361.3049293
0.0	-1051352.7015208732	1222105655.5199842
0.0	-2613754.027604997	955317655.2302536
0.0	-6149611.261099301	1357420036.1141381
0.0	-15365571.615529792	40271573.69414079
0.0	-8523466.387905728	2573630726.1427584
0.0	-175588347.15419522	-7797554.307524759
0.0	139301720.74737436	-8702714.468804207
0.0	9971369.90909963	-557243196.462514
0.0	10248647.635432955	502179821.81802475
0.0	5309466.675250296	-178918150.52453446
0.0	1996616.7190960029	77843861.19527316
0.0	918629.8175647438	-67932295.5494284
0.0	737723.225749726	-51082617.53064197
0.0	741445.2219840988	-53346630.61300933
0.0	646402.5476870402	-54452376.75072247
0.0	540050.7357490611	-54141713.220554054
0.0	450136.2911764026	-54700542.61704457
0.0	344770.8801953586	-53980185.00214648
0.0	261650.1567301693	-54751640.26166028
0.0	206296.929746818	-54227220.48604965
0.0	194048.8602036015	-54467302.56659299
0.0	158019.2389681707	-54394032.34124786
0.0	117705.38468354353	-54489874.61888689
0.0	65943.14369920226	-54535685.40721774
0.0	34359.83884331377	-54554261.33100808
0.0	11226.50949944795	-54546715.98489934
0.0	-11226.509476287305	-54546715.984883845
0.0	-34359.83886291019	-54554261.331008375
0.0	-65943.14372258827	-54535685.407247245
0.0	-117705.38463932218	-54489874.61878282
0.0	-158019.23898651492	-54394032.34110588
0.0	-194048.86020299405	-54467302.566525936
0.0	-206296.9297466479	-54227220.48609024
0.0	-261650.15676338415	-54751640.26157999
0.0	-344770.8801706183	-53980185.00210714
0.0	-450136.2911723613	-54700542.61699891
0.0	-540050.7357490695	-54141713.220556974
0.0	-646402.547687306	-54452376.750810385
0.0	-741445.2219566756	-53346630.61299437
0.0	-737723.2257727964	-51082617.530691266
0.0	-918629.8175609023	-67932295.54937226
0.0	-1996616.7190999144	77843861.19526726
0.0	-5309466.675285662	-178918150.52458042
0.0	-10248647.635383463	502179821.818075
0.0	-9971369.909170961	-557243196.4623518
0.0	-139301720.74736208	-8702714.468801612
0.0	72763669.416629	-6969145.2033819165
0.0	7069360.780115634	912289868.7242923
0.0	3949594.608831408	438743065.7004486
0.0	3634403.1387044517	757964415.142114
0.0	1621709.307384901	676152082.0096147
0.0	532093.8603761992	698844044.8728993
0.0	700676.6014357978	717184080.072467
0.0	396822.39463614166	698213671.4993842
0.0	487373.4510005905	712480729.0825281
0.0	314013.18095590797	705892752.095568
0.0	289935.46679860103	708750754.0514766
0.0	202581.85959065563	707291992.8378868
0.0	148554.2842513452	707836192.9080528
0.0	115318.90474448152	707413626.116487
0.0	106329.94691360506	707510996.554276
0.0	86820.84861317335	707449655.116084
0.0	62773.31543600361	707408430.7062528
0.0	34452.0235493033	707362507.9820017
0.0	17373.98844757509	707348272.2276074
0.0	5833.781067332974	707356122.1035548
0.0	-5833.781085105349	707356122.1035192
0.0	-17373.988405995715	707348272.227673
0.0	-34452.023523397766	707362507.9819213
0.0	-62773.31549137772	707408430.7063141
0.0	-86820.84863548388	707449655.1161189
0.0	-106329.94687383887	707510996.55428
0.0	-115318.90474584	707413626.1165624
0.0	-148554.28425973476	707836192.9079788
0.0	-202581.85957670753	707291992.8378853
0.0	-289935.4668081563	708750754.051481
0.0	-314013.18095095415	705892752.0955861
0.0	-487373.4509988732	712480729.0824537
0.0	-396822.3946217152	698213671.499358
0.0	-700676.6014427072	717184080.0724748
0.0	-532093.8603725286	698844044.872705
0.0	-1621709.307397711	676152082.009752
0.0	-3634403.138727797	757964415.1421397
0.0	-3949594.608818969	438743065.7003994
0.0	-7069360.780148042	912289868.7239406
0.0	-72763669.41661304	-6969145.203378864
0.0	23207550.72247444	-15739492.682751337
0.0	14065823.219033994	-78173982.74077272
0.0	7463066.203482039	-84901180.83406012
0.0	3426183.3510632375	-50996291.83732823
0.0	1012936.2382361095	-30134911.41422773
0.0	591685.592324576	-27042488.345593885
0.0	393768.2024828302	-28289292.13520177
0.0	370207.97632869566	-28317788.50020871
0.0	314409.4295651944	-28275519.502254605
0.0	241881.02515393242	-28255860.760701954
0.0	191911.98158597722	-27993287.951858304
0.0	128490.34261430186	-27799425.738811545
0.0	86615.61201294916	-27643431.170952465
0.0	61525.5407762578	-27540469.621130157
0.0	62223.53608787059	-27432861.12653424
0.0	49193.733716175484	-27446461.858995248
0.0	34843.82469695833	-27469411.912066624
0.0	17250.978247151008	-27490808.700456627
0.0	8302.602650698705	-27476112.89012449
0.0	2808.366925102505	-27459703.21075281
0.0	-2808.366925154258	-27459703.210752387
0.0	-8302.602650639514	-27476112.890124645
0.0	-17250.978247166826	-27490808.700459473
0.0	-34843.82469680488	-27469411.912071608
0.0	-49193.73371637279	-27446461.858998887
0.0	-62223.536087891436	-27432861.12653565
0.0	-61525.54077629151	-27540469.62113134
0.0	-86615.61201286988	-27643431.170953464
0.0	-128490.34261401152	-27799425.738813173
0.0	-191911.98158598872	-27993287.951859683
0.0	-241881.02515385576	-28255860.760702413
0.0	-314409.4295652446	-28275519.502255026
0.0	-370207.97632872313	-28317788.500207484
0.0	-393768.2024834063	-28289292.135198303
0.0	-591685.5923240677	-27042488.34559104
0.0	-1012936.2382353455	-30134911.414231837
0.0	-3426183.351064272	-50996291.83732968
0.0	-7463066.203482461	-84901180.83405562
0.0	-14065823.219035065	-78173982.74076669
0.0	-23207550.722461972	-15739492.682739247
