1600
0.0	1072370630157.8198	1072373225215.708
0.0	483272167766.88477	7035094013977.021
0.0	-807203097054.1354	11858547862120.635
0.0	180155158491.5157	11291544057162.23
0.0	-220738813393.9815	11830818780597.57
0.0	50562731127.51355	11011012654083.861
0.0	-12307097430.738115	11033005744144.014
0.0	-4618443153.630352	10969231970832.547
0.0	2758964040.2877693	11081928653658.02
0.0	640292019.6281486	11083168134415.75
0.0	1618945644.0547996	11106933545548.602
0.0	-730826261.7322055	11097491592342.176
0.0	2066838317.9100373	11093359964710.297
0.0	-960016896.5357689	11090946664355.502
0.0	446423167.5805135	11088875394516.639
0.0	-251241240.22553128	11088954789994.385
0.0	11184560.068697944	11088724247819.828
0.0	-66959150.52715411	11088843003944.145
0.0	4772387.352952436	11088746403263.258
0.0	-4402293.433606841	11088769189095.451
0.0	4402294.131247625	11088769189095.457
0.0	-4772386.609792113	11088746403263.352
0.0	66959151.14450219	11088843003944.299
0.0	-11184559.446858127	11088724247820.143
0.0	251241240.93370935	11088954789994.64
0.0	-446423166.8242035	11088875394516.586
0.0	960016897.1032007	11090946664355.193
0.0	-2066838317.26201	11093359964710.043
0.0	730826262.3760595	11097491592342.305
0.0	-1618945643.2312703	11106933545549.133
0.0	-640292018.9322982	11083168134416.217
0.0	-2758964039.748768	11081928653658.242
0.0	4618443154.445747	10969231970832.285
0.0	12307097431.046474	11033005744142.857
0.0	-50562731126.66223	11011012654083.377
0.0	220738813395.84778	11830818780599.602
0.0	-180155158491.59283	11291544057163.877
0.0	807203097055.0096	11858547862121.225
0.0	-483272167766.7329	7035094013976.304
0.0	-1072370630157.354	1072373225215.3413
0.0	6024520540693.906	-16070796458.821716
0.0	-17695572975500.996	-137212392397484.12
0.0	-1108221186225.8271	-838296102394994.5
0.0	-401660471329.2063	-592137537191661.1
0.0	-200622151299.39435	-771210861705709.0
0.0	175213937266.9425	-636533655626994.5
0.0	-92980586709.91576	-712020973353254.4
0.0	63335781235.06412	-666480486141098.8
0.0	-32879940469.793453	-696015859708022.2
0.0	14614262656.121048	-682482116714999.0
0.0	-6515933421.183001	-688324377741652.5
0.0	-231597032.12399626	-685972051119226.2
0.0	1429565286.983704	-686563031739510.5
0.0	-1772850912.1409907	-686280046938467.5
0.0	994506978.4071057	-686224034993024.1
0.0	-597154683.1070833	-686279595119564.2
0.0	130805961.95106572	-686240291423347.5
0.0	-169278871.78845042	-686264065153161.2
0.0	76026459.06131528	-686244372026929.8
0.0	-49834547.74407128	-686254923627576.0
0.0	49834547.13553439	-686254923627589.2
0.0	-76026459.63436897	-686244372026940.8
0.0	169278870.67107034	-686264065153124.1
0.0	-130805962.6479531	-686240291423393.0
0.0	597154681.9527572	-686279595119615.8
0.0	-994506978.5419532	-686224034992991.8
0.0	1772850910.8013296	-686280046938478.2
0.0	-1429565288.2892647	-686563031739464.1
0.0	231597031.76810217	-685972051119241.8
0.0	6515933421.035322	-688324377741712.8
0.0	-14614262656.730946	-682482116715002.6
0.0	32879940468.210373	-696015859707992.0
0.0	-63335781234.711655	-666480486141224.5
0.0	92980586708.3525	-712020973353146.0
0.0	-175213937268.2556	-636533655626736.4
0.0	200622151302.0334	-771210861705966.5
0.0	401660471323.15234	-592137537191773.0
0.0	1108221186226.3667	-838296102395027.2
0.0	17695572975492.2	-137212392397340.38
0.0	-6024520540692.857	-16070796458.73407
0.0	4643693973952.388	-24945922404.13925
0.0	-2674037099469.4873	-808820305836037.0
0.0	348759447140.8741	100705068630211.66
0.0	-38921609635.76924	-312121956149534.25
0.0	-3392003498.2672424	-173870910332627.88
0.0	29185503463.115726	-246070834085867.4
0.0	-19870856475.03755	-257054726061558.7
0.0	7798955280.096623	-244853148428832.62
0.0	-1271204983.1518545	-254587157524699.5
0.0	44875854.6508975	-250178663317413.38
0.0	-467028019.88060665	-252254270865234.06
0.0	-412983619.59894013	-251069114568354.94
0.0	997829345.4051015	-251674567449793.44
0.0	-1161015476.7137678	-251255013455430.97
0.0	688246462.2849107	-251364498853105.94
0.0	-345236944.0966159	-251333216400225.34
0.0	30288197.110841863	-251336204772848.44
0.0	-63506273.76460752	-251338950291379.06
0.0	34004793.88973428	-251334788245412.3
0.0	-33148576.307178315	-251339037142557.38
0.0	33148576.253329925	-251339037142559.62
0.0	-34004793.96014474	-251334788245419.62
0.0	63506273.66067274	-251338950291378.12
0.0	-30288197.134384368	-251336204772851.38
0.0	345236943.9412806	-251333216400237.0
0.0	-688246462.2600381	-251364498853090.47
0.0	1161015476.620824	-251255013455442.94
0.0	-997829345.5872917	-251674567449784.7
0.0	412983619.6504581	-251069114568362.44
0.0	467028019.85453176	-252254270865243.16
0.0	-44875854.709563255	-250178663317415.16
0.0	1271204983.0459843	-254587157524688.3
0.0	-7798955280.02928	-244853148428846.6
0.0	19870856474.843613	-257054726061557.7
0.0	-29185503463.19285	-246070834085823.47
0.0	3392003498.515259	-173870910332655.44
0.0	38921609634.41931	-312121956149528.6
0.0	-348759447140.72876	100705068630210.38
0.0	2674037099467.366	-808820305835967.8
0.0	-4643693973951.859	-24945922404.10927
0.0	1149462185032.3445	-18514408979.078674
0.0	-81017154353.0835	-544162296900116.9
0.0	1128445040413.2087	-294220586601162.9
0.0	-104731753525.63644	-167089709217798.7
0.0	481015539986.72675	-239488438788360.53
0.0	-109659745873.21616	-172694897206210.53
0.0	61128119396.745605	-203827617482959.03
0.0	-34131405403.04226	-178205000581630.22
0.0	19400480341.09016	-194186495278410.66
0.0	-8906367058.008726	-186603189076875.03
0.0	2837941068.116888	-190014801053228.8
0.0	980337260.8536825	-188555940186634.12
0.0	-1631515328.8680773	-188978751186925.8
0.0	1291705098.1035254	-188770545432559.3
0.0	-636988745.1741937	-188674743045086.56
0.0	374485053.99866915	-188739204591984.62
0.0	-117066767.61288881	-188701214360913.12
0.0	100732787.04747462	-188721119658233.53
0.0	-27857919.56081748	-188706907248507.16
0.0	6649637.516382802	-188714461178107.34
0.0	-6649637.787176874	-188714461178109.66
0.0	27857919.35275274	-188706907248516.8
0.0	-100732786.72166938	-188721119658221.66
0.0	117066767.48964301	-188701214360931.7
0.0	-374485053.73867357	-188739204592007.38
0.0	636988744.6489979	-188674743045069.62
0.0	-1291705097.584341	-188770545432566.0
0.0	1631515329.221387	-188978751186910.12
0.0	-980337261.133024	-188555940186647.47
0.0	-2837941068.6339355	-190014801053259.38
0.0	8906367057.822023	-186603189076874.75
0.0	-19400480340.284317	-194186495278395.28
0.0	34131405401.80107	-178205000581681.62
0.0	-61128119395.34286	-203827617482929.03
0.0	109659745873.0989	-172694897206117.25
0.0	-481015539990.8159	-239488438788460.72
0.0	104731753528.20697	-167089709217823.5
0.0	-1128445040414.1848	-294220586601172.94
0.0	81017154353.4049	-544162296900024.7
0.0	-1149462185032.104	-18514408979.06343
0.0	-1243490913216.769	20943612262.797787
0.0	1096690491722.7512	-654499192526553.2
0.0	914165983812.6797	-148728471685757.2
0.0	-138868673173.148	-222331490483018.75
0.0	492139756098.21545	-211908591542103.97
0.0	-156098022312.12067	-191438526071992.78
0.0	42070154609.648155	-210117675239783.5
0.0	-32103627988.646767	-192692278644866.62
0.0	20488738145.096916	-206488250674279.8
0.0	-6842786746.704946	-200311767676564.56
0.0	5803702794.014643	-203093602673985.88
0.0	3068247433.6496043	-201791627819659.88
0.0	-3601855179.7764454	-202185874930520.38
0.0	2422842385.8929396	-201957342945612.34
0.0	-1229687176.4035945	-201906943284020.06
0.0	663050442.6291842	-201946294250031.0
0.0	-152725580.4906728	-201920650237331.62
0.0	157134124.99359125	-201935014418521.8
0.0	-50838726.82640828	-201924266663401.94
0.0	28936348.420624964	-201930417800785.25
0.0	-28936348.564695165	-201930417800786.72
0.0	50838726.649794355	-201924266663409.75
0.0	-157134124.60490876	-201935014418514.7
0.0	152725580.34850153	-201920650237351.88
0.0	-663050442.161704	-201946294250050.44
0.0	1229687175.9004977	-201906943284005.75
0.0	-2422842385.423327	-201957342945620.5
0.0	3601855180.219777	-202185874930508.78
0.0	-3068247433.9424276	-201791627819677.28
0.0	-5803702794.345697	-203093602674013.7
0.0	6842786746.553583	-200311767676562.75
0.0	-20488738144.24847	-206488250674267.12
0.0	32103627987.379284	-192692278644911.25
0.0	-42070154608.12989	-210117675239755.94
0.0	156098022311.94534	-191438526071911.8
0.0	-492139756102.4556	-211908591542178.78
0.0	138868673176.49835	-222331490483036.94
0.0	-914165983814.4058	-148728471685766.75
0.0	-1096690491720.7825	-654499192526460.8
0.0	1243490913216.6318	20943612262.794727
0.0	-1459913291502.496	-5735461125.0518875
0.0	-342204057283.34814	-495225375323547.4
0.0	1475925353334.5283	-190224514884776.8
0.0	-363515858323.81537	-149077557076071.1
0.0	601322259059.8542	-174447119733047.25
0.0	-100249739087.57431	-128959809184308.03
0.0	20661543236.288273	-149708222040356.34
0.0	19656793371.393227	-134253432843772.44
0.0	-1385687478.7366295	-146626221877371.66
0.0	234685027.18273354	-140302779935479.08
0.0	-719898012.1043987	-142994334280795.7
0.0	2206432822.5884657	-141833587143058.2
0.0	-5262776617.09434	-142090935928897.8
0.0	2439171970.545172	-141919204686605.47
0.0	-1127640831.9350283	-141854473170247.84
0.0	585569855.8788354	-141896738793062.94
0.0	-69773257.98000395	-141872597245779.16
0.0	147763637.60919473	-141884926551413.75
0.0	-8034765.417826176	-141875503099780.44
0.0	3934758.6593925953	-141881948075458.7
0.0	-3934759.3677024096	-141881948075463.75
0.0	8034764.8391121775	-141875503099786.8
0.0	-147763637.97828546	-141884926551403.1
0.0	69773257.22299138	-141872597245793.53
0.0	-585569856.1221154	-141896738793077.16
0.0	1127640831.061436	-141854473170234.5
0.0	-2439171970.8775225	-141919204686614.56
0.0	5262776616.819512	-142090935928881.44
0.0	-2206432823.4347935	-141833587143061.75
0.0	719898011.3504677	-142994334280817.38
0.0	-234685027.7988453	-140302779935480.95
0.0	1385687478.510376	-146626221877364.47
0.0	-19656793372.651634	-134253432843807.27
0.0	-20661543235.698135	-149708222040327.25
0.0	100249739086.60822	-128959809184231.47
0.0	-601322259063.5017	-174447119733128.75
0.0	363515858325.5326	-149077557076099.84
0.0	-1475925353337.2002	-190224514884786.88
0.0	342204057284.6826	-495225375323459.5
0.0	1459913291502.1382	-5735461125.058781
0.0	-1115617669218.3794	1370329195.7704206
0.0	-1110614778806.9346	-486242598509582.0
0.0	1937711422846.3494	-171687748580486.3
0.0	-524277004475.2899	-155450942181834.78
0.0	665808474029.0442	-168225947148855.62
0.0	-98336353558.9668	-132936128226541.39
0.0	-5820229731.573441	-151834822999817.2
0.0	39955862726.27552	-137975727048482.73
0.0	-18747260509.6168	-149774913217697.7
0.0	2040838921.147934	-144249624318907.75
0.0	-3851831115.8995705	-146705175383210.28
0.0	1890400086.2870502	-145686979591629.75
0.0	-6260076481.33741	-145896283377799.1
0.0	2400919098.1095157	-145700516586931.2
0.0	-1015706968.9913332	-145660070727716.06
0.0	526750976.28430784	-145690190651297.72
0.0	-14403051.604621425	-145672299132500.25
0.0	137849503.75263518	-145681183153282.38
0.0	6724427.651055366	-145672189481214.0
0.0	-6487257.515037	-145678125831488.44
0.0	6487257.401976734	-145678125831491.88
0.0	-6724427.634764597	-145672189481218.34
0.0	-137849503.6617446	-145681183153271.84
0.0	14403051.371592037	-145672299132513.66
0.0	-526750976.02943236	-145690190651310.2
0.0	1015706968.7686945	-145660070727705.7
0.0	-2400919097.9799223	-145700516586937.34
0.0	6260076481.548279	-145896283377787.5
0.0	-1890400086.5978098	-145686979591633.88
0.0	3851831115.8430996	-146705175383228.9
0.0	-2040838921.1716442	-144249624318905.12
0.0	18747260509.75579	-149774913217689.25
0.0	-39955862726.81384	-137975727048514.84
0.0	5820229732.618736	-151834822999788.25
0.0	98336353558.44765	-132936128226472.17
0.0	-665808474031.3054	-168225947148924.72
0.0	524277004477.3236	-155450942181858.47
0.0	-1937711422848.1382	-171687748580494.8
0.0	1110614778809.2236	-486242598509492.4
0.0	1115617669217.9802	1370329195.7590652
0.0	-995308860658.5988	1075775120.9503546
0.0	-1489912739516.4326	-389143864135297.0
0.0	2229859924670.267	-136796651407107.64
0.0	-589586023241.0942	-118046601862792.67
0.0	734959806269.9812	-131650887537486.88
0.0	-103831914868.25969	-102899503217460.25
0.0	-6143043742.288666	-118466784681605.1
0.0	49946918528.5484	-106824948915493.58
0.0	-22911160828.38157	-116520093420840.88
0.0	2036780175.3449745	-111831456800901.42
0.0	-6214664509.502222	-113816617827187.1
0.0	1709250621.1333094	-112959591122947.72
0.0	-6720132286.437594	-113117822961813.97
0.0	2525877501.3380084	-112968443996870.03
0.0	-995601696.5279973	-112943963762853.9
0.0	546310798.6271687	-112966646797543.17
0.0	38382279.50190881	-112952304619287.44
0.0	158793419.5641766	-112959524395371.56
0.0	3405638.3123718053	-112951970647279.25
0.0	-5079201.182738051	-112956927380695.12
0.0	5079201.093099296	-112956927380698.45
0.0	-3405638.351272762	-112951970647283.19
0.0	-158793419.48336974	-112959524395365.2
0.0	-38382279.71454567	-112952304619295.84
0.0	-546310798.4249843	-112966646797552.72
0.0	995601696.3407823	-112943963762846.22
0.0	-2525877501.2375546	-112968443996875.5
0.0	6720132286.600115	-113117822961805.69
0.0	-1709250621.454478	-112959591122956.31
0.0	6214664509.51232	-113816617827201.53
0.0	-2036780175.3655453	-111831456800899.39
0.0	22911160828.4842	-116520093420833.56
0.0	-49946918529.101364	-106824948915518.56
0.0	6143043743.364563	-118466784681588.97
0.0	103831914867.72151	-102899503217409.27
0.0	-734959806272.2426	-131650887537540.27
0.0	589586023243.0156	-118046601862806.9
0.0	-2229859924672.544	-136796651407112.84
0.0	1489912739518.375	-389143864135240.75
0.0	995308860658.2019	1075775120.9234176
0.0	-1076203904974.593	-284551213.9902296
0.0	-1304218847068.0225	-332199995037846.0
0.0	2267472901820.3203	-113543742770983.61
0.0	-586689569874.1353	-106261479791674.86
0.0	772624111989.2214	-115174129833124.47
0.0	-103925688132.68564	-92874720729080.77
0.0	1922155215.0740585	-106022554811433.39
0.0	47579287115.46742	-96361446725926.88
0.0	-19222150006.594498	-104569934932240.69
0.0	723363373.72859	-100753652554725.45
0.0	-5799907130.179604	-102418196662591.17
0.0	2128797463.7034135	-101720956121298.33
0.0	-6755641523.127887	-101869145012184.77
0.0	2562122846.745509	-101747086252176.22
0.0	-1152894928.0224967	-101726788907411.5
0.0	545589708.0565538	-101746169593028.38
0.0	28905912.11103206	-101734971248206.1
0.0	143434118.51242667	-101741067003761.12
0.0	-8205045.529374495	-101734715785871.81
0.0	-603302.2799549997	-101738641903934.33
0.0	603302.2109683156	-101738641903936.03
0.0	8205045.499665514	-101734715785875.78
0.0	-143434118.36827818	-101741067003755.27
0.0	-28905912.279404625	-101734971248214.55
0.0	-545589707.8112128	-101746169593037.52
0.0	1152894927.8373394	-101726788907405.67
0.0	-2562122846.5748715	-101747086252180.02
0.0	6755641523.342596	-101869145012177.89
0.0	-2128797464.0152283	-101720956121303.77
0.0	5799907130.199352	-102418196662604.89
0.0	-723363373.7408123	-100753652554723.84
0.0	19222150006.780365	-104569934932234.06
0.0	-47579287116.08392	-96361446725948.69
0.0	-1922155213.8822632	-106022554811421.02
0.0	103925688132.15298	-92874720729039.36
0.0	-772624111991.6078	-115174129833165.53
0.0	586689569876.3429	-106261479791685.5
0.0	-2267472901822.3447	-113543742770988.84
0.0	1304218847070.3418	-332199995037801.5
0.0	1076203904974.2406	-284551213.9770417
0.0	-1131519312790.6182	123357873.56693159
0.0	-1064066150546.9736	-254051649190595.22
0.0	2105504920854.1606	-84272817221946.98
0.0	-540539220207.94507	-81220500218937.05
0.0	732867335309.2136	-87037722376664.06
0.0	-103119479449.3234	-70447799770814.48
0.0	4206144026.124626	-80434874171095.03
0.0	42094671031.794586	-72987825376075.34
0.0	-17808560009.108543	-79287532416324.88
0.0	-723673576.6622543	-76409959367895.11
0.0	-5356663385.606314	-77660600835253.16
0.0	1613938654.1809833	-77120468132041.19
0.0	-6408067239.762426	-77236849981338.95
0.0	2485067115.1801324	-77138264415534.94
0.0	-1098814742.769277	-77121227625279.31
0.0	592191522.7439517	-77135817760453.75
0.0	37560505.65402454	-77127511081492.75
0.0	142576809.95681226	-77132214196637.3
0.0	-8106662.799890131	-77127272440599.25
0.0	3414406.47990983	-77130409112677.22
0.0	-3414406.538038373	-77130409112677.66
0.0	8106662.777943864	-77127272440602.75
0.0	-142576809.78857273	-77132214196633.02
0.0	-37560505.805238426	-77127511081499.33
0.0	-592191522.5008469	-77135817760458.95
0.0	1098814742.5869892	-77121227625274.98
0.0	-2485067114.986257	-77138264415538.33
0.0	6408067239.990927	-77236849981334.03
0.0	-1613938654.4816294	-77120468132045.97
0.0	5356663385.615431	-77660600835263.27
0.0	723673576.6601276	-76409959367894.02
0.0	17808560009.328217	-79287532416320.0
0.0	-42094671032.40622	-72987825376091.47
0.0	-4206144024.9516373	-80434874171084.75
0.0	103119479448.82718	-70447799770783.72
0.0	-732867335311.5793	-87037722376694.83
0.0	540539220210.14465	-81220500218945.23
0.0	-2105504920856.0813	-84272817221951.11
0.0	1064066150549.2373	-254051649190559.25
0.0	1131519312790.3115	123357873.54380253
0.0	-1102167772946.354	-61363031.108997226
0.0	-796323028899.2949	-187208712385299.0
0.0	1834231040784.9878	-59605001942260.44
0.0	-476087226890.1372	-61625385238583.86
0.0	652867684797.1771	-64331127452527.33
0.0	-96802069917.37808	-53343373072282.016
0.0	6246565801.900063	-60436891123534.66
0.0	35283419397.35835	-55048518222305.36
0.0	-14312820126.776772	-59616268772356.23
0.0	-735096217.4338074	-57539608368108.695
0.0	-4153143835.8319664	-58432123497339.67
0.0	1537804420.566709	-58045474731062.9
0.0	-5534047470.015647	-58135988273131.484
0.0	2291715932.049289	-58062361422217.05
0.0	-981595488.1482887	-58052483144486.19
0.0	537445994.1603353	-58061591262484.25
0.0	13787237.132890284	-58055885531912.516
0.0	128317850.60006163	-58059033749654.87
0.0	-9551008.918147728	-58055511929034.78
0.0	6822107.380987465	-58057781928495.625
0.0	-6822107.425543129	-58057781928496.516
0.0	9551008.912708402	-58055511929036.79
0.0	-128317850.42607872	-58059033749650.875
0.0	-13787237.249695212	-58055885531917.15
0.0	-537445993.915879	-58061591262490.234
0.0	981595487.9783792	-58052483144483.266
0.0	-2291715931.828358	-58062361422219.81
0.0	5534047470.251711	-58135988273128.734
0.0	-1537804420.8257895	-58045474731066.414
0.0	4153143835.857338	-58432123497348.25
0.0	735096217.4452705	-57539608368108.305
0.0	14312820127.018684	-59616268772353.234
0.0	-35283419397.91542	-55048518222316.91
0.0	-6246565800.793236	-60436891123527.28
0.0	96802069916.978	-53343373072260.02
0.0	-652867684799.3807	-64331127452550.2
0.0	476087226892.2256	-61625385238590.77
0.0	-1834231040786.583	-59605001942263.734
0.0	796323028901.4658	-187208712385273.12
0.0	1102167772946.0964	-61363031.09737229
0.0	-984299549390.0427	160396515.76683578
0.0	-519701273118.4541	-125396554393799.67
0.0	1479470200080.323	-37693900453530.984
0.0	-383659417405.2215	-42240647825662.305
0.0	539373642427.8628	-42863360183006.05
0.0	-83132055564.34657	-36405949653375.88
0.0	5826166522.157536	-40966272524755.8
0.0	27043871852.262756	-37423162250753.71
0.0	-10760379040.843002	-40428931167002.42
0.0	-1147283701.7277164	-39069516533944.625
0.0	-3307222426.549652	-39652118073127.445
0.0	1128251002.1260355	-39399109461440.55
0.0	-4605723973.927956	-39460065644846.26
0.0	1880812731.3011427	-39409406729039.016
0.0	-841957289.4466165	-39404005002836.02
0.0	442139293.3475518	-39409065132859.36
0.0	6809331.077364281	-39405621696454.5
0.0	112615511.07237583	-39407587787768.5
0.0	-10769368.75278914	-39405412093189.7
0.0	8154994.013701662	-39406897046802.85
0.0	-8154993.828318484	-39406897046803.51
0.0	10769368.994936734	-39405412093191.234
0.0	-112615510.70611596	-39407587787767.07
0.0	-6809330.973004885	-39405621696457.41
0.0	-442139292.90962726	-39409065132862.8
0.0	841957289.5273645	-39404005002833.72
0.0	-1880812730.8784254	-39409406729041.3
0.0	4605723974.354493	-39460065644843.766
0.0	-1128251002.1143408	-39399109461443.17
0.0	3307222426.780279	-39652118073132.56
0.0	1147283701.9558153	-39069516533944.695
0.0	10760379041.285751	-40428931167000.0
0.0	-27043871852.51538	-37423162250761.16
0.0	-5826166521.003933	-40966272524750.96
0.0	83132055564.22153	-36405949653360.836
0.0	-539373642429.50525	-42863360183022.14
0.0	383659417407.33203	-42240647825665.914
0.0	-1479470200081.261	-37693900453533.02
0.0	519701273120.79395	-125396554393783.25
0.0	984299549389.8313	160396515.75167954
0.0	-803140131834.9761	-65252763.34690106
0.0	-250364478525.90332	-75119148910681.48
0.0	1068835533577.7869	-20891184481527.492
0.0	-278049003454.5504	-26223213458580.133
0.0	401510353446.9485	-25622158476418.836
0.0	-64770807694.62398	-22484081422833.53
0.0	5588955811.791473	-25044302415858.26
0.0	18208686937.588303	-22982389914417.746
0.0	-7045987378.828037	-24735256487075.54
0.0	-1323703150.2254725	-23951171988881.207
0.0	-2125324368.4096985	-24286507564514.016
0.0	890216879.0672113	-24138772064733.113
0.0	-3368864999.429765	-24176244153508.06
0.0	1447011220.2806458	-24144015629609.39
0.0	-626973533.8635676	-24141986390538.2
0.0	345512656.5202644	-24144442711054.305
0.0	8277721.855854325	-24142564605352.35
0.0	90647880.92796087	-24143631399894.918
0.0	-11372007.646843962	-24142453739168.766
0.0	8599984.933102313	-24143279294802.82
0.0	-8599984.967366789	-24143279294803.617
0.0	11372007.708679982	-24142453739170.15
0.0	-90647880.77928364	-24143631399892.53
0.0	-8277721.9286862835	-24142564605353.4
0.0	-345512656.36716837	-24144442711055.965
0.0	626973533.7797512	-24141986390537.08
0.0	-1447011220.098208	-24144015629610.273
0.0	3368864999.6343317	-24176244153506.234
0.0	-890216879.1805935	-24138772064732.742
0.0	2125324368.3566875	-24286507564515.82
0.0	1323703150.2396412	-23951171988880.805
0.0	7045987379.043472	-24735256487074.03
0.0	-18208686937.92083	-22982389914421.375
0.0	-5588955811.134388	-25044302415855.938
0.0	64770807694.44729	-22484081422826.125
0.0	-401510353448.37683	-25622158476427.152
0.0	278049003455.90735	-26223213458581.695
0.0	-1068835533578.7151	-20891184481528.562
0.0	250364478527.2832	-75119148910672.55
0.0	803140131834.8315	-65252763.35015261
0.0	-583457462505.8909	76507542.83118908
0.0	-30746017481.576416	-37955963392718.03
0.0	657791659071.7496	-9333331915847.047
0.0	-171296169552.82404	-13854739536406.504
0.0	258069009210.54272	-12872642541425.373
0.0	-44022906046.37355	-11801815149465.656
0.0	4985027081.590969	-12977892806602.137
0.0	9949686253.533073	-11980603739547.578
0.0	-3419295209.8913517	-12832543384754.105
0.0	-1266241964.8928747	-12456921094940.656
0.0	-1063295409.4997578	-12616386248648.934
0.0	574821539.7774994	-12544943419844.469
0.0	-2114715478.0168943	-12564528877929.672
0.0	944874376.7219255	-12547215355905.695
0.0	-420315510.4615457	-12547099225353.227
0.0	228194039.6946609	-12547906714768.742
0.0	2220396.5382483676	-12547131155615.994
0.0	62348066.38583512	-12547601429756.984
0.0	-9949739.887370411	-12547085606672.21
0.0	7623622.8412301205	-12547470122845.738
0.0	-7623622.873141568	-12547470122846.145
0.0	9949739.978560194	-12547085606673.066
0.0	-62348066.265107274	-12547601429755.59
0.0	-2220396.6349504236	-12547131155616.754
0.0	-228194039.54317445	-12547906714769.344
0.0	420315510.406654	-12547099225352.604
0.0	-944874376.5875853	-12547215355906.174
0.0	2114715478.1863003	-12564528877928.625
0.0	-574821539.8535051	-12544943419844.145
0.0	1063295409.4628439	-12616386248649.844
0.0	1266241964.9151564	-12456921094940.61
0.0	3419295210.04652	-12832543384753.469
0.0	-9949686253.747417	-11980603739549.355
0.0	-4985027081.148787	-12977892806600.746
0.0	44022906046.286606	-11801815149461.96
0.0	-258069009211.5178	-12872642541429.732
0.0	171296169553.77667	-13854739536407.09
0.0	-657791659072.348	-9333331915847.535
0.0	30746017482.505127	-37955963392713.76
0.0	583457462505.7878	76507542.82901788
0.0	-358768116301.59204	12589012.668194411
0.0	93100660112.50684	-14726557697806.678
0.0	319317080066.7085	-2947505316004.778
0.0	-82557939791.7079	-5718596054438.663
0.0	133715400616.72736	-4958050894222.867
0.0	-24735356270.881046	-4830961299367.148
0.0	3726864291.445307	-5223041827692.679
0.0	3697421004.394142	-4860589214976.785
0.0	-842215443.537137	-5171797302023.631
0.0	-1009173465.6505818	-5037681860674.152
0.0	-282301236.07128716	-5093868283170.815
0.0	303822499.5979871	-5067833892409.859
0.0	-1058478189.7013117	-5075915024684.9
0.0	506824120.9429645	-5068628087059.428
0.0	-226386452.15524298	-5069059360887.36
0.0	126826908.3780008	-5069124724570.807
0.0	-553470.7272742726	-5068930130201.834
0.0	35926112.64914511	-5069065943238.285
0.0	-7818052.5065500755	-5068910942742.617
0.0	5705461.7469359	-5069039629991.232
0.0	-5705461.780425716	-5069039629991.287
0.0	7818052.517580118	-5068910942742.871
0.0	-35926112.60238966	-5069065943237.98
0.0	553470.6884821896	-5068930130201.963
0.0	-126826908.33292279	-5069124724570.99
0.0	226386452.10156888	-5069059360887.203
0.0	-506824120.8819183	-5068628087059.652
0.0	1058478189.7697229	-5075915024684.613
0.0	-303822499.65671957	-5067833892409.783
0.0	282301236.0350261	-5093868283171.167
0.0	1009173465.6373343	-5037681860674.139
0.0	842215443.6194315	-5171797302023.305
0.0	-3697421004.5485992	-4860589214977.367
0.0	-3726864291.2047462	-5223041827692.273
0.0	24735356270.8101	-4830961299365.803
0.0	-133715400617.31625	-4958050894224.428
0.0	82557939792.25024	-5718596054438.825
0.0	-319317080067.0779	-2947505316004.917
0.0	-93100660111.97119	-14726557697805.188
0.0	358768116301.5344	12589012.666989699
0.0	-170192279032.6612	11925411.234826855
0.0	115422190456.4444	-3554400462088.8784
0.0	100257337472.27554	-455335333239.5729
0.0	-25070480818.116905	-1509666206542.621
0.0	47715081039.35574	-1181733729930.8054
0.0	-10214045093.870853	-1260519313727.7207
0.0	2154707980.219466	-1330709250496.6357
0.0	250839879.37944698	-1252340145031.1216
0.0	375988429.52684975	-1320208975197.7188
0.0	-618255818.2885554	-1292284289291.7498
0.0	97167535.97636032	-1303666223067.0718
0.0	112096896.30114758	-1298024980156.1125
0.0	-350759832.7523658	-1300164541422.5369
0.0	195939529.17740196	-1298177947696.5535
0.0	-87448750.25521567	-1298464100202.4995
0.0	51565459.78440234	-1298388823790.599
0.0	-1064137.7018593512	-1298382456112.7188
0.0	15339966.736899244	-1298399154149.7373
0.0	-4828685.755714773	-1298379368220.4595
0.0	3405607.5370615227	-1298402340515.474
0.0	-3405607.5508478116	-1298402340515.481
0.0	4828685.750227591	-1298379368220.5342
0.0	-15339966.715877995	-1298399154149.6782
0.0	1064137.6962603247	-1298382456112.726
0.0	-51565459.763531014	-1298388823790.6467
0.0	87448750.22433525	-1298464100202.431
0.0	-195939529.1497702	-1298177947696.6282
0.0	350759832.78127754	-1300164541422.4204
0.0	-112096896.33356974	-1298024980156.1377
0.0	-97167535.98407221	-1303666223067.2217
0.0	618255818.2832663	-1292284289291.7383
0.0	-375988429.48863554	-1320208975197.666
0.0	-250839879.4603119	-1252340145031.2979
0.0	-2154707980.0995493	-1330709250496.5928
0.0	10214045093.838228	-1260519313727.427
0.0	-47715081039.62013	-1181733729931.2568
0.0	25070480818.384552	-1509666206542.635
0.0	-100257337472.44943	-455335333239.61145
0.0	-115422190456.16873	-3554400462088.6104
0.0	170192279032.63098	11925411.235013854
0.0	-48456217315.206314	4817536.97415682
0.0	74613309683.90434	-260335043696.49976
0.0	1399882809.5649414	3197217888.3694153
0.0	690277553.793231	-129885949902.75774
0.0	4717203457.439567	-84348447864.57452
0.0	-2006475612.676406	-106371426707.7594
0.0	811166202.7429212	-107901706162.13171
0.0	-744439968.3627439	-103476817991.04527
0.0	532419087.1983154	-107400436445.06049
0.0	-252174404.3826783	-106013498479.29694
0.0	154386046.7037937	-106522489994.07054
0.0	14506628.700790409	-106204355445.48245
0.0	-16706643.849631831	-106389993176.47249
0.0	31417193.35935048	-106208712989.61768
0.0	-14209028.036801819	-106257165402.63045
0.0	9972314.383413937	-106238314996.00916
0.0	-708561.5487892244	-106243687334.23442
0.0	3486405.397004555	-106242417458.23944
0.0	-1955421.0856602832	-106243692535.70819
0.0	1344223.3766077813	-106244084386.49217
0.0	-1344223.381149053	-106244084386.49011
0.0	1955421.0835878355	-106243692535.71368
0.0	-3486405.3901345665	-106242417458.23024
0.0	708561.5485786422	-106243687334.23325
0.0	-9972314.377854828	-106238314996.01163
0.0	14209028.029620167	-106257165402.62422
0.0	-31417193.351655304	-106208712989.62059
0.0	16706643.856573224	-106389993176.46228
0.0	-14506628.708116367	-106204355445.4767
0.0	-154386046.70577452	-106522489994.08134
0.0	252174404.380206	-106013498479.29987
0.0	-532419087.1857339	-107400436445.05447
0.0	744439968.3419867	-103476817991.05371
0.0	-811166202.7162775	-107901706162.1311
0.0	2006475612.671609	-106371426707.763
0.0	-4717203457.498072	-84348447864.60776
0.0	-690277553.7206926	-129885949902.74881
0.0	-1399882809.6032944	3197217888.366043
0.0	-74613309683.81845	-260335043696.47763
0.0	48456217315.19655	4817536.973674319
0.0	4286159610.4814577	4024540.2331436803
0.0	25170489387.936005	-1543631643.519949
0.0	-18535427614.447384	-8259588426.656834
0.0	5517115301.274753	2523689295.053604
0.0	-6789014755.661623	-1469464407.6406088
0.0	849796529.7174451	1619536485.9465237
0.0	58400654.424554944	903915246.7371902
0.0	-499477502.25468266	1189633399.8090467
0.0	250220016.58208275	961716867.7907753
0.0	-30874511.166837692	1097194496.1873474
0.0	74893357.13730879	1031824451.7541571
0.0	-12870408.638922743	1051639122.8593225
0.0	58786098.503282696	1056338772.2070484
0.0	-19049172.22442149	1050164694.3496189
0.0	8724358.012781106	1055355961.898777
0.0	-3813093.8485518033	1052725053.3346281
0.0	-29469.751778167323	1053826423.6578102
0.0	-834262.7368049859	1053261006.6807041
0.0	-213951.92983789137	1053777622.8788567
0.0	150966.57739779132	1053598376.8643103
0.0	-150966.57796518784	1053598376.8656511
0.0	213951.93029716995	1053777622.8793545
0.0	834262.7366079151	1053261006.6787577
0.0	29469.751852449728	1053826423.659975
0.0	3813093.8478944586	1052725053.3355141
0.0	-8724358.011393856	1055355961.8990517
0.0	19049172.223148286	1050164694.3503218
0.0	-58786098.504313596	1056338772.2049341
0.0	12870408.639403105	1051639122.8618584
0.0	-74893357.13628525	1031824451.7574902
0.0	30874511.1667587	1097194496.1882753
0.0	-250220016.58214587	961716867.7901506
0.0	499477502.2559233	1189633399.8120623
0.0	-58400654.42877531	903915246.7384987
0.0	-849796529.715647	1619536485.9489565
0.0	6789014755.6779	-1469464407.632145
0.0	-5517115301.278595	2523689295.052828
0.0	18535427614.454224	-8259588426.656359
0.0	-25170489387.92884	-1543631643.5173912
0.0	-4286159610.4834538	4024540.233152448
0.0	12446432984.721924	4045360.02658212
0.0	-1374408942.4937782	-4437144847.661196
0.0	-9350982088.392881	4252392942.16702
0.0	2698199012.4382477	-3785674468.6240892
0.0	-4474247688.625973	-980274754.5489478
0.0	860555354.6070222	-2901658265.3011975
0.0	-141684152.36026365	-2586753379.184183
0.0	-89677972.2096461	-2639924821.738021
0.0	14089838.104904234	-2605288861.454727
0.0	36750839.04703352	-2643448305.5790453
0.0	4820818.940761685	-2622260680.0366373
0.0	-8682371.775613552	-2625703144.6858435
0.0	31576847.47427947	-2631608972.7093186
0.0	-15150593.582230132	-2625395172.5536413
0.0	7265842.620736507	-2628717686.8100843
0.0	-3599119.8157553105	-2627170517.480502
0.0	311786.01175464806	-2627860371.723032
0.0	-1028990.5637370488	-2627702342.1035957
0.0	329207.8550249921	-2627947688.2204647
0.0	-191350.96996987276	-2627809445.0976357
0.0	191350.97038518192	-2627809445.0969467
0.0	-329207.85533045395	-2627947688.2199802
0.0	1028990.562294665	-2627702342.1059055
0.0	-311786.0107849478	-2627860371.723405
0.0	3599119.8149794503	-2627170517.480146
0.0	-7265842.619030126	-2628717686.810586
0.0	15150593.58010249	-2625395172.554414
0.0	-31576847.476544507	-2631608972.712171
0.0	8682371.776595514	-2625703144.686266
0.0	-4820818.9386981875	-2622260680.032757
0.0	-36750839.04661326	-2643448305.578214
0.0	-14089838.107215613	-2605288861.4547033
0.0	89677972.21389371	-2639924821.7362804
0.0	141684152.35413304	-2586753379.182286
0.0	-860555354.6058855	-2901658265.297985
0.0	4474247688.646659	-980274754.5376139
0.0	-2698199012.453186	-3785674468.625904
0.0	9350982088.401497	4252392942.1684074
0.0	1374408942.4856682	-4437144847.661861
0.0	-12446432984.721893	4045360.0266271518
0.0	5586956183.777603	4092511.459653018
0.0	-6050321249.11153	4405628282.766829
0.0	-417789144.77262735	-1920848853.7083828
0.0	121335872.8741492	2913489293.2083635
0.0	-704832507.3953588	1283273898.0178256
0.0	235624940.9596393	2319300454.5819435
0.0	-82535404.23225802	2196817511.455856
0.0	74261146.25802566	2180644159.296807
0.0	-51291477.25189111	2200587749.2531724
0.0	25409283.021445446	2204220918.111082
0.0	-15306357.53588	2199804484.839571
0.0	-682065.4740779148	2198296476.0115724
0.0	1169027.9858724084	2202342995.4280887
0.0	-2420468.686561315	2197993258.277706
0.0	1611822.649247537	2199880410.2886777
0.0	-590697.0205653361	2198996502.9508095
0.0	326401.96447964315	2199262810.593541
0.0	-217365.64047350618	2199067184.1885395
0.0	241398.7651717079	2199181044.6639485
0.0	-120716.05701024726	2199181145.3984933
0.0	120716.05713968823	2199181145.3987083
0.0	-241398.76524760766	2199181044.6650076
0.0	217365.63991367305	2199067184.189501
0.0	-326401.9644197221	2199262810.5943108
0.0	590697.0206550796	2198996502.950779
0.0	-1611822.6485839225	2199880410.2883697
0.0	2420468.6858046027	2197993258.2774806
0.0	-1169027.9865596397	2202342995.427703
0.0	682065.4740337096	2198296476.012207
0.0	15306357.536887143	2199804484.8414493
0.0	-25409283.021166462	2204220918.1110287
0.0	51291477.250859015	2200587749.253159
0.0	-74261146.25677872	2180644159.2970715
0.0	82535404.23093186	2196817511.45609
0.0	-235624940.9598167	2319300454.583554
0.0	704832507.4021742	1283273898.0219502
0.0	-121335872.88000953	2913489293.2077265
0.0	417789144.775074	-1920848853.7082238
0.0	6050321249.108316	4405628282.766655
0.0	-5586956183.777382	4092511.459664964
0.0	187833113.63033748	4210421.726424554
0.0	-2860012625.2016096	-3298251744.1818976
0.0	2025115847.3721604	722025187.1642008
0.0	-579322321.9035263	-1953267551.82451
0.0	721287154.528862	-1072541731.9552004
0.0	-90407566.35360852	-1592152380.3774958
0.0	-6388123.673515841	-1556074572.4039383
0.0	63696517.403648555	-1523731995.908448
0.0	-30929989.4324532	-1554415705.6198874
0.0	4523024.65117117	-1547477260.816733
0.0	-9414407.083373273	-1549106140.0564504
0.0	2287775.6211343543	-1546743521.6318588
0.0	-7714583.693415268	-1549435863.066257
0.0	2966557.7253021393	-1546923993.0188282
0.0	-883458.8055089796	-1547832221.751267
0.0	823704.9894481986	-1547458109.7418857
0.0	231868.4622039989	-1547655769.385792
0.0	218467.55203355037	-1547692202.1676497
0.0	70772.820814301	-1547735810.2727034
0.0	-7810.998367288499	-1547700205.9574223
0.0	7810.998227570424	-1547700205.9571538
0.0	-70772.8207145706	-1547735810.2728755
0.0	-218467.5518854992	-1547692202.167407
0.0	-231868.4626065038	-1547655769.3854208
0.0	-823704.9890631887	-1547458109.7417789
0.0	883458.8053367729	-1547832221.7513142
0.0	-2966557.725145573	-1546923993.0187263
0.0	7714583.693811004	-1549435863.0662472
0.0	-2287775.62161938	-1546743521.63188
0.0	9414407.083306216	-1549106140.056652
0.0	-4523024.651073769	-1547477260.816486
0.0	30929989.432532355	-1554415705.6197252
0.0	-63696517.4042013	-1523731995.9085424
0.0	6388123.674719349	-1556074572.4040236
0.0	90407566.35310492	-1592152380.3774438
0.0	-721287154.5301638	-1072541731.9557123
0.0	579322321.9041717	-1953267551.8242838
0.0	-2025115847.373159	722025187.1641548
0.0	2860012625.2025976	-3298251744.181811
0.0	-187833113.63024473	4210421.726423405
0.0	-1096268068.7490187	4323390.045877534
0.0	-387384002.44225216	2164184190.2681556
0.0	1370163966.323149	-156799171.13341588
0.0	-390856084.88645107	1208590881.2167509
0.0	631021273.4962112	765943131.2726904
0.0	-116708162.60805424	1004836661.1476297
0.0	17374820.276046053	1002772345.273834
0.0	23460108.489940226	974074660.892308
0.0	-7111605.068255618	1000030865.9905542
0.0	-3095375.574459561	991551026.1115421
0.0	-2148852.15647389	994376875.3925424
0.0	1913075.6791982376	992177137.1306078
0.0	-5318034.1828149855	993584877.1787032
0.0	2729487.260970912	992050856.0551763
0.0	-872205.3665534004	992528999.0032073
0.0	815478.0761790607	992301616.882564
0.0	159402.94836256304	992307319.4688456
0.0	240652.27559963358	992214799.3046086
0.0	3562.458654850401	992223399.4751806
0.0	30823.880275656324	992246887.0300094
0.0	-30823.88031453368	992246887.0300713
0.0	-3562.4588830731373	992223399.4752514
0.0	-240652.2752879507	992214799.304732
0.0	-159402.94857431907	992307319.4687283
0.0	-815478.0758980676	992301616.8821274
0.0	872205.3663458147	992528999.003252
0.0	-2729487.2606520453	992050856.055305
0.0	5318034.183099484	993584877.1789013
0.0	-1913075.679503946	992177137.1303802
0.0	2148852.156368222	994376875.3918577
0.0	3095375.5743983267	991551026.111466
0.0	7111605.0686015785	1000030865.9904798
0.0	-23460108.49066641	974074660.8923194
0.0	-17374820.274981543	1002772345.2735627
0.0	116708162.6077965	1004836661.1469225
0.0	-631021273.4986465	765943131.2717888
0.0	390856084.8882303	1208590881.217074
0.0	-1370163966.3243866	-156799171.13366723
0.0	387384002.44372463	2164184190.268155
0.0	1096268068.749052	4323390.045873064
0.0	-666036968.0083203	4520686.65754088
0.0	235551605.35655951	-1285975410.3033595
0.0	519833253.97211313	-52186437.953662515
0.0	-145259998.56792593	-687476853.4184816
0.0	276638595.21677816	-483152218.1357331
0.0	-58546675.95686913	-581013309.4308857
0.0	12601588.26333836	-589307707.9070913
0.0	4377976.979780808	-568744362.5714864
0.0	1036780.010959411	-586805508.1214454
0.0	-2504314.295404006	-580315887.1885512
0.0	436466.80920378864	-582878160.0325478
0.0	990098.014895796	-581500285.7343872
0.0	-1986600.7804949824	-582402905.6956854
0.0	1329381.1234217563	-581722654.9923587
0.0	-318754.26474465226	-581883082.3455378
0.0	459938.39781368605	-581845725.6229615
0.0	120201.50497701614	-581916589.4873716
0.0	143655.25952794892	-581985722.7280505
0.0	2317.558458066029	-581993639.1114087
0.0	25157.83097552685	-581981463.1785653
0.0	-25157.830954345518	-581981463.1787667
0.0	-2317.5587281887892	-581993639.1113987
0.0	-143655.25929591054	-581985722.7276455
0.0	-120201.5050389103	-581916589.4872812
0.0	-459938.3976668635	-581845725.6230083
0.0	318754.26467920246	-581883082.3455024
0.0	-1329381.123234004	-581722654.992364
0.0	1986600.7805467187	-582402905.6953013
0.0	-990098.0150120251	-581500285.7341367
0.0	-436466.80920618493	-582878160.0328013
0.0	2504314.2953470005	-580315887.1886382
0.0	-1036780.0107625462	-586805508.1214876
0.0	-4377976.980139013	-568744362.5717026
0.0	-12601588.262831543	-589307707.9071982
0.0	58546675.95677264	-581013309.4311901
0.0	-276638595.21808857	-483152218.13649607
0.0	145259998.56890273	-687476853.4180973
0.0	-519833253.97275734	-52186437.95376074
0.0	-235551605.35581708	-1285975410.3035564
0.0	666036968.0083346	4520686.657537231
0.0	-198234639.83190638	4752016.626496641
0.0	165316595.29649022	717901149.8187326
0.0	136632369.99598914	115555832.30151522
0.0	-34535625.73249175	375418168.22912216
0.0	81958880.20557049	291197017.9036888
0.0	-18642629.227559336	323096599.3899647
0.0	5160120.635006076	332202017.527397
0.0	243345.1685215393	319318407.3978463
0.0	1532532.5985604618	330474588.70793754
0.0	-774805.3302011639	325941152.19672614
0.0	636107.4363157584	327657550.0741613
0.0	463978.0897087038	326648411.50335234
0.0	-418753.78754270915	326950171.7726251
0.0	494837.26557886985	326520303.22353435
0.0	-2829.34219476569	326616694.51800835
0.0	225022.735354274	326558736.5098992
0.0	94493.24009567009	326514156.0208007
0.0	73294.88222116245	326452580.0083822
0.0	10966.340278447242	326440419.67611754
0.0	13659.602091286917	326454104.2110996
0.0	-13659.602116786085	326454104.21100664
0.0	-10966.34033080444	326440419.67615235
0.0	-73294.88208738137	326452580.0084546
0.0	-94493.24022015752	326514156.02083004
0.0	-225022.73529002126	326558736.50985754
0.0	2829.342194509052	326616694.5180063
0.0	-494837.26551541034	326520303.2235276
0.0	418753.78759425087	326950171.7726826
0.0	-463978.08978925645	326648411.5034057
0.0	-636107.436319672	327657550.0741024
0.0	774805.33018289	325941152.1966682
0.0	-1532532.5984887043	330474588.7079071
0.0	-243345.16869689897	319318407.39780927
0.0	-5160120.634769883	332202017.52733237
0.0	18642629.227510445	323096599.38975894
0.0	-81958880.20603408	291197017.9035511
0.0	34535625.73291516	375418168.22919995
0.0	-136632369.99630028	115555832.30150568
0.0	-165316595.29607713	717901149.8185905
0.0	198234639.83192077	4752016.6264961315
0.0	-7092495.196347538	5009887.486664319
0.0	58618780.00009189	-363475305.8566551
0.0	28526896.033044502	-97893032.62080665
0.0	-3786406.7234801874	-181831245.80828047
0.0	18283322.73982688	-153805649.54454824
0.0	-3915483.5978098717	-159079305.97015977
0.0	1671132.2461939587	-166189542.7197037
0.0	143847.79670217657	-158640614.9474975
0.0	842443.0431743877	-165033939.2469014
0.0	49383.40118821061	-162481702.9031977
0.0	423157.7795480313	-163629875.31729496
0.0	263921.0978531088	-163207349.20639884
0.0	30680.901010961214	-163480981.5435812
0.0	190898.8409576068	-163384872.97073168
0.0	88612.34775430954	-163378298.32577264
0.0	123996.63954778595	-163407645.98633146
0.0	72492.71591973805	-163450441.10324198
0.0	40721.278997987276	-163507106.24814415
0.0	13164.433966792352	-163515442.7374876
0.0	7302.714885779788	-163511667.80527472
0.0	-7302.714924232381	-163511667.80524427
0.0	-13164.433944148952	-163515442.7375065
0.0	-40721.278931962916	-163507106.2481771
0.0	-72492.7160218275	-163450441.10325506
0.0	-123996.6395258657	-163407645.986331
0.0	-88612.3477297361	-163378298.3257504
0.0	-190898.84094572713	-163384872.97070193
0.0	-30680.900985957735	-163480981.54356283
0.0	-263921.097888346	-163207349.20642403
0.0	-423157.7795376567	-163629875.31731144
0.0	-49383.40119216901	-162481702.9032276
0.0	-842443.0431471018	-165033939.24690574
0.0	-143847.79677499854	-158640614.94746774
0.0	-1671132.246097457	-166189542.719705
0.0	3915483.597788065	-159079305.97022527
0.0	-18283322.73995081	-153805649.54460803
0.0	3786406.7236340046	-181831245.80824333
0.0	-28526896.03316073	-97893032.62083974
0.0	-58618779.99990923	-363475305.85661995
0.0	7092495.196358904	5009887.486663916
0.0	36653676.054518454	5217100.008142621
0.0	17076521.58281325	178954552.583609
0.0	7121350.902367266	79028742.86165586
0.0	1750572.3697432778	89937684.8316321
0.0	3781495.4679360343	84861485.94010273
0.0	-280770.9422093175	80605936.35244852
0.0	626186.0615733302	85250754.59218146
0.0	320876.3765677509	81287526.40071364
0.0	480244.8958818006	84636210.99032924
0.0	252848.20666074613	83054496.36598468
0.0	290581.1768007231	83633452.64190467
0.0	187997.43696799694	83263457.96446173
0.0	100827.50044203376	83250308.53764573
0.0	99010.88906325516	83136040.11637229
0.0	89754.34479722979	83154694.35355712
0.0	80988.06989422714	83128261.61067812
0.0	53089.707615336185	83085581.94970089
0.0	25735.431356291796	83042560.05790639
0.0	10891.943062126127	83028962.89482582
0.0	4432.992385983823	83032822.6088158
0.0	-4432.992409284059	83032822.60882626
0.0	-10891.943041311393	83028962.89484595
0.0	-25735.431331074848	83042560.05789085
0.0	-53089.707664096706	83085581.949698
0.0	-80988.06988268704	83128261.61068249
0.0	-89754.34478141142	83154694.3535599
0.0	-99010.88906053102	83136040.11637738
0.0	-100827.50043753334	83250308.53762516
0.0	-187997.43697599677	83263457.96442014
0.0	-290581.17679587816	83633452.64189354
0.0	-252848.20666392686	83054496.36598602
0.0	-480244.8958772277	84636210.990309
0.0	-320876.37658559287	81287526.40072827
0.0	-626186.0615550672	85250754.59216225
0.0	280770.9422085362	80605936.35241319
0.0	-3781495.467955665	84861485.9401363
0.0	-1750572.3697148063	89937684.83164555
0.0	-7121350.902400468	79028742.86165825
0.0	-17076521.582766786	178954552.58357626
0.0	-36653676.054509506	5217100.008142328
0.0	37485140.83460391	5390949.218801439
0.0	6486121.110979221	-70015866.88896084
0.0	3797562.9932031427	-43028443.876855835
0.0	2134352.921308219	-30039893.26409206
0.0	1293740.9634694098	-33187718.643925462
0.0	329754.74880105525	-27810732.914003335
0.0	371974.7636888969	-30663813.507584125
0.0	339324.2641132605	-28604520.701177225
0.0	345178.35880434216	-30275405.708621733
0.0	253064.82696116559	-29611984.91868881
0.0	221463.8284649533	-29987927.376542598
0.0	144660.88128559454	-29947744.349298965
0.0	88317.25915502149	-30051566.95495776
0.0	65226.954216405255	-30080711.113362648
0.0	70756.54701455831	-30056759.855000388
0.0	56772.84971019054	-30087009.733644478
0.0	37172.79923328929	-30118359.08831478
0.0	16946.256249485796	-30154808.89100937
0.0	7631.1484459231	-30164212.183260288
0.0	2873.76401969021	-30164690.43516334
0.0	-2873.7640345543227	-30164690.43515037
0.0	-7631.148434608677	-30164212.183251053
0.0	-16946.25623434383	-30154808.891034678
0.0	-37172.7992593321	-30118359.088309485
0.0	-56772.84970689146	-30087009.733628877
0.0	-70756.54700169302	-30056759.854996525
0.0	-65226.954218502106	-30080711.11336595
0.0	-88317.25915242144	-30051566.95495503
0.0	-144660.8812864217	-29947744.3493194
0.0	-221463.82846284338	-29987927.376547348
0.0	-253064.82696160587	-29611984.91869463
0.0	-345178.3588023267	-30275405.70863031
0.0	-339324.2641197056	-28604520.70117514
0.0	-371974.76369091356	-30663813.50757604
0.0	-329754.74879664875	-27810732.91398888
0.0	-1293740.963468051	-33187718.64393962
0.0	-2134352.921305551	-30039893.26411263
0.0	-3797562.9932169244	-43028443.87685916
0.0	-6486121.1109754015	-70015866.888953
0.0	-37485140.834597364	5390949.218801932
0.0	30990074.022130553	5520412.135906271
0.0	4014195.7307320433	31212781.478409372
0.0	3039872.1562437764	32400099.106525797
0.0	1852234.7569719781	15550808.17839707
0.0	877549.027637491	19868392.64870092
0.0	358253.7253443402	14986861.184091464
0.0	283597.92556289746	16487644.36141413
0.0	293899.7908696482	15614327.208717877
0.0	272369.8440749141	16334364.454850541
0.0	210431.6326840876	15881798.343499802
0.0	173792.32206236862	16000872.78577281
0.0	110847.91095011967	15856000.47272833
0.0	66112.12082193376	15789736.104053538
0.0	45469.23561680238	15752196.806687167
0.0	51385.523678418955	15760586.382359706
0.0	39308.89976970699	15741718.761014374
0.0	24707.60103082518	15713211.631354356
0.0	10719.319554199285	15687957.181636969
0.0	4719.611278281191	15678393.890279531
0.0	1762.2362701914994	15677840.800640682
0.0	-1762.2362765561209	15677840.80064715
0.0	-4719.611274607734	15678393.89028626
0.0	-10719.319544225293	15687957.181634625
0.0	-24707.60104585396	15713211.631354684
0.0	-39308.89976796651	15741718.761025341
0.0	-51385.52367242174	15760586.382363431
0.0	-45469.23561789807	15752196.806691252
0.0	-66112.12081987775	15789736.104049874
0.0	-110847.91095161033	15856000.472724592
0.0	-173792.3220616601	16000872.78577371
0.0	-210431.63268452097	15881798.343495928
0.0	-272369.8440742399	16334364.454843108
0.0	-293899.7908730376	15614327.208722081
0.0	-283597.9255613036	16487644.361412287
0.0	-358253.72534335026	14986861.184082296
0.0	-877549.0276369	19868392.648712967
0.0	-1852234.756968282	15550808.17839378
0.0	-3039872.1562500508	32400099.10653061
0.0	-4014195.7307239906	31212781.47840439
0.0	-30990074.022125714	5520412.1359063005
0.0	24742273.23599571	5616633.320035297
0.0	3126855.6683071977	-1173429.9618099667
0.0	2527674.044607816	-9678064.89600316
0.0	1558504.8356863617	3737396.1803159863
0.0	726765.6919812523	-214715.26349749323
0.0	310419.1708586568	2718988.191492943
0.0	231538.02742345695	1863821.42473453
0.0	243490.29697528563	2281365.0429278407
0.0	222002.97133657848	1971682.7531922366
0.0	173313.55505280735	2050361.6897174018
0.0	139071.79432404594	1937331.8525124993
0.0	84631.15515442302	1879352.7429037588
0.0	46496.854426822676	1817211.611115452
0.0	30641.638822624525	1784229.5029077064
0.0	34987.99126931933	1799252.7600764614
0.0	25566.076119937392	1779278.551574504
0.0	15436.302805013827	1760517.9306680616
0.0	6291.586950429076	1742358.0662726834
0.0	2588.969378468458	1736319.49226755
0.0	940.6126187602495	1734944.5543518076
0.0	-940.6126208877376	1734944.5543508232
0.0	-2588.9693775664673	1736319.4922700329
0.0	-6291.586945367437	1742358.0662799384
0.0	-15436.302812398884	1760517.9306665808
0.0	-25566.07611819729	1779278.5515781604
0.0	-34987.99126800445	1799252.7600764213
0.0	-30641.63882255237	1784229.5029072976
0.0	-46496.85442462736	1817211.6111173704
0.0	-84631.15515662034	1879352.7429023776
0.0	-139071.79432408366	1937331.8525109962
0.0	-173313.5550520989	2050361.689716138
0.0	-222002.97133634338	1971682.7531917514
0.0	-243490.29697688157	2281365.042928717
0.0	-231538.0274219227	1863821.4247358674
0.0	-310419.17085882236	2718988.1914937645
0.0	-726765.691981288	-214715.26349947788
0.0	-1558504.8356842771	3737396.1803123
0.0	-2527674.0446091816	-9678064.896004021
0.0	-3126855.6683040382	-1173429.961811453
0.0	-24742273.235992055	5616633.32003533
0.0	19661479.167396665	5636953.235152704
0.0	2554324.891640671	3058726.656261986
0.0	2071931.3737298069	11736168.365210136
0.0	1303266.6608920724	2561684.4899563305
0.0	615644.4042475683	4980729.264771253
0.0	260860.0283018031	2809822.1913030464
0.0	188808.46264830875	3132403.6668654997
0.0	200411.61432975202	3045261.757418708
0.0	179702.32580921333	3116241.7932066834
0.0	138510.99601930287	2988362.764197645
0.0	108967.16243669973	2977016.049737972
0.0	63125.36185501884	2895724.516170131
0.0	31564.321415785475	2835189.2679051775
0.0	19854.75525481489	2817355.655456772
0.0	22504.171321124646	2821952.3476813184
0.0	15506.517813244915	2809369.8646263173
0.0	8823.814861645558	2795451.659893508
0.0	3264.8159237844093	2784527.0811241986
0.0	1207.314763698745	2780407.498720334
0.0	405.09673896219135	2779465.4046992194
0.0	-405.0967398031852	2779465.4046993637
0.0	-1207.3147626478044	2780407.4987229016
0.0	-3264.8159229494822	2784527.081123923
0.0	-8823.814863909345	2795451.659894116
0.0	-15506.517811260368	2809369.864629511
0.0	-22504.17132208414	2821952.347681986
0.0	-19854.755254992164	2817355.6554570887
0.0	-31564.32141393082	2835189.267904585
0.0	-63125.36185688042	2895724.5161690386
0.0	-108967.16243658862	2977016.049736404
0.0	-138510.99601946457	2988362.764197951
0.0	-179702.3258093234	3116241.7932063937
0.0	-200411.61433147462	3045261.7574191084
0.0	-188808.46264684157	3132403.6668662457
0.0	-260860.0283017948	2809822.19130217
0.0	-615644.4042475775	4980729.264772669
0.0	-1303266.6608898605	2561684.4899561703
0.0	-2071931.3737325482	11736168.36521052
0.0	-2554324.8916374594	3058726.6562629547
0.0	-19661479.167394284	5636953.235152833
0.0	15591091.764871288	5584216.882201738
0.0	2094821.0443231666	8183368.07616856
0.0	1684199.8566123664	2073471.2804369275
0.0	1083797.3516469526	7443172.6894434905
0.0	519101.02026420215	5674575.331379546
0.0	216002.18784045684	6537320.7781085735
0.0	150026.63401475002	6313174.573749457
0.0	158026.1341951706	6368121.23266844
0.0	140648.95490504304	6340385.171480347
0.0	107519.0535081783	6296197.974748028
0.0	83136.49232657187	6252695.466263874
0.0	45705.15523945206	6187651.111965899
0.0	20441.424739186394	6142012.401443487
0.0	11915.305884228303	6122432.883513901
0.0	13051.3872456207	6127487.386031626
0.0	8543.763292320715	6117535.239270595
0.0	4427.9473075758415	6109272.546993653
0.0	1459.9345293953888	6103131.009577465
0.0	437.97252929689716	6101135.013819102
0.0	120.97293671555346	6100551.4910552045
0.0	-120.97293663342849	6100551.491055539
0.0	-437.972529296799	6101135.013820406
0.0	-1459.9345294727673	6103131.0095766885
0.0	-4427.9473073984345	6109272.5469940975
0.0	-8543.763290691786	6117535.239271981
0.0	-13051.387247409994	6127487.386032513
0.0	-11915.305884418118	6122432.883513796
0.0	-20441.424737626985	6142012.40144321
0.0	-45705.15524079597	6187651.1119660605
0.0	-83136.49232649665	6252695.466263611
0.0	-107519.05350838593	6296197.97474814
0.0	-140648.95490515322	6340385.171481034
0.0	-158026.13419666392	6368121.232668587
0.0	-150026.6340135547	6313174.573749919
0.0	-216002.18784015204	6537320.778108536
0.0	-519101.0202639116	5674575.331379982
0.0	-1083797.351645556	7443172.689442792
0.0	-1684199.8566145103	2073471.2804372855
0.0	-2094821.044321766	8183368.076168807
0.0	-15591091.76486928	5584216.882201786
0.0	12317628.86310459	5467471.567453462
0.0	1702024.926355503	1436883.0378213823
0.0	1351189.288051862	5494191.187327666
0.0	884681.6298284674	2417974.7076672018
0.0	424845.66268721246	3140212.3439402184
0.0	166772.4881996373	2356589.0603584317
0.0	110919.64503050147	2355007.183399461
0.0	118183.00212330485	2397352.753576859
0.0	105331.80595193047	2371469.342953785
0.0	80155.6742421313	2323941.6223002304
0.0	60696.96497138898	2294279.4825319317
0.0	31062.913044791163	2238954.8130727964
0.0	13142.204522081702	2199966.0213812715
0.0	6916.981649320185	2189293.869536745
0.0	6866.8078253935055	2189340.8167712498
0.0	4076.877866372578	2183679.6706735087
0.0	1878.70100640058	2178908.4192897864
0.0	510.9163982410368	2176074.5584117235
0.0	97.73826284834797	2175210.911075697
0.0	4.777896273329839	2174990.3599802023
0.0	-4.777895654326665	2174990.3599804677
0.0	-97.73826335894776	2175210.91107542
0.0	-510.9163988398539	2176074.558411623
0.0	-1878.7010052530463	2178908.419290028
0.0	-4076.877865462699	2183679.6706737606
0.0	-6866.8078270104625	2189340.8167711855
0.0	-6916.981649211542	2189293.869535989
0.0	-13142.204521071846	2199966.021380805
0.0	-31062.91304583544	2238954.8130723904
0.0	-60696.96497144477	2294279.4825319313
0.0	-80155.67424200958	2323941.622300291
0.0	-105331.80595213335	2371469.3429541546
0.0	-118183.00212404948	2397352.7535771094
0.0	-110919.64502955897	2355007.1833991488
0.0	-166772.4881995858	2356589.0603585406
0.0	-424845.6626873152	3140212.343940428
0.0	-884681.6298276603	2417974.707667724
0.0	-1351189.288053634	5494191.187327706
0.0	-1702024.926354691	1436883.0378218694
0.0	-12317628.863103002	5467471.567453411
0.0	9659905.398455648	5268564.02817074
0.0	1375929.451006684	6709501.069514299
0.0	1076745.7447312586	4567896.854138272
0.0	714179.8887637164	5991822.0340556875
0.0	341765.8605556145	5351867.699524458
0.0	130395.04585515786	5420097.435924556
0.0	87469.92283990202	5354695.547461802
0.0	89742.79132042502	5356046.179519733
0.0	76493.90872532765	5356350.474419917
0.0	58386.82979577212	5315615.676931091
0.0	43157.823763192624	5290836.750296146
0.0	20352.642483447213	5242470.0652558515
0.0	8051.492464610126	5216562.281563453
0.0	3420.410707283456	5205740.487389976
0.0	3109.5833719517714	5205791.727916559
0.0	1633.7549589711882	5202387.034318449
0.0	590.5379391019409	5200134.484318908
0.0	110.0216823621549	5199068.7342009265
0.0	-9.160628545336886	5198812.3794073295
0.0	-16.29772268032648	5198790.250877441
0.0	16.297723183472666	5198790.250877131
0.0	9.16062800717582	5198812.379407375
0.0	-110.02168283348756	5199068.734200982
0.0	-590.5379380273187	5200134.484318849
0.0	-1633.7549583293505	5202387.034317385
0.0	-3109.583373152688	5205791.727916101
0.0	-3420.410707235392	5205740.487389696
0.0	-8051.492463872153	5216562.281563137
0.0	-20352.642484154356	5242470.065255489
0.0	-43157.82376322701	5290836.750296092
0.0	-58386.829795768004	5315615.676931068
0.0	-76493.90872540795	5356350.474420194
0.0	-89742.79132104375	5356046.179519925
0.0	-87469.92283932761	5354695.547462232
0.0	-130395.0458550539	5420097.435923846
0.0	-341765.8605556051	5351867.699524375
0.0	-714179.8887631824	5991822.034055283
0.0	-1076745.7447325748	4567896.854138028
0.0	-1375929.4510061003	6709501.069514455
0.0	-9659905.398454482	5268564.028170904
0.0	7519465.593620941	4988961.005798125
0.0	1106986.8891405575	2752750.388759519
0.0	852263.8580963477	3997412.8842654554
0.0	568038.2557303171	3229983.483921203
0.0	276803.10120419867	3297022.382069694
0.0	102462.26401921062	2994881.248568342
0.0	66074.28119970507	2945720.94633215
0.0	65731.07846390398	2974415.946709506
0.0	52913.037400416186	2943144.3003076287
0.0	40317.46417686066	2921310.727153125
0.0	28281.409861201908	2896665.6107462933
0.0	12925.706174789797	2863317.554240662
0.0	4631.342290500542	2843403.9813099746
0.0	1761.5394206235487	2837556.2221471667
0.0	1216.3910283150021	2836397.614953588
0.0	472.41616191375556	2834735.470576631
0.0	90.73808350165133	2833840.3540874906
0.0	-9.850113444026642	2833571.2289134925
0.0	-14.78522378708406	2833548.393494873
0.0	-6.737622167114001	2833548.4840440955
0.0	6.7376224725534115	2833548.484043771
0.0	14.785223480249895	2833548.3934947597
0.0	9.850113163141353	2833571.228913564
0.0	-90.73808287112766	2833840.3540875143
0.0	-472.4161615761196	2834735.4705757434
0.0	-1216.39102898476	2836397.6149531244
0.0	-1761.5394205760383	2837556.222147102
0.0	-4631.34229010361	2843403.981309737
0.0	-12925.706175136293	2863317.5542404
0.0	-28281.4098612262	2896665.6107461564
0.0	-40317.46417682413	2921310.7271530842
0.0	-52913.03740044662	2943144.300307722
0.0	-65731.0784642628	2974415.946709795
0.0	-66074.28119949793	2945720.9463324305
0.0	-102462.26401904524	2994881.248568498
0.0	-276803.101204121	3297022.382069524
0.0	-568038.2557300946	3229983.483920805
0.0	-852263.8580970382	3997412.8842654917
0.0	-1106986.8891403573	2752750.3887599
0.0	-7519465.593620049	4988961.005798172
0.0	5922874.685788079	4688694.799464362
0.0	882355.1559939353	4810134.041848564
0.0	658521.8342424196	4306468.643773764
0.0	448028.09634087264	4524464.144147491
0.0	215685.37136893946	4280626.716564373
0.0	75874.06428363347	4155268.050850019
0.0	46772.25382659932	4117513.9781699944
0.0	44616.5322374338	4114992.1146177263
0.0	37085.538468010345	4111191.113986426
0.0	27897.593158004172	4088132.842770732
0.0	17781.849858315003	4068350.504484808
0.0	7471.396726927025	4043294.9998689056
0.0	2678.176782588147	4031917.525598078
0.0	765.2911612088724	4027245.5731190615
0.0	361.6194657588279	4026408.4931872142
0.0	69.34923716064057	4025708.801118697
0.0	-20.336268270310697	4025461.972235207
0.0	-12.720602693830438	4025440.584640982
0.0	0.7917034171533341	4025440.89257659
0.0	2.218634530083464	4025441.5754605955
0.0	-2.218634427098575	4025441.575460531
0.0	-0.7917035395212384	4025440.8925765175
0.0	12.720602590536243	4025440.584641102
0.0	20.33626848598955	4025461.9722352643
0.0	-69.34923706598964	4025708.801118179
0.0	-361.6194660389779	4026408.493187029
0.0	-765.2911611869458	4027245.573119065
0.0	-2678.176782383717	4031917.525597795
0.0	-7471.39672707864	4043294.9998686747
0.0	-17781.849858370293	4068350.5044846674
0.0	-27897.593157938518	4088132.8427707804
0.0	-37085.53846804378	4111191.1139864926
0.0	-44616.53223759876	4114992.1146178106
0.0	-46772.253826604414	4117513.9781702044
0.0	-75874.06428348109	4155268.050849835
0.0	-215685.37136887305	4280626.7165645175
0.0	-448028.096340918	4524464.144147376
0.0	-658521.8342428647	4306468.643773795
0.0	-882355.155994036	4810134.041848667
0.0	-5922874.685787439	4688694.799464481
0.0	4844737.8723575305	4364904.505258904
0.0	695596.7433205325	3201265.3953670906
0.0	512654.97179203865	3493860.815076012
0.0	350546.8259592077	3356726.6979475114
0.0	169163.92023111964	3273915.5859845416
0.0	57899.371419392024	3117680.5359778786
0.0	34686.95328421166	3076138.291061517
0.0	29901.14534287253	3081455.5612628493
0.0	24838.520576740117	3068470.175691945
0.0	16776.88007249878	3052697.7556209248
0.0	9721.520681228021	3036252.6033476572
0.0	3685.2082305669715	3021728.4955196828
0.0	1325.021552513337	3015583.4619004666
0.0	284.45248611724713	3013165.6707456135
0.0	70.90779117300677	3012688.6057961048
0.0	-7.572335876606215	3012470.4243745897
0.0	-7.1097205764940075	3012451.930709928
0.0	6.355520901308784	3012454.3259964976
0.0	9.38638987677953	3012455.771379803
0.0	4.4508298340933194	3012456.8866242524
0.0	-4.450829822577116	3012456.886624158
0.0	-9.386389883270033	3012455.771379726
0.0	-6.355520905580572	3012454.3259966276
0.0	7.109720610567594	3012451.930709942
0.0	7.572335898836771	3012470.424374397
0.0	-70.90779126293894	3012688.605796041
0.0	-284.4524860912337	3013165.670745644
0.0	-1325.0215524400119	3015583.4619004186
0.0	-3685.2082305963368	3021728.4955196274
0.0	-9721.520681255432	3036252.6033476046
0.0	-16776.88007247674	3052697.7556209518
0.0	-24838.520576739018	3068470.1756920237
0.0	-29901.145342951106	3081455.5612627957
0.0	-34686.9532843032	3076138.291061635
0.0	-57899.37141922002	3117680.535977849
0.0	-169163.92023103547	3273915.5859844456
0.0	-350546.82595929265	3356726.697947515
0.0	-512654.9717921702	3493860.8150759772
0.0	-695596.7433206681	3201265.3953671646
0.0	-4844737.872357028	4364904.505258991
0.0	3890740.341148933	3982433.316097672
0.0	534029.2157650031	3553594.603383988
0.0	383177.6048983569	3493908.0526099363
0.0	278961.8707001357	3485565.6230011554
0.0	124110.0019826622	3369673.1490073605
0.0	41217.51572861556	3253538.7294793944
0.0	21596.67177668676	3221877.951131714
0.0	19823.61277830851	3219065.415853927
0.0	14323.225161267022	3210690.1091436953
0.0	8847.879736998206	3197119.0083866375
0.0	4745.659703217816	3187843.508846312
0.0	1773.1303781055788	3179927.8797766077
0.0	523.6754711125212	3176762.3014445985
0.0	78.62237119261133	3175606.2410632367
0.0	1.9837100623707422	3175408.1067192745
0.0	-1.3878773594211404	3175390.9407518646
0.0	9.03528138221702	3175395.416211904
0.0	9.703931747297105	3175397.454218511
0.0	6.288191496878849	3175398.9401269285
0.0	2.305096691096714	3175399.778578724
0.0	-2.3050967610766477	3175399.7785787233
0.0	-6.288191526220864	3175398.9401269117
0.0	-9.703931772353382	3175397.454218529
0.0	-9.035281437597046	3175395.41621192
0.0	1.3878772996710467	3175390.940751808
0.0	-1.9837101255098386	3175408.1067192033
0.0	-78.62237122640526	3175606.2410632255
0.0	-523.6754711296205	3176762.3014445743
0.0	-1773.1303781292042	3179927.8797765835
0.0	-4745.659703292016	3187843.5088463095
0.0	-8847.879737045097	3197119.008386657
0.0	-14323.225161298415	3210690.109143718
0.0	-19823.61277840326	3219065.415853971
0.0	-21596.67177686894	3221877.9511318062
0.0	-41217.5157284928	3253538.7294793525
0.0	-124110.00198263378	3369673.149007353
0.0	-278961.8707003149	3485565.6230010972
0.0	-383177.6048985141	3493908.0526099475
0.0	-534029.2157652183	3553594.6033839984
0.0	-3890740.3411486954	3982433.3160977256
0.0	2655934.472867792	3570311.0777230985
0.0	381046.3847992959	2831009.5308829844
0.0	245565.42559475068	2876855.276983307
0.0	164934.0502006482	2862549.078744679
0.0	77141.98476593879	2786306.543818865
0.0	22719.281567982318	2692749.2240250125
0.0	13827.555849120767	2668667.639537978
0.0	10270.66057975196	2664829.6213899045
0.0	6476.726951454094	2654634.363991018
0.0	3558.164800660517	2647379.615705918
0.0	1636.5776139713519	2641914.13505425
0.0	482.18288831192575	2638629.047062538
0.0	108.94564347130549	2637547.707605339
0.0	8.574559203426304	2637248.5885400875
0.0	2.960303641804959	2637226.9874477456
0.0	13.064284744050827	2637230.6799351503
0.0	14.305732044556105	2637233.9620933104
0.0	7.85399797259999	2637235.514958257
0.0	3.3028507219805188	2637236.725894802
0.0	0.9306085741335457	2637237.2855481785
0.0	-0.930608602633679	2637237.285548176
0.0	-3.3028507397084073	2637236.7258948046
0.0	-7.853997978095482	2637235.5149582583
0.0	-14.305732057088042	2637233.962093305
0.0	-13.064284787577677	2637230.679935117
0.0	-2.9603036635248303	2637226.9874477303
0.0	-8.57455921694739	2637248.5885400847
0.0	-108.94564348790502	2637547.7076053345
0.0	-482.1828882936495	2638629.0470625083
0.0	-1636.5776140129542	2641914.1350542186
0.0	-3558.164800684508	2647379.615705914
0.0	-6476.7269514583	2654634.3639910016
0.0	-10270.660579787294	2664829.62138992
0.0	-13827.555849251217	2668667.6395379994
0.0	-22719.28156788447	2692749.2240250153
0.0	-77141.98476591107	2786306.5438187956
0.0	-164934.0502007637	2862549.0787446625
0.0	-245565.42559480623	2876855.276983288
0.0	-381046.3847994387	2831009.5308830105
0.0	-2655934.4728676085	3570311.077723163
0.0	1439676.79769367	3114175.056322499
0.0	234845.95638575958	2594163.52695071
0.0	152999.4705289483	2620249.042049401
0.0	86507.35310478286	2584796.13096977
0.0	40914.63169210362	2538059.425094026
0.0	16285.041596511965	2471223.0280125006
0.0	8268.205633078896	2447686.3441804
0.0	5029.006822522151	2437238.955992779
0.0	2685.0489435324666	2429803.440560621
0.0	1241.7127859228774	2424607.733001674
0.0	431.6327201455384	2421896.1092524235
0.0	73.69591973996441	2420653.9306674427
0.0	3.799742985275625	2420399.3416784233
0.0	2.012638646380095	2420379.8500193297
0.0	12.172231621050821	2420383.4547770675
0.0	13.408328355002645	2420387.531289813
0.0	8.574313812900993	2420391.35072848
0.0	3.261375017959276	2420393.7465790543
0.0	0.9913826750492256	2420395.1971404636
0.0	0.22412353670074295	2420395.774995568
0.0	-0.22412353636757165	2420395.7749955636
0.0	-0.9913826655585285	2420395.1971404725
0.0	-3.261375002017704	2420393.7465790496
0.0	-8.574313802334167	2420391.3507284885
0.0	-13.408328368216074	2420387.531289812
0.0	-12.172231612107206	2420383.4547770764
0.0	-2.0126386361728215	2420379.8500193385
0.0	-3.799742980706008	2420399.3416784336
0.0	-73.69591970730788	2420653.9306674427
0.0	-431.63272015272764	2421896.109252419
0.0	-1241.7127859186135	2424607.733001665
0.0	-2685.0489435161253	2429803.440560603
0.0	-5029.006822523041	2437238.9559927806
0.0	-8268.20563313991	2447686.3441803986
0.0	-16285.041596438245	2471223.028012491
0.0	-40914.63169207245	2538059.425094003
0.0	-86507.35310482777	2584796.13096976
0.0	-152999.47052894806	2620249.042049392
0.0	-234845.95638582134	2594163.5269506853
0.0	-1439676.7976935313	3114175.0563225513
0.0	734628.1776041642	2612299.255764508
0.0	189513.785758731	1605102.7326557953
0.0	87942.79905078781	1577682.7407106033
0.0	44244.88004409068	1776069.86650317
0.0	18885.82750484849	1853491.1170986483
0.0	6157.233523117364	1815462.7639580048
0.0	2730.959495720945	1782845.7678518717
0.0	1587.1253010925393	1769898.375425336
0.0	757.0420107604306	1764558.4548394359
0.0	277.3407830018495	1762659.7173650656
0.0	41.13492273293254	1762200.2101894384
0.0	-11.081388055341076	1762392.262437376
0.0	-3.300035100849831	1762561.8377436216
0.0	6.096229752099862	1762603.0835514932
0.0	10.84889864752586	1762625.689000574
0.0	7.364340866443522	1762659.083912492
0.0	3.3050870084775976	1762690.533736279
0.0	0.9096585349887879	1762710.922123625
0.0	0.20221291774832495	1762720.9919759147
0.0	0.03701588717462114	1762724.6571592384
0.0	-0.03701588870180396	1762724.6571592405
0.0	-0.20221292078815045	1762720.9919759198
0.0	-0.9096585336616285	1762710.922123624
0.0	-3.3050869976227726	1762690.5337362601
0.0	-7.364340877010406	1762659.0839124774
0.0	-10.84889865235427	1762625.6890005777
0.0	-6.096229750560853	1762603.083551501
0.0	3.3000351015349336	1762561.8377436332
0.0	11.081388071267774	1762392.2624373622
0.0	-41.13492274394449	1762200.210189416
0.0	-277.34078300332817	1762659.7173650537
0.0	-757.042010752532	1764558.4548394165
0.0	-1587.1253010994483	1769898.375425326
0.0	-2730.9594957673594	1782845.7678518882
0.0	-6157.233523071345	1815462.7639580315
0.0	-18885.8275048352	1853491.1170985939
0.0	-44244.88004412332	1776069.8665031472
0.0	-87942.79905079982	1577682.7407105998
0.0	-189513.78575878733	1605102.7326557995
0.0	-734628.1776040953	2612299.255764596
