1600
0.0	9.120747036979986e+18	9.120747036982206e+18
0.0	-2.1978681006453737e+18	2.758182814642874e+19
0.0	4.6645060869243616e+17	2.3712629736288956e+19
0.0	-2.0094118197051136e+17	2.3892825863559078e+19
0.0	1.092067269766675e+17	2.2107617578388537e+19
0.0	1.6794056199399632e+16	2.3722755840876683e+19
0.0	-2.468080574045953e+16	2.4735291640304706e+19
0.0	3.787231276585306e+16	2.5173306614766408e+19
0.0	-2.262343798806507e+16	2.527747229261989e+19
0.0	7888005191631312.0	2.5234783030605754e+19
0.0	-7126711424709213.0	2.5227990143986663e+19
0.0	786178338599639.5	2.5223269548903686e+19
0.0	-2322938629206715.0	2.5225325174956216e+19
0.0	273062225490266.06	2.5219050767755465e+19
0.0	-84141226315023.72	2.5218238024118374e+19
0.0	-19146531763857.53	2.52164732541478e+19
0.0	42686612461144.94	2.521660558916486e+19
0.0	-41106957372686.22	2.521675265475e+19
0.0	71671239031566.88	2.521703527511933e+19
0.0	-48769408733595.17	2.5217142937907315e+19
0.0	48769410015911.92	2.521714293790747e+19
0.0	-71671237661876.14	2.521703527511967e+19
0.0	41106958499691.47	2.5216752654750167e+19
0.0	-42686611324274.92	2.5216605589164827e+19
0.0	19146533006504.28	2.5216473254147973e+19
0.0	84141227709543.88	2.521823802411815e+19
0.0	-273062224408699.2	2.521905076775578e+19
0.0	2322938630413086.0	2.5225325174956335e+19
0.0	-786178337405720.2	2.522326954890411e+19
0.0	7126711426191098.0	2.5227990143987368e+19
0.0	-7888005190247530.0	2.5234783030605783e+19
0.0	2.26234379889043e+16	2.5277472292619395e+19
0.0	-3.7872312764327256e+16	2.517330661476614e+19
0.0	2.4680805741868304e+16	2.4735291640304386e+19
0.0	-1.67940561987028e+16	2.372275584087633e+19
0.0	-1.0920672697443818e+17	2.2107617578387747e+19
0.0	2.0094118197105523e+17	2.389282586355582e+19
0.0	-4.664506086907408e+17	2.3712629736285344e+19
0.0	2.1978681006464187e+18	2.7581828146424635e+19
0.0	-9.120747036978145e+18	9.120747036980639e+18
0.0	6.243915077375268e+18	-9.114669529014609e+17
0.0	-2.86178156492859e+18	-4.5346224574572916e+21
0.0	-5.336944366971899e+17	1.0729790511964684e+21
0.0	-6.098056264159534e+17	-1.3626503613680174e+21
0.0	-1.4231737943841754e+17	-8.869943563565282e+19
0.0	-4.9897236507826285e+17	-7.605596584069751e+20
0.0	2.585147595138187e+17	-5.810471235197938e+20
0.0	-1.8676486556927834e+17	-6.379313192930522e+20
0.0	1.0601111177548342e+17	-6.169115701710595e+20
0.0	-4.513988361059352e+16	-6.279141360792679e+20
0.0	2.2085687787389892e+16	-6.239565391134436e+20
0.0	-1383886363397195.0	-6.235125181085816e+20
0.0	-729052039594428.0	-6.256422867457716e+20
0.0	2897644706154117.0	-6.236843841004244e+20
0.0	-1681690382651256.8	-6.24744410424087e+20
0.0	1155452851274502.0	-6.242097435716728e+20
0.0	-330611991181112.06	-6.244484221795998e+20
0.0	393840255734215.8	-6.243463013973243e+20
0.0	-174914604410264.44	-6.244201677454039e+20
0.0	97222075001501.31	-6.243928432412608e+20
0.0	-97222072838571.33	-6.243928432412396e+20
0.0	174914605852627.3	-6.244201677454517e+20
0.0	-393840252122653.8	-6.243463013974116e+20
0.0	330611994582515.25	-6.244484221795529e+20
0.0	-1155452848423401.5	-6.242097435716334e+20
0.0	1681690383634606.0	-6.24744410424067e+20
0.0	-2897644701817803.0	-6.236843841004613e+20
0.0	729052042773712.0	-6.25642286745815e+20
0.0	1383886365957478.5	-6.235125181086229e+20
0.0	-2.208568778688859e+16	-6.239565391134225e+20
0.0	4.513988361219626e+16	-6.279141360792909e+20
0.0	-1.060111117697193e+17	-6.169115701709969e+20
0.0	1.8676486556909248e+17	-6.37931319292966e+20
0.0	-2.5851475951002643e+17	-5.810471235199254e+20
0.0	4.989723650828737e+17	-7.605596584070177e+20
0.0	1.4231737943204378e+17	-8.869943563543511e+19
0.0	6.098056264390876e+17	-1.3626503613678643e+21
0.0	5.336944366988411e+17	1.0729790511965348e+21
0.0	2.8617815649746534e+18	-4.534622457456694e+21
0.0	-6.24391507737573e+18	-9.114669529013764e+17
0.0	-7.454119401491625e+18	4.489385863515994e+17
0.0	3.5041920130541087e+18	1.0492672929614911e+21
0.0	-8.122175126367826e+17	-1.799695192868049e+20
0.0	5.153078187963089e+17	2.1228540063988213e+20
0.0	-8.271327435768641e+17	8.947664101104317e+19
0.0	-8977561506498448.0	1.5422371621296865e+20
0.0	4.3597264381121656e+16	1.7200075709454818e+20
0.0	-5.939405674283949e+16	1.5618338854701394e+20
0.0	3.294837725884033e+16	1.685517034850695e+20
0.0	-1.376405017618942e+16	1.6266037979846374e+20
0.0	1.0776241345953158e+16	1.6546954172559098e+20
0.0	-3767134705457513.5	1.6397128636866334e+20
0.0	4142315804932751.0	1.6464679509519906e+20
0.0	-1120370334002685.6	1.641918781006885e+20
0.0	423222815807481.7	1.642922114202241e+20
0.0	-139490649187668.84	1.6426692768259827e+20
0.0	14663665070172.86	1.6426298035036724e+20
0.0	3486957778622.1484	1.6427252697100563e+20
0.0	-28470780850161.234	1.6426176743735263e+20
0.0	22814973915054.586	1.6426973640863708e+20
0.0	-22814973882852.71	1.6426973640863554e+20
0.0	28470780737840.18	1.6426176743736135e+20
0.0	-3486957784076.8594	1.6427252697100557e+20
0.0	-14663664964994.508	1.6426298035037333e+20
0.0	139490649184611.31	1.6426692768260607e+20
0.0	-423222815784437.6	1.642922114202089e+20
0.0	1120370333979595.4	1.641918781006975e+20
0.0	-4142315805061586.5	1.6464679509519096e+20
0.0	3767134705375954.0	1.63971286368669e+20
0.0	-1.0776241345997144e+16	1.654695417256013e+20
0.0	1.3764050176100304e+16	1.6266037979846486e+20
0.0	-3.294837725877657e+16	1.6855170348505976e+20
0.0	5.939405674301066e+16	1.5618338854702508e+20
0.0	-4.35972643814678e+16	1.720007570945495e+20
0.0	8977561506648224.0	1.5422371621293123e+20
0.0	8.271327435766513e+17	8.947664101105808e+19
0.0	-5.153078187940994e+17	2.1228540063987515e+20
0.0	8.122175126375533e+17	-1.7996951928681526e+20
0.0	-3.5041920130488156e+18	1.0492672929613734e+21
0.0	7.454119401488845e+18	4.4893858635153306e+17
0.0	-6.803320083615578e+18	-7.0225832535396e+16
0.0	9.550603806989704e+17	-1.2449234828315315e+21
0.0	-1.813269338982886e+18	2.0294257388924456e+20
0.0	9.796553886329856e+17	-5.0372488935343535e+20
0.0	-1.5708530259195983e+18	-1.6933701740865382e+20
0.0	1.688909525305854e+17	-3.9956678863897775e+20
0.0	1.563412329076619e+17	-3.820197254604439e+20
0.0	-1.608945713089138e+17	-3.700222243249741e+20
0.0	8.981841186152528e+16	-3.7865676889440426e+20
0.0	-3.288162173775174e+16	-3.7591741496380234e+20
0.0	3.210541330114055e+16	-3.7727200048855954e+20
0.0	-9674365640935444.0	-3.758887555881893e+20
0.0	1.5943595532934192e+16	-3.7713528247507124e+20
0.0	-3612283175614734.5	-3.76110408042244e+20
0.0	1483024033174408.8	-3.7654894986809626e+20
0.0	-629479618707020.6	-3.763421345295171e+20
0.0	-30866096046433.25	-3.7642760864037464e+20
0.0	-47641861091500.69	-3.763947676426092e+20
0.0	-138248390462888.28	-3.76417730060747e+20
0.0	113840721252608.38	-3.764106470766606e+20
0.0	-113840721341405.03	-3.7641064707665854e+20
0.0	138248390119161.12	-3.764177300607671e+20
0.0	47641861129904.81	-3.7639476764260853e+20
0.0	30866096467414.375	-3.764276086403681e+20
0.0	629479618480703.4	-3.763421345295241e+20
0.0	-1483024033355641.2	-3.765489498680707e+20
0.0	3612283175797069.0	-3.761104080422576e+20
0.0	-1.5943595533108544e+16	-3.771352824750607e+20
0.0	9674365641055860.0	-3.758887555881924e+20
0.0	-3.210541330165339e+16	-3.772720004885685e+20
0.0	3.2881621737509628e+16	-3.7591741496381315e+20
0.0	-8.98184118610761e+16	-3.786567688943942e+20
0.0	1.6089457130897786e+17	-3.700222243249712e+20
0.0	-1.563412329085105e+17	-3.82019725460457e+20
0.0	-1.688909525299067e+17	-3.995667886389238e+20
0.0	1.5708530259188518e+18	-1.6933701740865415e+20
0.0	-9.79655388631832e+17	-5.0372488935342224e+20
0.0	1.81326933898334e+18	2.029425738892575e+20
0.0	-9.550603806977344e+17	-1.2449234828315114e+21
0.0	6.803320083612737e+18	-7.022583253543583e+16
0.0	-2.3888417701965614e+18	2.2482329918569372e+16
0.0	4.784905809835112e+18	-6.281169102820396e+19
0.0	-1.3121096426260636e+18	7.948431053123889e+19
0.0	8.329543158390319e+17	-1.5652753576476357e+20
0.0	-9.354044970079854e+17	4.716097128055538e+18
0.0	1.4567201024406752e+17	-1.0641093297075637e+20
0.0	5.187609030181086e+16	-8.370651037463095e+19
0.0	-9.077572709758486e+16	-8.808774983553255e+19
0.0	4.581978093238827e+16	-8.375948186636858e+19
0.0	-1.7176212722381028e+16	-8.657148253309182e+19
0.0	1.4737180159656904e+16	-8.519128021036694e+19
0.0	-7346428234243885.0	-8.553263804705364e+19
0.0	1.1492860978373144e+16	-8.606875857300092e+19
0.0	-2989222165576453.0	-8.561815938314232e+19
0.0	1296039572952141.5	-8.59011652458428e+19
0.0	-596072432270796.0	-8.575833541756861e+19
0.0	21762227263489.812	-8.58250569033461e+19
0.0	-70057947747858.81	-8.57947431850013e+19
0.0	-103582772049107.75	-8.581637633955729e+19
0.0	90483489777078.56	-8.580763859492558e+19
0.0	-90483489759679.25	-8.580763859492404e+19
0.0	103582771902567.72	-8.581637633956743e+19
0.0	70057947712777.625	-8.579474318501937e+19
0.0	-21762226770916.375	-8.582505690333418e+19
0.0	596072431917957.6	-8.575833541755114e+19
0.0	-1296039572895361.8	-8.59011652458386e+19
0.0	2989222165526321.0	-8.561815938314686e+19
0.0	-1.1492860978586342e+16	-8.606875857300775e+19
0.0	7346428234559194.0	-8.553263804705507e+19
0.0	-1.473718015980098e+16	-8.519128021035722e+19
0.0	1.7176212722329948e+16	-8.657148253309413e+19
0.0	-4.581978093233445e+16	-8.37594818663656e+19
0.0	9.077572709804509e+16	-8.808774983551022e+19
0.0	-5.187609030292499e+16	-8.370651037464212e+19
0.0	-1.456720102434832e+17	-1.0641093297077577e+20
0.0	9.354044970096951e+17	4.716097128097055e+18
0.0	-8.329543158397755e+17	-1.565275357647453e+20
0.0	1.3121096426273544e+18	7.948431053124701e+19
0.0	-4.784905809835346e+18	-6.2811691028297155e+19
0.0	2.388841770195358e+18	2.248232991854793e+16
0.0	-1.4013915394575757e+18	-161754805960816.5
0.0	1.0737619022994604e+19	-5.555096460121468e+20
0.0	-2.2482482637992873e+18	1.2348010179224538e+20
0.0	7.63095233943269e+17	-3.293768667652128e+20
0.0	-4.822143473237107e+17	-9.311019236001677e+19
0.0	-2.382965679417779e+16	-2.2930620447477655e+20
0.0	6.327757783617653e+16	-2.161133569990208e+20
0.0	-9.135347086673386e+16	-2.1139777344781484e+20
0.0	6.091712149158776e+16	-2.1574832357213844e+20
0.0	-2.0146295163113016e+16	-2.157773520355941e+20
0.0	1.874949140508495e+16	-2.156582319834063e+20
0.0	-1755834388739952.5	-2.1539596769169146e+20
0.0	7495215622715669.0	-2.1619081866156615e+20
0.0	-630915349777429.5	-2.1544685352654602e+20
0.0	95787439392032.0	-2.1577546963921633e+20
0.0	13771562099297.375	-2.1562079083198533e+20
0.0	-173787819899319.97	-2.156877327243112e+20
0.0	61453394068077.22	-2.1565922626142457e+20
0.0	-213326305269445.53	-2.1567928060880968e+20
0.0	153734870164969.4	-2.156734181225755e+20
0.0	-153734870964752.06	-2.1567341812257928e+20
0.0	213326304443020.94	-2.1567928060882066e+20
0.0	-61453394526181.5	-2.1565922626142588e+20
0.0	173787819320200.62	-2.156877327243076e+20
0.0	-13771562681620.0	-2.156207908319864e+20
0.0	-95787440350605.0	-2.1577546963919962e+20
0.0	630915349372143.8	-2.1544685352656185e+20
0.0	-7495215623225114.0	-2.1619081866155816e+20
0.0	1755834387994805.5	-2.1539596769169185e+20
0.0	-1.8749491406055496e+16	-2.1565823198341615e+20
0.0	2.0146295162290504e+16	-2.1577735203559742e+20
0.0	-6.091712149174991e+16	-2.157483235721296e+20
0.0	9.135347086553242e+16	-2.113977734478241e+20
0.0	-6.327757783665416e+16	-2.1611335699903696e+20
0.0	2.382965679384075e+16	-2.2930620447474673e+20
0.0	4.82214347323134e+17	-9.31101923600073e+19
0.0	-7.630952339424358e+17	-3.293768667651817e+20
0.0	2.2482482638010988e+18	1.2348010179225662e+20
0.0	-1.0737619022994657e+19	-5.555096460122244e+20
0.0	1.4013915394574277e+18	-161754805979216.0
0.0	-3.0470335207519877e+18	3169227987889908.0
0.0	1.4271638352785795e+19	-3.528847805381201e+20
0.0	-3.0613395536753055e+18	1.1886849500082746e+20
0.0	8.668776850797404e+17	-2.7162635477063598e+20
0.0	-3.502285680605073e+17	-6.156089085729043e+19
0.0	-1.1204752428063544e+17	-1.8675252189755887e+20
0.0	8.706874409594502e+16	-1.714769480659235e+20
0.0	-1.2884721785372669e+17	-1.6865963830427402e+20
0.0	8.147751201579811e+16	-1.7074042394878237e+20
0.0	-2.78569206509208e+16	-1.7143505730342964e+20
0.0	2.590637943392237e+16	-1.7058625692074138e+20
0.0	559454607804837.25	-1.7060298183695237e+20
0.0	7544180798146262.0	-1.7124062950221172e+20
0.0	363823156407113.0	-1.7061455188765514e+20
0.0	-331801939366867.1	-1.709058104915124e+20
0.0	381174260155428.0	-1.7077146084120222e+20
0.0	-183065116704157.12	-1.7082801363403463e+20
0.0	213214368944436.7	-1.708047721906154e+20
0.0	-292321633255313.5	-1.708250601827463e+20
0.0	200809297689439.5	-1.7081857713210917e+20
0.0	-200809297773126.7	-1.7081857713210858e+20
0.0	292321633053909.5	-1.708250601827532e+20
0.0	-213214368559189.06	-1.7080477219062143e+20
0.0	183065116877877.12	-1.7082801363402765e+20
0.0	-381174259949532.9	-1.7077146084120258e+20
0.0	331801938918872.5	-1.709058104915011e+20
0.0	-363823155809903.0	-1.706145518876649e+20
0.0	-7544180797778762.0	-1.712406295022129e+20
0.0	-559454607902110.75	-1.7060298183695873e+20
0.0	-2.5906379434448e+16	-1.7058625692074767e+20
0.0	2.785692065077742e+16	-1.7143505730342896e+20
0.0	-8.14775120147716e+16	-1.70740423948772e+20
0.0	1.2884721785285214e+17	-1.6865963830427514e+20
0.0	-8.706874409535674e+16	-1.7147694806593546e+20
0.0	1.1204752428115424e+17	-1.8675252189755058e+20
0.0	3.502285680584769e+17	-6.1560890857270395e+19
0.0	-8.668776850767642e+17	-2.7162635477060465e+20
0.0	3.061339553676414e+18	1.1886849500083747e+20
0.0	-1.427163835278379e+19	-3.5288478053820426e+20
0.0	3.0470335207521464e+18	3169227987890601.0
0.0	-4.3305901842846495e+18	-6237959803382986.0
0.0	1.5832821114735243e+19	-3.2052096302142076e+20
0.0	-3.493574440833583e+18	9.0725445758226e+19
0.0	9.271389781073692e+17	-2.2050612820449893e+20
0.0	-3.461017535488927e+17	-5.36948552782421e+19
0.0	-1.318049887253142e+17	-1.5272858355931736e+20
0.0	1.161211356675359e+17	-1.4055045990802049e+20
0.0	-1.474350039211671e+17	-1.3790224005059795e+20
0.0	1.014689415906415e+17	-1.4052067322654646e+20
0.0	-3.1813094656965184e+16	-1.4092733874419191e+20
0.0	3.0739959285123356e+16	-1.4043608969404701e+20
0.0	374057592957553.5	-1.403274008410905e+20
0.0	7481129591010617.0	-1.4083390609995225e+20
0.0	272966885666618.0	-1.4031180184973595e+20
0.0	-364569133683746.0	-1.4053655128929524e+20
0.0	474469521897345.75	-1.4043312156005525e+20
0.0	-208955431245714.28	-1.4047518167141522e+20
0.0	261234381010016.25	-1.4045914575030636e+20
0.0	-332440046736162.75	-1.4047662509093444e+20
0.0	224290332329235.75	-1.4047116977785789e+20
0.0	-224290333031187.84	-1.4047116977785956e+20
0.0	332440045759961.6	-1.4047662509094257e+20
0.0	-261234381128949.44	-1.4045914575030955e+20
0.0	208955430873062.97	-1.4047518167141194e+20
0.0	-474469522400486.0	-1.4043312156005679e+20
0.0	364569132487765.0	-1.4053655128928597e+20
0.0	-272966885533952.0	-1.4031180184974436e+20
0.0	-7481129591248676.0	-1.4083390609994868e+20
0.0	-374057593637776.75	-1.4032740084109217e+20
0.0	-3.0739959286462788e+16	-1.4043608969404886e+20
0.0	3.1813094656053356e+16	-1.4092733874419325e+20
0.0	-1.0146894159010787e+17	-1.4052067322654199e+20
0.0	1.4743500391944954e+17	-1.379022400505936e+20
0.0	-1.1612113566736042e+17	-1.4055045990803197e+20
0.0	1.3180498872530803e+17	-1.5272858355930694e+20
0.0	3.461017535453993e+17	-5.369485527823455e+19
0.0	-9.271389781042698e+17	-2.2050612820448906e+20
0.0	3.493574440834734e+18	9.072544575823187e+19
0.0	-1.5832821114734076e+19	-3.2052096302146454e+20
0.0	4.3305901842846536e+18	-6237959803385960.0
0.0	-4.5686753056642883e+18	3745931076961471.5
0.0	1.6202086576441037e+19	-2.3680779638651604e+20
0.0	-3.6742788994389304e+18	7.838490528181328e+19
0.0	9.834220527958989e+17	-1.7909092672481047e+20
0.0	-4.337013023073667e+17	-3.884187483764908e+19
0.0	-1.4988768969674144e+17	-1.2364929435463598e+20
0.0	1.1096417652471984e+17	-1.1249652770983975e+20
0.0	-1.6817168131195904e+17	-1.114463546487465e+20
0.0	1.0323681782368522e+17	-1.1279328437774746e+20
0.0	-3.5823891709764904e+16	-1.1355847487492529e+20
0.0	3.1354612534432564e+16	-1.1297469088310437e+20
0.0	-751936317184523.2	-1.1290280493917913e+20
0.0	8210364374053040.0	-1.1332304535021624e+20
0.0	38047543550013.5	-1.1290105870884264e+20
0.0	-376657721167185.75	-1.1309447537817577e+20
0.0	427850184943395.25	-1.1300132554647146e+20
0.0	-204251010148078.62	-1.1303529458238086e+20
0.0	285583540956582.0	-1.1302218851980195e+20
0.0	-331007208816624.94	-1.1303671737801821e+20
0.0	225615126780300.06	-1.1303161887469501e+20
0.0	-225615126890300.8	-1.1303161887469381e+20
0.0	331007208397169.75	-1.1303671737802339e+20
0.0	-285583540457771.56	-1.1302218851981024e+20
0.0	204251010427663.56	-1.1303529458237987e+20
0.0	-427850184841050.5	-1.1300132554647346e+20
0.0	376657720635797.75	-1.1309447537817199e+20
0.0	-38047542843654.5	-1.1290105870884862e+20
0.0	-8210364373704097.0	-1.1332304535021727e+20
0.0	751936317126358.0	-1.129028049391841e+20
0.0	-3.1354612535120424e+16	-1.1297469088310595e+20
0.0	3.582389170950828e+16	-1.1355847487492966e+20
0.0	-1.0323681782249368e+17	-1.1279328437774575e+20
0.0	1.6817168131081555e+17	-1.1144635464873925e+20
0.0	-1.1096417652402838e+17	-1.1249652770984647e+20
0.0	1.498876896973072e+17	-1.2364929435462753e+20
0.0	4.3370130230424064e+17	-3.88418748376401e+19
0.0	-9.834220527921155e+17	-1.7909092672480448e+20
0.0	3.6742788994402217e+18	7.838490528181953e+19
0.0	-1.6202086576438522e+19	-2.3680779638654173e+20
0.0	4.568675305664191e+18	3745931076941707.5
0.0	-4.2195062477414287e+18	-1253973302277944.5
0.0	1.5152742162945204e+19	-1.756673647612119e+20
0.0	-3.456699624519408e+18	5.744867974977806e+19
0.0	9.398058964505244e+17	-1.3427355975837742e+20
0.0	-4.276780050810744e+17	-2.952199119368433e+19
0.0	-1.3456698540676189e+17	-9.33179533686609e+19
0.0	1.0479284729011146e+17	-8.484351592779735e+19
0.0	-1.59786142465414e+17	-8.409583538565872e+19
0.0	9.774788891345683e+16	-8.519851250296573e+19
0.0	-3.1686129447666936e+16	-8.570817094362277e+19
0.0	3.0408875587091816e+16	-8.525942374839828e+19
0.0	-409034949257381.9	-8.52143721706879e+19
0.0	8412872713806826.0	-8.55124066291158e+19
0.0	53309776003896.0	-8.51945341359024e+19
0.0	-342595328218689.5	-8.534208693757837e+19
0.0	334030918424745.1	-8.527026026486168e+19
0.0	-209873296142015.5	-8.52975219690065e+19
0.0	251120175941264.0	-8.528806134483124e+19
0.0	-331261737229987.56	-8.529907742424262e+19
0.0	204347289532624.38	-8.529512024899987e+19
0.0	-204347289623625.62	-8.529512024899761e+19
0.0	331261736788441.75	-8.529907742424706e+19
0.0	-251120175455968.94	-8.528806134483712e+19
0.0	209873296425918.12	-8.529752196900567e+19
0.0	-334030918377072.1	-8.527026026486166e+19
0.0	342595327729543.75	-8.534208693757533e+19
0.0	-53309775331007.0	-8.519453413590761e+19
0.0	-8412872713520914.0	-8.551240662911618e+19
0.0	409034949185538.25	-8.521437217069335e+19
0.0	-3.040887558776337e+16	-8.525942374839994e+19
0.0	3.168612944738698e+16	-8.570817094362628e+19
0.0	-9.774788891239453e+16	-8.519851250296373e+19
0.0	1.597861424643328e+17	-8.40958353856531e+19
0.0	-1.0479284728950107e+17	-8.484351592780164e+19
0.0	1.3456698540728122e+17	-9.331795336865554e+19
0.0	4.276780050782472e+17	-2.952199119367815e+19
0.0	-9.398058964470796e+17	-1.3427355975837385e+20
0.0	3.45669962452067e+18	5.7448679749782585e+19
0.0	-1.5152742162942968e+19	-1.7566736476123306e+20
0.0	4.2195062477412086e+18	-1253973302288314.0
0.0	-3.6618235377759396e+18	962111190333011.1
0.0	1.3485219029258113e+19	-1.1449096836291743e+20
0.0	-3.1047682702759987e+18	4.127191879368018e+19
0.0	8.584073357748963e+17	-9.403465967236851e+19
0.0	-4.1083264892018963e+17	-1.9070479933971644e+19
0.0	-1.1432153464770462e+17	-6.496609952298477e+19
0.0	9.25353909847393e+16	-5.842053882669141e+19
0.0	-1.4435686865957834e+17	-5.82149152933542e+19
0.0	8.779950628337629e+16	-5.873333703320885e+19
0.0	-2.841416781248697e+16	-5.920403193484401e+19
0.0	2.6730824612871816e+16	-5.884661413124784e+19
0.0	-768278442584886.5	-5.883911250709899e+19
0.0	7753744392458874.0	-5.904171280905856e+19
0.0	-65081703283336.0	-5.8822516892415525e+19
0.0	-149429960372135.38	-5.892811789893635e+19
0.0	296686033660184.5	-5.887781055108027e+19
0.0	-155198267281801.2	-5.8897985989016715e+19
0.0	225751846193699.06	-5.8890793453184156e+19
0.0	-292825011447232.9	-5.889880405861368e+19
0.0	186716298588609.62	-5.889576216014306e+19
0.0	-186716298424745.22	-5.88957621601423e+19
0.0	292825011315485.3	-5.889880405861646e+19
0.0	-225751845579134.9	-5.889079345318769e+19
0.0	155198267765597.16	-5.8897985989015405e+19
0.0	-296686033384214.4	-5.887781055108114e+19
0.0	149429960132235.75	-5.8928117898933854e+19
0.0	65081704161685.5	-5.882251689241893e+19
0.0	-7753744391978287.0	-5.904171280905986e+19
0.0	768278442776469.5	-5.883911250710137e+19
0.0	-2.6730824613202628e+16	-5.884661413125012e+19
0.0	2.841416781250087e+16	-5.920403193484753e+19
0.0	-8.779950628217264e+16	-5.873333703320832e+19
0.0	1.443568686589514e+17	-5.8214915293349315e+19
0.0	-9.253539098398984e+16	-5.842053882669469e+19
0.0	1.1432153464846688e+17	-6.4966099522981855e+19
0.0	4.10832648917915e+17	-1.9070479933966836e+19
0.0	-8.584073357716819e+17	-9.40346596723672e+19
0.0	3.104768270277148e+18	4.127191879368394e+19
0.0	-1.348521902925579e+19	-1.1449096836293368e+20
0.0	3.661823537775677e+18	962111190314740.5
0.0	-2.968316555067054e+18	-90924662513175.25
0.0	1.1089443979439038e+19	-6.61643195504522e+19
0.0	-2.5770480456489836e+18	2.6230086310026686e+19
0.0	7.205225723466075e+17	-5.930759181600885e+19
0.0	-3.5712435537226726e+17	-1.1212504785637638e+19
0.0	-9.09252819462908e+16	-4.099283659197073e+19
0.0	7.644473213387912e+16	-3.6579427909343617e+19
0.0	-1.2015719201219971e+17	-3.6591237429209514e+19
0.0	7.291966565467011e+16	-3.6765998632070193e+19
0.0	-2.3449600517729548e+16	-3.714128772046856e+19
0.0	2.2232590270167416e+16	-3.688330907283342e+19
0.0	-559218269892888.3	-3.688860890988276e+19
0.0	6601482769631200.0	-3.701495567954583e+19
0.0	-84461415417495.75	-3.6874622336022823e+19
0.0	-66679865362365.625	-3.694257471793329e+19
0.0	205128747302165.88	-3.691000062230084e+19
0.0	-139065092199543.42	-3.692286625998136e+19
0.0	166694658381980.22	-3.691796834102449e+19
0.0	-245595796584129.06	-3.692328514062689e+19
0.0	154993656810726.1	-3.692123813927711e+19
0.0	-154993656231604.9	-3.692123813927707e+19
0.0	245595796989093.3	-3.692328514062997e+19
0.0	-166694657419283.0	-3.691796834102634e+19
0.0	139065093019024.27	-3.692286625998139e+19
0.0	-205128746624679.12	-3.691000062230074e+19
0.0	66679865682950.625	-3.694257471793226e+19
0.0	84461416651045.0	-3.6874622336025244e+19
0.0	-6601482768752882.0	-3.701495567954572e+19
0.0	559218270594256.7	-3.688860890988369e+19
0.0	-2.2232590269983064e+16	-3.6883309072834044e+19
0.0	2.3449600518182524e+16	-3.714128772046984e+19
0.0	-7.291966565317218e+16	-3.6765998632068043e+19
0.0	1.2015719201214432e+17	-3.6591237429208007e+19
0.0	-7.644473213282573e+16	-3.657942790934574e+19
0.0	9.092528194740422e+16	-4.099283659196952e+19
0.0	3.5712435537075046e+17	-1.1212504785634083e+19
0.0	-7.205225723434437e+17	-5.930759181600563e+19
0.0	2.577048045649697e+18	2.6230086310028964e+19
0.0	-1.1089443979436857e+19	-6.6164319550466195e+19
0.0	2.9683165550668564e+18	-90924662527403.86
0.0	-2.170367450704174e+18	196435995611054.94
0.0	8.262605782854463e+18	-3.1067250509251674e+19
0.0	-1.9414355469359788e+18	1.477776785564371e+19
0.0	5.5263648867806995e+17	-3.262909752820517e+19
0.0	-2.826904140348828e+17	-5.375873862391767e+18
0.0	-6.422523503982021e+16	-2.248946083917967e+19
0.0	5.680957398527491e+16	-1.978499373074023e+19
0.0	-9.067124125070442e+16	-1.994268094882988e+19
0.0	5.477224713092181e+16	-1.9910222306400416e+19
0.0	-1.7285296912215748e+16	-2.0180427220065018e+19
0.0	1.6873803690281354e+16	-2.0005170495393604e+19
0.0	-370612643526607.8	-2.001958683899356e+19
0.0	5193859145847310.0	-2.0089509341779116e+19
0.0	-138812292107558.75	-2.0012452613932286e+19
0.0	-6184362651615.625	-2.005153499736616e+19
0.0	146656379289617.12	-2.0032918722727973e+19
0.0	-103269152996220.44	-2.004048009148371e+19
0.0	117903920633060.34	-2.0037644017585373e+19
0.0	-178004031491849.25	-2.0040813897780675e+19
0.0	116831407863232.84	-2.0039581473413784e+19
0.0	-116831407823151.69	-2.003958147341353e+19
0.0	178004031396738.2	-2.0040813897781785e+19
0.0	-117903920300790.66	-2.00376440175858e+19
0.0	103269153230694.22	-2.004048009148421e+19
0.0	-146656379148746.38	-2.003291872272926e+19
0.0	6184362536149.125	-2.0051534997365522e+19
0.0	138812292608336.0	-2.001245261393322e+19
0.0	-5193859145582332.0	-2.0089509341779055e+19
0.0	370612643624738.7	-2.0019586838993883e+19
0.0	-1.6873803690561552e+16	-2.0005170495394214e+19
0.0	1.7285296912190386e+16	-2.018042722006566e+19
0.0	-5.47722471302219e+16	-1.9910222306399797e+19
0.0	9.067124125027946e+16	-1.9942680948828422e+19
0.0	-5.68095739848796e+16	-1.9784993730741633e+19
0.0	6.422523504021997e+16	-2.2489460839179416e+19
0.0	2.826904140335531e+17	-5.375873862390323e+18
0.0	-5.526364886761916e+17	-3.262909752820445e+19
0.0	1.9414355469366533e+18	1.4777767855645067e+19
0.0	-8.262605782853241e+18	-3.1067250509258965e+19
0.0	2.1703674507040113e+18	196435995606257.75
0.0	-1.3681686477945705e+18	-18199542703521.227
0.0	5.3375422218803e+18	-9.601339466049298e+18
0.0	-1.2722817285962337e+18	6.748628228651046e+18
0.0	3.688067576822962e+17	-1.439270391541031e+19
0.0	-1.972645357411857e+17	-1.7483809439261716e+18
0.0	-3.82431879085284e+16	-9.856079444141206e+18
0.0	3.604992637436102e+16	-8.453013818821261e+18
0.0	-5.922598889183423e+16	-8.638239499345998e+18
0.0	3.549428790593934e+16	-8.52452566774273e+18
0.0	-1.0997844871704892e+16	-8.696036768114954e+18
0.0	1.0952397751844528e+16	-8.59492782373488e+18
0.0	-262989419483183.9	-8.609865345418758e+18
0.0	3521038544308161.0	-8.64036463380668e+18
0.0	-182064670616138.0	-8.606539056737182e+18
0.0	32805915682600.188	-8.624832359871738e+18
0.0	73187253688105.81	-8.615973918487994e+18
0.0	-69673100161935.93	-8.619603504320987e+18
0.0	67273042914390.91	-8.618181142159688e+18
0.0	-115050343130659.62	-8.619738326970606e+18
0.0	73968074609657.66	-8.619100063088095e+18
0.0	-73968074600165.22	-8.619100063088071e+18
0.0	115050343076761.94	-8.619738326971484e+18
0.0	-67273042662571.19	-8.618181142159692e+18
0.0	69673100318428.17	-8.619603504321626e+18
0.0	-73187253591315.94	-8.6159739184873e+18
0.0	-32805915773154.25	-8.624832359871338e+18
0.0	182064670907136.5	-8.606539056737411e+18
0.0	-3521038544126921.5	-8.640364633806742e+18
0.0	262989419588954.84	-8.609865345418533e+18
0.0	-1.0952397751987084e+16	-8.594927823735118e+18
0.0	1.0997844871670398e+16	-8.696036768114811e+18
0.0	-3.5494287905480264e+16	-8.524525667741993e+18
0.0	5.922598889154873e+16	-8.638239499345691e+18
0.0	-3.604992637416851e+16	-8.453013818821409e+18
0.0	3.824318790886039e+16	-9.856079444141453e+18
0.0	1.9726453574043792e+17	-1.7483809439252e+18
0.0	-3.688067576811569e+17	-1.439270391540953e+19
0.0	1.2722817285966958e+18	6.748628228651493e+18
0.0	-5.337542221879666e+18	-9.601339466052477e+18
0.0	1.3681686477944934e+18	-18199542705542.473
0.0	-6.972832298977028e+17	4243630214378.99
0.0	2.826194621136505e+18	-3.510957756437586e+17
0.0	-6.878064402437468e+17	2.230433923818897e+18
0.0	2.0272711852522058e+17	-4.4375481836277207e+18
0.0	-1.147135314464375e+17	-1.500171263256571e+17
0.0	-1.7433884208572752e+16	-3.0045989280966303e+18
0.0	1.848056984606623e+16	-2.438281547794409e+18
0.0	-3.1465014530142296e+16	-2.5691267957962225e+18
0.0	1.867924730524714e+16	-2.4710882440920305e+18
0.0	-5589786887432542.0	-2.557361733228767e+18
0.0	5783256287607999.0	-2.510792466686884e+18
0.0	-175582511618902.75	-2.521158010888243e+18
0.0	1992611092945163.0	-2.5303449341533363e+18
0.0	-158463841265371.88	-2.5199100735570657e+18
0.0	51171508740941.22	-2.526227698205767e+18
0.0	21577230177085.28	-2.523123593939104e+18
0.0	-33842720824721.586	-2.5244441452056924e+18
0.0	29551144963527.297	-2.523913939625377e+18
0.0	-58498023651895.2	-2.524502746041829e+18
0.0	38117870942054.484	-2.5242480389382753e+18
0.0	-38117870972682.086	-2.5242480389382144e+18
0.0	58498023590240.625	-2.524502746041916e+18
0.0	-29551144892073.33	-2.5239139396254577e+18
0.0	33842720867401.664	-2.5244441452056735e+18
0.0	-21577230166223.844	-2.52312359393911e+18
0.0	-51171508819409.66	-2.5262276982057226e+18
0.0	158463841375402.94	-2.5199100735571343e+18
0.0	-1992611092897287.5	-2.530344934153271e+18
0.0	175582511620129.88	-2.5211580108881193e+18
0.0	-5783256287717513.0	-2.5107924666869535e+18
0.0	5589786887376255.0	-2.5573617332288333e+18
0.0	-1.8679247305063476e+16	-2.471088244091982e+18
0.0	3.1465014529972704e+16	-2.569126795795929e+18
0.0	-1.848056984599192e+16	-2.4382815477946885e+18
0.0	1.7433884208672392e+16	-3.0045989280969257e+18
0.0	1.1471353144606237e+17	-1.5001712632526285e+17
0.0	-2.0272711852469542e+17	-4.437548183627481e+18
0.0	6.878064402440285e+17	2.2304339238190692e+18
0.0	-2.8261946211362427e+18	-3.51095775645397e+17
0.0	6.97283229897656e+17	4243630211436.3784
0.0	-2.510919364255792e+17	-644087783487.6765
0.0	1.0890920550928366e+18	1.2003459658509855e+18
0.0	-2.7316982803437648e+17	3.890198434551707e+17
0.0	8.122152320458758e+16	-6.3546588349619e+17
0.0	-4.933407955943317e+16	1.6445870652455245e+17
0.0	-4568372975989780.0	-4.136021275779208e+17
0.0	6501510122896486.0	-2.6870524544129e+17
0.0	-1.188334655764368e+16	-3.2288826301251994e+17
0.0	6893632901463716.0	-2.7862074710132224e+17
0.0	-1917167617522238.0	-3.068563944820403e+17
0.0	2146961664185418.2	-2.9286246990454554e+17
0.0	-93806163315111.11	-2.971168907183867e+17
0.0	836928127304218.8	-2.983068190153421e+17
0.0	-108316316617950.28	-2.96815317323398e+17
0.0	39424172414559.29	-2.980516379469025e+17
0.0	-6692838531103.82	-2.974270822938994e+17
0.0	-12455309724553.75	-2.977078569699533e+17
0.0	6062507042879.344	-2.975880795776552e+17
0.0	-20480216091122.164	-2.9772277999977446e+17
0.0	13215135183651.465	-2.9765802130287885e+17
0.0	-13215135191631.492	-2.976580213028712e+17
0.0	20480216062274.785	-2.977227799997718e+17
0.0	-6062507022517.055	-2.975880795776589e+17
0.0	12455309746991.61	-2.977078569699242e+17
0.0	6692838531145.6875	-2.974270822939103e+17
0.0	-39424172440715.984	-2.98051637946922e+17
0.0	108316316652932.0	-2.9681531732340954e+17
0.0	-836928127296308.2	-2.98306819015339e+17
0.0	93806163319980.47	-2.9711689071834125e+17
0.0	-2146961664217192.8	-2.9286246990452544e+17
0.0	1917167617505570.5	-3.068563944820607e+17
0.0	-6893632901405300.0	-2.786207471013262e+17
0.0	1.1883346557591098e+16	-3.228882630123912e+17
0.0	-6501510122881912.0	-2.6870524544137203e+17
0.0	4568372976028536.0	-4.136021275781462e+17
0.0	4.933407955934466e+16	1.6445870652472314e+17
0.0	-8.122152320443867e+16	-6.35465883496109e+17
0.0	2.731698280345188e+17	3.890198434552167e+17
0.0	-1.0890920550928108e+18	1.200345965850539e+18
0.0	2.5109193642555974e+17	-644087784130.1057
0.0	-3.563769671999811e+16	-31041052438.200134
0.0	1.9977181879683053e+17	2.775691039110777e+17
0.0	-5.333804141745065e+16	6721336618103544.0
0.0	1.4694235841309412e+16	1.6125676370054192e+16
0.0	-1.02885125351924e+16	4.05209327831687e+16
0.0	617069532344978.2	1.4250484205213728e+16
0.0	630758144286615.8	2.6125366478059184e+16
0.0	-1733148396384508.0	1.883598535960186e+16
0.0	884380709065531.6	2.510311522516177e+16
0.0	-145739527337486.94	2.193777906701724e+16
0.0	284373829710487.4	2.3374331854562588e+16
0.0	-31043349355802.043	2.2805458288678244e+16
0.0	179036657798515.06	2.2868024897546252e+16
0.0	-48490920060839.61	2.2826109936078132e+16
0.0	20183629308010.125	2.277771425212177e+16
0.0	-10425782858896.895	2.280562837751205e+16
0.0	-1248856985866.9019	2.2790401726459736e+16
0.0	-2361194105365.115	2.2798204367377852e+16
0.0	-1766477963011.9712	2.278933105663971e+16
0.0	1151266441321.3557	2.279454961524833e+16
0.0	-1151266441587.7437	2.279454961524713e+16
0.0	1766477960534.0073	2.278933105664484e+16
0.0	2361194103941.4766	2.279820436737984e+16
0.0	1248856992609.769	2.2790401726465296e+16
0.0	10425782857444.773	2.2805628377510876e+16
0.0	-20183629307967.055	2.2777714252115676e+16
0.0	48490920061601.6	2.2826109936078976e+16
0.0	-179036657803143.2	2.2868024897547532e+16
0.0	31043349357972.184	2.2805458288688884e+16
0.0	-284373829710126.75	2.337433185457135e+16
0.0	145739527335538.88	2.193777906701854e+16
0.0	-884380709062369.9	2.5103115225157916e+16
0.0	1733148396385481.5	1.8835985359615656e+16
0.0	-630758144291632.9	2.612536647805098e+16
0.0	-617069532341174.2	1.4250484205187192e+16
0.0	1.0288512535214162e+16	4.052093278319904e+16
0.0	-1.469423584132111e+16	1.612567637006048e+16
0.0	5.333804141749048e+16	6721336618108224.0
0.0	-1.9977181879685114e+17	2.7756910391102077e+17
0.0	3.563769671999184e+16	-31041052605.763824
0.0	2.2129022582282696e+16	-54082449394.99395
0.0	-7.229043566129629e+16	-3.641395232031759e+16
0.0	1.8245157742702932e+16	4937197734047193.0
0.0	-7416165895943732.0	-1.2655930139006414e+16
0.0	4316995686673761.5	-5554606668659012.0
0.0	1190710137829619.5	-9043540224338810.0
0.0	-875709457874092.9	-9196634254941348.0
0.0	1265824580461632.0	-8590392520437934.0
0.0	-814242186535385.2	-9146203724391816.0
0.0	287409150833882.6	-8951798198382780.0
0.0	-248565063598683.47	-9022802806727576.0
0.0	-735252059484.1543	-8975514298409533.0
0.0	-55756555884332.68	-9005208776832952.0
0.0	-7983533896285.121	-8975245308674548.0
0.0	4471367587280.512	-8984111033880460.0
0.0	-4974127137307.6	-8980286781412800.0
0.0	1662561207251.6167	-8981484006816004.0
0.0	-2635617878728.768	-8981217196804982.0
0.0	2917633117715.7134	-8981478223444741.0
0.0	-1880734206651.418	-8981535255957176.0
0.0	1880734207157.1929	-8981535255955348.0
0.0	-2917633114501.0977	-8981478223444096.0
0.0	2635617873211.2915	-8981217196804638.0
0.0	-1662561208077.2925	-8981484006813429.0
0.0	4974127135498.059	-8980286781414371.0
0.0	-4471367581850.752	-8984111033880010.0
0.0	7983533889092.098	-8975245308676358.0
0.0	55756555879168.414	-9005208776836834.0
0.0	735252059701.6484	-8975514298406734.0
0.0	248565063606727.25	-9022802806716774.0
0.0	-287409150831020.1	-8951798198383725.0
0.0	814242186525553.6	-9146203724392264.0
0.0	-1265824580451215.5	-8590392520435926.0
0.0	875709457867228.5	-9196634254939588.0
0.0	-1190710137834241.5	-9043540224323196.0
0.0	-4316995686642264.0	-5554606668641909.0
0.0	7416165895903908.0	-1.2655930139010456e+16
0.0	-1.8245157742702976e+16	4937197734047522.0
0.0	7.229043566127315e+16	-3.641395232031915e+16
0.0	-2.212902258228219e+16	-54082449293.66138
0.0	1.5030534317849354e+16	42991404257.67938
0.0	-6.437123156687608e+16	2.3160644965702696e+16
0.0	1.8424097892443624e+16	-2305285086693786.0
0.0	-6991927622501944.0	6729561970821245.0
0.0	4788620673790292.0	3695274335534699.0
0.0	402491287319261.0	4912931625380874.0
0.0	-538249469626938.9	5216816569758213.0
0.0	948264395820336.2	4776313748219220.0
0.0	-568307121513090.0	5171458194759404.0
0.0	167168254810983.38	5014621605111334.0
0.0	-175927846554790.66	5077280212001465.0
0.0	6003961879369.907	5043137085631395.0
0.0	-62870302714968.48	5058927614903580.0
0.0	6103275294733.627	5043435053482271.0
0.0	-1982852168605.662	5046836975890002.0
0.0	-234149185422.73926	5045526940553660.0
0.0	1036268750169.8782	5045804422798065.0
0.0	-759578859701.7634	5045828230420184.0
0.0	1740330218103.8633	5045785155743894.0
0.0	-1124426998613.147	5045912147517054.0
0.0	1124426999064.3857	5045912147518468.0
0.0	-1740330216244.8054	5045785155745698.0
0.0	759578857067.5396	5045828230419509.0
0.0	-1036268751675.6145	5045804422798634.0
0.0	234149184478.5537	5045526940555038.0
0.0	1982852171576.37	5046836975890547.0
0.0	-6103275297783.554	5043435053482394.0
0.0	62870302712470.41	5058927614902049.0
0.0	-6003961879526.345	5043137085633514.0
0.0	175927846558811.88	5077280212007640.0
0.0	-167168254809316.2	5014621605111178.0
0.0	568307121508080.5	5171458194758634.0
0.0	-948264395815320.8	4776313748221623.0
0.0	538249469625296.7	5216816569758953.0
0.0	-402491287322789.5	4912931625386793.0
0.0	-4788620673779392.0	3695274335542036.0
0.0	6991927622483877.0	6729561970820015.0
0.0	-1.8424097892448736e+16	-2305285086694710.0
0.0	6.437123156686753e+16	2.3160644965697256e+16
0.0	-1.5030534317848136e+16	42991404300.29783
0.0	1337310962322379.0	-2929600059.7903233
0.0	-1.1097547139634072e+16	-1.2702461303936736e+16
0.0	4717453792152462.0	923973189233343.5
0.0	-1958005013593249.5	-3257906504538136.5
0.0	1592410581336770.5	-2121852852457149.5
0.0	-101345868876890.64	-2428411108207296.5
0.0	-47553714950144.09	-2670723087047115.5
0.0	149480313449492.44	-2407818107834156.0
0.0	-78046636608357.58	-2640986305033470.5
0.0	11531269864594.652	-2542387695396960.5
0.0	-24486876391254.062	-2583281114182537.0
0.0	3073836756457.5757	-2562925053928285.5
0.0	-16707488317557.375	-2570551772164726.0
0.0	4894243490320.922	-2563264503070490.0
0.0	-2049288151228.7178	-2564348683349114.5
0.0	1103163638282.687	-2564010095098952.0
0.0	94629106037.53387	-2563999886905046.0
0.0	276137228987.3236	-2564077933628611.0
0.0	126592524810.23456	-2563980284599408.0
0.0	-82700080297.43304	-2564083905526938.5
0.0	82700080267.03455	-2564083905526759.0
0.0	-126592524713.48425	-2563980284599358.0
0.0	-276137229007.1876	-2564077933628358.0
0.0	-94629106359.4112	-2563999886905261.0
0.0	-1103163638391.7878	-2564010095098942.0
0.0	2049288151664.3481	-2564348683348776.0
0.0	-4894243490366.119	-2563264503070321.0
0.0	16707488317216.707	-2570551772164008.5
0.0	-3073836756347.413	-2562925053927514.0
0.0	24486876391580.656	-2583281114182584.5
0.0	-11531269864505.0	-2542387695396959.0
0.0	78046636608151.16	-2640986305033340.0
0.0	-149480313449421.06	-2407818107834319.0
0.0	47553714950291.3	-2670723087046962.0
0.0	101345868876630.55	-2428411108206125.0
0.0	-1592410581338836.2	-2121852852459097.5
0.0	1958005013592442.2	-3257906504538805.0
0.0	-4717453792154748.0	923973189233128.8
0.0	1.109754713963426e+16	-1.2702461303936248e+16
0.0	-1337310962321828.0	-2929600064.519923
0.0	-3181265259716951.0	-6524584804.460373
0.0	1.0746405346308664e+16	6477553561930195.0
0.0	-1862792519218013.5	-260377164746189.03
0.0	583819495983115.9	1428113663292837.5
0.0	-280836570580046.38	1135025085601722.8
0.0	-162109557921184.97	1093548205783184.9
0.0	117388461575985.11	1258838673860157.5
0.0	-172947028562395.53	1112630552729032.0
0.0	109532978182372.1	1240961073942264.0
0.0	-38626857835573.34	1183699595949913.5
0.0	34085329706914.312	1208169958193758.8
0.0	83442178928.18018	1196872220023366.8
0.0	7767381942145.5205	1200200343473249.0
0.0	1077983458969.5371	1197135294135423.2
0.0	-608370482132.0239	1197262298432419.8
0.0	682436167560.1871	1197300165135902.2
0.0	-230225207841.02188	1197205265202616.5
0.0	362165987685.78015	1197282400902785.5
0.0	-403375828340.59717	1197191522675703.0
0.0	260497636566.6471	1197262288352068.0
0.0	-260497636733.34644	1197262288352056.5
0.0	403375827864.81805	1197191522675821.2
0.0	-362165986976.2886	1197282400903067.5
0.0	230225207926.3759	1197205265202465.0
0.0	-682436167414.2979	1197300165136209.5
0.0	608370481701.0774	1197262298432405.5
0.0	-1077983458087.0518	1197135294135636.5
0.0	-7767381941947.262	1200200343474130.0
0.0	-83442178814.12695	1196872220023820.5
0.0	-34085329707669.5	1208169958192381.2
0.0	38626857835201.95	1183699595949778.5
0.0	-109532978181052.88	1240961073941993.2
0.0	172947028561209.8	1112630552728609.5
0.0	-117388461575603.98	1258838673859779.8
0.0	162109557921991.56	1093548205781133.8
0.0	280836570576058.88	1135025085599444.2
0.0	-583819495979365.4	1428113663293298.2
0.0	1862792519218221.0	-260377164746254.4
0.0	-1.0746405346307258e+16	6477553561929805.0
0.0	3181265259717017.5	-6524584814.890063
0.0	-2390723511381622.0	7497870960.616819
0.0	9560600298261008.0	-3040294786464485.0
0.0	-2221169057291703.2	-14043851487063.938
0.0	813268762865212.2	-531533421164821.25
0.0	-557069944405443.1	-561471609302458.7
0.0	-80753622801170.44	-425340523598156.3
0.0	89783880135918.56	-527607460736115.75
0.0	-153203278116322.38	-451648041885758.6
0.0	92812231883367.72	-517601590145280.94
0.0	-28714441828046.83	-486525856236753.9
0.0	29056292776588.152	-500166643417956.25
0.0	-718137799462.8925	-494306169030638.25
0.0	9444933251707.613	-495558732287254.4
0.0	-511404265824.05566	-494486207831263.6
0.0	109156832826.33276	-494302007441249.5
0.0	180045497187.39307	-494439050642747.0
0.0	-178468351675.8559	-494343952383018.3
0.0	173635563468.8247	-494400625941682.25
0.0	-303406191989.5857	-494334499383159.2
0.0	195920125389.044	-494378596361791.7
0.0	-195920125522.6007	-494378596361754.3
0.0	303406191618.2887	-494334499383169.6
0.0	-173635563009.86346	-494400625941574.3
0.0	178468351760.30084	-494343952382967.4
0.0	-180045497111.9536	-494439050642648.75
0.0	-109156833110.60571	-494302007441120.6
0.0	511404266384.5681	-494486207831297.06
0.0	-9444933251504.04	-495558732286770.3
0.0	718137799528.7654	-494306169030522.44
0.0	-29056292777132.445	-500166643418941.1
0.0	28714441827781.344	-486525856236733.0
0.0	-92812231882419.5	-517601590145310.4
0.0	153203278115497.25	-451648041886089.7
0.0	-89783880135813.38	-527607460736159.5
0.0	80753622801947.06	-425340523599015.75
0.0	557069944403440.44	-561471609304090.3
0.0	-813268762862785.0	-531533421164522.6
0.0	2221169057292480.2	-14043851486938.938
0.0	-9560600298260590.0	-3040294786464339.5
0.0	2390723511381557.0	7497870959.375771
0.0	-999164102416059.6	-1182941620.640308
0.0	4208011132174345.5	1275316891786963.8
0.0	-1061285875061490.9	98120878958288.94
0.0	407803477780591.44	131931431261650.53
0.0	-303435475084080.3	251046871023835.72
0.0	-23800557780479.83	119442349885141.5
0.0	37409633369117.61	178137029174593.53
0.0	-68704994394484.07	141543035381324.88
0.0	40795311502215.77	172882201336172.94
0.0	-11825493551694.627	157180723732800.9
0.0	12832826478754.61	164275571841131.12
0.0	-472703067528.9748	161470389836553.44
0.0	4732235930299.451	161794012505952.47
0.0	-510360499242.8218	161581360599320.16
0.0	173078296211.26062	161347696470265.3
0.0	-830360337.1608887	161484178932731.38
0.0	-75541187086.08568	161409714402456.7
0.0	49957151751.81473	161447741632989.2
0.0	-126082095151.05664	161404985639365.38
0.0	81269990552.8594	161429986699399.88
0.0	-81269990644.49396	161429986699428.06
0.0	126082095042.96378	161404985639404.56
0.0	-49957151532.18411	161447741632948.34
0.0	75541187139.6544	161409714402437.25
0.0	830360381.5648193	161484178932836.44
0.0	-173078296308.8211	161347696470324.0
0.0	510360499441.20514	161581360599346.06
0.0	-4732235930193.019	161794012506156.8
0.0	472703067583.8199	161470389836480.38
0.0	-12832826478986.035	164275571840779.66
0.0	11825493551564.598	157180723732813.94
0.0	-40795311501811.336	172882201336124.06
0.0	68704994394137.94	141543035381220.56
0.0	-37409633369128.67	178137029174539.1
0.0	23800557780832.992	119442349884739.0
0.0	303435475083525.1	251046871023452.8
0.0	-407803477779727.9	131931431261764.78
0.0	1061285875061988.4	98120878958347.5
0.0	-4208011132174335.5	1275316891787311.0
0.0	999164102415998.5	-1182941625.0836954
0.0	-299677643470424.8	467839665.5782676
0.0	1247713235793402.2	-439481814913679.3
0.0	-327708562806391.56	-101151818265420.61
0.0	130250382384589.47	21673466721664.188
0.0	-102399156921245.22	-95140228493193.44
0.0	-4460989700325.156	3351391710554.875
0.0	10679180294187.182	-28136552310263.97
0.0	-20759781140210.555	-12148529732718.469
0.0	12139521724933.242	-25593942388476.78
0.0	-3342520643619.8276	-18273159868649.344
0.0	3832899160031.52	-21707127152743.97
0.0	-176000023745.961	-20481886975129.312
0.0	1539863968586.1064	-20451573757112.906
0.0	-216603327299.16168	-20540666618700.47
0.0	80139905803.78122	-20352142703328.406
0.0	-17948111212.733887	-20451864762882.28
0.0	-21943228482.325424	-20403228851021.78
0.0	9027092577.046844	-20426007754203.47
0.0	-35761737417.21226	-20400688165568.22
0.0	23172742121.513145	-20413999780725.625
0.0	-23172742158.504932	-20413999780711.656
0.0	35761737390.385056	-20400688165573.562
0.0	-9027092521.551811	-20426007754224.344
0.0	21943228472.944584	-20403228851009.28
0.0	17948111236.23181	-20451864762839.03
0.0	-80139905820.8349	-20352142703316.062
0.0	216603327354.0771	-20540666618673.406
0.0	-1539863968566.6997	-20451573757044.562
0.0	176000023738.42535	-20481886975114.312
0.0	-3832899160075.42	-21707127152813.0
0.0	3342520643584.0605	-18273159868673.53
0.0	-12139521724821.398	-25593942388487.344
0.0	20759781140097.42	-12148529732694.656
0.0	-10679180294184.37	-28136552310247.656
0.0	4460989700423.883	3351391710484.4375
0.0	102399156921142.5	-95140228493422.86
0.0	-130250382384352.81	21673466721636.312
0.0	327708562806631.3	-101151818265414.55
0.0	-1247713235793496.8	-439481814913416.4
0.0	299677643470388.4	467839662.8443968
0.0	-70862975352781.75	250576126.86705315
0.0	270468929500614.88	84525106626206.0
0.0	-71529013298448.28	77666239337520.39
0.0	29353612140035.344	-63615317916247.75
0.0	-24196572018781.445	24105698230218.438
0.0	-508981998782.82715	-40609143809194.47
0.0	2239995708232.007	-24881072400995.938
0.0	-4570029954760.02	-30847199855097.11
0.0	2632937342524.875	-25999476224420.438
0.0	-690834848512.0459	-29041531631993.984
0.0	833004082954.7783	-27539509945365.766
0.0	-45750141405.91458	-27994689042951.156
0.0	358860982374.49036	-28121072239076.08
0.0	-59193832343.17344	-27963182774051.188
0.0	22798593376.60765	-28093852832740.188
0.0	-7421979570.003437	-28027704493988.797
0.0	-4650837761.120815	-28057262898630.58
0.0	748216668.865675	-28044668804547.203
0.0	-7471456728.933099	-28058687373692.234
0.0	4825865846.713833	-28052050654022.594
0.0	-4825865857.685503	-28052050654031.92
0.0	7471456725.86677	-28058687373687.703
0.0	-748216658.3437672	-28044668804552.0
0.0	4650837756.318902	-28057262898580.203
0.0	7421979581.268688	-28027704493966.766
0.0	-22798593373.74614	-28093852832723.92
0.0	59193832351.45631	-27963182774064.547
0.0	-358860982383.3228	-28121072239066.656
0.0	45750141406.174194	-27994689042904.234
0.0	-833004082948.4889	-27539509945356.11
0.0	690834848500.8098	-29041531631986.453
0.0	-2632937342502.4365	-25999476224438.938
0.0	4570029954733.434	-30847199855082.938
0.0	-2239995708236.7686	-24881072400981.812
0.0	508981998806.1406	-40609143809195.09
0.0	24196572018773.305	24105698230199.28
0.0	-29353612139986.137	-63615317916265.41
0.0	71529013298537.88	77666239337543.81
0.0	-270468929500664.44	84525106626264.66
0.0	70862975352764.39	250576126.58060992
0.0	-13243398491483.98	-177015127.2135525
0.0	43697361345810.56	41127540957956.03
0.0	-11026294450784.951	-51408356425510.91
0.0	4789192991941.419	61607990915835.58
0.0	-4163388015150.1235	3876306484778.828
0.0	-33212368370.505737	42812916928430.4
0.0	358928388056.2368	35588286660173.05
0.0	-758481333758.4347	37121170252777.766
0.0	428819522684.2082	36009069615387.3
0.0	-107265979864.18864	37044701380208.0
0.0	136146818282.01215	36478360643535.11
0.0	-8380583471.803554	36593779467471.06
0.0	62395421703.78352	36717934935794.12
0.0	-11480053745.934784	36578497646849.086
0.0	4622044676.141214	36659421716648.125
0.0	-1672493303.5256305	36620031680053.42
0.0	-703566453.2500553	36636590315790.125
0.0	-32661528.995395184	36630022421291.92
0.0	-1162580382.9046159	36637222552450.24
0.0	763614087.93629	36634207258554.64
0.0	-763614093.4174337	36634207258547.45
0.0	1162580385.560152	36637222552458.55
0.0	32661532.54223728	36630022421299.45
0.0	703566448.0603702	36636590315792.625
0.0	1672493304.4875655	36620031680054.11
0.0	-4622044670.735681	36659421716644.29
0.0	11480053747.148773	36578497646847.24
0.0	-62395421710.68762	36717934935811.734
0.0	8380583474.566116	36593779467488.734
0.0	-136146818277.20557	36478360643538.125
0.0	107265979862.19644	37044701380219.42
0.0	-428819522679.6803	36009069615388.59
0.0	758481333756.3711	37121170252767.805
0.0	-358928388055.6819	35588286660177.14
0.0	33212368373.349	42812916928423.72
0.0	4163388015149.9194	3876306484763.1094
0.0	-4789192991937.113	61607990915817.05
0.0	11026294450808.084	-51408356425512.45
0.0	-43697361345818.266	41127540958000.41
0.0	13243398491478.158	-177015127.24450183
0.0	-1508629673171.1528	41522184.08081342
0.0	4832139754562.385	-67850907741936.69
0.0	-1042742929755.8845	30602092565723.164
0.0	565787486919.7717	-46446680504703.64
0.0	-537372166697.54645	-11718423681587.57
0.0	-2732334447.3022003	-33486680827184.285
0.0	44891716700.65454	-30547380526554.44
0.0	-95920580674.29091	-30394944569980.227
0.0	52745259221.28475	-30658276646875.332
0.0	-12551275381.305618	-30845192834202.07
0.0	16940123971.673359	-30695223364390.42
0.0	-1156747539.8797898	-30682847297121.61
0.0	8231929983.069799	-30775557991356.35
0.0	-1670373059.631009	-30676021090064.72
0.0	667845266.5478601	-30722677332118.043
0.0	-273303924.4024187	-30700667889912.617
0.0	-90177869.91761588	-30709273263607.406
0.0	-24591546.566062957	-30706091638846.203
0.0	-139100328.82102224	-30709498251219.113
0.0	90787767.98621574	-30708274080712.188
0.0	-90787771.64279526	-30708274080710.36
0.0	139100330.55646998	-30709498251218.527
0.0	24591550.983178645	-30706091638850.96
0.0	90177864.04048857	-30709273263608.6
0.0	273303923.71397364	-30700667889908.754
0.0	-667845261.3311828	-30722677332109.758
0.0	1670373059.7221074	-30676021090067.883
0.0	-8231929986.389423	-30775557991349.734
0.0	1156747541.3301122	-30682847297123.047
0.0	-16940123970.073746	-30695223364386.92
0.0	12551275381.95755	-30845192834210.242
0.0	-52745259219.49373	-30658276646875.04
0.0	95920580673.22818	-30394944569981.707
0.0	-44891716702.003075	-30547380526555.28
0.0	2732334447.188385	-33486680827192.477
0.0	537372166696.7016	-11718423681580.203
0.0	-565787486919.0851	-46446680504706.664
0.0	1042742929763.343	30602092565726.887
0.0	-4832139754553.144	-67850907741935.44
0.0	1508629673169.8613	41522184.07168482
0.0	141333192838.4236	-37062332.97865327
0.0	148373450850.4804	59103318811674.66
0.0	-11210088524.236664	-16594300137244.477
0.0	54103460611.076225	30982067959027.023
0.0	-61987996462.655136	11528806348042.402
0.0	-45795187.45944023	22905078312932.484
0.0	3961609840.1197433	21954514448988.39
0.0	-8659265951.97773	21336104468545.023
0.0	4658588889.531683	21944778356196.52
0.0	-1079699938.6936283	21835091056397.457
0.0	1610920346.2255569	21844246971332.145
0.0	-123694167.21607998	21797305801873.207
0.0	838332246.2534977	21858478226884.5
0.0	-181100997.7395718	21794707159031.42
0.0	72769266.76120982	21819757221878.562
0.0	-32545122.55082078	21808373086990.574
0.0	-7880183.914489571	21812593247616.734
0.0	-3941196.874665374	21811218750493.95
0.0	-12410483.105440691	21812696269445.203
0.0	8464415.723792799	21812299826935.656
0.0	-8464416.497957405	21812299826937.816
0.0	12410481.856478024	21812696269450.566
0.0	3941200.4355730005	21811218750495.18
0.0	7880181.675740354	21812593247616.727
0.0	32545120.5226322	21808373086996.89
0.0	-72769263.770829	21819757221877.695
0.0	181100997.71742153	21794707159030.57
0.0	-838332248.5205047	21858478226879.297
0.0	123694170.4118379	21797305801873.15
0.0	-1610920347.1057198	21844246971334.617
0.0	1079699938.3675506	21835091056399.746
0.0	-4658588888.528001	21944778356194.48
0.0	8659265953.706245	21336104468547.43
0.0	-3961609845.0627565	21954514448992.07
0.0	45795189.50359535	22905078312928.938
0.0	61987996464.17048	11528806348040.39
0.0	-54103460616.84323	30982067959022.453
0.0	11210088528.126934	-16594300137248.346
0.0	-148373450863.4505	59103318811683.22
0.0	-141333192838.35742	-37062332.978045225
0.0	120230194268.11766	-22654049.486828603
0.0	-69904313161.79681	-41760538996189.125
0.0	6758568531.563145	8100048722667.725
0.0	9117139588.625137	-18876611611258.484
0.0	-11289025245.659813	-8738061780241.744
0.0	711189976.2278516	-14230319177890.717
0.0	-150849007.67461056	-14103538383455.678
0.0	-149774455.75807273	-13500524989912.438
0.0	163071813.4254232	-14059652792254.678
0.0	-61290507.084333435	-13891242820027.137
0.0	114903774.67024869	-13945524516905.293
0.0	-8586931.86745337	-13900136627628.918
0.0	65561280.25038119	-13936617750012.68
0.0	-14189122.398694422	-13899415019991.56
0.0	6693136.205321765	-13911810415236.902
0.0	-2428195.3637966295	-13906289405949.986
0.0	-145271.7661288951	-13908166460384.062
0.0	-253310.2880779067	-13907633034528.748
0.0	-851773.808308989	-13908158477173.363
0.0	615097.8963973516	-13908101528664.32
0.0	-615097.5859057473	-13908101528666.062
0.0	851770.4316420492	-13908158477171.932
0.0	253312.9735754598	-13907633034527.102
0.0	145271.11732949805	-13908166460385.645
0.0	2428193.873423288	-13906289405949.783
0.0	-6693133.669888714	-13911810415237.51
0.0	14189122.21232178	-13899415019993.215
0.0	-65561282.2270683	-13936617750012.586
0.0	8586934.328999981	-13900136627628.656
0.0	-114903774.63512915	-13945524516906.553
0.0	61290506.804333	-13891242820029.082
0.0	-163071813.40870827	-14059652792254.416
0.0	149774456.97473526	-13500524989915.172
0.0	150849003.89940912	-14103538383453.86
0.0	-711189974.367811	-14230319177887.814
0.0	11289025247.017597	-8738061780242.079
0.0	-9117139593.1624	-18876611611257.965
0.0	-6758568530.454693	8100048722668.86
0.0	69904313152.05478	-41760538996187.836
0.0	-120230194267.85727	-22654049.486340385
0.0	23986873474.351646	-25515825.09145518
0.0	-4276251944.210987	26444823839452.156
0.0	-5005429533.088804	-3457664213116.167
0.0	3254731317.749589	10810405921112.82
0.0	-3323917730.823532	5875479861486.153
0.0	472252719.9286493	8289099817460.125
0.0	-237109638.18049872	8432567143963.156
0.0	214685956.64332792	7982825146568.515
0.0	-46490713.05760825	8392811883803.602
0.0	-2227378.6797405994	8247364799874.67
0.0	7769407.0901284125	8301019793512.697
0.0	419992.6882915625	8267119262248.752
0.0	4587017.840572808	8287873530649.159
0.0	-423767.3521354984	8267614937128.759
0.0	936073.6598883877	8273387199304.225
0.0	297288.4076399655	8270994016449.56
0.0	370737.0335333799	8271749387062.361
0.0	147569.76858226716	8271615766262.252
0.0	8304.360839251764	8271733001862.233
0.0	50850.168947668484	8271784490996.74
0.0	-50850.60396990401	8271784490995.844
0.0	-8305.014326563862	8271733001862.933
0.0	-147567.9943118852	8271615766263.516
0.0	-370738.56722351135	8271749387063.388
0.0	-297289.58618942375	8270994016449.366
0.0	-936071.6534904639	8273387199304.056
0.0	423767.1500073845	8267614937129.09
0.0	-4587019.168203246	8287873530650.585
0.0	-419991.0215092016	8267119262250.658
0.0	-7769407.4481585715	8301019793512.913
0.0	2227378.6151753506	8247364799874.232
0.0	46490713.40412831	8392811883802.669
0.0	-214685955.55336753	7982825146569.623
0.0	237109635.02793372	8432567143962.309
0.0	-472252718.0719652	8289099817459.065
0.0	3323917732.1060276	5875479861486.539
0.0	-3254731321.582967	10810405921113.203
0.0	5005429535.017004	-3457664213116.477
0.0	4276251935.004364	26444823839447.734
0.0	-23986873474.167084	-25515825.091365
0.0	-2122575978.1142797	-26872217.634147704
0.0	9302088665.726803	-15253612634618.479
0.0	-3225653229.9609957	1113373767782.025
0.0	975974969.1395508	-5711279031835.278
0.0	-792767520.003628	-3572986377431.141
0.0	169084121.40656158	-4461534417260.432
0.0	-90932732.8548243	-4656011719629.343
0.0	89678130.63313253	-4360300937517.8755
0.0	-16482918.312724363	-4624100885337.641
0.0	-507001.80408772454	-4522019639637.246
0.0	1362861.312174723	-4562410421582.377
0.0	1111560.5922974332	-4539921504440.585
0.0	213424.03220514313	-4550656566659.091
0.0	695133.6233941625	-4540252279010.54
0.0	478374.6306810955	-4542542118872.513
0.0	532681.5760034821	-4541664647861.572
0.0	399397.94903255295	-4541877203917.846
0.0	187169.5197632806	-4541902698491.195
0.0	58103.18856062526	-4541880697715.415
0.0	9306.126132770847	-4541951657379.044
0.0	-9306.928682283993	-4541951657378.976
0.0	-58102.57041891655	-4541880697715.18
0.0	-187168.6196106219	-4541902698491.474
0.0	-399399.6511232054	-4541877203917.7295
0.0	-532682.0597326984	-4541664647862.028
0.0	-478373.16223207425	-4542542118872.19
0.0	-695133.7095077188	-4540252279011.025
0.0	-213424.6369562858	-4550656566659.404
0.0	-1111559.3379436324	-4539921504441.1
0.0	-1362861.7313663731	-4562410421582.852
0.0	507001.72600840917	-4522019639637.137
0.0	16482918.601198278	-4624100885337.565
0.0	-89678129.79653545	-4360300937518.3726
0.0	90932730.09019199	-4656011719629.128
0.0	-169084119.7821295	-4461534417259.378
0.0	792767521.2001758	-3572986377432.409
0.0	-975974972.3150897	-5711279031836.399
0.0	3225653231.4860945	1113373767781.934
0.0	-9302088672.364805	-15253612634618.742
0.0	2122575978.223752	-26872217.634144526
0.0	-2158795593.989209	-32919494.990151756
0.0	5552247653.422186	8356768471562.518
0.0	-915153270.456176	-121304903894.18152
0.0	192571805.65122843	2911770832018.925
0.0	-59722681.88139486	2080422208636.9785
0.0	36451200.99760181	2323318718242.1113
0.0	-25256100.510243606	2481528933737.8833
0.0	31284289.48739405	2304117448807.0615
0.0	-4056224.9520447664	2460174199159.434
0.0	704254.9366526655	2395024058655.4653
0.0	600498.7619754192	2422258010172.369
0.0	1215403.9969701995	2408815832267.786
0.0	-214696.05750428862	2414206352645.0903
0.0	845752.5004289257	2409306503527.588
0.0	430583.2611784682	2410130019762.297
0.0	566068.8504990608	2409903791152.3994
0.0	406658.3858950046	2409903304326.828
0.0	196083.89888792735	2409952175372.6562
0.0	60300.19815057282	2409897905804.01
0.0	14637.270191069703	2409952980170.1562
0.0	-14637.843298165331	2409952980170.3867
0.0	-60299.76305359699	2409897905804.1826
0.0	-196083.2377558481	2409952175372.5728
0.0	-406659.92143812537	2409903304326.918
0.0	-566068.8512208225	2409903791152.7354
0.0	-430582.16988097643	2410130019762.584
0.0	-845752.6325843656	2409306503527.9663
0.0	214695.53630827623	2414206352645.3633
0.0	-1215403.6452413232	2408815832267.483
0.0	-600498.4811544716	2422258010171.708
0.0	-704255.0644496721	2395024058655.302
0.0	4056225.1104081254	2460174199159.59
0.0	-31284289.473796897	2304117448806.747
0.0	25256099.722670086	2481528933738.2715
0.0	-36451200.427507624	2323318718241.897
0.0	59722682.345288634	2080422208636.8362
0.0	-192571806.4791998	2911770832018.4023
0.0	915153271.3648434	-121304903894.24524
0.0	-5552247654.882191	8356768471561.166
0.0	2158795594.0503883	-32919494.990157954
0.0	423159805.0354333	-26301567.543570332
0.0	1750103860.7114873	-4026563743453.1533
0.0	-2758410.0455429554	-229650685097.79443
0.0	76334706.23206313	-1240094044953.4539
0.0	-29259973.970110565	-1037268291438.2257
0.0	22250555.992560886	-1009262013398.4224
0.0	-12425129.345014177	-1112063033285.2222
0.0	12638507.005152915	-1015317147937.6407
0.0	-3438689.741590932	-1097632531379.6049
0.0	2852278.0253112265	-1059811782772.2848
0.0	45991.71873688977	-1075519656791.13
0.0	773821.2194018103	-1068209754910.7053
0.0	700939.2086680613	-1070326652045.0708
0.0	372134.7360144528	-1068267153762.8431
0.0	620525.097308545	-1068418439245.5978
0.0	444719.4751556725	-1068434940647.0187
0.0	400374.5872206436	-1068380275289.0256
0.0	152293.32803959452	-1068423468405.2665
0.0	81842.96221771798	-1068375561632.8787
0.0	11665.603377699212	-1068414880426.0837
0.0	-11665.95745084945	-1068414880426.0782
0.0	-81842.65436825447	-1068375561632.7732
0.0	-152292.8825993822	-1068423468405.588
0.0	-400375.5588491084	-1068380275288.3938
0.0	-444719.54303896916	-1068434940646.4492
0.0	-620524.4486289285	-1068418439245.2695
0.0	-372134.8075771074	-1068267153762.9479
0.0	-700939.5523973322	-1070326652044.9752
0.0	-773820.9290086523	-1068209754910.1661
0.0	-45991.565817321185	-1075519656790.7054
0.0	-2852278.0846126024	-1059811782772.4501
0.0	3438689.887811178	-1097632531379.7369
0.0	-12638507.0208218	-1015317147937.0818
0.0	12425128.815355701	-1112063033285.2456
0.0	-22250555.663266443	-1009262013398.5903
0.0	29259974.275991738	-1037268291438.0962
0.0	-76334706.63809155	-1240094044953.7026
0.0	2758410.691131115	-229650685097.70508
0.0	-1750103861.7846482	-4026563743453.161
0.0	-423159805.0100179	-26301567.543563478
0.0	1208028300.5573013	-24934463.789035954
0.0	863144158.2614641	1972650912363.9138
0.0	-259646043.9763171	292777135097.41003
0.0	76835522.80858988	558283711451.9667
0.0	-38761954.42457044	553152411350.7173
0.0	5029992.51082419	460269321791.386
0.0	1519071.9969780298	526348811692.70337
0.0	-783041.3726474987	475445332935.73535
0.0	2997815.356947205	519348552172.8154
0.0	649505.3961471246	498759502536.1998
0.0	1595063.7087921675	507954023803.1031
0.0	754144.5270068597	504083077846.9413
0.0	819269.4058784263	504978784191.3438
0.0	519196.8673861718	504137212705.2222
0.0	522611.88901004003	504028424763.2577
0.0	477469.8741004636	504115425854.9656
0.0	372570.6402956272	504056930236.25275
0.0	184124.8651206587	504090760937.87146
0.0	68593.31868667512	504054233350.13904
0.0	22181.955109561466	504078780047.82544
0.0	-22182.190386467857	504078780047.91724
0.0	-68593.1224737403	504054233350.3303
0.0	-184124.61632083255	504090760937.6232
0.0	-372571.24632170546	504056930236.4332
0.0	-477469.92842264485	504115425855.37823
0.0	-522611.46282061044	504028424763.5431
0.0	-519196.8976575515	504137212705.3573
0.0	-819269.613436771	504978784191.4004
0.0	-754144.3586023119	504083077846.83673
0.0	-1595063.6119550292	507954023803.0314
0.0	-649505.4154053658	498759502536.1311
0.0	-2997815.3113177717	519348552172.7357
0.0	783041.4241130282	475445332935.5945
0.0	-1519072.2620681408	526348811692.74976
0.0	-5029992.348602742	460269321791.6367
0.0	38761954.54814253	553152411350.5791
0.0	-76835523.04860428	558283711451.9885
0.0	259646044.32684836	292777135097.3965
0.0	-863144158.8130064	1972650912363.6838
0.0	-1208028300.5548964	-24934463.789047044
0.0	882268675.8197008	-29646560.35582643
0.0	876616347.865222	-687143678612.2341
0.0	-376829335.54126054	-233312034794.17172
0.0	147691753.08436793	-129513170935.20682
0.0	-81016867.17283079	-215973079040.8059
0.0	-142994.7117006965	-118120363311.1728
0.0	11656022.431909122	-153508037312.7652
0.0	-12617633.510326177	-130159050139.64613
0.0	9615899.59382385	-149044614891.64468
0.0	-1638097.4695788575	-138752326318.79416
0.0	3309138.028842678	-143203008479.03723
0.0	468666.3994005099	-141358293316.49188
0.0	1421014.4723488202	-141610243588.25763
0.0	450754.55062719993	-141487207470.14352
0.0	511190.17295061215	-141315332041.56158
0.0	464049.6173351877	-141412089833.82736
0.0	360673.84625525156	-141359117840.5358
0.0	201347.80902349818	-141387378127.73566
0.0	68104.43979211219	-141365683189.2506
0.0	31004.266241271063	-141378433526.11508
0.0	-31004.383379085146	-141378433526.0374
0.0	-68104.34330858625	-141365683189.14856
0.0	-201347.68965363776	-141387378127.82092
0.0	-360674.21493425255	-141359117840.3266
0.0	-464049.5333422295	-141412089833.4747
0.0	-511189.97762145795	-141315332041.39545
0.0	-450754.5731193527	-141487207470.18164
0.0	-1421014.5736659276	-141610243588.19803
0.0	-468666.4372780529	-141358293316.13333
0.0	-3309137.847917144	-143203008478.81775
0.0	1638097.4350993736	-138752326318.88382
0.0	-9615899.561119348	-149044614891.7312
0.0	12617633.393712182	-130159050139.49763
0.0	-11656022.321746197	-153508037312.721
0.0	142994.685233213	-118120363311.16124
0.0	81016867.16142642	-215973079040.85806
0.0	-147691752.8764732	-129513170935.29782
0.0	376829335.6870632	-233312034794.2263
0.0	-876616347.5157028	-687143678612.0105
0.0	-882268675.8274943	-29646560.355842646
0.0	564552964.2605171	-59959122.6006976
0.0	1752434253.946288	367446662394.058
0.0	-283446230.30112493	110001136612.26797
0.0	224027961.8232355	81592474406.59367
0.0	-117402321.98187801	115624947440.48311
0.0	2222229.3266560063	74360805387.24883
0.0	20322010.008333825	91529523109.33334
0.0	-22504523.926677372	79694116579.70322
0.0	14215746.58015329	89360221848.59048
0.0	-3453677.1281044832	84775722575.02863
0.0	4837327.260123969	86880688070.97159
0.0	24874.83249876788	85976967019.39294
0.0	2026328.0670475068	86094221203.81529
0.0	461046.7005861567	86059316654.02118
0.0	569684.4055413252	85961167569.03192
0.0	515019.28358920896	86017758647.42125
0.0	392220.45295856346	85986292691.92622
0.0	245398.5220176939	86003023811.22089
0.0	92355.05321228733	85990639417.08308
0.0	48045.20115548199	85996884845.08766
0.0	-48045.24740086791	85996884845.12694
0.0	-92355.01171964033	85990639417.16522
0.0	-245398.49087588344	86003023811.15097
0.0	-392220.553190637	85986292691.9916
0.0	-515019.3035980686	86017758647.65694
0.0	-569684.3080532338	85961167569.11475
0.0	-461046.7132182532	86059316654.00294
0.0	-2026328.1303357973	86094221203.85822
0.0	-24874.792411877657	85976967019.49109
0.0	-4837327.227667522	86880688071.07138
0.0	3453677.1154686008	84775722575.00525
0.0	-14215746.571863167	89360221848.55635
0.0	22504523.946608774	79694116579.77748
0.0	-20322010.02056519	91529523109.31291
0.0	-2222229.348379977	74360805387.15302
0.0	117402321.96617049	115624947440.56259
0.0	-224027961.82361478	81592474406.60452
0.0	283446230.33711344	110001136612.27509
0.0	-1752434253.9383168	367446662393.92175
0.0	-564552964.2688159	-59959122.600720376
0.0	870072183.9180342	-99431236.53393833
0.0	-869970814.7349805	68405885041.51398
0.0	298829156.2160767	-111490788590.68567
0.0	-25340019.905594364	65055543666.07248
0.0	124108545.37478042	-9009095128.325195
0.0	-16043738.684166592	47141058743.250824
0.0	1865909.1558394842	36103698002.72598
0.0	5490052.428593989	40939625072.93451
0.0	-479740.72912159376	38071948258.23697
0.0	2229346.311951721	39655106538.35791
0.0	17413.772798679303	38953583488.969925
0.0	1593155.096653145	39131641981.29845
0.0	-217731.06181533937	39209447667.90384
0.0	933608.2376960939	39110746408.22876
0.0	438400.99451387173	39200973381.16498
0.0	583764.3785383776	39154559463.69507
0.0	399538.49199997855	39176625134.918335
0.0	225587.0076946085	39166377756.83179
0.0	109522.90271335613	39173697803.882126
0.0	22333.6818742124	39170700197.24042
0.0	-22333.695785448206	39170700197.265945
0.0	-109522.89136858901	39173697803.9155
0.0	-225586.994957552	39166377756.81198
0.0	-399538.52448793955	39176625134.94122
0.0	-583764.3896651303	39154559463.82497
0.0	-438400.9534605845	39200973381.24872
0.0	-933608.2430426278	39110746408.202545
0.0	217731.0325587315	39209447667.935196
0.0	-1593155.078558846	39131641981.38309
0.0	-17413.753356928937	38953583488.98311
0.0	-2229346.318607377	39655106538.34097
0.0	479740.7340963539	38071948258.21976
0.0	-5490052.418054653	40939625072.923584
0.0	-1865909.1635990627	36103698002.65842
0.0	16043738.673507525	47141058743.23013
0.0	-124108545.38013904	-9009095128.297989
0.0	25340019.907132372	65055543666.11171
0.0	-298829156.1842598	-111490788590.70505
0.0	869970814.7420164	68405885041.38013
0.0	-870072183.922751	-99431236.5338681
0.0	1639709479.8240378	-135567238.6164478
0.0	-531133748.6274998	145860796396.03387
0.0	177880591.87211728	11929416094.68306
0.0	-10861217.813559964	56193405787.74406
0.0	32483019.68204968	50431065787.19583
0.0	6281236.2734560855	52037246448.756134
0.0	-1104047.2691440713	57644993097.344345
0.0	5934251.64974391	53778665501.917206
0.0	-114837.76992470399	56478139710.18622
0.0	2534736.695738285	55196693024.78531
0.0	796412.107606489	55776540441.40266
0.0	1231160.713949081	55526131769.29373
0.0	664328.6487162965	55599092822.60985
0.0	718145.9416978213	55564510782.45009
0.0	624504.0553422265	55557612985.83776
0.0	539842.2970432478	55565823686.06453
0.0	418932.1527565421	55559572043.27307
0.0	223311.93827955582	55563442503.70256
0.0	113950.73369902268	55560223663.57456
0.0	30525.695817161417	55562019027.65161
0.0	-30525.690359685712	55562019027.65216
0.0	-113950.7416487726	55560223663.57678
0.0	-223311.94359186044	55563442503.701355
0.0	-418932.1364226924	55559572043.26848
0.0	-539842.2987727501	55565823686.07688
0.0	-624504.0603834551	55557612985.843765
0.0	-718145.9404416232	55564510782.45468
0.0	-664328.6505750043	55599092822.61682
0.0	-1231160.713050632	55526131769.30188
0.0	-796412.105914393	55776540441.410706
0.0	-2534736.6963195093	55196693024.782234
0.0	114837.76953022415	56478139710.189026
0.0	-5934251.648274469	53778665501.90881
0.0	1104047.2697542338	57644993097.335815
0.0	-6281236.274810307	52037246448.75688
0.0	-32483019.684052758	50431065787.2043
0.0	10861217.814440332	56193405787.74689
0.0	-177880591.87777907	11929416094.683609
0.0	531133748.6235695	145860796395.98425
0.0	-1639709479.824388	-135567238.61647925
0.0	2341655342.8323617	34694487.72921054
0.0	1710819831.0057821	195340829372.2477
0.0	-818326552.495584	-59292976181.10161
0.0	195513695.2214089	81332143234.1918
0.0	-157588064.49607754	26050258074.96068
0.0	21583066.07518608	55633301862.36865
0.0	2488767.2006256822	48752935956.18039
0.0	-9608357.431337725	50463955058.131744
0.0	9152735.39175604	50073267537.43941
0.0	-1719200.2746380307	50290807675.81978
0.0	4001478.960755184	50234766931.93916
0.0	-174990.8380091542	50167590402.51265
0.0	1923181.2503895953	50269607127.698425
0.0	48550.537226573884	50182213679.65968
0.0	570318.6650339237	50224433511.92403
0.0	289327.2410197819	50204213753.744064
0.0	262337.930626125	50212732142.05269
0.0	141297.5451656505	50209282545.04346
0.0	45303.078216714144	50211616732.04135
0.0	35627.25102083328	50210964898.53389
0.0	-35627.24365595331	50210964898.53499
0.0	-45303.08858334899	50211616732.03998
0.0	-141297.55223336088	50209282545.04727
0.0	-262337.91173074587	50212732142.04939
0.0	-289327.2403953798	50204213753.75363
0.0	-570318.6746568128	50224433511.91986
0.0	-48550.53629013937	50182213679.664536
0.0	-1923181.249410768	50269607127.693726
0.0	174990.83555385517	50167590402.52351
0.0	-4001478.9610786224	50234766931.93596
0.0	1719200.273393361	50290807675.82556
0.0	-9152735.392398965	50073267537.44066
0.0	9608357.430812273	50463955058.123856
0.0	-2488767.196301669	48752935956.19258
0.0	-21583066.077399045	55633301862.351654
0.0	157588064.4940057	26050258074.96199
0.0	-195513695.21777284	81332143234.18423
0.0	818326552.4908605	-59292976181.105064
0.0	-1710819831.0068126	195340829372.22052
0.0	-2341655342.8311625	34694487.72919984
0.0	1012712765.7993191	-1007192798.894992
0.0	-110781263.03335693	-3707796132.923872
0.0	117868788.39898133	-3710483322.0084248
0.0	8136175.387512289	-3564675288.5768366
0.0	8500508.779470995	-3270381787.3799343
0.0	7843133.620557906	-3415587974.440099
0.0	-1098668.1142079653	-3543895403.7155128
0.0	5794922.381592123	-3577789748.5865088
0.0	-332847.02010341757	-3583953756.8284373
0.0	2260276.619722899	-3573138724.711591
0.0	509930.78417476435	-3568824961.4716544
0.0	782282.2429592093	-3564826283.9001565
0.0	433704.3962570912	-3562783820.6518636
0.0	348063.08146841463	-3560989668.9013176
0.0	398729.3753471564	-3559885738.1728206
0.0	294858.96369814494	-3559765040.7517695
0.0	237063.36696498934	-3559736541.6716604
0.0	102793.39489339509	-3559666567.057563
0.0	55122.86200455754	-3559311027.1532726
0.0	10623.958605920388	-3559032182.8729587
0.0	-10623.95859572407	-3559032182.8728943
0.0	-55122.8619839536	-3559311027.1531525
0.0	-102793.39490118466	-3559666567.057551
0.0	-237063.36696757103	-3559736541.6718855
0.0	-294858.9636910151	-3559765040.7521386
0.0	-398729.3753220784	-3559885738.1730685
0.0	-348063.0814949346	-3560989668.901371
0.0	-433704.39625840285	-3562783820.651914
0.0	-782282.2429515624	-3564826283.900313
0.0	-509930.7841329177	-3568824961.4717216
0.0	-2260276.6197137367	-3573138724.711446
0.0	332847.02006721334	-3583953756.8279963
0.0	-5794922.381553295	-3577789748.585951
0.0	1098668.1142090796	-3543895403.7150984
0.0	-7843133.620585365	-3415587974.439933
0.0	-8500508.779275868	-3270381787.379984
0.0	-8136175.387617779	-3564675288.5767584
0.0	-117868788.39893375	-3710483322.0077443
0.0	110781263.0332778	-3707796132.922705
0.0	-1012712765.7987323	-1007192798.8943708
