1600
0.0	-15604776.26354304	-12753391.603346646
0.0	-49177674.91447972	-353694460.95819837
0.0	61586539.090425625	-631863689.9850471
0.0	-11579304.850488156	-591637581.8362856
0.0	13762323.622517513	-573051481.0674354
0.0	-3389513.760294304	-522193475.65637237
0.0	983502.0047664216	-498229093.74447787
0.0	848294.9870873392	-496105520.4373781
0.0	-432859.4187373369	-499359877.9263321
0.0	205962.91401726624	-501052186.4466435
0.0	-24156.999351513514	-500045345.00777745
0.0	66228.28241270536	-501377165.52804446
0.0	-76587.19318820542	-500979122.32721955
0.0	57044.210879513186	-501252032.8451484
0.0	-8845.84485681857	-501620431.6173445
0.0	9594.202683178604	-501415895.30869216
0.0	2740.1743975732606	-501565700.5653632
0.0	170.99709075298975	-501627262.1276632
0.0	-1.1028417108703154e-05	-501686743.1932817
0.0	-2.2883818337334783e-05	-501686210.72514415
0.0	-1.9647680919544365e-05	-501686210.7251509
0.0	-1.6951107479543763e-05	-501686743.19328386
0.0	-170.9971165055368	-501627262.12764347
0.0	-2740.174443179355	-501565700.5653657
0.0	-9594.202707818451	-501415895.30869275
0.0	8845.84481503124	-501620431.61733127
0.0	-57044.21090727278	-501252032.8451366
0.0	76587.19316733824	-500979122.3271851
0.0	-66228.2824561072	-501377165.52802587
0.0	24156.999309705978	-500045345.0077935
0.0	-205962.91405159282	-501052186.44665104
0.0	432859.41870979324	-499359877.92633706
0.0	-848294.987139507	-496105520.4373916
0.0	-983502.0047733046	-498229093.74446124
0.0	3389513.7602534504	-522193475.6563582
0.0	-13762323.622616906	-573051481.067511
0.0	11579304.850500211	-591637581.8363136
0.0	-61586539.090503775	-631863689.9850657
0.0	49177674.91447613	-353694460.9581907
0.0	15604776.263529211	-12753391.603337646
0.0	-208394367.361144	-56147455.220084965
0.0	128070718.08283676	11347316550.203491
0.0	77697217.35694851	38317791478.91654
0.0	-15161375.176217228	21743402242.959984
0.0	18433604.473095037	27685102427.469177
0.0	-7562700.245617526	23579929014.448586
0.0	3070837.710119647	25332266900.006554
0.0	-187158.10947183904	24412593291.513214
0.0	-257648.12137275434	24937303260.793888
0.0	172263.21279521333	24712808594.440052
0.0	34766.81146656498	24802987262.59924
0.0	44563.379462923316	24769755099.00454
0.0	-42991.96516739497	24775650003.10115
0.0	50918.70426243168	24774412215.669437
0.0	-9970.390214021862	24772094462.35077
0.0	8687.488600705528	24773450835.19993
0.0	1875.1285487146058	24772863017.06813
0.0	580.1039074874383	24772935539.179737
0.0	1.2654748520737119e-05	24772853446.06651
0.0	8.840965222426705e-06	24772853513.09416
0.0	1.1825131346337597e-05	24772853513.09434
0.0	4.316484097322888e-06	24772853446.066658
0.0	-580.1038684590113	24772935539.178864
0.0	-1875.1285288923998	24772863017.06883
0.0	-8687.488553769857	24773450835.200188
0.0	9970.390212671511	24772094462.349648
0.0	-50918.70421274101	24774412215.66958
0.0	42991.96521644427	24775650003.09956
0.0	-44563.379459916876	24769755099.00382
0.0	-34766.8114601025	24802987262.60022
0.0	-172263.21277274622	24712808594.440125
0.0	257648.1214251311	24937303260.793446
0.0	187158.10944688087	24412593291.51606
0.0	-3070837.7100332845	25332266900.00479
0.0	7562700.245643256	23579929014.443516
0.0	-18433604.473253258	27685102427.474426
0.0	15161375.176423214	21743402242.961807
0.0	-77697217.35698605	38317791478.917145
0.0	-128070718.0827064	11347316550.201305
0.0	208394367.361123	-56147455.2200882
0.0	-142496622.82108587	5285644.946309218
0.0	-29245477.443718627	37247823096.1819
0.0	75340102.47770467	25449684243.839836
0.0	-11350804.734658964	25092095937.01181
0.0	12556784.439275622	24425015675.769432
0.0	-3881019.09093978	24059236847.54827
0.0	2054910.3174674662	25247199517.95365
0.0	212722.7098551707	24497482026.54728
0.0	-470662.8816983979	24925073978.056725
0.0	277956.07955735	24759261175.247116
0.0	46501.2885562742	24829613713.753597
0.0	35107.02288200529	24795243636.080704
0.0	-15197.045015930293	24805990209.537388
0.0	41664.028958291674	24802321862.867836
0.0	-2295.2883723775994	24800121475.892845
0.0	10779.6211507412	24801718389.727684
0.0	2319.3872763382733	24801039679.08
0.0	1382.187858586036	24801125131.443466
0.0	1.6227750528323805e-05	24801036516.057228
0.0	1.5687440128273868e-05	24801036515.67576
0.0	1.5747671105550685e-05	24801036515.675827
0.0	1.1148605496414612e-05	24801036516.05754
0.0	-1382.1878191523658	24801125131.44301
0.0	-2319.3872446250684	24801039679.080498
0.0	-10779.621110885713	24801718389.727577
0.0	2295.2883909066854	24800121475.891716
0.0	-41664.02891304888	24802321862.868202
0.0	15197.045060488323	24805990209.53636
0.0	-35107.02285792808	24795243636.08066
0.0	-46501.288535677944	24829613713.754402
0.0	-277956.0795260505	24759261175.24714
0.0	470662.88174535055	24925073978.0563
0.0	-212722.70985012955	24497482026.54898
0.0	-2054910.317407042	25247199517.953102
0.0	3881019.0909780096	24059236847.544907
0.0	-12556784.439352851	24425015675.77306
0.0	11350804.734788582	25092095937.012066
0.0	-75340102.47772375	25449684243.840374
0.0	29245477.443780035	37247823096.17988
0.0	142496622.82107818	5285644.946306819
0.0	26824464.597499542	-41959003.18425438
0.0	20229135.166750662	20408981447.102318
0.0	-40546753.5417506	23685690751.82804
0.0	7200702.156492908	12729693220.792303
0.0	-13964496.70145041	15334890085.478537
0.0	1510787.7901025843	12916534744.252808
0.0	314079.9588317224	13975202368.40403
0.0	-353107.71118797816	13203278073.308435
0.0	267226.51105943776	13627162855.420107
0.0	-34963.52563265199	13451692977.329823
0.0	165416.40437937266	13526123053.964275
0.0	-21707.625410141358	13492503779.20838
0.0	80386.7113338567	13502452458.919954
0.0	-9761.550698928273	13498631288.613241
0.0	13070.893788492664	13495655755.137127
0.0	8752.680456587112	13497442047.014845
0.0	574.202271676264	13496769556.909487
0.0	2298.5267329677213	13496839323.389624
0.0	-7.694826474011217e-07	13496765899.923534
0.0	2.8171240108231337e-06	13496765902.594385
0.0	1.9451982547665282e-06	13496765902.594433
0.0	2.413010559485066e-06	13496765899.923744
0.0	-2298.526738561222	13496839323.389046
0.0	-574.2022683785344	13496769556.909718
0.0	-8752.680465643774	13497442047.014914
0.0	-13070.89377596689	13495655755.136381
0.0	9761.550690835307	13498631288.613415
0.0	-80386.7113452823	13502452458.919033
0.0	21707.625421587072	13492503779.208298
0.0	-165416.4043722268	13526123053.965073
0.0	34963.52563417211	13451692977.329853
0.0	-267226.5110704199	13627162855.419697
0.0	353107.7112134304	13203278073.310143
0.0	-314079.9588678186	13975202368.403072
0.0	-1510787.7900933889	12916534744.24951
0.0	13964496.70152286	15334890085.482166
0.0	-7200702.156542481	12729693220.793165
0.0	40546753.54177663	23685690751.828323
0.0	-20229135.166764557	20408981447.100273
0.0	-26824464.597498976	-41959003.18425275
0.0	97021686.19144484	-23721664.321569968
0.0	62739240.177155524	23984525207.255768
0.0	-111204616.15439941	21209214562.325943
0.0	17253336.794285532	14274816304.558796
0.0	-23198094.74861574	15043965341.819746
0.0	5814326.685612673	13420030348.731415
0.0	-652704.3008371347	14278041398.338167
0.0	-807570.1754268664	13661765961.479412
0.0	698459.3020977355	14080299560.614452
0.0	-213510.3409975248	13913783392.134983
0.0	105869.92594404682	13986764468.276138
0.0	-66775.5364468341	13951182483.483646
0.0	128664.49728652797	13959073692.090157
0.0	-43693.725614370356	13955819202.776114
0.0	28777.15440693817	13953045436.365664
0.0	6598.640073139748	13954707383.379408
0.0	935.1859887803066	13954045435.529308
0.0	2884.4619813858735	13954137953.368837
0.0	-5.252984668608237e-07	13954054796.40147
0.0	2.6268341990714973e-06	13954054795.98397
0.0	1.7089092006830323e-06	13954054795.983974
0.0	4.7091104548123024e-06	13954054796.4017
0.0	-2884.461993194222	13954137953.368492
0.0	-935.1859851420527	13954045435.529682
0.0	-6598.640088878736	13954707383.379377
0.0	-28777.154388288633	13953045436.365051
0.0	43693.7255985603	13955819202.776443
0.0	-128664.4973067736	13959073692.089382
0.0	66775.53646155303	13951182483.483501
0.0	-105869.92593011231	13986764468.2767
0.0	213510.34099797648	13913783392.135048
0.0	-698459.3021177449	14080299560.614176
0.0	807570.1754664537	13661765961.480762
0.0	652704.3007831012	14278041398.337238
0.0	-5814326.685603114	13420030348.728483
0.0	23198094.748757064	15043965341.822762
0.0	-17253336.79439094	14274816304.55954
0.0	111204616.1544733	21209214562.326416
0.0	-62739240.17720139	23984525207.25374
0.0	-97021686.19143796	-23721664.32156877
0.0	61823658.60131677	-36836540.08120565
0.0	94056098.78318848	18806919851.449566
0.0	-126823025.06387793	18891980970.334
0.0	20059950.286008544	11071630562.892744
0.0	-24419438.562855132	12235589102.125711
0.0	5224634.880351268	10355483946.111315
0.0	-964673.9898657731	11158601222.943495
0.0	-1377035.205443781	10632987978.272896
0.0	911506.1638644112	10984501131.613373
0.0	-229099.07904091722	10823504560.536129
0.0	127700.59323183756	10889102905.10847
0.0	-8956.604537677893	10858709130.64246
0.0	145842.65115294122	10865036335.601082
0.0	-53596.62577402918	10862001041.124456
0.0	36736.93448859079	10859555122.068293
0.0	8237.853044701775	10860979041.745886
0.0	1910.1110697005306	10860434338.967539
0.0	3259.3555786814763	10860484386.436136
0.0	1.0964550411585774e-05	10860408635.598001
0.0	1.4418978447323382e-05	10860408635.19412
0.0	1.4511256836283344e-05	10860408635.194254
0.0	1.345628279929741e-05	10860408635.598164
0.0	-3259.3555627708065	10860484386.43572
0.0	-1910.1110401844767	10860434338.967941
0.0	-8237.853034922013	10860979041.745926
0.0	-36736.934449667286	10859555122.067617
0.0	53596.62578712948	10862001041.124807
0.0	-145842.6511444294	10865036335.600262
0.0	8956.604575092642	10858709130.642185
0.0	-127700.59319881891	10889102905.109104
0.0	229099.0790652497	10823504560.53622
0.0	-911506.1638528316	10984501131.613163
0.0	1377035.2054982937	10632987978.274197
0.0	964673.9898442628	11158601222.942787
0.0	-5224634.880315858	10355483946.108873
0.0	24419438.56299627	12235589102.12844
0.0	-20059950.286071435	11071630562.893295
0.0	126823025.06399573	18891980970.33438
0.0	-94056098.78321725	18806919851.448193
0.0	-61823658.601306796	-36836540.081203856
0.0	30035561.716064185	-23597862.29979205
0.0	105033946.68704	17819032308.883537
0.0	-127294785.39476949	17316700083.505455
0.0	21731276.589045644	10608649665.533974
0.0	-23645632.80781275	11480965874.805264
0.0	5330047.057201958	9899452099.531929
0.0	-389250.65166392457	10620307685.554173
0.0	-1523320.762832537	10162885982.020042
0.0	1134547.6475362629	10489562480.512032
0.0	-161049.02950294246	10350818621.26583
0.0	131803.17584471393	10411048852.052593
0.0	8116.245682378954	10384356184.666647
0.0	150649.59672802206	10389288238.258472
0.0	-51955.24351387523	10386006110.77533
0.0	41360.26929705886	10384103265.337223
0.0	10235.888908956336	10385267398.881111
0.0	3247.708815955806	10384807360.645025
0.0	3565.829710476452	10384833640.91845
0.0	-5.919773743298807e-07	10384766540.092905
0.0	2.0157911085006974e-06	10384766539.90354
0.0	3.091335992744926e-06	10384766539.903631
0.0	7.004415739460511e-07	10384766540.092993
0.0	-3565.8297137141053	10384833640.918068
0.0	-3247.708808943653	10384807360.64537
0.0	-10235.888918860626	10385267398.881128
0.0	-41360.269285065224	10384103265.336636
0.0	51955.24350767526	10386006110.775558
0.0	-150649.5967388078	10389288238.257767
0.0	-8116.245669037278	10384356184.666376
0.0	-131803.1758384694	10411048852.053139
0.0	161049.02950399474	10350818621.265776
0.0	-1134547.6475421854	10489562480.511824
0.0	1523320.762856442	10162885982.021238
0.0	389250.65162637667	10620307685.55351
0.0	-5330047.057187352	9899452099.52967
0.0	23645632.807901233	11480965874.807686
0.0	-21731276.589118518	10608649665.534462
0.0	127294785.39484322	17316700083.505783
0.0	-105033946.6870842	17819032308.882133
0.0	-30035561.716054857	-23597862.299791165
0.0	27521129.065097973	-20371066.741623353
0.0	109694955.1105299	14757234257.451172
0.0	-130645400.87857321	14186341200.254616
0.0	22769234.843774855	8646376388.995502
0.0	-24501872.99759368	9398101681.340813
0.0	5555474.525695601	8116942528.371989
0.0	-356379.66875213897	8724025962.873287
0.0	-1646251.5214459095	8332298386.502069
0.0	1235397.2658610418	8607846832.639263
0.0	-114884.28648304031	8487429330.597942
0.0	186431.84998356114	8537661578.360062
0.0	20457.379897702296	8514717798.15218
0.0	153940.15105907782	8518812958.640957
0.0	-53924.495800086734	8516098618.921389
0.0	43598.55707928281	8514668624.607845
0.0	12672.134704145119	8515596915.499268
0.0	3776.3784333327676	8515227848.913646
0.0	3782.2874044946007	8515235519.783707
0.0	-3.200125615091655e-07	8515177981.701981
0.0	1.8683125748496135e-06	8515177981.643892
0.0	2.4273543202178994e-06	8515177981.643976
0.0	1.7015821672935233e-06	8515177981.702095
0.0	-3782.287407413563	8515235519.783384
0.0	-3776.3784270366227	8515227848.91382
0.0	-12672.134710910377	8515596915.499229
0.0	-43598.55706915069	8514668624.607441
0.0	53924.49579491129	8516098618.921547
0.0	-153940.15106831293	8518812958.640411
0.0	-20457.379884569076	8514717798.152134
0.0	-186431.8499793886	8537661578.360501
0.0	114884.28648408013	8487429330.5979
0.0	-1235397.2658656489	8607846832.63905
0.0	1646251.5214700035	8332298386.50305
0.0	356379.6687101743	8724025962.872725
0.0	-5555474.525676966	8116942528.370066
0.0	24501872.997682977	9398101681.342949
0.0	-22769234.84384758	8646376388.996073
0.0	130645400.87865755	14186341200.254833
0.0	-109694955.1105769	14757234257.449936
0.0	-27521129.06508811	-20371066.74162275
0.0	37908336.72997217	-13878826.233599164
0.0	106951391.5848101	12411812569.47974
0.0	-132765179.49196884	11679574954.361118
0.0	22828704.562479462	7379610544.428566
0.0	-25479596.431168348	7950100974.91589
0.0	5427522.959496348	6930543097.609593
0.0	-555846.7220594964	7430883923.945166
0.0	-1629667.2874751661	7112377930.559073
0.0	1194818.6893181265	7340269361.535355
0.0	-93257.95007759903	7243929671.743645
0.0	190587.39864797142	7285465519.840965
0.0	20998.115302708728	7267133439.523724
0.0	155704.71533183978	7270749747.639711
0.0	-52263.438690181836	7268600903.708594
0.0	45324.907220700625	7267428783.920028
0.0	13056.253066493115	7268179643.045598
0.0	4093.5567932577733	7267881386.227093
0.0	3832.940704596342	7267884923.3929405
0.0	-1.4042651857409644e-06	7267837463.237791
0.0	1.0496604349654936e-06	7267837463.227088
0.0	1.9038217532015933e-06	7267837463.227117
0.0	8.387164100035357e-07	7267837463.237846
0.0	-3832.9407094283356	7267884923.392704
0.0	-4093.5567884612265	7267881386.227229
0.0	-13056.253075786728	7268179643.04559
0.0	-45324.907211352736	7267428783.919646
0.0	52263.43868224391	7268600903.708693
0.0	-155704.71534315584	7270749747.639209
0.0	-20998.115289624548	7267133439.523609
0.0	-190587.39864490548	7285465519.841349
0.0	93257.95007699588	7243929671.743677
0.0	-1194818.6893251801	7340269361.535213
0.0	1629667.2875000178	7112377930.559879
0.0	555846.7220129336	7430883923.944777
0.0	-5427522.9594775215	6930543097.607958
0.0	25479596.431261424	7950100974.917609
0.0	-22828704.562560536	7379610544.428963
0.0	132765179.49204639	11679574954.361364
0.0	-106951391.58486253	12411812569.478786
0.0	-37908336.729961425	-13878826.233598217
0.0	45078650.31588046	-9630924.405692052
0.0	98584340.98463751	9667506976.983326
0.0	-126398433.87210661	8902511500.472078
0.0	21800503.897595108	5757546780.824817
0.0	-24432580.5595721	6144989183.310986
0.0	5366536.736906438	5388629936.021434
0.0	-543386.4040211467	5770171621.159685
0.0	-1475132.9639453646	5523099832.733447
0.0	1156212.880424142	5699901806.759615
0.0	-52033.37915660429	5626607477.993871
0.0	192656.7167775177	5658214338.035724
0.0	35154.34139486036	5643861219.386257
0.0	151824.20634688926	5646800217.271203
0.0	-49729.44131125382	5645031197.393623
0.0	45641.42862472897	5644132894.737778
0.0	12953.32828655004	5644704584.873726
0.0	4221.933764990405	5644467583.343542
0.0	3681.977000318556	5644467558.561828
0.0	-1.566730071868629e-06	5644430231.830575
0.0	9.903505466783991e-07	5644430231.829157
0.0	1.5049739908489022e-06	5644430231.829157
0.0	9.23308015360975e-07	5644430231.830644
0.0	-3681.9770062152747	5644467558.561632
0.0	-4221.933760779108	5644467583.343669
0.0	-12953.328296182626	5644704584.873685
0.0	-45641.42861560233	5644132894.737489
0.0	49729.441302538326	5645031197.393731
0.0	-151824.20635900027	5646800217.270837
0.0	-35154.341381658254	5643861219.386197
0.0	-192656.71677443516	5658214338.036018
0.0	52033.379155446426	5626607477.993896
0.0	-1156212.8804322453	5699901806.759506
0.0	1475132.9639701059	5523099832.734055
0.0	543386.4039745219	5770171621.159353
0.0	-5366536.7368885	5388629936.020194
0.0	24432580.559665613	6144989183.312307
0.0	-21800503.897676885	5757546780.825121
0.0	126398433.87218158	8902511500.472267
0.0	-98584340.98468976	9667506976.982536
0.0	-45078650.31586984	-9630924.40569204
0.0	47310505.25670926	-4596925.6791459285
0.0	85285837.19044527	7163869282.430666
0.0	-112551733.12990528	6402469752.559102
0.0	19577407.969328117	4302668997.518755
0.0	-21870124.035293393	4535015671.7477
0.0	4973001.297288846	4021505976.350333
0.0	-524853.6609473561	4292729401.9837284
0.0	-1249222.492642533	4114661962.5985937
0.0	1022248.3384732238	4242786974.0310106
0.0	-29637.2588556197	4189878765.1935964
0.0	172967.42672746105	4212420203.1447477
0.0	36101.049979161246	4202067191.483245
0.0	136663.46140743524	4204293524.998976
0.0	-44193.69795848658	4202936179.3561625
0.0	43247.65453597874	4202326882.1284447
0.0	12191.391065176014	4202714228.9012203
0.0	4147.218769341474	4202544002.847209
0.0	3325.8946612599843	4202541221.8617716
0.0	-1.682959984653801e-06	4202513578.247715
0.0	7.155232983500896e-07	4202513578.2475977
0.0	1.4714447230981467e-06	4202513578.2476225
0.0	7.624834102401917e-07	4202513578.247755
0.0	-3325.8946671479034	4202541221.861594
0.0	-4147.2187661288035	4202544002.8472977
0.0	-12191.391074649568	4202714228.9012375
0.0	-43247.654527278166	4202326882.12823
0.0	44193.69794912056	4202936179.3562365
0.0	-136663.4614192632	4204293524.9987364
0.0	-36101.049967349114	4202067191.4831758
0.0	-172967.42672547087	4212420203.145007
0.0	29637.258854345884	4189878765.193634
0.0	-1022248.3384817042	4242786974.030951
0.0	1249222.492665055	4114661962.5990477
0.0	524853.6609035041	4292729401.9835014
0.0	-4973001.297274463	4021505976.3494606
0.0	21870124.035381243	4535015671.7486725
0.0	-19577407.969405394	4302668997.519004
0.0	112551733.12997131	6402469752.559256
0.0	-85285837.19049458	7163869282.430105
0.0	-47310505.25669907	-4596925.679145182
0.0	45763775.45019164	-1137333.4963656962
0.0	67636000.04008664	4871727561.604972
0.0	-92597161.26384303	4188564013.5853553
0.0	16160199.86492857	2947979270.5988812
0.0	-18097337.83579772	3058500857.199156
0.0	4252134.106533486	2748153370.6337113
0.0	-441486.2528814884	2922969777.143982
0.0	-951449.0981869726	2805567559.9561315
0.0	839966.1848562337	2890364240.7608547
0.0	8540.66310759337	2855465371.042239
0.0	154024.69167334883	2870228433.427351
0.0	39917.40602559532	2863386156.6974273
0.0	116496.82287439078	2864895546.214834
0.0	-35390.17324879646	2863931367.750907
0.0	37847.96405998543	2863557890.214982
0.0	10792.563436923521	2863795807.606777
0.0	3846.817327245503	2863683609.1121817
0.0	2784.339050831629	2863679074.162146
0.0	-6.9404852811029875e-06	2863660143.6231585
0.0	-4.462433331865259e-06	2863660143.6231456
0.0	-3.777923532161163e-06	2863660143.623165
0.0	-4.646228080352023e-06	2863660143.623191
0.0	-2784.3390661541707	2863679074.162073
0.0	-3846.817333858127	2863683609.1122446
0.0	-10792.563455336747	2863795807.6067853
0.0	-37847.96406271658	2863557890.214853
0.0	35390.17323033836	2863931367.750971
0.0	-116496.82289469542	2864895546.2146683
0.0	-39917.406025983386	2863386156.6974125
0.0	-154024.6916812501	2870228433.427493
0.0	-8540.663118227909	2855465371.042265
0.0	-839966.18487429	2890364240.7607937
0.0	951449.0981964837	2805567559.956411
0.0	441486.25283450773	2922969777.143811
0.0	-4252134.106531568	2748153370.633127
0.0	18097337.835862212	3058500857.1998153
0.0	-16160199.86500804	2947979270.59901
0.0	92597161.2638828	4188564013.5854654
0.0	-67636000.04013968	4871727561.604624
0.0	-45763775.450183064	-1137333.496365767
0.0	41297985.61947195	1865522.0399110895
0.0	47580172.21459088	2967638212.2396
0.0	-68536957.62155129	2422764769.2460613
0.0	12116055.82499411	1816569965.3130949
0.0	-13434935.075494327	1846660048.2765648
0.0	3317817.46443891	1688087721.2380414
0.0	-333815.06838434446	1786677278.9339705
0.0	-610111.9669624728	1718285039.9869938
0.0	632577.2583140591	1767952167.2365897
0.0	45245.94673058117	1747675104.5971742
0.0	127141.40915572956	1756208424.4091141
0.0	39951.13228583367	1752181207.4499354
0.0	90787.96677989552	1753095522.3727627
0.0	-25059.37578336229	1752465102.3137858
0.0	30498.10866289348	1752271633.0517082
0.0	8857.393076321558	1752396091.470197
0.0	3316.3554979315377	1752330120.7712994
0.0	2110.4051956603084	1752324942.8542938
0.0	-2.741910429490191e-06	1752313277.8419633
0.0	-6.639628989128703e-08	1752313277.8419485
0.0	1.8430623851504585e-06	1752313277.8419814
0.0	-1.4052533954248e-06	1752313277.8419971
0.0	-2110.405200990766	1752324942.8541977
0.0	-3316.3554929360926	1752330120.7713408
0.0	-8857.393085496515	1752396091.4702516
0.0	-30498.108658595884	1752271633.0516193
0.0	25059.375775475535	1752465102.3138008
0.0	-90787.96678990073	1753095522.3726401
0.0	-39951.13227769597	1752181207.4498906
0.0	-127141.4091548223	1756208424.409218
0.0	-45245.946731951786	1747675104.5971746
0.0	-632577.2583219178	1767952167.2365484
0.0	610111.9669787495	1718285039.987186
0.0	333815.0683523207	1786677278.9338932
0.0	-3317817.4644302125	1688087721.237699
0.0	13434935.075554343	1846660048.276964
0.0	-12116055.82505066	1816569965.31316
0.0	68536957.62159777	2422764769.246117
0.0	-47580172.21462801	2967638212.2394147
0.0	-41297985.619464844	1865522.0399115393
0.0	34246758.72052263	3822776.4183727885
0.0	28235980.113403298	1536896094.8374848
0.0	-43816047.18477844	1166166502.6014886
0.0	7950109.796819463	954695040.5631067
0.0	-8581936.633918123	944697310.1279769
0.0	2281518.4822605588	883537371.1929277
0.0	-218783.25856916537	929260198.7613428
0.0	-294645.3394298011	896002844.6254818
0.0	418305.37571833096	920344366.0187545
0.0	71196.37281233168	910495080.4512966
0.0	97396.60419843756	914577014.0314729
0.0	37630.26630120611	912578142.4497435
0.0	62676.415792177635	913039191.2082447
0.0	-14600.644420014261	912682550.5576109
0.0	22096.262930926016	912606785.8018978
0.0	6608.187461766124	912656195.9885261
0.0	2591.6606571159964	912622907.8463178
0.0	1397.7620712832077	912618152.6467328
0.0	-3.044049771985783e-06	912611955.0469115
0.0	-1.4715741193214203e-07	912611955.046891
0.0	1.8745344261950515e-06	912611955.046915
0.0	-2.0100699525732413e-06	912611955.0469275
0.0	-1397.7620759577874	912618152.6466792
0.0	-2591.660651738445	912622907.8463459
0.0	-6608.187469950587	912656195.9885707
0.0	-22096.262928172	912606785.8018601
0.0	14600.644414141389	912682550.5576279
0.0	-62676.41580025623	913039191.2081897
0.0	-37630.26629576586	912578142.4497269
0.0	-97396.60419795326	914577014.0315243
0.0	-71196.37281347922	910495080.451304
0.0	-418305.3757242372	920344366.0187371
0.0	294645.3394406191	896002844.6255653
0.0	218783.2585475169	929260198.7613009
0.0	-2281518.482256193	883537371.1927612
0.0	8581936.633959275	944697310.1281805
0.0	-7950109.796859261	954695040.563128
0.0	43816047.18480893	1166166502.6015174
0.0	-28235980.113428496	1536896094.8373976
0.0	-34246758.720517844	3822776.418372942
0.0	25580433.164181806	4891674.885799723
0.0	13042695.11500977	618353492.7846396
0.0	-22559107.635156706	421225605.4845561
0.0	4386859.547182018	392542568.36425865
0.0	-4338154.432205805	374321204.8173491
0.0	1331103.3076655683	361222024.0966819
0.0	-102425.72649132271	376702589.650614
0.0	-56049.135615502426	364528629.3695563
0.0	239965.9310045498	373525788.296789
0.0	81489.31005887712	369922277.09632474
0.0	70145.03438987075	371364127.2473737
0.0	32645.713784386582	370590150.8230387
0.0	37247.41683447867	370759728.68673956
0.0	-5868.353654647399	370596050.10401165
0.0	13930.052051421668	370578889.81265175
0.0	4365.903251557194	370589109.6890207
0.0	1767.6914210122163	370575286.95374936
0.0	764.5388012760255	370571755.9451368
0.0	-7.092974803950447e-07	370569110.5878614
0.0	4.171799200083553e-07	370569110.58785975
0.0	1.1835268541663117e-06	370569110.58786297
0.0	-3.527683839588792e-07	370569110.58786654
0.0	-764.5388029956379	370571755.9451244
0.0	-1767.6914185821647	370575286.9537577
0.0	-4365.903254668303	370589109.68902695
0.0	-13930.052048863225	370578889.8126389
0.0	5868.353652163866	370596050.10401607
0.0	-37247.4168379288	370759728.6867201
0.0	-32645.713780372145	370590150.8230348
0.0	-70145.03438905417	371364127.24739516
0.0	-81489.31005850811	369922277.09632534
0.0	-239965.93100762987	373525788.2967795
0.0	56049.13562311989	364528629.3695911
0.0	102425.72647912533	376702589.6506027
0.0	-1331103.3076618267	361222024.0966222
0.0	4338154.432231387	374321204.8174249
0.0	-4386859.547205255	392542568.3642632
0.0	22559107.635176748	421225605.48456573
0.0	-13042695.115025379	618353492.7846091
0.0	-25580433.16417817	4891674.885799741
0.0	17049148.329779636	5197709.529039364
0.0	3941791.458972212	159954722.55769134
0.0	-7924044.288737614	92250180.18151303
0.0	1956775.5212783068	105593837.33477068
0.0	-1380210.0297375838	95558193.86359116
0.0	620800.3573061933	96346787.90556663
0.0	-7639.312135032516	99228269.87038341
0.0	72547.1105423031	96561882.92334619
0.0	122543.6593080151	98557726.20760246
0.0	75423.26380773002	97753300.46107027
0.0	49029.5443060174	98030758.00643928
0.0	25850.3015957708	97819650.86292991
0.0	18427.315024395222	97842952.78930515
0.0	-285.6468395502534	97788040.63529491
0.0	7296.928592004668	97788254.54104717
0.0	2460.434464762666	97785589.95191017
0.0	991.4639768986424	97780802.4568575
0.0	309.2292121816527	97778802.28330958
0.0	-2.357507397055944e-08	97778002.5862813
0.0	2.201782621699373e-07	97778002.586282
0.0	4.5760128756271186e-07	97778002.58628216
0.0	5.930739656077469e-08	97778002.58628336
0.0	-309.22921306845353	97778802.2833067
0.0	-991.4639762709076	97780802.45685822
0.0	-2460.434466207563	97785589.9519098
0.0	-7296.928590550782	97788254.54104292
0.0	285.64683839704	97788040.63529699
0.0	-18427.31502589732	97842952.7892984
0.0	-25850.301593951513	97819650.86292784
0.0	-49029.54430570296	98030758.00644432
0.0	-75423.26380758436	97753300.46106997
0.0	-122543.6593094753	98557726.20760119
0.0	-72547.1105387136	96561882.92335334
0.0	7639.31212953668	99228269.87038359
0.0	-620800.3573046201	96346787.90555593
0.0	1380210.029749204	95558193.8636106
0.0	-1956775.5212894818	105593837.3347703
0.0	7924044.288746858	92250180.1815159
0.0	-3941791.458980087	159954722.55768645
0.0	-17049148.329777416	5197709.529039528
0.0	10445402.195725089	5078885.092947796
0.0	394308.544953621	16781816.70507425
0.0	-549019.0292654866	8979772.5567817
0.0	729740.8516338526	12922386.68714692
0.0	103153.46677390585	11158082.674258899
0.0	213447.40692196824	11666848.204944072
0.0	47182.68014176194	11721509.550974105
0.0	102406.45375754294	11577600.98534915
0.0	63334.76772226303	11685024.436987607
0.0	58325.9955643428	11608532.043086777
0.0	34208.50809190524	11596244.52930251
0.0	18366.451850769026	11544510.963858597
0.0	7513.123645010659	11524744.891483733
0.0	1931.1844601586624	11511575.349326292
0.0	2947.4640879118087	11511665.653871283
0.0	1109.3572085934452	11508739.021405868
0.0	407.73569108183415	11507038.293764772
0.0	63.010784501812495	11506285.142463837
0.0	4.07446739360822e-08	11506151.669080349
0.0	8.778294997467435e-08	11506151.66908055
0.0	1.715133603334208e-07	11506151.669080358
0.0	-3.6185624733929964e-08	11506151.669080436
0.0	-63.01078481010261	11506285.142463477
0.0	-407.735690861648	11507038.29376462
0.0	-1109.3572090616665	11508739.0214061
0.0	-2947.464087593086	11511665.653871091
0.0	-1931.1844604763073	11511575.349326441
0.0	-7513.123645360656	11524744.891483307
0.0	-18366.451850149784	11544510.963858474
0.0	-34208.508091986325	11596244.529302934
0.0	-58325.995564275385	11608532.04308698
0.0	-63334.76772273142	11685024.436987422
0.0	-102406.45375654282	11577600.98534956
0.0	-47182.680143379395	11721509.550974244
0.0	-213447.40692143887	11666848.204944279
0.0	-103153.46677080041	11158082.674260464
0.0	-729740.851637389	12922386.6871464
0.0	549019.0292682336	8979772.556782003
0.0	-394308.5449565733	16781816.70507377
0.0	-10445402.195723819	5078885.092947869
0.0	6532062.346282811	4811202.431027635
0.0	32949.408529002685	3936244.07060922
0.0	1530616.3890768166	4629118.4662082475
0.0	341972.8549823024	3944489.5412231805
0.0	481505.4175121057	3943829.4061137172
0.0	56319.54580189136	3650055.610008037
0.0	61070.28816033054	3625907.85494045
0.0	78899.95765455236	3634649.5324736773
0.0	40454.647690269354	3625609.135806086
0.0	38900.980464318985	3592740.2952437694
0.0	23560.21905255141	3571967.8378849747
0.0	11539.409802831902	3540345.842730104
0.0	2814.9515990669183	3523080.715384229
0.0	1837.531045146956	3517531.3844200647
0.0	773.5811496089414	3516556.0841808766
0.0	342.41409230496083	3515284.880274518
0.0	82.30742784128088	3514640.919855211
0.0	-19.895279837995865	3514499.517144781
0.0	-2.127380872589513e-08	3514492.5636252696
0.0	5.994211796819888e-09	3514492.5636252514
0.0	6.595719758670879e-08	3514492.5636251452
0.0	-5.881336386333767e-08	3514492.5636252235
0.0	19.895279826000316	3514499.5171449096
0.0	-82.30742769738495	3514640.9198550023
0.0	-342.41409237852326	3515284.8802744593
0.0	-773.5811497046304	3516556.0841808673
0.0	-1837.531045077866	3517531.384420021
0.0	-2814.9515990282557	3523080.71538438
0.0	-11539.409802724258	3540345.8427299242
0.0	-23560.219052664717	3571967.8378847167
0.0	-38900.98046431829	3592740.295243706
0.0	-40454.64769025808	3625609.135806133
0.0	-78899.95765457526	3634649.532473419
0.0	-61070.28816043608	3625907.8549403516
0.0	-56319.545801731736	3650055.610007911
0.0	-481505.4175124381	3943829.4061133903
0.0	-341972.8549825505	3944489.541223176
0.0	-1530616.3890766632	4629118.466208199
0.0	-32949.408529692795	3936244.070609075
0.0	-6532062.346282059	4811202.431027715
0.0	4712798.378725346	4489826.532707445
0.0	502172.9433831213	4126459.6902308143
0.0	1225910.9322709995	3741459.0422759885
0.0	302361.990606703	4035257.574749468
0.0	359529.4725658314	3784461.3842704757
0.0	31337.81527800753	3696388.9074300854
0.0	49300.698154991194	3646383.3162095384
0.0	46132.65411851331	3656935.475079995
0.0	30346.96471901449	3645494.7190244533
0.0	23296.564692847354	3623386.7325677825
0.0	15162.255079503157	3605788.6449294304
0.0	6330.2418311443	3584119.14246257
0.0	1333.5489607058362	3573925.078652015
0.0	937.8774913247357	3570234.2432382302
0.0	39.97416334241628	3569631.8578195237
0.0	25.251988757727823	3569094.3124587215
0.0	-28.72893104701187	3568959.0588504225
0.0	-21.23148765165819	3568951.7808934157
0.0	-5.924065380183514e-09	3568951.7588257007
0.0	1.5534166162893123e-08	3568951.7588257776
0.0	9.603301006255742e-09	3568951.7588257175
0.0	-1.9712693471876083e-08	3568951.758825673
0.0	21.23148767606456	3568951.7808935717
0.0	28.728931108969803	3568959.0588504327
0.0	-25.251988781669773	3569094.3124587066
0.0	-39.97416344912049	3569631.857819553
0.0	-937.877491218841	3570234.2432382805
0.0	-1333.5489606153537	3573925.078652167
0.0	-6330.2418311280135	3584119.1424625954
0.0	-15162.255079610146	3605788.6449292284
0.0	-23296.564692863998	3623386.7325677215
0.0	-30346.96471891883	3645494.719024454
0.0	-46132.65411870663	3656935.475079888
0.0	-49300.698154891485	3646383.3162094345
0.0	-31337.815277891215	3696388.9074299736
0.0	-359529.4725665731	3784461.3842699504
0.0	-302361.9906063265	4035257.5747494805
0.0	-1225910.9322712892	3741459.0422759005
0.0	-502172.9433831865	4126459.690230796
0.0	-4712798.378724856	4489826.532707539
0.0	3827746.6333189146	4120754.6425898015
0.0	699749.3020728669	3242379.6452680347
0.0	574685.1117594932	3544641.2810436683
0.0	297339.1141203068	3303880.4201924508
0.0	178352.8298789497	3227572.226887395
0.0	38769.267536275795	3060039.612703794
0.0	30996.405042460567	3026604.419774503
0.0	24261.213893525997	3034206.5784785375
0.0	21439.47799811658	3022253.3774469704
0.0	12998.679396259315	3006745.234850805
0.0	8551.002182490249	2993938.3623370174
0.0	2972.9818191421555	2980711.571778683
0.0	822.4528747134884	2975064.311339335
0.0	233.363053967866	2973365.9990302785
0.0	-58.16832766391555	2972973.6600955655
0.0	-41.386767402955655	2972846.611048876
0.0	-29.696821945010875	2972839.3093798924
0.0	-5.14163914714578	2972839.286692929
0.0	-1.4143030171474153e-08	2972839.2866929476
0.0	2.1113342174921904e-08	2972839.286692889
0.0	2.7399942785453824e-09	2972839.2866928712
0.0	-6.887908647384923e-09	2972839.286692876
0.0	5.141639146281983	2972839.286692877
0.0	29.696822023861102	2972839.309379834
0.0	41.38676734054112	2972846.611048857
0.0	58.16832761319233	2972973.660095586
0.0	-233.36305392416818	2973365.9990302934
0.0	-822.4528746964424	2975064.3113393667
0.0	-2972.9818190796877	2980711.571778645
0.0	-8551.002182551108	2993938.3623368973
0.0	-12998.679396266463	3006745.2348508076
0.0	-21439.477998072827	3022253.3774469746
0.0	-24261.213893570457	3034206.5784785035
0.0	-30996.405042551436	3026604.419774485
0.0	-38769.26753612852	3060039.6127037127
0.0	-178352.82987918766	3227572.2268871474
0.0	-297339.1141202248	3303880.420192453
0.0	-574685.1117595709	3544641.2810436403
0.0	-699749.3020729906	3242379.6452679965
0.0	-3827746.6333185676	4120754.6425898625
0.0	3108555.432509822	3717647.353466255
0.0	585463.4824293763	3332561.136065962
0.0	244549.64613871404	3225893.577190021
0.0	245899.87756297982	3262160.002281622
0.0	83881.82219986705	3121765.3496512407
0.0	37366.91486489762	3022718.5167270163
0.0	17149.85059155365	2992508.6265644236
0.0	13205.957857460678	2993520.6871118653
0.0	12823.789261157053	2986124.980408965
0.0	6759.3499847683215	2975105.8411879246
0.0	3999.470353002101	2966856.584906928
0.0	1134.4904428743207	2959567.30968718
0.0	448.8227492453964	2957173.0594957103
0.0	-44.71441134891489	2956384.102683436
0.0	-9.959259546718886	2956268.771892743
0.0	-21.255139131595676	2956261.5009733355
0.0	-7.286609390773639	2956261.477676643
0.0	3.0672135542199976	2956261.477676649
0.0	-3.124856267565529e-08	2956261.477676643
0.0	1.745875857704606e-08	2956261.4776766547
0.0	5.956864460404641e-09	2956261.477676623
0.0	2.1706428960778577e-09	2956261.477676648
0.0	-3.0672135735107253	2956261.4776766486
0.0	7.286609480877443	2956261.477676611
0.0	21.255139061712768	2956261.5009733234
0.0	9.95925954356224	2956268.771892746
0.0	44.71441135191113	2956384.102683437
0.0	-448.8227492806968	2957173.0594957154
0.0	-1134.4904427903916	2959567.3096871893
0.0	-3999.4703530170323	2966856.5849069147
0.0	-6759.349984773093	2975105.8411879083
0.0	-12823.789261154652	2986124.980408964
0.0	-13205.957857423231	2993520.6871118564
0.0	-17149.85059174543	2992508.6265644357
0.0	-37366.914864751765	3022718.516726996
0.0	-83881.8221997735	3121765.3496512068
0.0	-245899.87756313314	3262160.0022815904
0.0	-244549.64613862452	3225893.577190012
0.0	-585463.4824295747	3332561.136065945
0.0	-3108555.4325095667	3717647.3534663226
0.0	2384686.534826282	3287869.6603635694
0.0	401195.35013952124	2686840.606773204
0.0	153807.94987104146	2767899.7444714666
0.0	175600.16878308312	2693692.2418463966
0.0	52539.66577884175	2610760.237300136
0.0	26842.28012449614	2512574.496624927
0.0	9297.515776040738	2488673.569983358
0.0	7478.462249285292	2489404.3352078027
0.0	6408.624735459767	2481954.0747697903
0.0	3113.5107021991594	2475661.3934165956
0.0	1445.0560026279704	2470617.1964017935
0.0	297.21805837448466	2467477.715036704
0.0	168.79743004996914	2466592.0017094766
0.0	-71.56293330547756	2466413.912938811
0.0	20.262719901334815	2466406.7508390187
0.0	1.7188811559268729	2466406.726961547
0.0	3.9747244724830075	2466406.726961551
0.0	3.499925257631477	2466406.7269615517
0.0	-1.7950029482618404e-08	2466406.726961557
0.0	1.5281577284028985e-08	2466406.7269615633
0.0	-3.8491380917101345e-09	2466406.72696155
0.0	1.0787189223509725e-08	2466406.726961555
0.0	-3.499925283096593	2466406.726961555
0.0	-3.974724403255564	2466406.7269615494
0.0	-1.7188812118551748	2466406.7269615647
0.0	-20.262719898799823	2466406.750839015
0.0	71.56293329820843	2466413.912938808
0.0	-168.79743007795128	2466592.0017094784
0.0	-297.2180583090294	2467477.7150367172
0.0	-1445.0560026405324	2470617.196401807
0.0	-3113.5107021960685	2475661.3934165994
0.0	-6408.624735467126	2481954.0747697973
0.0	-7478.462249241021	2489404.3352077864
0.0	-9297.515776196895	2488673.569983374
0.0	-26842.280124386714	2512574.496624956
0.0	-52539.66577870713	2610760.23730012
0.0	-175600.1687832497	2693692.24184636
0.0	-153807.9498709457	2767899.744471473
0.0	-401195.3501396909	2686840.6067731916
0.0	-2384686.5348261064	3287869.660363629
0.0	1738580.8698349325	2846797.1090458194
0.0	263445.87706790643	2480876.179264009
0.0	126503.98213238834	2458703.042354769
0.0	115578.2721746302	2437141.3550693914
0.0	39548.54773641761	2355728.7786988094
0.0	15976.44593198729	2285634.004040347
0.0	5140.282829116964	2268684.0111919334
0.0	3981.5275266832855	2266307.305940155
0.0	2689.8189786203807	2262238.707936505
0.0	1158.919960279829	2258284.701822072
0.0	328.6855459725516	2255951.9382309862
0.0	12.392132765523932	2254822.2692745607
0.0	34.885576116946986	2254642.619830948
0.0	-33.65588826926126	2254633.617937958
0.0	22.04210287903082	2254633.5935383867
0.0	8.296962300299157	2254633.5935383914
0.0	4.560932077945524	2254633.593538394
0.0	1.7821063127611685	2254633.593538408
0.0	-8.952481927793429e-09	2254633.5935384007
0.0	1.2737064072101923e-08	2254633.5935383933
0.0	-4.7983179359773826e-09	2254633.5935384
0.0	1.0564650061512973e-08	2254633.593538397
0.0	-1.782106336688957	2254633.5935383975
0.0	-4.56093202845137	2254633.5935383914
0.0	-8.296962340201425	2254633.5935383886
0.0	-22.042102882630505	2254633.5935383895
0.0	33.65588826745318	2254633.6179379616
0.0	-34.88557613196433	2254642.6198309334
0.0	-12.39213272192982	2254822.269274557
0.0	-328.68554598442915	2255951.9382309834
0.0	-1158.9199602765148	2258284.701822079
0.0	-2689.8189786229605	2262238.7079365114
0.0	-3981.5275266583662	2266307.305940159
0.0	-5140.28282922056	2268684.0111919446
0.0	-15976.44593190981	2285634.004040352
0.0	-39548.54773633904	2355728.7786988146
0.0	-115578.27217473752	2437141.355069363
0.0	-126503.98213233039	2458703.042354772
0.0	-263445.87706801924	2480876.179264011
0.0	-1738580.8698348152	2846797.109045862
0.0	1227533.0962305034	2405355.782084305
0.0	174678.82332413664	2012193.5000379297
0.0	97301.30668792664	2019921.1643075035
0.0	72517.44427930025	1992690.0836293313
0.0	27897.21580745988	1934851.594623809
0.0	8555.288155327224	1882402.6212033562
0.0	2767.7704189701562	1870103.428656159
0.0	1838.2001121951866	1868309.7889781022
0.0	926.6314219412561	1865254.4621367203
0.0	291.80251436431536	1863505.0812112382
0.0	-7.680463051465495	1862523.6039465782
0.0	-29.663855844147648	1862316.7908543432
0.0	2.9252637764616587	1862307.6067904776
0.0	-6.538359587954757	1862307.5816540204
0.0	13.998325444422175	1862307.5816540208
0.0	5.8806598266196195	1862307.5816540262
0.0	2.2868148109410864	1862307.5816540238
0.0	0.6024283797244125	1862307.5816540197
0.0	-1.1017614524969267e-08	1862307.5816540208
0.0	1.000377195019549e-08	1862307.581654017
0.0	-1.6137641009160832e-09	1862307.5816540204
0.0	2.6068503167652438e-09	1862307.581654016
0.0	-0.6024283950154075	1862307.5816540248
0.0	-2.286814770166274	1862307.5816540243
0.0	-5.8806598539389485	1862307.5816540245
0.0	-13.998325448363685	1862307.5816540231
0.0	6.538359589023428	1862307.581654026
0.0	-2.9252637870740212	1862307.6067904863
0.0	29.663855876926355	1862316.7908543497
0.0	7.680463041286927	1862523.6039465722
0.0	-291.8025143630488	1863505.0812112412
0.0	-926.6314219402229	1865254.4621367233
0.0	-1838.200112180434	1868309.7889780984
0.0	-2767.770419045709	1870103.4286561613
0.0	-8555.288155267426	1882402.6212033601
0.0	-27897.2158074212	1934851.5946237855
0.0	-72517.44427937156	1992690.0836293239
0.0	-97301.30668788566	2019921.1643075007
0.0	-174678.82332422162	2012193.50003793
0.0	-1227533.0962304242	2405355.7820843374
0.0	844320.6608112925	1977267.0178028536
0.0	114797.25274358923	1695249.2489719524
0.0	65516.47514049495	1685767.3063090912
0.0	43178.8883994373	1664952.3159131862
0.0	17121.733177365113	1621583.6970628777
0.0	4251.959424823383	1586154.4121079966
0.0	1354.2629178217082	1578916.102154181
0.0	700.0497425421693	1576985.986718442
0.0	237.43795589091286	1575637.1213450923
0.0	18.65299370574551	1574828.6438761207
0.0	-36.083173218961086	1574627.4342407433
0.0	-5.823913340347609	1574617.664194024
0.0	4.982743628380415	1574617.6376485082
0.0	2.465354771008186	1574617.6376486048
0.0	6.6317254294147725	1574617.637648612
0.0	2.5519508003736195	1574617.637648615
0.0	0.7578529490755335	1574617.637648613
0.0	0.14805291596880404	1574617.6376486118
0.0	-8.748097731178803e-09	1574617.6376486118
0.0	7.86038529103457e-09	1574617.6376486132
0.0	5.990157558318317e-11	1574617.6376486078
0.0	-9.046075898329665e-10	1574617.6376486109
0.0	-0.14805292435808018	1574617.6376486158
0.0	-0.7578529202631404	1574617.63764861
0.0	-2.5519508177828234	1574617.6376486095
0.0	-6.631725433675095	1574617.637648611
0.0	-2.4653547682748242	1574617.6376486057
0.0	-4.98274363345857	1574617.6376485084
0.0	5.823913361228772	1574617.6641940246
0.0	36.08317320920142	1574627.434240733
0.0	-18.652993705768303	1574828.643876122
0.0	-237.43795588955936	1575637.121345094
0.0	-700.0497425345276	1576985.9867184344
0.0	-1354.2629178742295	1578916.1021541858
0.0	-4251.959424778115	1586154.4121079994
0.0	-17121.733177346614	1621583.6970628551
0.0	-43178.88839948292	1664952.3159131762
0.0	-65516.47514047152	1685767.3063090907
0.0	-114797.25274364781	1695249.2489719505
0.0	-844320.6608112399	1977267.017802883
0.0	561822.0892774868	1571942.273538626
0.0	72556.41390922622	1327156.7051216827
0.0	39300.777239002695	1317347.776427708
0.0	23792.404280877403	1305038.704512956
0.0	9063.86773157714	1275516.307725672
0.0	1909.1962051806563	1254578.0883995562
0.0	564.6635301446838	1250321.8616593997
0.0	204.2208136962068	1249289.4516064548
0.0	33.20077268493177	1248654.2912890436
0.0	-13.791667333167208	1248464.5333875632
0.0	0.25971014514212953	1248454.4758641238
0.0	11.772860911595929	1248454.447806991
0.0	7.220914937602951	1248454.4478106236
0.0	2.841460766451013	1248454.447811013
0.0	2.449512171555842	1248454.4478110438
0.0	0.7884331651173488	1248454.4478110487
0.0	0.18226738096395942	1248454.4478110475
0.0	0.027406614924242192	1248454.447811047
0.0	-6.575790332604075e-09	1248454.4478110503
0.0	5.994180414499499e-09	1248454.4478110485
0.0	-3.0161238184535207e-10	1248454.4478110457
0.0	-4.730358378400727e-10	1248454.4478110466
0.0	-0.027406619878802555	1248454.4478110492
0.0	-0.18226736355867007	1248454.447811045
0.0	-0.7884331750657024	1248454.447811046
0.0	-2.4495121744112507	1248454.4478110452
0.0	-2.8414607640459497	1248454.4478110159
0.0	-7.220914940807246	1248454.4478106287
0.0	-11.772860899928295	1248454.4478069947
0.0	-0.25971015039664813	1248454.4758641156
0.0	13.791667333865348	1248464.533387562
0.0	-33.20077268279717	1248654.2912890448
0.0	-204.22081369382508	1249289.4516064483
0.0	-564.6635301753502	1250321.8616594037
0.0	-1909.1962051513535	1254578.0883995604
0.0	-9063.86773156992	1275516.3077256503
0.0	-23792.404280901057	1305038.7045129517
0.0	-39300.77723899331	1317347.7764277053
0.0	-72556.41390925992	1327156.7051216837
0.0	-561822.089277453	1571942.273538649
0.0	357205.8081827196	1200406.1265525308
0.0	43210.592716734216	1020636.4674663765
0.0	21197.773486156537	1011829.8775020603
0.0	11721.741499340915	1000880.753308857
0.0	4046.4462137461396	983088.9826926296
0.0	717.4195939567885	971565.0101214125
0.0	182.82874452874887	969669.7428013231
0.0	38.6953455760833	969140.9213861339
0.0	3.1502754762420437	968969.1838977404
0.0	7.35216564923047	968958.949522265
0.0	19.444210956795423	968958.9194736063
0.0	12.906625926210866	968958.9189866564
0.0	5.099368422796663	968958.9189935265
0.0	1.4186538761314604	968958.9189945307
0.0	0.70826724718341	968958.9189946405
0.0	0.18225672254042224	968958.9189946487
0.0	0.0330009640554929	968958.9189946487
0.0	0.0038872166732291584	968958.918994647
0.0	-4.804714416831179e-09	968958.9189946498
0.0	3.6457231368078038e-09	968958.9189946498
0.0	-6.632828930543398e-10	968958.9189946475
0.0	-8.965119874391164e-10	968958.9189946471
0.0	-0.003887221034289249	968958.9189946499
0.0	-0.03300095423184029	968958.9189946484
0.0	-0.18225672894921965	968958.9189946473
0.0	-0.7082672504778044	968958.9189946403
0.0	-1.4186538744264938	968958.9189945327
0.0	-5.099368425651665	968958.9189935296
0.0	-12.906625920041552	968958.9189866603
0.0	-19.444210961207954	968958.9194736034
0.0	-7.352165650083073	968958.9495222655
0.0	-3.150275475538395	968969.1838977417
0.0	-38.69534557573466	969140.921386132
0.0	-182.8287445482934	969669.7428013254
0.0	-717.4195939392102	971565.0101214111
0.0	-4046.44621374477	983088.9826926189
0.0	-11721.741499355174	1000880.753308855
0.0	-21197.773486152357	1011829.8775020585
0.0	-43210.59271675553	1020636.4674663757
0.0	-357205.80818269966	1200406.1265525427
0.0	213808.88225990586	871395.2998839606
0.0	23853.79040640087	738011.3252834927
0.0	10158.10448378947	728708.7244571554
0.0	4913.205850005379	723404.4254564925
0.0	1414.983172750865	713373.3731307717
0.0	191.69328478654077	708534.2539630217
0.0	36.45653222760614	707790.8956689478
0.0	6.184714982624695	707637.5893099427
0.0	11.676233476331438	707627.3406972798
0.0	18.354644011406823	707627.3073495734
0.0	17.58906397207297	707627.3055434055
0.0	7.491663422251532	707627.3048901396
0.0	2.3164918160135404	707627.3047760203
0.0	0.4775313624181016	707627.3047798784
0.0	0.15993874885084114	707627.3047804621
0.0	0.032222492937587235	707627.3047805309
0.0	0.004579238802026302	707627.304780536
0.0	0.0004263772231223832	707627.3047805355
0.0	-2.9459935214611228e-09	707627.3047805368
0.0	2.486683349358017e-09	707627.3047805371
0.0	-5.250313000982145e-10	707627.304780536
0.0	-2.1654243337517564e-10	707627.3047805354
0.0	-0.0004263803130628367	707627.3047805368
0.0	-0.004579230987747304	707627.3047805357
0.0	-0.032222496905130765	707627.3047805291
0.0	-0.15993875097157714	707627.3047804616
0.0	-0.4775313612306775	707627.3047798784
0.0	-2.316491817962028	707627.3047760227
0.0	-7.491663417813436	707627.3048901393
0.0	-17.589063974871358	707627.3055434019
0.0	-18.35464401187925	707627.3073495727
0.0	-11.67623347560626	707627.3406972802
0.0	-6.184714982107398	707637.5893099405
0.0	-36.45653224020863	707790.895668951
0.0	-191.6932847752663	708534.2539630234
0.0	-1414.9831727504716	713373.3731307609
0.0	-4913.205850013996	723404.4254564898
0.0	-10158.10448378619	728708.724457154
0.0	-23853.79040641436	738011.3252834942
0.0	-213808.88225989355	871395.299883971
0.0	118268.13684335287	593572.6308388385
0.0	11967.31525366136	503674.1451208198
0.0	4182.210134047973	497730.0501156
0.0	1591.0904407922749	493646.1628973549
0.0	303.8703792256677	489247.9172708399
0.0	17.079020890743745	487477.7141291192
0.0	1.145865608495662	487310.7014731383
0.0	8.954686411973906	487300.69046378817
0.0	15.863944249664826	487300.6462339088
0.0	15.1413108626937	487300.64073897596
0.0	9.457259501245517	487300.641870392
0.0	2.9923980814029623	487300.64213530114
0.0	0.747234749778664	487300.642226355
0.0	0.11791541653309799	487300.6422259588
0.0	0.028168789493992298	487300.64222800056
0.0	0.0044062178869344985	487300.6422282928
0.0	0.0004917601169239491	487300.64222832303
0.0	3.636594099041076e-05	487300.6422283245
0.0	-1.424904015090485e-09	487300.6422283254
0.0	1.4918077158977824e-09	487300.6422283251
0.0	-3.018753456959953e-10	487300.642228324
0.0	1.1522087086820367e-10	487300.6422283241
0.0	-3.636796709576336e-05	487300.6422283259
0.0	-0.00049175495086196	487300.6422283229
0.0	-0.004406220261802693	487300.64222829137
0.0	-0.02816879036850964	487300.6422280013
0.0	-0.11791541550165706	487300.6422259597
0.0	-0.7472347511277779	487300.64222635725
0.0	-2.992398078559683	487300.642135304
0.0	-9.45725950217342	487300.6418703907
0.0	-15.141310862544735	487300.64073897596
0.0	-15.863944248873265	487300.64623390883
0.0	-8.954686411223708	487300.6904637861
0.0	-1.145865614868788	487310.7014731388
0.0	-17.07902088458092	487477.7141291193
0.0	-303.8703792265697	489247.9172708339
0.0	-1591.0904407960147	493646.16289735486
0.0	-4182.2101340455365	497730.05011559965
0.0	-11967.315253668314	503674.1451208197
0.0	-118268.13684334609	593572.6308388435
0.0	58912.46139895453	372610.7125985759
0.0	5296.780538382073	317274.9199335097
0.0	1382.9927887278093	312671.9888899984
0.0	292.1174965569484	310944.89337850723
0.0	-17.694486507879418	309258.64970239263
0.0	-9.360209459203977	308928.09616985335
0.0	2.1973445661087343	308918.09825567534
0.0	11.638896822574324	308918.0240143471
0.0	12.06223085869671	308918.02793686726
0.0	8.012776701524311	308918.02847563603
0.0	3.6064525168219985	308918.0291505613
0.0	0.8831424917265029	308918.0294207933
0.0	0.17866736247371437	308918.0295203726
0.0	0.022002302346991985	308918.0295349831
0.0	0.0038700981739326207	308918.0295389538
0.0	0.0004689532669234279	308918.02953967056
0.0	4.110601567314481e-05	308918.0295397618
0.0	2.419841602636589e-06	308918.02953976975
0.0	-1.1596044400666496e-09	308918.02953977115
0.0	4.3300671519036816e-10	308918.02953977097
0.0	-4.3731249323963254e-10	308918.0295397705
0.0	-4.274979260910924e-10	308918.0295397705
0.0	-2.4213297321127776e-06	308918.0295397707
0.0	-4.1104292579928104e-05	308918.02953976154
0.0	-0.0004689549054770683	308918.0295396695
0.0	-0.0038700993830749885	308918.0295389536
0.0	-0.02200230246591485	308918.02953498345
0.0	-0.1786673635597512	308918.0295203739
0.0	-0.8831424910359827	308918.02942079416
0.0	-3.6064525182460154	308918.0291505604
0.0	-8.012776702179394	308918.0284756359
0.0	-12.062230858908254	308918.0279368673
0.0	-11.63889682305857	308918.02401434624
0.0	-2.1973445699939367	308918.09825567604
0.0	9.360209461871236	308928.09616985335
0.0	17.694486506474732	309258.6497023893
0.0	-292.1174965593933	310944.89337850653
0.0	-1382.992788727675	312671.9888899982
0.0	-5296.780538386374	317274.91993351
0.0	-58912.461398951666	372610.7125985787
0.0	25378.233468834835	210145.90298398005
0.0	1963.7568078281279	179654.87542076473
0.0	312.23814752161826	177379.56246553705
0.0	-39.51980596969043	176429.20406617958
0.0	-35.11913001414372	176096.6931534192
0.0	2.1183592792465076	176081.39691585087
0.0	6.379847425813723	176081.37970856874
0.0	9.00403925025925	176081.3655914125
0.0	6.321788229523833	176081.36325124267
0.0	3.0664867483547056	176081.36331112523
0.0	1.0297769639289736	176081.36376833048
0.0	0.1982149024973758	176081.36401473772
0.0	0.03236789843154393	176081.36410749287
0.0	0.0031460683170774152	176081.3641282148
0.0	0.0004151751333228445	176081.36413339066
0.0	3.899188286528145e-05	176081.36413437544
0.0	2.6842424048177575e-06	176081.3641345303
0.0	1.2604929194327782e-07	176081.3641345493
0.0	-3.8185493373716036e-10	176081.36413455167
0.0	3.336557128951987e-10	176081.3641345517
0.0	-1.237568543874718e-11	176081.36413455138
0.0	-1.0461482832073893e-10	176081.3641345512
0.0	-1.2627541022939795e-07	176081.3641345497
0.0	-2.683272956634657e-06	176081.3641345302
0.0	-3.899225260356572e-05	176081.36413437512
0.0	-0.0004151753947931726	176081.36413339057
0.0	-0.0031460679978987023	176081.36412821486
0.0	-0.03236789855585483	176081.3641074933
0.0	-0.19821490194778413	176081.36401473766
0.0	-1.0297769643842074	176081.36376832984
0.0	-3.0664867483559695	176081.36331112514
0.0	-6.321788229259213	176081.36325124273
0.0	-9.00403925022206	176081.36559141194
0.0	-6.379847427228322	176081.3797085692
0.0	-2.118359277751326	176081.39691585125
0.0	35.119130013524405	176096.6931534171
0.0	39.51980596906284	176429.20406617929
0.0	-312.2381475212888	177379.56246553693
0.0	-1963.7568078297627	179654.87542076517
0.0	-25378.233468833165	210145.90298398174
0.0	8778.7975575702	102521.42538032265
0.0	545.8640413944054	88887.70729343792
0.0	22.12940322570028	87741.82557683918
0.0	-36.022649961693666	87460.17828942506
0.0	5.076324971800771	87443.51350571758
0.0	9.685737428584417	87443.4701552226
0.0	6.068495004751082	87443.43617797297
0.0	4.816768466971027	87443.41573513401
0.0	2.4453006146031084	87443.41167014124
0.0	0.8843948598353014	87443.41181242216
0.0	0.22521827419880316	87443.41228069966
0.0	0.03429827580642905	87443.41251227263
0.0	0.0044990552481568285	87443.41258322148
0.0	0.00034752455892976417	87443.41260412903
0.0	3.482170533510656e-05	87443.41260942725
0.0	2.5387046676460977e-06	87443.41261055978
0.0	1.372314107198483e-07	87443.41261077198
0.0	5.186899445514702e-09	87443.41261080532
0.0	-1.244730729737988e-10	87443.4126108098
0.0	1.0478190154703507e-10	87443.41261081019
0.0	-3.713997249372871e-12	87443.41261081005
0.0	-4.9184853733972746e-11	87443.41261080967
0.0	-5.247508873379016e-09	87443.4126108055
0.0	-1.3691624793169506e-07	87443.41261077195
0.0	-2.538834128751763e-06	87443.41261055962
0.0	-3.482180551751741e-05	87443.41260942722
0.0	-0.00034752442625867754	87443.4126041291
0.0	-0.004499055263686317	87443.41258322168
0.0	-0.03429827564133215	87443.41251227265
0.0	-0.22521827437596487	87443.41228069941
0.0	-0.8843948598397399	87443.41181242213
0.0	-2.445300614482906	87443.41167014121
0.0	-4.816768467003905	87443.41573513388
0.0	-6.068495005173146	87443.43617797317
0.0	-9.685737428074008	87443.47015522269
0.0	-5.076324972234765	87443.51350571675
0.0	36.02264996164574	87460.17828942492
0.0	-22.129403225684328	87741.82557683915
0.0	-545.864041394924	88887.7072934381
0.0	-8778.797557569547	102521.42538032323
0.0	2035.6516913855519	40632.11977235995
0.0	79.59118594668485	35717.86342300421
0.0	-3.4331708875105402	35418.22714909786
0.0	13.653502132104244	35400.77735882169
0.0	23.34132478803586	35400.73393916788
0.0	8.630034151816643	35400.64491147813
0.0	3.5743452802297355	35400.584734558026
0.0	1.9049377149780242	35400.58558787775
0.0	0.7173859054301281	35400.58829647588
0.0	0.19575969068069907	35400.58866346623
0.0	0.03816563707134736	35400.58910143297
0.0	0.004611327302984934	35400.58929482286
0.0	0.0004836635199919838	35400.58935458919
0.0	2.978002987684264e-05	35400.589372406364
0.0	2.2854396743768516e-06	35400.58937700091
0.0	1.296142546083795e-07	35400.58937807865
0.0	5.476560607017104e-09	35400.58937830907
0.0	1.7600622776415185e-10	35400.58937835261
0.0	-2.7107632014848532e-11	35400.589378359626
0.0	6.566032685679188e-12	35400.5893783605
0.0	-1.0422853316142317e-11	35400.58937836046
0.0	-2.425435855842263e-11	35400.58937835957
0.0	-1.8860787251917647e-10	35400.589378352655
0.0	-5.424570767415155e-09	35400.58937830907
0.0	-1.296608570590613e-07	35400.58937807859
0.0	-2.285475363714918e-06	35400.5893770009
0.0	-2.977999982762541e-05	35400.58937240639
0.0	-0.0004836635315101676	35400.58935458927
0.0	-0.004611327274457536	35400.58929482289
0.0	-0.03816563713977726	35400.58910143289
0.0	-0.19575969069646498	35400.58866346623
0.0	-0.7173859053999971	35400.58829647588
0.0	-1.9049377150211335	35400.5855878777
0.0	-3.574345280326785	35400.58473455809
0.0	-8.630034151705837	35400.64491147816
0.0	-23.34132478824654	35400.733939167614
0.0	-13.653502132060192	35400.777358821666
0.0	3.4331708874645006	35418.22714909787
0.0	-79.59118594682033	35717.863423004266
0.0	-2035.6516913853566	40632.11977236011
0.0	106.84530495832452	11539.870527235485
0.0	-6.060437960048299	10680.265157113152
0.0	16.565890947219444	10661.994190993286
0.0	30.646456380627626	10662.012078045424
0.0	19.574446429452852	10661.849183010609
0.0	4.720502030494392	10661.831901088233
0.0	1.4815602030870925	10661.809157000282
0.0	0.5708344214501522	10661.807196154834
0.0	0.16173231199507573	10661.808967725563
0.0	0.03357943272017749	10661.809420782534
0.0	0.005034370039775575	10661.809780289008
0.0	0.0004840698117018696	10661.809917492352
0.0	4.0364065517950794e-05	10661.80996466858
0.0	1.992192354355628e-06	10661.809978821395
0.0	1.1756940067442524e-07	10661.809982657058
0.0	5.196265788178172e-09	10661.809983620811
0.0	1.6285972026286684e-10	10661.809983848461
0.0	1.2170372796955746e-11	10661.809983897469
0.0	8.139772345143194e-12	10661.80998390661
0.0	-3.268558358693665e-12	10661.809983907997
0.0	2.1732830213314006e-12	10661.809983907991
0.0	2.2319821730098917e-13	10661.809983906602
0.0	4.941864859341732e-12	10661.809983897481
0.0	-1.600591015712158e-10	10661.809983848463
0.0	-5.192064972234604e-09	10661.809983620802
0.0	-1.1756284455923918e-07	10661.809982657058
0.0	-1.992176868189292e-06	10661.809978821397
0.0	-4.036405338843726e-05	10661.809964668593
0.0	-0.0004840698009863615	10661.80991749236
0.0	-0.005034370043652096	10661.809780289
0.0	-0.03357943271343047	10661.80942078253
0.0	-0.1617323119797925	10661.808967725567
0.0	-0.570834421454919	10661.807196154823
0.0	-1.4815602030781552	10661.80915700029
0.0	-4.720502030477807	10661.831901088237
0.0	-19.574446429502984	10661.849183010556
0.0	-30.646456380581377	10662.01207804543
0.0	-16.5658909472308	10661.994190993282
0.0	6.060437960049342	10680.26515711316
0.0	-106.84530495827113	11539.870527235511
0.0	-60.047486307849425	1765.3811157043326
0.0	7.492540187437996	1727.9148677663966
0.0	22.55149129817635	1728.1478868618274
0.0	23.046146886885932	1727.8485787201573
0.0	10.101405666514886	1727.7545209416917
0.0	1.828594264418642	1727.6903455323657
0.0	0.45516641885804043	1727.662276787643
0.0	0.13029154816714947	1727.6581087369684
0.0	0.028289807350077096	1727.6583891506675
0.0	0.004513546432796338	1727.6593559647667
0.0	0.0005201998920794388	1727.6598643795983
0.0	3.965601063197434e-05	1727.6600483568714
0.0	2.639697182813076e-06	1727.6601088935433
0.0	1.0375473150563848e-07	1727.6601267794172
0.0	4.7311612245333105e-09	1727.660131572516
0.0	1.620478889143398e-10	1727.6601327776575
0.0	7.987720961981557e-13	1727.6601330671865
0.0	-5.594536826350373e-14	1727.660133132242
0.0	3.209330390981785e-12	1727.6601331453035
0.0	-3.17853858595139e-12	1727.6601331475113
0.0	3.144303177072322e-14	1727.6601331475115
0.0	9.851761449954388e-13	1727.660133145303
0.0	3.022865980605787e-12	1727.6601331322422
0.0	-6.822955366468709e-12	1727.6601330671872
0.0	-1.620931502978115e-10	1727.6601327776573
0.0	-4.729963155971379e-09	1727.6601315725165
0.0	-1.0375508107763483e-07	1727.6601267794167
0.0	-2.6396956744384167e-06	1727.6601088935433
0.0	-3.965601013157576e-05	1727.6600483568716
0.0	-0.0005201998917383297	1727.6598643796003
0.0	-0.00451354643253855	1727.6593559647667
0.0	-0.028289807350909725	1727.658389150669
0.0	-0.13029154816876054	1727.6581087369686
0.0	-0.4551664188562036	1727.662276787644
0.0	-1.8285942644202646	1727.690345532368
0.0	-10.101405666510939	1727.7545209416953
0.0	-23.046146886880123	1727.8485787201591
0.0	-22.55149129818073	1728.1478868618278
0.0	-7.492540187435166	1727.9148677663975
0.0	60.04748630785639	1765.3811157043347
0.0	94.07527094043556	79.5401934099414
0.0	19.425135156852846	78.71271422333169
0.0	16.03119919110837	78.11229019975096
0.0	11.1607873218061	77.77424587795922
0.0	3.719686939600651	77.53692077315264
0.0	0.5304865769223666	77.40667426030377
0.0	0.10765343862647628	77.35731171979975
0.0	0.023123129811918094	77.34925491873048
0.0	0.0039058038585185985	77.35122950799604
0.0	0.00047108947061101533	77.35364848449446
0.0	4.191509595240506e-05	77.35476449214296
0.0	2.530740591813466e-06	77.35516983734944
0.0	1.3461123528553557e-07	77.35530053183662
0.0	4.207024803272065e-09	77.35533847375778
0.0	1.4530279700844074e-10	77.3553485112877
0.0	2.6794944261222866e-12	77.35535101492214
0.0	2.9682437164192145e-12	77.35535161704881
0.0	-4.76312428856748e-13	77.35535175436694
0.0	-2.3218407465363506e-12	77.35535178286621
0.0	1.6968983274619743e-12	77.35535178794692
0.0	8.549080264032212e-13	77.35535178794774
0.0	-8.714368018445695e-14	77.35535178286649
0.0	-1.5616385264917824e-12	77.35535175436503
0.0	1.992367622285814e-12	77.35535161704854
0.0	-5.584880223019381e-12	77.35535101492296
0.0	-1.463405611365002e-10	77.3553485112878
0.0	-4.20722400249682e-09	77.35533847375731
0.0	-1.3461302801270622e-07	77.35530053183543
0.0	-2.530737899440821e-06	77.35516983734827
0.0	-4.1915094943148464e-05	77.35476449214397
0.0	-0.00047108947059920034	77.3536484844943
0.0	-0.003905803859802211	77.35122950799605
0.0	-0.02312312981008184	77.3492549187315
0.0	-0.10765343863441093	77.35731171980129
0.0	-0.5304865769175191	77.40667426030673
0.0	-3.719686939588132	77.53692077315746
0.0	-11.160787321814553	77.7742458779575
0.0	-16.03119919110589	78.11229019975161
0.0	-19.425135156855553	78.71271422333233
0.0	-94.07527094043127	79.54019340994208
0.0	143.80086086762813	-1.8463365634375242
0.0	16.38841271907556	-2.6189299246622806
0.0	7.791808207198105	-3.276893119862323
0.0	4.023020895286551	-3.7846239989742276
0.0	1.0220466816639266	-3.9144321397499615
0.0	0.11847457946095041	-4.048149212374501
0.0	0.018877728632481633	-4.098283554647179
0.0	0.0033301342781018057	-4.107201551585709
0.0	0.0004176603506963234	-4.103908429210457
0.0	3.833874668041196e-05	-4.10086506476502
0.0	2.638614887304232e-06	-4.0995075091828586
0.0	1.3220723671533166e-07	-4.099027605916732
0.0	5.39828352728463e-09	-4.098876516187822
0.0	1.3544404157625566e-10	-4.098833483158893
0.0	-1.457383386425698e-12	-4.098822271416823
0.0	-9.31846381738859e-13	-4.098819507536613
0.0	2.6793563587501273e-12	-4.098818846756929
0.0	-5.614193595321931e-13	-4.098818695563194
0.0	-4.575271695743034e-12	-4.098818663661662
0.0	2.1120657447949534e-12	-4.098818657788669
0.0	1.0968128652427072e-13	-4.098818657789662
0.0	-1.6206641368794995e-12	-4.098818663661779
0.0	-3.7967095231122684e-12	-4.098818695561196
0.0	3.981809937980652e-12	-4.098818846757043
0.0	-4.199371944582107e-12	-4.098819507537643
0.0	-1.7026536057261556e-12	-4.098822271417115
0.0	-1.3625538311159073e-10	-4.098833483158671
0.0	-5.401952392365953e-09	-4.098876516186954
0.0	-1.322051898413891e-07	-4.099027605916411
0.0	-2.6386168440729233e-06	-4.099507509183489
0.0	-3.833874806882914e-05	-4.100865064764907
0.0	-0.000417660352287867	-4.103908429210469
0.0	-0.0033301342780304834	-4.107201551586442
0.0	-0.018877728643941685	-4.098283554648042
0.0	-0.11847457945394416	-4.04814921237541
0.0	-1.0220466816584053	-3.914432139750486
0.0	-4.0230208952951	-3.784623998973325
0.0	-7.7918082071947765	-3.2768931198622724
0.0	-16.388412719082044	-2.6189299246627793
0.0	-143.8008608676239	-1.8463365634377915
0.0	100.61269399193762	-2.0480089807038673
0.0	8.8975728659304	-2.6975512002062167
0.0	2.8468919825768415	-2.846891982577586
0.0	1.0229412919673304	-3.0617486126330933
0.0	0.21520496463090613	-3.231228432593902
0.0	0.01920662825097503	-3.3269075464388096
0.0	0.0029406411461937974	-3.366104765508167
0.0	0.00037785050530359557	-3.372281519473331
0.0	3.5683350946183196e-05	-3.369478722002837
0.0	2.4853742408048555e-06	-3.3670223711595
0.0	1.303229779273618e-07	-3.3659423297694744
0.0	5.01356729735624e-09	-3.3655634492962143
0.0	1.576822335124177e-10	-3.3654445959863626
0.0	4.545094725083375e-12	-3.365410760379916
0.0	-3.835187560773841e-12	-3.365401918139705
0.0	-4.710943813638626e-13	-3.365399719789094
0.0	4.863706136244284e-13	-3.3653991861420023
0.0	-5.049251751267545e-13	-3.3653990614215523
0.0	-2.9699595565580363e-12	-3.365399034399107
0.0	9.910947790725223e-13	-3.3653990292646068
0.0	-9.62359661040822e-13	-3.365399029264565
0.0	-1.1178170392742316e-12	-3.365399034399224
0.0	-2.9439988346482594e-12	-3.365399061421332
0.0	2.31199417064117e-12	-3.3653991861418753
0.0	-3.2655121627672665e-12	-3.365399719789208
0.0	7.680784183778281e-13	-3.3654019181396446
0.0	-5.50463187432714e-12	-3.3654107603795014
0.0	-1.603374666370497e-10	-3.365444595985695
0.0	-5.012706620095198e-09	-3.365563449295702
0.0	-1.3032620714682835e-07	-3.3659423297704096
0.0	-2.485376117805854e-06	-3.367022371159348
0.0	-3.568335216287485e-05	-3.3694787220028664
0.0	-0.0003778505066740148	-3.372281519473279
0.0	-0.002940641155335764	-3.3661047655087013
0.0	-0.019206628245705473	-3.3269075464407942
0.0	-0.21520496463154787	-3.231228432596556
0.0	-1.0229412919734215	-3.0617486126323925
0.0	-2.8468919825766372	-2.8468919825778682
0.0	-8.897572865936596	-2.6975512002063153
0.0	-100.61269399193358	-2.048008980704424
0.0	47.12236420867714	-3.225784621678182
0.0	3.2748358970524585	-3.274835897052384
0.0	0.8446783360223229	-3.7959253390123036
0.0	0.19848073877816458	-4.020544205535604
0.0	0.03356449646849738	-4.211358199499209
0.0	0.003630714877814672	-4.329028521568942
0.0	0.00041925656952644224	-4.378449408450707
0.0	4.0933322366800804e-05	-4.387562842073252
0.0	2.9282619523147706e-06	-4.384720515892744
0.0	1.5225472567932878e-07	-4.381868974503693
0.0	5.869868560935403e-09	-4.380566373555958
0.0	1.635766068617479e-10	-4.380096706289756
0.0	4.088024505771036e-12	-4.3799463455285474
0.0	1.2571956313953189e-12	-4.379903008456263
0.0	-1.01110628148805e-12	-4.379891624067362
0.0	7.926273788495626e-13	-4.379888795964169
0.0	8.414002578049012e-13	-4.379888112973999
0.0	7.367137602854616e-13	-4.37988795449823
0.0	-5.534966136523703e-13	-4.379887920424501
0.0	1.2850041103776077e-12	-4.379887913995185
0.0	3.2934505240125935e-13	-4.379887913995122
0.0	2.1871259274714404e-13	-4.37988792042454
0.0	-5.257545931109308e-13	-4.379887954498068
0.0	2.2250298463074247e-12	-4.379888112974138
0.0	-9.357189685364327e-13	-4.37988879596424
0.0	1.203261817132274e-12	-4.379891624067309
0.0	2.2723111590877485e-13	-4.37990300845617
0.0	-3.571885968630529e-12	-4.37994634552802
0.0	-1.6148435220621532e-10	-4.380096706290038
0.0	-5.870031141891866e-09	-4.380566373557202
0.0	-1.5225398550111788e-07	-4.3818689745037345
0.0	-2.928260561638962e-06	-4.384720515892706
0.0	-4.0933321590647716e-05	-4.387562842073628
0.0	-0.00041925657209368537	-4.378449408450936
0.0	-0.00363071487339862	-4.32902852157005
0.0	-0.03356449646894638	-4.21135819950182
0.0	-0.19848073877888706	-4.020544205535224
0.0	-0.8446783360212129	-3.7959253390125465
0.0	-3.2748358970543343	-3.2748358970523737
0.0	-47.12236420867343	-3.2257846216782093
0.0	15.722750802459494	-15.722750802460315
0.0	1.074107910324168	-20.01556984636111
0.0	0.16018295331354776	-22.641259532540182
0.0	0.02817998058120557	-24.2236222580744
0.0	0.004180252770177605	-25.296667883897122
0.0	0.0003850818962205092	-25.99112124335975
0.0	4.00271754441319e-05	-26.284556721676203
0.0	3.5750676374288097e-06	-26.331208678765663
0.0	2.2154900011748966e-07	-26.3081438239996
0.0	9.544498269408013e-09	-26.28840970296386
0.0	2.9280693618232176e-10	-26.279801002478155
0.0	5.856777674013647e-12	-26.276799660604127
0.0	1.3559921073408955e-13	-26.275860610240784
0.0	1.3025882640817245e-13	-26.27559332760226
0.0	-4.907389795809045e-13	-26.27552410603931
0.0	2.0846145237889756e-13	-26.275507547518504
0.0	-1.2727585374040316e-14	-26.27550386339519
0.0	1.2975600029346465e-13	-26.275503119155406
0.0	-3.473316302042544e-13	-26.27550299043208
0.0	2.1809816006262983e-13	-26.275502973405025
0.0	-6.188388811234986e-14	-26.275502973404983
0.0	-1.6742553888033048e-13	-26.27550299043211
0.0	-3.4607621620872603e-13	-26.275503119155438
0.0	7.576745437954367e-13	-26.275503863395272
0.0	-6.223468322273413e-13	-26.27550754751854
0.0	1.8131082486394983e-13	-26.2755241060393
0.0	1.9564778445844554e-13	-26.275593327602262
0.0	-2.69177816289831e-13	-26.27586061024058
0.0	-5.491738382258359e-12	-26.276799660604134
0.0	-2.933286526785426e-10	-26.2798010024788
0.0	-9.544519912091066e-09	-26.28840970296386
0.0	-2.2154869670235438e-07	-26.308143823999643
0.0	-3.5750678796383333e-06	-26.331208678765847
0.0	-4.0027176661663015e-05	-26.284556721676207
0.0	-0.00038508189478544497	-25.991121243360308
0.0	-0.004180252771510769	-25.296667883898518
0.0	-0.028179980581316308	-24.22362225807421
0.0	-0.16018295331368318	-22.641259532540317
0.0	-1.0741079103251239	-20.01556984636106
0.0	-15.722750802458222	-15.722750802460393
