1600
0.0	43758437250.94925	43761232257.90297
0.0	-21632259618.659073	133683865134.0188
0.0	11375329349.564869	90643712978.64435
0.0	-3248013226.7649817	129276446363.75714
0.0	2112845303.3902266	123815450194.0185
0.0	-17696646.21812123	143626411596.14578
0.0	-163864338.54147476	149536106198.34552
0.0	356929942.33156985	151649546799.78253
0.0	-219789533.03316706	151412192087.77835
0.0	80826361.36366369	151077117372.92215
0.0	-71974251.29133275	150913890798.13864
0.0	10764798.425024109	150928131128.12085
0.0	-27309359.29036212	150971391171.89545
0.0	6246106.999558511	150958635349.60004
0.0	-2993449.613345544	150957570195.63373
0.0	1108899.7390083894	150954264255.2236
0.0	548243.8218539332	150953651097.97598
0.0	-465286.88826577156	150953171077.3402
0.0	718764.1043080778	150953714762.34418
0.0	-347406.11210466037	150954531654.09634
0.0	347406.1191560668	150954531654.0969
0.0	-718764.0973700789	150953714762.3457
0.0	465286.8940817161	150953171077.3407
0.0	-548243.8149507535	150953651097.97754
0.0	-1108899.732711784	150954264255.22595
0.0	2993449.62061335	150957570195.63437
0.0	-6246106.993784928	150958635349.60156
0.0	27309359.296517126	150971391171.89456
0.0	-10764798.418090189	150928131128.12207
0.0	71974251.29917292	150913890798.14215
0.0	-80826361.3566481	151077117372.92313
0.0	219789533.0379371	151412192087.7786
0.0	-356929942.3231213	151649546799.78506
0.0	163864338.54735398	149536106198.34894
0.0	17696646.222948313	143626411596.14502
0.0	-2112845303.378961	123815450194.01834
0.0	3248013226.7663136	129276446363.74762
0.0	-11375329349.559513	90643712978.63882
0.0	21632259618.66232	133683865134.01517
0.0	-43758437250.94673	43761232257.90192
0.0	40515353849.21509	-9762047322.311405
0.0	26695313443.330612	-12812456784804.941
0.0	18131951297.909534	5576141921585.718
0.0	-9201604108.209503	-4732781063602.717
0.0	6384415338.82087	-744115137656.7988
0.0	-1330170653.3344822	-2984002502779.326
0.0	270210165.05860835	-2354295963601.0273
0.0	233529424.2316153	-2580342184466.6104
0.0	-192067830.637407	-2478235876875.9316
0.0	101805725.37731566	-2526251870298.2676
0.0	-94540245.22280093	-2508352202754.1064
0.0	34509478.59336971	-2510437224276.5254
0.0	-44983995.82536964	-2514742487156.5195
0.0	16576768.45289481	-2510709812313.533
0.0	-9049644.818010096	-2513079952506.291
0.0	3806487.988692212	-2511887622994.424
0.0	-46705.99365206555	-2512418841760.499
0.0	-383509.742357748	-2512197278851.7266
0.0	528677.0024298559	-2512341136652.0156
0.0	-179643.32403615	-2512288934777.666
0.0	179643.32613434742	-2512288934777.62
0.0	-528676.9985086685	-2512341136652.0977
0.0	383509.7491466757	-2512197278851.879
0.0	46705.99514263772	-2512418841760.3
0.0	-3806487.9806151716	-2511887622994.3555
0.0	9049644.817587856	-2513079952506.3584
0.0	-16576768.44494703	-2510709812313.625
0.0	44983995.833789125	-2514742487156.6973
0.0	-34509478.59357262	-2510437224276.6416
0.0	94540245.2234724	-2508352202753.9727
0.0	-101805725.37360337	-2526251870298.326
0.0	192067830.64554775	-2478235876875.8496
0.0	-233529424.23644173	-2580342184466.172
0.0	-270210165.0399323	-2354295963601.592
0.0	1330170653.3344383	-2984002502779.867
0.0	-6384415338.850338	-744115137655.9502
0.0	9201604108.267714	-4732781063602.098
0.0	-18131951297.912422	5576141921585.805
0.0	-26695313443.248764	-12812456784804.648
0.0	-40515353849.220764	-9762047322.31087
0.0	-19606102610.00901	1630941130.3295028
0.0	-8875122752.246548	5471596304539.908
0.0	18511201228.53136	4327669265063.2104
0.0	-4182581985.8773627	3010447385877.6694
0.0	3673445686.652672	3666160954196.7305
0.0	294321345.73571706	3196235438149.3286
0.0	-85011139.20257717	3482886602954.05
0.0	176829835.59793788	3300407042476.4365
0.0	-163831719.4240533	3422033705718.99
0.0	113223765.24676728	3366883909133.3926
0.0	-71937341.25085717	3388320146210.6094
0.0	19548246.72954321	3381325521220.374
0.0	-20996430.17021854	3381832478467.696
0.0	9139867.551220927	3382087288006.6816
0.0	-6910505.512672579	3381106679058.8164
0.0	3138158.5457918085	3381854939552.418
0.0	193803.31378460125	3381421599407.0137
0.0	-637682.6571389878	3381615534181.5938
0.0	475147.5645890563	3381499387838.1245
0.0	-97988.91339201276	3381547487658.195
0.0	97988.91494443826	3381547487658.237
0.0	-475147.56352040626	3381499387838.198
0.0	637682.6588036756	3381615534181.492
0.0	-193803.31257526798	3381421599407.1426
0.0	-3138158.543702661	3381854939552.497
0.0	6910505.513186004	3381106679058.62
0.0	-9139867.549286293	3382087288006.7656
0.0	20996430.172416866	3381832478467.5005
0.0	-19548246.729043853	3381325521220.42
0.0	71937341.2518057	3388320146210.8335
0.0	-113223765.24528953	3366883909133.387
0.0	163831719.42591783	3422033705718.871
0.0	-176829835.59825236	3300407042476.8706
0.0	85011139.20661503	3482886602953.7983
0.0	-294321345.73459435	3196235438148.4854
0.0	-3673445686.6613364	3666160954197.663
0.0	4182581985.8939857	3010447385877.8516
0.0	-18511201228.536674	4327669265063.3506
0.0	8875122752.261303	5471596304539.207
0.0	19606102610.0044	1630941130.3290718
0.0	-19266058472.444504	196441518.2716654
0.0	13472509115.771706	-4162843420486.048
0.0	-15360397133.682556	2850856099414.313
0.0	3238348547.82971	-3110525208272.884
0.0	-5554144031.931161	-1106347280138.3564
0.0	678942961.5169467	-2567677195089.78
0.0	275965499.8239108	-2345588903156.9434
0.0	-334232647.18285847	-2424079912431.216
0.0	178531159.42960262	-2376166884667.846
0.0	-61747534.98117904	-2403176662340.4634
0.0	68666603.08546889	-2392720124080.6343
0.0	-22244517.270434637	-2393821446470.511
0.0	34339325.27272449	-2396646147037.3857
0.0	-5416878.931740634	-2394037588725.6064
0.0	1261013.787023516	-2395853652023.41
0.0	59076.13644200866	-2394866571993.0303
0.0	-169394.39135673596	-2395337272801.3696
0.0	178994.22362915357	-2395151555010.0337
0.0	-367406.8731404209	-2395254884663.041
0.0	301571.27914206835	-2395217944018.0596
0.0	-301571.278367159	-2395217944018.076
0.0	367406.8729207001	-2395254884663.0845
0.0	-178994.22482339037	-2395151555010.046
0.0	169394.39287862484	-2395337272801.3145
0.0	-59076.13835165021	-2394866571993.03
0.0	-1261013.7856829648	-2395853652023.382
0.0	5416878.930407256	-2394037588725.6455
0.0	-34339325.27455973	-2396646147037.403
0.0	22244517.272558272	-2393821446470.494
0.0	-68666603.08518511	-2392720124080.546
0.0	61747534.98104334	-2403176662340.5005
0.0	-178531159.4307724	-2376166884667.854
0.0	334232647.18720156	-2424079912431.0293
0.0	-275965499.8333346	-2345588903157.2456
0.0	-678942961.5125465	-2567677195089.989
0.0	5554144031.943729	-1106347280137.9658
0.0	-3238348547.837101	-3110525208272.5527
0.0	15360397133.685982	2850856099414.366
0.0	-13472509115.770718	-4162843420486.3984
0.0	19266058472.442017	196441518.27161455
0.0	-6806705007.651798	-325011513.22670054
0.0	38706967975.958336	-420193736804.86523
0.0	-32159375039.3733	3192196875758.9316
0.0	7267430521.295183	-995794473505.2529
0.0	-7336567444.955597	267624366123.75024
0.0	792115377.6415381	-702237026537.6357
0.0	436536999.1505455	-497973330689.8916
0.0	-661469123.449615	-578068718549.831
0.0	356151792.92862725	-507437627207.5967
0.0	-161631621.57858446	-542521596697.687
0.0	118153670.87756912	-527456710953.9463
0.0	-45379429.52818748	-532266872798.6406
0.0	61842024.55856764	-534755947944.2168
0.0	-10589779.222813258	-532704832568.103
0.0	5525869.026091153	-534339063779.93604
0.0	-1651404.3030523304	-533439100188.499
0.0	-540462.9950703471	-533879844763.46484
0.0	884397.7235125038	-533696200929.5674
0.0	-866097.2407534367	-533801842631.34326
0.0	474845.5139893045	-533761133195.96924
0.0	-474845.5134353968	-533761133195.96484
0.0	866097.2405176822	-533801842631.3218
0.0	-884397.7245266112	-533696200929.63135
0.0	540462.997266327	-533879844763.3452
0.0	1651404.300452763	-533439100188.4336
0.0	-5525869.024895257	-534339063779.95703
0.0	10589779.221930077	-532704832568.1201
0.0	-61842024.560247526	-534755947944.272
0.0	45379429.53050281	-532266872798.64014
0.0	-118153670.87784076	-527456710953.83105
0.0	161631621.57816988	-542521596697.7217
0.0	-356151792.9289212	-507437627207.6245
0.0	661469123.4536139	-578068718549.6216
0.0	-436536999.1604885	-497973330690.1323
0.0	-792115377.6359265	-702237026537.979
0.0	7336567444.971794	267624366124.22168
0.0	-7267430521.305267	-995794473505.0034
0.0	32159375039.387337	3192196875759.025
0.0	-38706967975.960724	-420193736805.3379
0.0	6806705007.652611	-325011513.22666067
0.0	-11594308813.762608	16637252.395890653
0.0	53357865073.32449	-1986270151600.0273
0.0	-33205744775.373127	2538279794366.45
0.0	7889534426.371512	-2056500535972.2358
0.0	-5945485582.230581	-591342309468.2158
0.0	-12918125.071594715	-1627154125441.17
0.0	477012354.07440174	-1459085140381.7236
0.0	-789721424.1486679	-1516590202479.5112
0.0	468441115.45432186	-1471256243110.458
0.0	-191783141.86938408	-1503572331979.4795
0.0	139010888.03807518	-1490512957240.8262
0.0	-26199515.56099946	-1494398252646.9307
0.0	59843416.49176948	-1496905176420.3662
0.0	-9536425.390935335	-1494604844669.0684
0.0	5394106.825984005	-1496173734828.7725
0.0	-1858577.598597139	-1495338524183.6855
0.0	-950824.1217940734	-1495734005472.9336
0.0	779735.3805763854	-1495575424435.6768
0.0	-1099028.6175428273	-1495667093773.9907
0.0	556419.488874121	-1495630965662.6514
0.0	-556419.4930899981	-1495630965662.651
0.0	1099028.6123806387	-1495667093774.0112
0.0	-779735.3833828666	-1495575424435.7412
0.0	950824.1192155641	-1495734005472.8916
0.0	1858577.5943347248	-1495338524183.6816
0.0	-5394106.8308372265	-1496173734828.776
0.0	9536425.388666669	-1494604844669.1313
0.0	-59843416.495461605	-1496905176420.4043
0.0	26199515.557439767	-1494398252646.956
0.0	-139010888.04350334	-1490512957240.7847
0.0	191783141.8645758	-1503572331979.5073
0.0	-468441115.4551027	-1471256243110.4922
0.0	789721424.1430041	-1516590202479.3599
0.0	-477012354.08052313	-1459085140381.9448
0.0	12918125.072259426	-1627154125441.3335
0.0	5945485582.227678	-591342309467.9316
0.0	-7889534426.371691	-2056500535972.0156
0.0	33205744775.388508	2538279794366.5225
0.0	-53357865073.32732	-1986270151600.3477
0.0	11594308813.763657	16637252.395910382
0.0	-21308807018.11164	-9194046.43141833
0.0	60080930487.12401	-1230820321807.1484
0.0	-32669503052.23827	2427527722265.6943
0.0	7961728846.267105	-1587272445499.0771
0.0	-5152767149.190321	-320861754440.7197
0.0	-316463132.1792519	-1235189875946.71
0.0	551775356.1010318	-1075345113251.2104
0.0	-932060385.8182651	-1125839013639.6597
0.0	529918657.3420773	-1079984906365.2397
0.0	-193372172.9223047	-1108497675463.1255
0.0	150003672.01912752	-1094482255273.4067
0.0	-11857799.41719051	-1098448277934.0376
0.0	60151419.734384015	-1100594659015.9077
0.0	-8145755.891113722	-1098729516020.7246
0.0	4740724.369175106	-1100037110760.546
0.0	-1223832.839684674	-1099354332179.1699
0.0	-694543.521221423	-1099672432407.0977
0.0	961777.7268828757	-1099548302663.1177
0.0	-1125924.5044860542	-1099636094330.373
0.0	552132.8790297394	-1099601801392.874
0.0	-552132.8793660307	-1099601801392.856
0.0	1125924.5035430922	-1099636094330.371
0.0	-961777.7245961663	-1099548302663.185
0.0	694543.5221858243	-1099672432407.022
0.0	1223832.8407188887	-1099354332179.1655
0.0	-4740724.371241845	-1100037110760.56
0.0	8145755.894591165	-1098729516020.7612
0.0	-60151419.73227636	-1100594659015.961
0.0	11857799.416522283	-1098448277934.0845
0.0	-150003672.02171057	-1094482255273.3584
0.0	193372172.92189205	-1108497675463.144
0.0	-529918657.3364631	-1079984906365.2427
0.0	932060385.8140688	-1125839013639.518
0.0	-551775356.0991946	-1075345113251.3921
0.0	316463132.1837332	-1235189875946.9077
0.0	5152767149.17854	-320861754440.4199
0.0	-7961728846.25547	-1587272445498.8735
0.0	32669503052.24736	2427527722265.76
0.0	-60080930487.118484	-1230820321807.4502
0.0	21308807018.11224	-9194046.4314982
0.0	-25738955531.668015	-23133201.507224172
0.0	63677706877.63139	-1090104753982.936
0.0	-33681760874.026516	1953584308796.6836
0.0	8177382791.729683	-1348565759658.4795
0.0	-5233327323.826658	-293705659693.2156
0.0	-286518201.0613699	-1048857416601.0178
0.0	640793673.034534	-912424824818.0771
0.0	-986735500.3427736	-956775732333.6382
0.0	594039477.9449209	-920455292161.7131
0.0	-192938632.77413324	-945382741734.5835
0.0	165276965.40380847	-934213881598.5371
0.0	-12231321.65908133	-937310135835.0591
0.0	58111410.6068694	-939076577585.1975
0.0	-9846637.028817322	-937458273481.6814
0.0	4865834.817670298	-938480480342.3203
0.0	-1098156.4464326566	-937932325496.8528
0.0	-960246.5902791783	-938185105655.2874
0.0	911254.6473842622	-938091246615.9116
0.0	-1143318.6530778122	-938170428565.8174
0.0	561571.7099190665	-938140005911.4375
0.0	-561571.7140724644	-938140005911.4385
0.0	1143318.6481647696	-938170428565.8223
0.0	-911254.6481550483	-938091246615.9541
0.0	960246.5878537475	-938185105655.248
0.0	1098156.44403796	-937932325496.8496
0.0	-4865834.824360186	-938480480342.3081
0.0	9846637.02880208	-937458273481.709
0.0	-58111410.60800933	-939076577585.22
0.0	12231321.655301327	-937310135835.0503
0.0	-165276965.41090435	-934213881598.4753
0.0	192938632.76926515	-945382741734.5977
0.0	-594039477.9422231	-920455292161.7207
0.0	986735500.3335884	-956775732333.5142
0.0	-640793673.0359812	-912424824818.2522
0.0	286518201.06303453	-1048857416601.1897
0.0	5233327323.809036	-293705659692.9756
0.0	-8177382791.719054	-1348565759658.3071
0.0	33681760874.03438	1953584308796.7212
0.0	-63677706877.6293	-1090104753983.2158
0.0	25738955531.66758	-23133201.50724399
0.0	-25206448023.679543	-12982987.70722124
0.0	63961740918.93317	-748088261797.6841
0.0	-35074655224.0531	1650889417887.37
0.0	8304908996.080921	-1017142392829.4419
0.0	-5754474441.243367	-162182056245.739
0.0	-375866272.72138715	-779161142325.1216
0.0	581104791.3321314	-664418617199.209
0.0	-1043617315.3580309	-704390592899.8972
0.0	575746207.8667929	-671542128246.9714
0.0	-199753396.20979762	-692756906113.7446
0.0	163789535.5056799	-683101174063.2305
0.0	-17833391.31441737	-685510937182.5903
0.0	59272938.96797636	-686893745625.3994
0.0	-10385727.225158507	-685602318741.9514
0.0	5023026.716439454	-686456703253.3315
0.0	-1152191.9431947065	-685985644268.1992
0.0	-815266.3272685836	-686184036074.9536
0.0	1116037.9172048187	-686108506652.3271
0.0	-1080384.0038318667	-686172231474.5239
0.0	542826.775327526	-686146767761.936
0.0	-542826.7762024358	-686146767761.9434
0.0	1080384.00227135	-686172231474.5303
0.0	-1116037.9146671388	-686108506652.3584
0.0	815266.3281381559	-686184036074.9272
0.0	1152191.9442904596	-685985644268.1948
0.0	-5023026.719236404	-686456703253.3374
0.0	10385727.227996996	-685602318741.9717
0.0	-59272938.96580669	-686893745625.4246
0.0	17833391.314024203	-685510937182.5864
0.0	-163789535.5089259	-683101174063.1785
0.0	199753396.2085743	-692756906113.7617
0.0	-575746207.8608401	-671542128246.9805
0.0	1043617315.3524544	-704390592899.8013
0.0	-581104791.3312001	-664418617199.3481
0.0	375866272.7265675	-779161142325.2852
0.0	5754474441.229637	-162182056245.51196
0.0	-8304908996.068033	-1017142392829.291
0.0	35074655224.06186	1650889417887.417
0.0	-63961740918.92836	-748088261797.9111
0.0	25206448023.67956	-12982987.707401931
0.0	-22635312971.46115	-18344321.684331253
0.0	60275144448.18772	-514359103169.3091
0.0	-33712637642.73988	1257510730895.6665
0.0	7982006221.1772995	-748848236784.6362
0.0	-5664810451.818163	-107536491186.64648
0.0	-310356899.8326616	-576374264915.1296
0.0	554477930.2535815	-487528766316.15137
0.0	-992512267.300161	-519748128758.03687
0.0	553106822.3330069	-493925149842.34937
0.0	-176720613.46125323	-510090993435.37085
0.0	160766882.6523731	-502569922720.05273
0.0	-13838224.376476435	-504556522549.35474
0.0	59592607.37699397	-505494986975.9321
0.0	-9794905.612510249	-504549339909.55786
0.0	4904908.791673384	-505210407903.19824
0.0	-1542583.2633180586	-504845701184.05566
0.0	-823709.4162971777	-505003093022.70044
0.0	1017658.3285002013	-504946601901.1135
0.0	-1074049.6368022484	-504996140767.615
0.0	491175.2883398121	-504975605883.02686
0.0	-491175.2891284405	-504975605883.0281
0.0	1074049.6349474452	-504996140767.61865
0.0	-1017658.3261506621	-504946601901.1428
0.0	823709.4173516668	-505003093022.6787
0.0	1542583.26389902	-504845701184.0508
0.0	-4904908.7942707995	-505210407903.20557
0.0	9794905.615115196	-504549339909.56836
0.0	-59592607.37535639	-505494986975.948
0.0	13838224.376231123	-504556522549.36255
0.0	-160766882.6555987	-502569922720.0154
0.0	176720613.45982337	-510090993435.3801
0.0	-553106822.3277946	-493925149842.3491
0.0	992512267.2949127	-519748128757.9597
0.0	-554477930.2534126	-487528766316.24976
0.0	310356899.8376517	-576374264915.2546
0.0	5664810451.806341	-107536491186.47705
0.0	-7982006221.166242	-748848236784.5247
0.0	33712637642.74869	1257510730895.701
0.0	-60275144448.18376	-514359103169.4761
0.0	22635312971.461517	-18344321.684301257
0.0	-19312628837.801506	-7324582.6743756905
0.0	53525084079.91704	-289210599210.4878
0.0	-30487821375.472195	918211863459.4023
0.0	7212012380.0147915	-491860642096.29517
0.0	-5212476290.127114	-41143981031.27954
0.0	-233129790.56111848	-372839114194.714
0.0	484870343.2014925	-307621874153.2267
0.0	-886065673.045231	-332271290361.6572
0.0	491598258.0795153	-312482403589.1133
0.0	-159544274.72231477	-324490921884.6085
0.0	139592698.75696936	-318994306859.90344
0.0	-14424116.564203681	-320507706687.56287
0.0	53426358.395116344	-321109307817.8119
0.0	-9271397.73592726	-320475605886.0967
0.0	5031845.303712064	-320938168818.2156
0.0	-1319874.1991193362	-320686323160.0095
0.0	-517210.10440521635	-320799426643.0692
0.0	941122.6192796123	-320758644385.41943
0.0	-955492.0666782128	-320794181495.8296
0.0	444168.92743657174	-320778982764.1063
0.0	-444168.9267981935	-320778982764.1052
0.0	955492.06647581	-320794181495.83057
0.0	-941122.6162477622	-320758644385.4369
0.0	517210.10651098925	-320799426643.0532
0.0	1319874.2008133107	-320686323160.00586
0.0	-5031845.304836452	-320938168818.2174
0.0	9271397.739663258	-320475605886.1033
0.0	-53426358.39254452	-321109307817.82764
0.0	14424116.565402405	-320507706687.563
0.0	-139592698.7584021	-318994306859.8777
0.0	159544274.72248673	-324490921884.62085
0.0	-491598258.07358116	-312482403589.1155
0.0	886065673.0425686	-332271290361.5951
0.0	-484870343.20042455	-307621874153.3064
0.0	233129790.56713438	-372839114194.8125
0.0	5212476290.118378	-41143981031.1532
0.0	-7212012380.004601	-491860642096.2136
0.0	30487821375.480865	918211863459.4299
0.0	-53525084079.91292	-289210599210.6201
0.0	19312628837.802147	-7324582.674556665
0.0	-15309690478.419174	-7926879.006263271
0.0	43889754729.334114	-124778608855.08472
0.0	-25513839344.868683	609328452742.0217
0.0	6002202240.478112	-286324111827.23694
0.0	-4442473170.200382	-951021022.1471558
0.0	-160304958.2551794	-213985012738.1151
0.0	396080285.51459014	-170805073701.95703
0.0	-728577460.6772352	-187915410493.54504
0.0	403181200.7529603	-173984809630.41833
0.0	-130192644.96104251	-182212407614.78796
0.0	115231075.20704767	-178483512463.52332
0.0	-11352914.018211965	-179533616366.39526
0.0	45064316.45899086	-179891616943.20813
0.0	-7873395.868632955	-179501519014.51123
0.0	4507155.73073765	-179796355558.66174
0.0	-1211820.7731104842	-179636128544.60107
0.0	-417990.2440900105	-179708029135.3866
0.0	721679.9351271876	-179681008655.51587
0.0	-784778.2028863574	-179704180381.29773
0.0	369545.3923145208	-179693939758.32898
0.0	-369545.3901574696	-179693939758.3291
0.0	784778.2044703988	-179704180381.30334
0.0	-721679.9310654234	-179681008655.5266
0.0	417990.24750690296	-179708029135.3805
0.0	1211820.7758791829	-179636128544.59485
0.0	-4507155.729608599	-179796355558.67358
0.0	7873395.873624574	-179501519014.51794
0.0	-45064316.45528939	-179891616943.21936
0.0	11352914.021427004	-179533616366.3944
0.0	-115231075.20654772	-178483512463.49707
0.0	130192644.96278006	-182212407614.79248
0.0	-403181200.7463002	-173984809630.41516
0.0	728577460.6769453	-187915410493.5077
0.0	-396080285.5123966	-170805073702.00134
0.0	160304958.26190746	-213985012738.18738
0.0	4442473170.19502	-951021022.0593262
0.0	-6002202240.468686	-286324111827.18726
0.0	25513839344.874603	609328452742.0399
0.0	-43889754729.329704	-124778608855.17041
0.0	15309690478.4198	-7926879.006217122
0.0	-10791550073.804802	-3104325.9099094085
0.0	32419305926.530907	-18770258536.0437
0.0	-19355157031.73707	359840476224.1001
0.0	4532387779.449438	-135729356550.0492
0.0	-3434009340.7532215	21610399301.233795
0.0	-84613704.17167437	-98167906250.46045
0.0	287835707.8797805	-72771717161.66638
0.0	-538662768.9030639	-83525969710.31982
0.0	297713834.11910325	-74730435899.66882
0.0	-94087938.12934265	-79744282049.70758
0.0	85688531.39390437	-77470669463.80688
0.0	-8516157.462617246	-78138763562.98596
0.0	34520677.681768194	-78319859636.98322
0.0	-6354490.064285854	-78124312695.70972
0.0	3592350.220952569	-78289298299.57501
0.0	-969717.2626508146	-78199561482.46448
0.0	-286954.0094722328	-78240981199.52594
0.0	504115.3372453102	-78225616655.63489
0.0	-558500.8279033134	-78239114043.81519
0.0	270763.96412463055	-78233096823.39026
0.0	-270763.9639493391	-78233096823.38477
0.0	558500.8273119708	-78239114043.81488
0.0	-504115.3359220949	-78225616655.65045
0.0	286954.01100451977	-78240981199.5221
0.0	969717.2631831807	-78199561482.45795
0.0	-3592350.2216449026	-78289298299.5774
0.0	6354490.066110647	-78124312695.71167
0.0	-34520677.68079154	-78319859636.99622
0.0	8516157.46337254	-78138763562.99341
0.0	-85688531.39507937	-77470669463.79895
0.0	94087938.12919563	-79744282049.71033
0.0	-297713834.11595577	-74730435899.67029
0.0	538662768.9014664	-83525969710.29498
0.0	-287835707.88001543	-72771717161.69116
0.0	84613704.17487824	-98167906250.50348
0.0	3434009340.7489977	21610399301.282135
0.0	-4532387779.444671	-135729356550.02466
0.0	19355157031.743282	359840476224.11084
0.0	-32419305926.52961	-18770258536.090454
0.0	10791550073.805132	-3104325.9099612385
0.0	-6371143401.331396	-544337.1374370251
0.0	20696932319.28237	29741737385.366455
0.0	-12847557552.428286	178362330865.68915
0.0	2975843773.8260016	-43673755905.545654
0.0	-2331159156.9542723	26493195287.96811
0.0	-24726404.245785475	-28622004840.535217
0.0	176422596.64412284	-16103080362.023224
0.0	-342645211.1516272	-21887152054.07834
0.0	188162439.3446616	-17116725690.710724
0.0	-58079492.925948456	-19730103874.862946
0.0	54475918.73360287	-18559593146.02063
0.0	-5580314.267595151	-18921570186.5961
0.0	22956997.670042437	-18987379210.39041
0.0	-4455245.45567293	-18914442425.292297
0.0	2618176.008240622	-18988591200.060608
0.0	-665755.7067919334	-18947252866.60379
0.0	-131428.28419419355	-18966695011.418945
0.0	305965.72567613266	-18959296540.05844
0.0	-341759.03209424345	-18965784270.610077
0.0	168411.68340792286	-18962771003.36856
0.0	-168411.6832759175	-18962771003.363983
0.0	341759.0314852615	-18965784270.61032
0.0	-305965.7248554064	-18959296540.070312
0.0	131428.2855075085	-18966695011.417633
0.0	665755.706750589	-18947252866.59247
0.0	-2618176.0086449673	-18988591200.06302
0.0	4455245.4566843305	-18914442425.293365
0.0	-22956997.669719644	-18987379210.399384
0.0	5580314.268277952	-18921570186.60309
0.0	-54475918.73409197	-18559593146.01758
0.0	58079492.9257884	-19730103874.862915
0.0	-188162439.342795	-17116725690.710999
0.0	342645211.15081626	-21887152054.06546
0.0	-176422596.64464778	-16103080362.033112
0.0	24726404.247965693	-28622004840.557617
0.0	2331159156.952251	26493195287.993454
0.0	-2975843773.8236685	-43673755905.53708
0.0	12847557552.43254	178362330865.6952
0.0	-20696932319.28186	29741737385.348083
0.0	6371143401.331673	-544337.1374515695
0.0	-2847915317.4500723	2304751.181081229
0.0	10717482975.11467	33451212117.6391
0.0	-7066908349.351473	67194472931.88609
0.0	1600531231.3564658	-3032883836.533165
0.0	-1310302953.5143867	18941716666.486847
0.0	11217721.294917464	597835653.2000046
0.0	84873708.21797016	5279873488.594002
0.0	-174143936.50413498	2837202698.1110153
0.0	94910521.90226057	4868854223.221199
0.0	-27920917.754728783	3809620624.823967
0.0	27790258.827878326	4276196844.737686
0.0	-2989405.952507943	4120591967.333542
0.0	12622315.00787108	4109787925.6503296
0.0	-2563648.878209659	4123957543.2785797
0.0	1632526.8985009585	4100278831.5581055
0.0	-366129.11325240426	4113952020.698097
0.0	6165.997648849298	4107191555.310837
0.0	156775.6982361287	4109773136.1535263
0.0	-153719.26453576985	4107429160.997795
0.0	85916.44526461378	4108581512.0505066
0.0	-85916.44534047651	4108581512.051697
0.0	153719.26415202144	4107429160.9984665
0.0	-156775.69802399632	4109773136.1504745
0.0	-6165.997169354698	4107191555.3118057
0.0	366129.11315796414	4113952020.7000885
0.0	-1632526.8988008744	4100278831.556793
0.0	2563648.8784991996	4123957543.2790146
0.0	-12622315.007866515	4109787925.6480637
0.0	2989405.9527483024	4120591967.332939
0.0	-27790258.828245044	4276196844.739769
0.0	27920917.75448917	3809620624.824074
0.0	-94910521.90156385	4868854223.220314
0.0	174143936.50372294	2837202698.1170654
0.0	-84873708.2186068	5279873488.58963
0.0	-11217721.293955028	597835653.1889038
0.0	1310302953.5139823	18941716666.497932
0.0	-1600531231.355953	-3032883836.5293655
0.0	7066908349.354458	67194472931.88792
0.0	-10717482975.11509	33451212117.629883
0.0	2847915317.450182	2304751.1810699995
0.0	-706133697.0739918	4128112.6257950715
0.0	3937095144.633377	16391950826.800625
0.0	-2897077168.490509	15438471333.001392
0.0	623576950.9185636	4533109473.015896
0.0	-541865929.5551032	7849327263.682044
0.0	21364521.030545726	4576889140.606362
0.0	25899926.96970518	5636862472.987933
0.0	-59761184.272939846	4969624195.322258
0.0	32262962.75526242	5531343173.487884
0.0	-8299205.186296945	5258132577.781966
0.0	9721400.102227433	5375252266.741503
0.0	-1077286.2448941523	5331882516.994856
0.0	5089507.589389458	5334891403.127657
0.0	-1092916.2233903739	5332818359.217644
0.0	815152.4423662318	5329053921.903925
0.0	-121889.79685469612	5331463424.280381
0.0	74184.71091076337	5330103732.980043
0.0	65516.11047656501	5330589860.028579
0.0	-33460.73270555907	5330092994.986958
0.0	30774.351582579635	5330369963.5421505
0.0	-30774.351578135596	5330369963.542249
0.0	33460.732552563364	5330092994.987396
0.0	-65516.110465877355	5330589860.028154
0.0	-74184.71072276676	5330103732.980089
0.0	121889.79675494885	5331463424.280094
0.0	-815152.4423840208	5329053921.903129
0.0	1092916.223441457	5332818359.217804
0.0	-5089507.589503239	5334891403.126722
0.0	1077286.2450421506	5331882516.99474
0.0	-9721400.102278944	5375252266.742318
0.0	8299205.186235586	5258132577.781887
0.0	-32262962.75510378	5531343173.487674
0.0	59761184.272957474	4969624195.32404
0.0	-25899926.970105603	5636862472.987173
0.0	-21364521.0301921	4576889140.603151
0.0	541865929.5554718	7849327263.685459
0.0	-623576950.9188826	4533109473.01672
0.0	2897077168.492111	15438471333.002071
0.0	-3937095144.633896	16391950826.79854
0.0	706133697.0740628	4128112.62577917
0.0	141446680.9167973	4908182.36398982
0.0	577063905.3408232	2432920457.953929
0.0	-628219981.0116564	1006470202.9299153
0.0	108020195.71604335	1103954415.0229814
0.0	-107236393.4421942	1051611138.8877215
0.0	14577357.303197384	985378688.5083784
0.0	-283127.63217666186	1050964162.2072327
0.0	-4284548.258282576	990082722.4728842
0.0	2370409.2096115574	1042741391.407181
0.0	469036.64563426166	1019710474.752127
0.0	999800.6835419904	1028917726.352648
0.0	-27732.677493318566	1024822296.9850692
0.0	1011397.7949392243	1025792264.1333227
0.0	-199167.4920894654	1024734875.3406616
0.0	309037.7209536579	1024790773.0767882
0.0	36672.23932244769	1024812849.4523569
0.0	90629.91682202287	1024711525.6283251
0.0	28602.626250238918	1024679462.6885985
0.0	18412.32083250185	1024647063.4463016
0.0	5279.900671937319	1024672690.2367445
0.0	-5279.900647930186	1024672690.2367179
0.0	-18412.320851251337	1024647063.4463607
0.0	-28602.6263114904	1024679462.6885846
0.0	-90629.91673645258	1024711525.6283547
0.0	-36672.23938093487	1024812849.452362
0.0	-309037.7209114414	1024790773.0766932
0.0	199167.49205391394	1024734875.3406776
0.0	-1011397.7950384784	1025792264.1332775
0.0	27732.67755737342	1024822296.9851618
0.0	-999800.6835056869	1028917726.3527993
0.0	-469036.64563600766	1019710474.7521741
0.0	-2370409.2096547186	1042741391.407134
0.0	4284548.258403925	990082722.4730701
0.0	283127.6320026126	1050964162.2071953
0.0	-14577357.303152982	985378688.5081738
0.0	107236393.44260453	1051611138.8881646
0.0	-108020195.71644607	1103954415.0229914
0.0	628219981.0122219	1006470202.930001
0.0	-577063905.3411567	2432920457.9536924
0.0	-141446680.9167673	4908182.363993079
0.0	223398863.31350008	5084409.929514737
0.0	-359720464.5630462	-227768091.6025226
0.0	151018745.5900777	41601723.7654733
0.0	-53847930.8654834	-140123967.22616032
0.0	45188510.46482794	-82476111.6751386
0.0	4567132.008744139	-116728818.14492553
0.0	-4985139.642662286	-114546279.02932358
0.0	9400315.989936356	-112391732.79643193
0.0	-4640152.650082577	-114376797.81298432
0.0	2092913.027452957	-114016747.0000161
0.0	-1132793.888139661	-114186307.79795243
0.0	307802.3599107842	-114121389.4002575
0.0	-309905.53527792403	-114377510.77323672
0.0	149519.90132891337	-114278372.68057077
0.0	90569.0917880214	-114311117.01307389
0.0	95931.99483231381	-114318077.6764002
0.0	75226.99754068084	-114369433.33284602
0.0	20936.892985598395	-114418687.24014218
0.0	25114.40242165121	-114432234.52198893
0.0	-205.2103127117416	-114427323.44438115
0.0	205.21031951339228	-114427323.4443694
0.0	-25114.40241282726	-114432234.52197903
0.0	-20936.8930241356	-114418687.24011222
0.0	-75226.99752609551	-114369433.33283168
0.0	-95931.9948565058	-114318077.6764161
0.0	-90569.09174829777	-114311117.01306775
0.0	-149519.90136528935	-114278372.6805866
0.0	309905.5352268178	-114377510.77323425
0.0	-307802.3598952475	-114121389.40023614
0.0	1132793.8881870774	-114186307.79790002
0.0	-2092913.027437372	-114016747.00002941
0.0	4640152.65002405	-114376797.81298506
0.0	-9400315.989859754	-112391732.79645139
0.0	4985139.642618114	-114546279.0293248
0.0	-4567132.008780284	-116728818.14482537
0.0	-45188510.46464977	-82476111.67504194
0.0	53847930.86526464	-140123967.22616625
0.0	-151018745.589998	41601723.765473135
0.0	359720464.56290424	-227768091.60254586
0.0	-223398863.3134848	5084409.929515512
0.0	88260941.34152137	5245247.716353505
0.0	-254893866.90669405	165142866.0227844
0.0	184181106.52505782	10693260.901373237
0.0	-46642870.28352091	98797726.49009477
0.0	47165384.480022416	70231282.544321
0.0	-658709.3356631808	84766362.07190876
0.0	-2059846.293951298	84998162.97228599
0.0	5663013.485426984	82913680.4482176
0.0	-2431155.2864437774	84785226.0536398
0.0	1110069.7668012064	84036399.11431387
0.0	-562506.2399940969	84224223.5462553
0.0	272128.63143675105	83975809.79435226
0.0	-275501.4777938803	83986523.6836457
0.0	167087.05768753964	83845357.00024708
0.0	43028.145146880175	83889559.8492007
0.0	88046.55955938893	83851157.09525004
0.0	51639.716841725036	83816493.98651186
0.0	19906.725948353174	83773776.67528652
0.0	15337.068741185867	83762570.23429587
0.0	1395.2886060689489	83764518.61086227
0.0	-1395.2886058118502	83764518.61087336
0.0	-15337.06872921732	83762570.234308
0.0	-19906.725957342256	83773776.67530398
0.0	-51639.716855460145	83816493.98651868
0.0	-88046.55956647513	83851157.09526505
0.0	-43028.14512938563	83889559.84921217
0.0	-167087.05769576324	83845357.00025457
0.0	275501.47778232384	83986523.68365934
0.0	-272128.6314398096	83975809.79438578
0.0	562506.240010412	84224223.54627566
0.0	-1110069.7667942238	84036399.11430772
0.0	2431155.286427225	84785226.05363275
0.0	-5663013.485415497	82913680.44822216
0.0	2059846.2939687395	84998162.9722797
0.0	658709.3356336746	84766362.07193102
0.0	-47165384.48001945	70231282.54433465
0.0	46642870.2834904	98797726.49010172
0.0	-184181106.52510428	10693260.901362605
0.0	254893866.9066807	165142866.02275988
0.0	-88260941.34151079	5245247.716353629
0.0	5570543.764121642	5391906.892103206
0.0	-26514227.793675587	-88395709.97286916
0.0	53302523.62890708	-10738452.008676961
0.0	-9584058.500236753	-48730486.023577064
0.0	14650700.390484817	-36371109.72140235
0.0	-1185067.1102925143	-42204210.382147655
0.0	436298.1744982976	-43011663.15880726
0.0	734814.9606584347	-41514405.31494634
0.0	186922.56303754402	-42783163.505950555
0.0	216954.63853659673	-42407495.82157844
0.0	161486.81692123253	-42637126.02994282
0.0	159658.15762603265	-42628151.41559607
0.0	6894.300766943474	-42755930.959847406
0.0	88798.12286746301	-42755209.40533624
0.0	48951.56098306587	-42748800.08413909
0.0	58367.56277893091	-42770065.29588941
0.0	32643.774652879623	-42801864.738959655
0.0	16100.167649071222	-42834379.88211081
0.0	6487.536373696588	-42844459.06945149
0.0	2619.7572901422336	-42845016.66049371
0.0	-2619.7572909898568	-42845016.66049294
0.0	-6487.536371920322	-42844459.06945492
0.0	-16100.167646547374	-42834379.88211585
0.0	-32643.77465815054	-42801864.73896655
0.0	-58367.56277951301	-42770065.29589005
0.0	-48951.56098110392	-42748800.08413397
0.0	-88798.12286424148	-42755209.4053323
0.0	-6894.300767056775	-42755930.95983699
0.0	-159658.15762598036	-42628151.41559296
0.0	-161486.81692249968	-42637126.02995403
0.0	-216954.63853766644	-42407495.821578816
0.0	-186922.56303323118	-42783163.50595099
0.0	-734814.9606654536	-41514405.31494929
0.0	-436298.17448947695	-43011663.15880911
0.0	1185067.110291013	-42204210.38214482
0.0	-14650700.390524026	-36371109.721436046
0.0	9584058.500259569	-48730486.02358015
0.0	-53302523.62893461	-10738452.008681122
0.0	26514227.79368353	-88395709.97287026
0.0	-5570543.764114067	5391906.8921032045
0.0	-4129122.571527444	5493084.549568469
0.0	54722832.89359392	54566748.7104781
0.0	-14880224.045930061	19426086.59594354
0.0	7244534.6379948985	32889714.029616974
0.0	-2913606.94816102	27925563.05427973
0.0	-249191.33011319605	29221961.413054638
0.0	975442.2673578687	29873467.08341878
0.0	-909095.0187127726	29048044.838651355
0.0	945622.602977825	29767760.431806717
0.0	-35625.323638158035	29382623.4796754
0.0	361402.6310503283	29459430.10832808
0.0	90114.51786122263	29314795.869521733
0.0	122888.8292290925	29267759.205081325
0.0	33769.37520977706	29211802.128033068
0.0	49036.58851439708	29227246.57794569
0.0	33903.90171479551	29205801.53529764
0.0	20237.054195701956	29181486.982475102
0.0	10450.336694235062	29158332.189847067
0.0	2425.3891524951823	29150013.415163748
0.0	2160.3302936095524	29149121.580660157
0.0	-2160.3302941557768	29149121.580658607
0.0	-2425.3891555598398	29150013.415165834
0.0	-10450.33669030598	29158332.189848006
0.0	-20237.054194634893	29181486.982471526
0.0	-33903.901715181026	29205801.535301004
0.0	-49036.58851554011	29227246.577946156
0.0	-33769.37520556234	29211802.128034174
0.0	-122888.82923045967	29267759.205088504
0.0	-90114.51785813595	29314795.869528834
0.0	-361402.63105317083	29459430.10832231
0.0	35625.32363556756	29382623.47967215
0.0	-945622.6029698633	29767760.43180374
0.0	909095.0187070395	29048044.838649027
0.0	-975442.2673623322	29873467.083417214
0.0	249191.33012190717	29221961.413041674
0.0	2913606.948139814	27925563.05426559
0.0	-7244534.637979582	32889714.0296164
0.0	14880224.045930807	19426086.595941603
0.0	-54722832.89359302	54566748.71047764
0.0	4129122.571532987	5493084.549568428
0.0	7371364.625763059	5545308.718786274
0.0	43538944.110984884	-20255994.498847194
0.0	-20432652.862047907	-6051061.496572498
0.0	7620782.199899908	-9181222.684132852
0.0	-4912508.307571426	-8006312.038690257
0.0	293545.2256466524	-8231227.798276552
0.0	658184.4829477388	-8789117.769284692
0.0	-661470.7253031703	-8260151.86549733
0.0	701213.067087726	-8684480.73029869
0.0	10201.580278675596	-8590444.933259165
0.0	272736.5762267047	-8702295.597283652
0.0	62781.32799638109	-8748916.180317193
0.0	103744.69461140934	-8820625.152664755
0.0	14725.148856000855	-8841209.521346409
0.0	36828.50732521964	-8832682.206807178
0.0	19641.369507996078	-8849189.917031487
0.0	12244.96857830378	-8866622.699980069
0.0	5687.620934512197	-8882262.372091684
0.0	1069.9762043723308	-8887591.828228526
0.0	1157.6539951850411	-8888923.290909056
0.0	-1157.6539962524776	-8888923.290909324
0.0	-1069.9762045204975	-8887591.8282285
0.0	-5687.620933271522	-8882262.372091658
0.0	-12244.9685777108	-8866622.699977897
0.0	-19641.369508624197	-8849189.917027166
0.0	-36828.50732581481	-8832682.206806272
0.0	-14725.148854515624	-8841209.521348108
0.0	-103744.69461156792	-8820625.15266234
0.0	-62781.32799461812	-8748916.180313352
0.0	-272736.57622895646	-8702295.597284418
0.0	-10201.580279852787	-8590444.933258828
0.0	-701213.0670834592	-8684480.730299227
0.0	661470.7253010026	-8260151.865500354
0.0	-658184.4829529925	-8789117.769283839
0.0	-293545.2256391472	-8231227.798276688
0.0	4912508.307567971	-8006312.038700573
0.0	-7620782.199896573	-9181222.684133273
0.0	20432652.862054173	-6051061.4965716135
0.0	-43538944.11098881	-20255994.498847917
0.0	-7371364.625759326	5545308.718786367
0.0	13538342.581798108	5529084.410368754
0.0	19459769.903982867	16047279.159922492
0.0	-9314721.618237099	11834312.870644895
0.0	4141861.0430878354	10936308.920309275
0.0	-2307659.2222812204	10718049.66913795
0.0	344748.37499155256	10036557.835507516
0.0	336542.093404633	10300080.045521839
0.0	-182313.6585632033	10084671.165783426
0.0	364969.45960012573	10271983.719068741
0.0	70483.2442523493	10112500.339668442
0.0	158265.76293837058	10113831.27927213
0.0	49901.20135489908	10027126.637442537
0.0	57467.25336196959	9977941.759672493
0.0	10383.669002171966	9953124.824324794
0.0	22533.732362352403	9958051.188217595
0.0	11534.29929022132	9946266.544332048
0.0	6863.44474299457	9934209.627549399
0.0	2688.11287901807	9925089.126020037
0.0	516.396818258456	9921692.972311998
0.0	436.70920064092235	9920905.090729628
0.0	-436.7092016503382	9920905.090731522
0.0	-516.3968167350943	9921692.972312149
0.0	-2688.1128790252124	9925089.126016475
0.0	-6863.444742786517	9934209.627548538
0.0	-11534.299290716925	9946266.544333601
0.0	-22533.732362579874	9958051.188217994
0.0	-10383.669001979064	9953124.82432479
0.0	-57467.25336138909	9977941.759671275
0.0	-49901.20135417225	10027126.637439854
0.0	-158265.7629395757	10113831.27927133
0.0	-70483.24425269513	10112500.339669298
0.0	-364969.45959862834	10271983.719068583
0.0	182313.6585624813	10084671.165784124
0.0	-336542.09340750007	10300080.04552264
0.0	-344748.374988141	10036557.835507484
0.0	2307659.2222828637	10718049.669137893
0.0	-4141861.0430882787	10936308.920307074
0.0	9314721.618240567	11834312.870645106
0.0	-19459769.90398558	16047279.159925878
0.0	-13538342.581795583	5529084.410368818
0.0	13408465.964439593	5450319.000442441
0.0	6849846.8360350905	26521.16732712998
0.0	-2018885.3122085207	618254.620470996
0.0	1914326.2212566233	2204919.5795933106
0.0	-459778.41223949695	1671516.163356929
0.0	251478.20061721094	1906271.5187043122
0.0	179867.12579159767	1669522.7132528168
0.0	42582.64997257915	1820187.039832594
0.0	184943.19169410644	1708261.973435116
0.0	83267.32281791819	1694558.29986254
0.0	91461.08091565807	1641391.7837003246
0.0	38449.48028167668	1586787.3399791266
0.0	27669.3400246583	1542324.8724113437
0.0	7844.256821736417	1525877.210705449
0.0	12072.096264770733	1528966.87898531
0.0	6337.408457301017	1520347.6985470117
0.0	3350.9774780866005	1513335.3515086398
0.0	1080.7512305901296	1508408.914831318
0.0	187.02159878918906	1506909.547662474
0.0	101.60619359860584	1506436.0091789102
0.0	-101.60619384764443	1506436.0091797467
0.0	-187.021598503268	1506909.5476622996
0.0	-1080.751231018809	1508408.9148302353
0.0	-3350.9774774853513	1513335.351508576
0.0	-6337.408457460044	1520347.6985478452
0.0	-12072.096264905531	1528966.8789853773
0.0	-7844.256821798562	1525877.2107057613
0.0	-27669.340024812365	1542324.87241147
0.0	-38449.48028126675	1586787.3399789184
0.0	-91461.08091575708	1641391.7837003116
0.0	-83267.32281804846	1694558.2998625746
0.0	-184943.19169370603	1708261.9734350622
0.0	-42582.64997260127	1820187.0398334747
0.0	-179867.1257931596	1669522.713253323
0.0	-251478.2006157742	1906271.5187051492
0.0	459778.4122410226	1671516.16335485
0.0	-1914326.2212577993	2204919.5795923173
0.0	2018885.312211122	618254.6204709662
0.0	-6849846.836037135	26521.167328855954
0.0	-13408465.964437842	5450319.000442567
0.0	11169426.080495171	5298412.923405591
0.0	2616093.72105654	5920341.666440519
0.0	439714.9068730881	6779862.273102553
0.0	1025466.9517599237	5186169.518696784
0.0	180411.93028036808	5371438.592737803
0.0	174543.939273611	4823147.7686173
0.0	115458.08768625095	4867648.152786435
0.0	91169.87575311103	4841232.059571116
0.0	109729.7500869169	4865786.075497157
0.0	70515.82603742456	4797390.039457342
0.0	57956.549302735046	4775933.836413324
0.0	27380.8273964607	4720789.349100704
0.0	13646.490588496961	4686548.125775999
0.0	4997.905412189495	4674414.024937597
0.0	5815.949380035933	4674553.480291071
0.0	2986.5276475490186	4669614.421668336
0.0	1321.6271163613287	4665690.958114553
0.0	328.1345506557746	4663602.210906659
0.0	22.736407533157905	4662970.070174244
0.0	-3.034594696348414	4662846.111569909
0.0	3.0345948493865507	4662846.111569582
0.0	-22.736407730014278	4662970.070174437
0.0	-328.13455101094513	4663602.21090681
0.0	-1321.6271156429143	4665690.958115255
0.0	-2986.527647633485	4669614.421668643
0.0	-5815.949380167127	4674553.480291105
0.0	-4997.905412228718	4674414.024937177
0.0	-13646.490588778295	4686548.125775954
0.0	-27380.82739612143	4720789.349101487
0.0	-57956.54930267879	4775933.836413605
0.0	-70515.82603751005	4797390.03945771
0.0	-109729.75008687277	4865786.075496975
0.0	-91169.87575293999	4841232.059571067
0.0	-115458.08768720238	4867648.152786663
0.0	-174543.93927293413	4823147.768617934
0.0	-180411.9302796437	5371438.592737668
0.0	-1025466.9517608196	5186169.518696317
0.0	-439714.90687174397	6779862.27310272
0.0	-2616093.721057743	5920341.666440855
0.0	-11169426.080493897	5298412.923405678
0.0	8859051.533448607	5087336.213031344
0.0	1434969.661112175	4150656.145938812
0.0	862182.6760277322	3359116.46315147
0.0	696954.7540801363	4325837.106647816
0.0	285333.98779876594	3877783.831201015
0.0	127154.1219640635	3902353.583610378
0.0	82405.58960395464	3804776.642209423
0.0	80548.93620231586	3844272.034919895
0.0	73886.8623725799	3816110.3554632133
0.0	52398.67626362787	3784969.7537403447
0.0	38512.98650431497	3755058.760415425
0.0	18092.9335402501	3714216.827559885
0.0	7218.204957736054	3689334.591371934
0.0	2687.598933194995	3680190.5190634737
0.0	2464.49505731501	3679930.0505052116
0.0	1109.3789955388695	3676960.804325463
0.0	356.67518992110786	3675271.112754328
0.0	45.292709759524215	3674540.0598477293
0.0	-19.484388821023103	3674401.492091701
0.0	-14.205619535894074	3674394.5391552746
0.0	14.205619645173373	3674394.5391550995
0.0	19.484388680082155	3674401.4920916623
0.0	-45.29270989549391	3674540.059847883
0.0	-356.67518955939323	3675271.112754411
0.0	-1109.3789956727894	3676960.804325472
0.0	-2464.4950573709298	3679930.050505181
0.0	-2687.5989332043073	3680190.519063385
0.0	-7218.204957861946	3689334.591372258
0.0	-18092.933540053746	3714216.8275604183
0.0	-38512.98650431358	3755058.7604155396
0.0	-52398.676263638576	3784969.7537404615
0.0	-73886.86237253835	3816110.355463311
0.0	-80548.93620223005	3844272.0349197015
0.0	-82405.58960431107	3804776.642209577
0.0	-127154.12196377871	3902353.5836104783
0.0	-285333.9877985252	3877783.831200716
0.0	-696954.7540805549	4325837.1066474635
0.0	-862182.6760273575	3359116.463151503
0.0	-1434969.6611127034	4150656.145939075
0.0	-8859051.533447618	5087336.213031382
0.0	6923826.900242638	4813509.815706108
0.0	1029403.7709593558	3822413.9106797236
0.0	766542.5064578757	4587806.2955459375
0.0	529810.1084643612	3863667.720952933
0.0	250381.34160980023	3878565.8262246447
0.0	94686.76436805597	3577719.1987867528
0.0	59406.08335336494	3552627.605761454
0.0	59757.03648413843	3562704.05953938
0.0	50749.48793508962	3552669.355405129
0.0	36147.503497592465	3520061.3332115943
0.0	24999.691473326668	3499192.925331799
0.0	11094.6552529831	3467659.4430807894
0.0	3891.9604715735527	3450346.345555502
0.0	1263.27786517974	3444839.601217308
0.0	859.6511838489018	3443859.67656476
0.0	272.78868711842324	3442588.613105183
0.0	22.520261570255663	3441945.41141079
0.0	-17.239610053021394	3441803.2063840535
0.0	-10.184025339349656	3441795.682226594
0.0	-3.526499951152188	3441795.7301505087
0.0	3.526500013384403	3441795.73015045
0.0	10.184025260158519	3441795.682226539
0.0	17.23960998350007	3441803.2063841647
0.0	-22.520261388490564	3441945.4114106693
0.0	-272.7886872155029	3442588.613105068
0.0	-859.6511839011594	3443859.6765648085
0.0	-1263.2778651545823	3444839.601217269
0.0	-3891.9604716449016	3450346.345555583
0.0	-11094.65525287657	3467659.443080851
0.0	-24999.691473360635	3499192.9253317984
0.0	-36147.50349759156	3520061.333211515
0.0	-50749.48793506677	3552669.3554051504
0.0	-59757.03648412228	3562704.0595392906
0.0	-59406.08335359296	3552627.605761375
0.0	-94686.76436787574	3577719.1987865665
0.0	-250381.34160970355	3878565.8262246787
0.0	-529810.1084646069	3863667.7209530054
0.0	-766542.5064577535	4587806.295545897
0.0	-1029403.770959607	3822413.9106797026
0.0	-6923826.900241928	4813509.815706251
0.0	5362024.10128426	4493195.362711958
0.0	794775.7711994603	4129365.304789453
0.0	601206.6526855428	3744479.512630419
0.0	408238.87658679043	4038749.650373065
0.0	196312.9127505803	3787812.4293880537
0.0	69378.03266407613	3699578.0988553036
0.0	41387.92579589731	3649320.4327166015
0.0	41051.11370021319	3659901.4959814637
0.0	33415.80249682142	3648435.4231917425
0.0	23231.669489324304	3626341.1829835693
0.0	15140.722157413911	3608754.9143675747
0.0	6205.549239284689	3587090.665998845
0.0	1998.703658969213	3576899.6948198075
0.0	527.2938434159262	3573210.3380269147
0.0	215.491925875239	3572607.969831776
0.0	13.142490073077497	3572070.698561433
0.0	-28.075505939057805	3571936.4464990827
0.0	-7.5826011242883915	3571928.321875405
0.0	2.94923550169336	3571928.210586384
0.0	3.0862292530260946	3571928.1534015937
0.0	-3.0862292170739902	3571928.1534015923
0.0	-2.949235562034913	3571928.2105864016
0.0	7.582601099687709	3571928.321875452
0.0	28.075506066759473	3571936.446499089
0.0	-13.142490166103048	3572070.6985614165
0.0	-215.49192588621827	3572607.969831756
0.0	-527.293843401784	3573210.338026868
0.0	-1998.7036590245448	3576899.69481979
0.0	-6205.5492391713	3587090.6659988593
0.0	-15140.722157450185	3608754.9143675882
0.0	-23231.669489340773	3626341.1829836075
0.0	-33415.80249679138	3648435.42319177
0.0	-41051.11370019422	3659901.4959814614
0.0	-41387.925796137555	3649320.4327166528
0.0	-69378.03266388598	3699578.098855318
0.0	-196312.91275047784	3787812.429387931
0.0	-408238.8765870215	4038749.6503730174
0.0	-601206.6526854757	3744479.512630348
0.0	-794775.7711997492	4129365.304789487
0.0	-5362024.101283758	4493195.362712034
0.0	4110592.7345401086	4125745.4591324325
0.0	613015.5798812468	3246329.333572
0.0	453825.3674777326	3548627.3531501526
0.0	308590.24367252795	3308763.993613974
0.0	147276.1099840676	3232094.2793755024
0.0	49100.15659226145	3064812.543420191
0.0	27527.2882209303	3031384.655159011
0.0	26394.073084072723	3038953.7267632657
0.0	20513.081103125365	3027049.1650376115
0.0	13677.92667817126	3011572.002692058
0.0	8243.473463932965	2998765.175449921
0.0	3044.117605789864	2985539.7386868745
0.0	911.3684029277149	2979891.0531204594
0.0	189.8127465979416	2978192.753987482
0.0	24.74876392702372	2977799.771693049
0.0	-15.652218652401466	2977672.9844507882
0.0	-2.622242719403344	2977665.500842172
0.0	6.9677571100698525	2977665.091771869
0.0	6.913261044421672	2977665.168447003
0.0	3.491112875579228	2977665.1357824123
0.0	-3.4911128557189857	2977665.1357823913
0.0	-6.913261101750798	2977665.168447013
0.0	-6.967757105404129	2977665.09177182
0.0	2.622242802822093	2977665.50084217
0.0	15.65221859299405	2977672.9844507505
0.0	-24.748763912211878	2977799.7716930336
0.0	-189.81274659458006	2978192.7539874706
0.0	-911.3684029658737	2979891.0531204594
0.0	-3044.1176056936583	2985539.7386868815
0.0	-8243.473463941813	2998765.1754499064
0.0	-13677.926678188715	3011572.002692036
0.0	-20513.081103100674	3027049.165037602
0.0	-26394.07308407339	3038953.7267632196
0.0	-27527.2882211106	3031384.6551590064
0.0	-49100.15659209438	3064812.5434201984
0.0	-147276.10998398758	3232094.279375468
0.0	-308590.24367268017	3308763.9936139933
0.0	-453825.3674777301	3548627.3531501438
0.0	-613015.579881439	3246329.3335719774
0.0	-4110592.734539746	4125745.4591324884
0.0	3112358.513349071	3724145.18268878
0.0	464216.7231559149	3337606.3713607127
0.0	333740.1250615368	3230873.2690728502
0.0	226729.5026637414	3268172.8188837296
0.0	106788.66671320598	3128156.832449057
0.0	33415.58507944107	3029413.7605803213
0.0	17349.98202019654	2999159.488892109
0.0	15811.16269671728	3000262.5936723435
0.0	11511.220042752037	2992844.77960356
0.0	7185.150989012336	2981836.105516725
0.0	3863.365886811025	2973588.2282954394
0.0	1224.808976243915	2966298.9601697223
0.0	332.30215197371786	2963903.2987156576
0.0	54.0127639837994	2963112.766964422
0.0	0.6850413896512402	2962996.582157535
0.0	6.188366860115265	2962989.814575416
0.0	15.2078147544379	2962989.369102219
0.0	9.742544709741338	2962989.328554685
0.0	4.943107796614481	2962989.3057720396
0.0	1.8385901790963706	2962989.3120446187
0.0	-1.838590189500552	2962989.312044612
0.0	-4.943107835312992	2962989.3057720307
0.0	-9.742544702956183	2962989.3285546927
0.0	-15.207814742844075	2962989.369102231
0.0	-6.188366929549735	2962989.814575384
0.0	-0.685041374308315	2962996.582157544
0.0	-54.012763990945814	2963112.7669644216
0.0	-332.3021520169	2963903.2987156995
0.0	-1224.8089761853164	2966298.9601697535
0.0	-3863.3658868395746	2973588.228295438
0.0	-7185.150989030692	2981836.105516707
0.0	-11511.220042743807	2992844.779603539
0.0	-15811.162696724652	3000262.593672349
0.0	-17349.982020360017	2999159.4888920886
0.0	-33415.58507931377	3029413.760580314
0.0	-106788.66671315659	3128156.8324490003
0.0	-226729.50266389156	3268172.818883716
0.0	-333740.12506153085	3230873.2690728465
0.0	-464216.7231561043	3337606.3713606675
0.0	-3112358.5133488523	3724145.182688836
0.0	2320332.8518107217	3293837.6905343737
0.0	343463.90123960585	2691726.963604288
0.0	238601.40748627964	2772626.7981123524
0.0	161102.77059017867	2699321.8473565616
0.0	74517.08640498485	2616934.675687935
0.0	21783.59983625072	2518846.9913111585
0.0	10334.268577131603	2494655.043425339
0.0	8681.479011835763	2495382.024408471
0.0	5768.226591082797	2487951.318755465
0.0	3242.324493687047	2481672.712400285
0.0	1444.598367081988	2476631.1944172056
0.0	344.9498277731876	2473492.52267354
0.0	72.50728528694022	2472607.180407755
0.0	9.602722010319287	2472426.874774894
0.0	9.821175561654348	2472419.2852916485
0.0	17.267312669175208	2472418.9867671607
0.0	14.908168138243454	2472418.8281795164
0.0	6.315547150514796	2472418.7337949625
0.0	2.2190048257018327	2472418.7405724633
0.0	0.6421821175121298	2472418.7381972056
0.0	-0.6421821255165434	2472418.738197206
0.0	-2.2190048241067597	2472418.740572455
0.0	-6.31554713769515	2472418.7337949686
0.0	-14.908168145098553	2472418.828179515
0.0	-17.267312710292693	2472418.986767148
0.0	-9.821175531792367	2472419.2852916457
0.0	-9.602721998401378	2472426.8747749054
0.0	-72.50728530708757	2472607.180407756
0.0	-344.94982772450646	2473492.5226735366
0.0	-1444.598367096954	2476631.194417191
0.0	-3242.324493686101	2481672.7124002865
0.0	-5768.226591069707	2487951.318755464
0.0	-8681.479011827782	2495382.0244084606
0.0	-10334.268577249282	2494655.0434253397
0.0	-21783.59983614339	2518846.9913111506
0.0	-74517.08640493952	2616934.6756878872
0.0	-161102.77059027995	2699321.847356541
0.0	-238601.40748624987	2772626.798112344
0.0	-343463.9012397339	2691726.9636042695
0.0	-2320332.8518105466	3293837.6905344096
0.0	1696078.8163177723	2852095.7431592103
0.0	246958.76294073838	2485536.4443756766
0.0	164601.2523623906	2463052.944595309
0.0	109711.7269415149	2442143.176699349
0.0	49463.37125312788	2361053.1622821284
0.0	13361.501732342975	2290690.7724635857
0.0	5760.166754027761	2273674.352528128
0.0	4313.7759901629315	2271367.7870407286
0.0	2507.396314441741	2267331.8687205417
0.0	1175.94035765917	2263389.1838627933
0.0	356.36587863807927	2261060.6798906852
0.0	29.652600725754443	2259932.5927525675
0.0	-5.551052218754108	2259754.4196633627
0.0	3.2662464237192808	2259743.7148631704
0.0	14.180664518362965	2259744.0828247033
0.0	14.089515559008472	2259743.8550797943
0.0	8.398269996946508	2259743.651997558
0.0	2.6870251236183673	2259743.640247345
0.0	0.7122393160736558	2259743.634683255
0.0	0.1633430945796989	2259743.6317382567
0.0	-0.16334310436918617	2259743.6317382534
0.0	-0.712239312680703	2259743.6346832546
0.0	-2.687025110068097	2259743.6402473478
0.0	-8.39826999957216	2259743.651997557
0.0	-14.08951558860092	2259743.8550798
0.0	-14.180664499567605	2259744.0828247075
0.0	-3.2662464195620684	2259743.714863188
0.0	5.5510522049088316	2259754.4196633757
0.0	-29.65260068269142	2259932.5927525726
0.0	-356.36587865051433	2261060.679890667
0.0	-1175.940357665088	2263389.1838627886
0.0	-2507.3963144281693	2267331.868720538
0.0	-4313.775990162863	2271367.7870407277
0.0	-5760.166754125747	2273674.352528142
0.0	-13361.501732252473	2290690.7724635676
0.0	-49463.371253087586	2361053.1622820995
0.0	-109711.72694159445	2442143.1766993245
0.0	-164601.25236237916	2463052.944595309
0.0	-246958.762940832	2485536.444375663
0.0	-1696078.816317645	2852095.7431592415
0.0	1208903.2352563925	2410066.054111359
0.0	171500.3547673072	2016620.762970341
0.0	108589.46468972004	2023773.7818065858
0.0	70787.1109409738	1996787.3584634257
0.0	30736.413681029335	1938767.2667803704
0.0	7664.272108032714	1886391.678503008
0.0	3018.706318115883	1874278.6393022325
0.0	1902.5890463601495	1872425.8758606964
0.0	897.3801904802559	1869358.296869531
0.0	288.7714338175802	1867617.553625553
0.0	6.760344558857668	1866639.6593587464
0.0	-26.507260921032454	1866434.4540719674
0.0	-8.750688347800489	1866425.5090120356
0.0	4.192677954747615	1866425.0287844557
0.0	10.637217741756519	1866425.1027442901
0.0	7.520792115832185	1866424.7734672383
0.0	3.264430085610253	1866424.7291094426
0.0	0.8291164649243628	1866424.715636001
0.0	0.17312581806068073	1866424.7103476177
0.0	0.030863901913102565	1866424.7105436607
0.0	-0.03086391041425122	1866424.7105436635
0.0	-0.173125815446249	1866424.7103476184
0.0	-0.8291164539875177	1866424.7156359956
0.0	-3.2644300877179964	1866424.7291094388
0.0	-7.520792141376489	1866424.7734672453
0.0	-10.637217728430661	1866425.1027442962
0.0	-4.192677951847385	1866425.0287844588
0.0	8.750688336273186	1866425.50901205
0.0	26.50726095452227	1866434.4540719641
0.0	-6.7603445699055555	1866639.6593587352
0.0	-288.77143382164917	1867617.5536255417
0.0	-897.3801904685679	1869358.2968695194
0.0	-1902.5890463613912	1872425.8758606957
0.0	-3018.706318191009	1874278.6393022249
0.0	-7664.272107965717	1886391.678503018
0.0	-30736.413681000507	1938767.2667803383
0.0	-70787.11094103137	1996787.3584634203
0.0	-108589.46468971447	2023773.7818065837
0.0	-171500.35476737807	2016620.762970332
0.0	-1208903.235256309	2410066.0541114034
0.0	836618.0510167254	1981360.247608021
0.0	114385.30703251039	1699358.489587996
0.0	67874.73494391247	1688862.5397463467
0.0	42672.41471247417	1667647.4890531693
0.0	17714.841047113398	1624651.1988030374
0.0	4036.9538369776287	1589068.5880735856
0.0	1412.6148573290793	1581821.8462585805
0.0	704.7261604525678	1579868.6629469157
0.0	238.00978122421648	1578511.6799395925
0.0	16.841720023165042	1577708.22600809
0.0	-31.11570709456631	1577508.5469898582
0.0	-5.70476490790383	1577500.2308177801
0.0	2.605433528725745	1577500.1213146267
0.0	5.342910751524002	1577499.7683697967
0.0	5.74251053932975	1577500.063662626
0.0	2.8553081774696256	1577499.9791985047
0.0	0.9434126233849252	1577499.9545845604
0.0	0.1978455777139119	1577499.9455665299
0.0	0.03178845585262423	1577499.9461699536
0.0	0.004422858725599192	1577499.9463583527
0.0	-0.004422862377525693	1577499.9463583562
0.0	-0.031788452073123474	1577499.9461699557
0.0	-0.19784556967587508	1577499.9455665264
0.0	-0.943412622054735	1577499.954584564
0.0	-2.855308191099403	1577499.9791985187
0.0	-5.742510531723955	1577500.0636626375
0.0	-5.342910747291079	1577499.7683698027
0.0	-2.605433532515902	1577500.121314637
0.0	5.704764930156639	1577500.230817784
0.0	31.115707087340375	1577508.5469898516
0.0	-16.84172002322046	1577708.226008085
0.0	-238.00978121581315	1578511.6799395885
0.0	-704.7261604527466	1579868.6629469125
0.0	-1412.614857375498	1581821.8462585812
0.0	-4036.953836931172	1589068.5880735833
0.0	-17714.84104709689	1624651.1988030158
0.0	-42672.41471250735	1667647.4890531658
0.0	-67874.73494390858	1688862.539746342
0.0	-114385.3070325541	1699358.4895879887
0.0	-836618.0510166677	1981360.2476080456
0.0	563336.0674313717	1577362.047650868
0.0	72892.70485423825	1332200.9516889988
0.0	39615.94831731641	1320648.9076399615
0.0	23756.79564142307	1309028.7743654465
0.0	9147.782662340122	1279676.9579102315
0.0	1864.2498407313512	1258768.716441991
0.0	571.7248751433563	1254527.0649720277
0.0	204.07631407043408	1253477.7599694896
0.0	32.93718901788953	1252845.0304542268
0.0	-15.012285837621674	1252657.4102269227
0.0	0.9848858829166076	1252648.6149355085
0.0	11.443999430458748	1252649.5076201253
0.0	7.532482576807275	1252649.1665685324
0.0	3.4354097024120342	1252649.4153911348
0.0	2.212961431037093	1252649.5690086607
0.0	0.8085346398519561	1252649.5375287414
0.0	0.20620629509372138	1252649.525281533
0.0	0.036060463263537734	1252649.522336955
0.0	0.004497729118942288	1252649.5230866282
0.0	0.00048766414514086093	1252649.523305103
0.0	-0.00048766842146564073	1252649.5233051046
0.0	-0.004497730852977354	1252649.5230866303
0.0	-0.036060461529763894	1252649.5223369522
0.0	-0.20620629036950075	1252649.5252815285
0.0	-0.8085346513357374	1252649.5375287458
0.0	-2.212961432050498	1252649.5690086642
0.0	-3.435409702873529	1252649.415391136
0.0	-7.532482580626205	1252649.1665685405
0.0	-11.44399941564831	1252649.5076201253
0.0	-0.9848858924172514	1252648.6149355029
0.0	15.012285833038101	1252657.4102269157
0.0	-32.937189013222884	1252845.03045422
0.0	-204.0763140739757	1253477.7599694873
0.0	-571.7248751828142	1254527.0649720267
0.0	-1864.2498406973752	1258768.7164419945
0.0	-9147.78266232929	1279676.957910209
0.0	-23756.795641451143	1309028.7743654414
0.0	-39615.94831731829	1320648.9076399566
0.0	-72892.70485427363	1332200.9516889988
0.0	-563336.0674313365	1577362.0476508955
0.0	368702.97188366833	1210468.385177898
0.0	43814.16175740363	1028711.8549861909
0.0	21392.20934637898	1020090.4662505664
0.0	11798.319946274229	1009945.2458119346
0.0	4076.574278914126	992788.6531355503
0.0	712.9716849095081	981446.3152242501
0.0	183.21137431350337	979510.8402494197
0.0	39.68193626959876	978941.5483834769
0.0	-0.06294501323420842	978772.7684335811
0.0	6.525193646476758	978765.8168507908
0.0	17.324828589260413	978770.1391254567
0.0	11.658485481670729	978771.2573652056
0.0	5.523170235826935	978771.0345465734
0.0	1.4906073832235085	978771.3833414549
0.0	0.6396250498725369	978771.4595596618
0.0	0.17427050044591355	978771.4543390067
0.0	0.03416914602218863	978771.4524388718
0.0	0.004745085817970359	978771.4531756482
0.0	0.000506242391358826	978771.4542000461
0.0	4.244742228650047e-05	978771.4546708697
0.0	-4.244802286987186e-05	978771.4546708703
0.0	-0.0005062424878653146	978771.4542000466
0.0	-0.00474508413804146	978771.4531756474
0.0	-0.03416914237557847	978771.4524388665
0.0	-0.17427050472524608	978771.4543390058
0.0	-0.6396250502252073	978771.4595596625
0.0	-1.4906073819807468	978771.3833414561
0.0	-5.523170235859973	978771.0345465764
0.0	-11.658485474111343	978771.2573652042
0.0	-17.32482859362084	978770.139125451
0.0	-6.525193646684114	978765.8168507869
0.0	0.06294501666038954	978772.7684335777
0.0	-39.68193627137057	978941.5483834756
0.0	-183.21137433473714	979510.8402494197
0.0	-712.9716848872497	981446.3152242486
0.0	-4076.574278908918	992788.6531355358
0.0	-11798.319946288007	1009945.2458119331
0.0	-21392.209346380463	1020090.4662505637
0.0	-43814.16175742348	1028711.8549861896
0.0	-368702.9718836448	1210468.3851779138
0.0	224319.60684492142	882768.8130386734
0.0	24180.52396476267	746667.0328358705
0.0	10192.797357557916	737855.5055096442
0.0	5114.560362648752	734250.4102038966
0.0	1426.51739058346	724098.9013236468
0.0	195.8399246497649	719391.5077877023
0.0	38.33261764353516	718541.247960415
0.0	5.441124231128559	718350.651101958
0.0	10.377140468315247	718341.698230596
0.0	17.27566324301873	718348.0087713154
0.0	15.857878916485184	718352.891694654
0.0	7.642503724793359	718354.0184174436
0.0	2.5851181276683084	718354.565692341
0.0	0.4913135446081941	718354.8598085771
0.0	0.14516460718830254	718354.9167067456
0.0	0.029468415309291715	718354.9236235541
0.0	0.004416167766034396	718354.9260786214
0.0	0.000479037035328088	718354.9281158209
0.0	3.99051568644858e-05	718354.9294490406
0.0	2.642676435449206e-06	718354.9300269623
0.0	-2.649287822870418e-06	718354.9300269625
0.0	-3.991246164907549e-05	718354.9294490406
0.0	-0.00047904276846541993	718354.9281158207
0.0	-0.004416171204585068	718354.9260786215
0.0	-0.029468424572451593	718354.9236235555
0.0	-0.14516461425600263	718354.9167067471
0.0	-0.49131355018473905	718354.8598085779
0.0	-2.5851181339348033	718354.5656923433
0.0	-7.642503726791968	718354.0184174448
0.0	-15.857878926005867	718352.891694652
0.0	-17.275663249962303	718348.008771314
0.0	-10.377140472627728	718341.6982305952
0.0	-5.441124238881863	718350.6511019589
0.0	-38.332617663393194	718541.2479604185
0.0	-195.83992464187295	719391.5077877018
0.0	-1426.5173905876	724098.9013236371
0.0	-5114.560362663956	734250.410203892
0.0	-10192.79735756699	737855.5055096429
0.0	-24180.52396478268	746667.0328358728
0.0	-224319.60684491508	882768.813038684
0.0	116181.11831949241	602461.2172454305
0.0	11907.038922843218	510262.6962618452
0.0	4031.889071343545	503569.1083961484
0.0	1507.2584282739488	500014.5747099235
0.0	308.33939495867116	496149.91717067256
0.0	21.520924733152533	494374.47757622704
0.0	1.6259890048553334	494122.9759646642
0.0	7.77801086703311	494081.5645750735
0.0	13.694146907964	494082.6491950654
0.0	12.550745523882153	494088.38072840864
0.0	7.559591800048682	494091.8274425823
0.0	2.6552874801022885	494092.7933701343
0.0	0.7291251716297067	494093.22347650235
0.0	0.14228722098912608	494093.38059642655
0.0	0.028966204495522764	494093.4252819463
0.0	0.004314650545417145	494093.4342370314
0.0	0.0004864605573594937	494093.4372923726
0.0	4.06658709729306e-05	494093.439172902
0.0	2.614441387657606e-06	494093.44027206465
0.0	1.3380087123737736e-07	494093.44073405245
0.0	-1.358365337312804e-07	494093.44073405256
0.0	-2.617045124387574e-06	494093.44027206453
0.0	-4.066766248016053e-05	494093.4391729022
0.0	-0.00048646084020695455	494093.43729237106
0.0	-0.004314654125119527	494093.4342370305
0.0	-0.028966207280475983	494093.4252819463
0.0	-0.14228722223046075	494093.3805964276
0.0	-0.7291251734044367	494093.2234765036
0.0	-2.655287480102616	494092.7933701331
0.0	-7.559591803894696	494091.82744257955
0.0	-12.550745526124313	494088.38072840794
0.0	-13.694146908942807	494082.64919506456
0.0	-7.778010869986099	494081.56457507244
0.0	-1.62598901295329	494122.975964665
0.0	-21.52092472843479	494374.4775762275
0.0	-308.3393949609751	496149.91717066604
0.0	-1507.258428279221	500014.5747099222
0.0	-4031.8890713470823	503569.1083961478
0.0	-11907.038922851421	510262.6962618454
0.0	-116181.11831948781	602461.217245437
0.0	49982.046487203384	381691.75862998085
0.0	4665.962257642582	321549.1942004588
0.0	1328.29446503923	316920.25928329583
0.0	240.8107091961276	315148.23741393187
0.0	-6.922363064733027	313900.246592667
0.0	-6.140948188522701	313523.1636687148
0.0	6.656053942032667	313396.6008837322
0.0	13.475659812764075	313358.8287447967
0.0	11.605593509333138	313359.7145440849
0.0	6.821949313518351	313366.56213764055
0.0	2.8614819373601206	313370.67008640285
0.0	0.7449783206004272	313372.3258310667
0.0	0.1568011815892753	313372.96635252
0.0	0.022678959069773574	313373.1667081894
0.0	0.0035073416687642104	313373.21812814055
0.0	0.00040280090068490636	313373.2294294172
0.0	3.524815770269846e-05	313373.2329924804
0.0	2.305222791462577e-06	313373.23509403714
0.0	1.1583154886207182e-07	313373.2363500472
0.0	5.045481091394722e-09	313373.23689184856
0.0	-4.477348849288276e-09	313373.2368918486
0.0	-1.1557519901707153e-07	313373.23635004717
0.0	-2.3045501474961106e-06	313373.2350940373
0.0	-3.524677329753399e-05	313373.23299248
0.0	-0.00040280094728747533	313373.2294294172
0.0	-0.0035073414965411604	313373.2181281408
0.0	-0.022678958115348223	313373.16670818994
0.0	-0.15680118084419056	313372.96635252074
0.0	-0.7449783192448607	313372.3258310668
0.0	-2.8614819376488656	313370.67008640204
0.0	-6.8219493130657085	313366.5621376401
0.0	-11.605593508254646	313359.7145440845
0.0	-13.475659812674433	313358.82874479657
0.0	-6.656053943921891	313396.600883733
0.0	6.140948191855285	313523.1636687149
0.0	6.9223630647506695	313900.2465926642
0.0	-240.81070919656705	315148.237413931
0.0	-1328.2944650391798	316920.25928329537
0.0	-4665.96225764442	321549.1942004594
0.0	-49982.046487199754	381691.75862998405
0.0	19725.211977714745	230966.7118125987
0.0	2006.655341759592	188141.06526341906
0.0	256.63825108319793	185643.85979995166
0.0	-26.176043511519747	188563.57459135415
0.0	-14.756029140247692	189711.8209899003
0.0	8.24316770704532	188988.18648315652
0.0	9.531392063716073	188200.87250598666
0.0	8.718710218899428	187947.75754838163
0.0	5.154576151839146	187959.81474857632
0.0	2.240676982520091	188008.58377690625
0.0	0.7039727092157014	188037.2060026822
0.0	0.13594586934465264	188049.20151722454
0.0	0.022032212202065776	188053.39210541415
0.0	0.002279913438013045	188054.6238648388
0.0	0.00027999649926430966	188054.9255322442
0.0	2.5399128115218103e-05	188054.99334132444
0.0	1.7515241661839326e-06	188055.01685956458
0.0	9.021789033801789e-08	188055.03129616065
0.0	3.49595593922814e-09	188055.03977157295
0.0	7.296156027069148e-11	188055.043358956
0.0	-1.4801501299264208e-10	188055.043358956
0.0	-3.6414693605572715e-09	188055.03977157298
0.0	-9.017589874661829e-08	188055.03129616065
0.0	-1.7512615380177287e-06	188055.016859564
0.0	-2.5399361007943996e-05	188054.9933413241
0.0	-0.00027999667769046464	188054.9255322442
0.0	-0.002279913273903351	188054.62386483897
0.0	-0.022032212144515083	188053.39210541447
0.0	-0.13594586905998435	188049.20151722425
0.0	-0.7039727096439259	188037.20600268152
0.0	-2.2406769825529897	188008.58377690605
0.0	-5.154576151596485	187959.81474857603
0.0	-8.718710219147113	187947.7575483813
0.0	-9.531392064776917	188200.87250598712
0.0	-8.243167705854205	188988.18648315727
0.0	14.756029139756064	189711.8209898983
0.0	26.17604351121308	188563.57459135365
0.0	-256.63825108354104	185643.8597999516
0.0	-2006.655341760829	188141.06526341956
0.0	-19725.21197771337	230966.71181260084
