1600
0.0	3.654550668442923e+18	3.654550668445536e+18
0.0	3.451712913430659e+18	3.9872438659186975e+19
0.0	-4.2719771874930074e+18	7.2824562405930295e+19
0.0	7.027546905978333e+17	9.348241511830926e+19
0.0	-1.0636754400772741e+18	1.191435782831684e+20
0.0	3.5925284651397555e+17	1.3246685175903574e+20
0.0	-1.4095926695628126e+17	1.3860416078165905e+20
0.0	7.572437970745325e+16	1.3900792964479515e+20
0.0	-4.822964157601796e+16	1.3957937202641214e+20
0.0	2.6897653243857264e+16	1.3946196216284637e+20
0.0	-1.009818585833227e+16	1.3964493381004657e+20
0.0	-2748624898362728.5	1.3958415724619361e+20
0.0	6111549121712958.0	1.3954930234988146e+20
0.0	-4781472287223421.0	1.3950151903560539e+20
0.0	2289349095709349.0	1.394763123907538e+20
0.0	-1547300074921905.0	1.3946714482067513e+20
0.0	258194840878094.53	1.3946504754437479e+20
0.0	-549866234766212.0	1.3946608329246094e+20
0.0	260887157699307.6	1.394660236848955e+20
0.0	-168742852594470.97	1.3946644615481108e+20
0.0	168742860598594.8	1.3946644615481052e+20
0.0	-260887149252246.66	1.3946602368489416e+20
0.0	549866241843882.5	1.3946608329245986e+20
0.0	-258194833713455.44	1.39465047544376e+20
0.0	1547300082909376.5	1.394671448206778e+20
0.0	-2289349086951358.0	1.3947631239075347e+20
0.0	4781472293812858.0	1.3950151903560371e+20
0.0	-6111549114232096.0	1.3954930234987813e+20
0.0	2748624905740386.0	1.3958415724619361e+20
0.0	1.0098185867688996e+16	1.3964493381005114e+20
0.0	-2.6897653235713068e+16	1.394619621628486e+20
0.0	4.822964158187226e+16	1.395793720264115e+20
0.0	-7.572437969782208e+16	1.3900792964479086e+20
0.0	1.4095926696486834e+17	1.3860416078165226e+20
0.0	-3.592528465095222e+17	1.324668517590361e+20
0.0	1.0636754400906008e+18	1.1914357828317902e+20
0.0	-7.027546905951066e+17	9.348241511831767e+19
0.0	4.271977187497824e+18	7.282456240593099e+19
0.0	-3.451712913427666e+18	3.987243865917868e+19
0.0	-3.6545506684379136e+18	3.6545506684406415e+18
0.0	5.231378897862582e+19	-2.710756613974825e+18
0.0	-5.367076440425291e+20	-7.256828076748152e+21
0.0	-3.6700392259854287e+19	2.8800530671972227e+20
0.0	-2.4444308158785225e+19	-9.133931389475122e+21
0.0	7.968375188877869e+18	-7.233529788682185e+21
0.0	-2.416922997010039e+18	-7.871094749260794e+21
0.0	7.325838162875528e+17	-8.430197483813632e+21
0.0	1.749499155646528e+17	-7.895602733980139e+21
0.0	-1.2380797968880365e+17	-8.313441027762715e+21
0.0	5.099642387689699e+16	-8.122300275517696e+21
0.0	-9.621816461094854e+16	-8.209398527599113e+21
0.0	4.256578824552511e+16	-8.165696279608604e+21
0.0	-6.498893225463121e+16	-8.18456861153703e+21
0.0	2.318127822191939e+16	-8.171721521814359e+21
0.0	-1.033173682244428e+16	-8.17476624859416e+21
0.0	4344035526513546.0	-8.173758248350325e+21
0.0	-576223191249535.2	-8.173906177293357e+21
0.0	440982136727735.9	-8.173992220801251e+21
0.0	646408913556434.2	-8.173861201005047e+21
0.0	-582117471688895.6	-8.173986472863883e+21
0.0	582117478259876.8	-8.173986472863803e+21
0.0	-646408908258923.5	-8.173861201005123e+21
0.0	-440982126287738.6	-8.173992220800832e+21
0.0	576223200182250.8	-8.173906177293579e+21
0.0	-4344035519584955.5	-8.173758248350856e+21
0.0	1.0331736826349016e+16	-8.174766248593707e+21
0.0	-2.318127820806021e+16	-8.17172152181461e+21
0.0	6.498893226316086e+16	-8.184568611536544e+21
0.0	-4.256578823544799e+16	-8.165696279608706e+21
0.0	9.621816461083389e+16	-8.209398527599662e+21
0.0	-5.099642387197405e+16	-8.122300275517756e+21
0.0	1.2380797970627558e+17	-8.313441027761965e+21
0.0	-1.7494991556553587e+17	-7.895602733981272e+21
0.0	-7.325838162738122e+17	-8.430197483812796e+21
0.0	2.416922997018633e+18	-7.871094749257941e+21
0.0	-7.968375188929499e+18	-7.233529788684342e+21
0.0	2.4444308158808252e+19	-9.133931389476003e+21
0.0	3.670039225986375e+19	2.8800530671962004e+20
0.0	5.36707644042398e+20	-7.25682807674466e+21
0.0	-5.231378897861992e+19	-2.7107566139739976e+18
0.0	6.1601074641976885e+19	1.7873564458410737e+18
0.0	-4.19868295339853e+19	3.0021424183677184e+20
0.0	1.2082214079113056e+19	-2.112500664764039e+19
0.0	-1.8235559736862597e+18	1.2325526165378472e+20
0.0	1.381584723707097e+18	6.036032891174773e+20
0.0	-1.0965041774555373e+18	3.43233776635248e+20
0.0	5.939097471058045e+17	4.787164417832601e+20
0.0	-4.4212856776168474e+17	4.0580541802916925e+20
0.0	2.3948054541837574e+17	4.508688721616698e+20
0.0	-9.89425991845767e+16	4.287998018539642e+20
0.0	5.108212998016199e+16	4.381445406664461e+20
0.0	-1974105363846436.0	4.355433801588356e+20
0.0	1233983171516476.0	4.349013476848062e+20
0.0	4945568200757912.0	4.359045661086805e+20
0.0	-3066360510336429.0	4.349960048340527e+20
0.0	2064401587669956.8	4.355265604880293e+20
0.0	-833047872963962.4	4.352501296711198e+20
0.0	699538572867086.2	4.353870753424501e+20
0.0	-384900635010260.4	4.3528455645904686e+20
0.0	202330485955691.9	4.353275850087869e+20
0.0	-202330474896950.7	4.3532758500879e+20
0.0	384900643342533.56	4.352845564590465e+20
0.0	-699538559744352.2	4.353870753423933e+20
0.0	833047886331604.8	4.352501296711647e+20
0.0	-2064401577635416.2	4.355265604880802e+20
0.0	3066360518388173.0	4.349960048340121e+20
0.0	-4945568185135551.0	4.35904566108702e+20
0.0	-1233983159811210.0	4.349013476847634e+20
0.0	1974105375189840.0	4.355433801588449e+20
0.0	-5.108212997446445e+16	4.381445406665038e+20
0.0	9.894259919416867e+16	4.287998018539523e+20
0.0	-2.3948054540165574e+17	4.5086887216163475e+20
0.0	4.4212856776786534e+17	4.0580541802929245e+20
0.0	-5.93909747095399e+17	4.78716441783186e+20
0.0	1.0965041774738629e+18	3.432337766350403e+20
0.0	-1.381584723724499e+18	6.03603289117697e+20
0.0	1.8235559737051387e+18	1.232552616538557e+20
0.0	-1.2082214079110015e+19	-2.112500664761457e+19
0.0	4.1986829533980885e+19	3.0021424183634244e+20
0.0	-6.1601074641977836e+19	1.7873564458404997e+18
0.0	5.4623536904962245e+19	-4.905213461361632e+17
0.0	-2.340950209116943e+19	-8.305483420164082e+21
0.0	8.549307492024467e+18	1.1050471589966951e+20
0.0	4.4157402196582554e+17	-1.5513947570744357e+21
0.0	2.8284976151175936e+18	-1.4514762970988245e+21
0.0	-1.4040740505064077e+18	-1.4089710725912792e+21
0.0	1.450204367378538e+18	-1.6557808179598406e+21
0.0	-1.0187616236257609e+18	-1.40407513110642e+21
0.0	6.048554834847668e+17	-1.5649430975128213e+21
0.0	-2.5174748853956576e+17	-1.48894777431492e+21
0.0	1.6620717643619334e+17	-1.524068811397569e+21
0.0	-1.1325690716249588e+16	-1.507292599429812e+21
0.0	2.6806982867725804e+16	-1.5137606607826778e+21
0.0	1.68280151623371e+16	-1.5097617710573423e+21
0.0	-9617562304583686.0	-1.509616693557519e+21
0.0	6658364893736940.0	-1.5098587785773895e+21
0.0	-2727251810801378.0	-1.5096313201891365e+21
0.0	2534255753579797.0	-1.5097920413432372e+21
0.0	-1776726319263862.0	-1.5096654877589902e+21
0.0	1143806837204129.8	-1.5097436595589035e+21
0.0	-1143806840026499.0	-1.5097436595588757e+21
0.0	1776726314529038.5	-1.509665487759062e+21
0.0	-2534255749270191.0	-1.5097920413430537e+21
0.0	2727251812259874.5	-1.5096313201892372e+21
0.0	-6658364893399622.0	-1.5098587785775546e+21
0.0	9617562297867522.0	-1.5096166935573737e+21
0.0	-1.6828015153704712e+16	-1.509761771057415e+21
0.0	-2.680698286469909e+16	-1.5137606607825047e+21
0.0	1.1325690715113766e+16	-1.5072925994297962e+21
0.0	-1.662071764463778e+17	-1.5240688113977587e+21
0.0	2.5174748853595062e+17	-1.4889477743149281e+21
0.0	-6.048554834731127e+17	-1.5649430975126946e+21
0.0	1.0187616236122144e+18	-1.4040751311067236e+21
0.0	-1.450204367370979e+18	-1.6557808179597153e+21
0.0	1.4040740505137193e+18	-1.4089710725906353e+21
0.0	-2.828497615166297e+18	-1.4514762970994233e+21
0.0	-4.415740219389271e+17	-1.5513947570744926e+21
0.0	-8.549307492024413e+18	1.1050471589967344e+20
0.0	2.3409502091163242e+19	-8.305483420162947e+21
0.0	-5.462353690496087e+19	-4.9052134613587264e+17
0.0	1.8506427118534955e+19	7.847107531955693e+16
0.0	2.4202794969625194e+19	-6.079915331610969e+21
0.0	-6.208724283808997e+18	5.234230483694058e+20
0.0	2.1119351912575933e+18	-1.3439986298326648e+21
0.0	-2.5753996941845504e+17	-7.15272967358199e+20
0.0	-7.79802730644927e+17	-9.684610792096739e+20
0.0	5.823514013457473e+17	-1.0279354520137392e+21
0.0	-6.937731747505275e+17	-9.21090367483828e+20
0.0	4.225444720138111e+17	-1.0052711612283042e+21
0.0	-1.557711312489371e+17	-9.688404172784632e+20
0.0	1.3485638323271882e+17	-9.852744669804505e+20
0.0	-4036824044513492.0	-9.76533545006164e+20
0.0	2.077802793599939e+16	-9.812267057980017e+20
0.0	1.1017969045163904e+16	-9.78020446628815e+20
0.0	-6407024966039926.0	-9.785306054069849e+20
0.0	4674695941580632.0	-9.783674134668255e+20
0.0	-2020873618210069.0	-9.783765131038775e+20
0.0	1971305718980981.8	-9.784062785295048e+20
0.0	-1479478186323373.2	-9.78374957820299e+20
0.0	1020071687361871.6	-9.784048086168639e+20
0.0	-1020071687912728.2	-9.784048086168468e+20
0.0	1479478184217800.0	-9.783749578203384e+20
0.0	-1971305716292871.5	-9.784062785294282e+20
0.0	2020873619551757.8	-9.783765131039395e+20
0.0	-4674695940611050.0	-9.783674134668771e+20
0.0	6407024963037905.0	-9.785306054068939e+20
0.0	-1.1017969041441696e+16	-9.780204466288677e+20
0.0	-2.077802793383914e+16	-9.812267057979176e+20
0.0	4036824044449780.0	-9.765335450061778e+20
0.0	-1.3485638323653531e+17	-9.852744669805436e+20
0.0	1.5577113124742506e+17	-9.688404172784553e+20
0.0	-4.22544472007408e+17	-1.0052711612282232e+21
0.0	6.937731747441432e+17	-9.210903674839884e+20
0.0	-5.823514013419923e+17	-1.0279354520136683e+21
0.0	7.798027306483346e+17	-9.684610792093437e+20
0.0	2.575399693973765e+17	-7.15272967358364e+20
0.0	-2.111935191239351e+18	-1.343998629832667e+21
0.0	6.208724283813268e+18	5.234230483694398e+20
0.0	-2.4202794969612816e+19	-6.079915331610468e+21
0.0	-1.8506427118535066e+19	7.847107531964e+16
0.0	-1.0619887940591974e+19	-2.7933131833673388e+16
0.0	3.6813164364652773e+19	-5.983248821175541e+21
0.0	-7.663638276473782e+18	2.7743944830186904e+20
0.0	-5.10804076046167e+16	-1.1945182567014916e+21
0.0	1.3889260335746435e+18	-8.741140306979148e+20
0.0	-5.7403090760290074e+17	-8.529226506578535e+20
0.0	2.5666855688338288e+17	-9.855071922125816e+20
0.0	-1.0935453830502784e+17	-8.598613258146829e+20
0.0	1.5625758983058547e+17	-9.643553569537997e+20
0.0	-5.862401105161486e+16	-9.134090474082168e+20
0.0	4.469678955897372e+16	-9.353003039782228e+20
0.0	8846495983966770.0	-9.251864671878156e+20
0.0	-1.4649239858181384e+16	-9.288231345351882e+20
0.0	1.3918855843498602e+16	-9.259527691923864e+20
0.0	-6835377650862300.0	-9.260320399594514e+20
0.0	4275218530125337.0	-9.26080906782926e+20
0.0	-1256997777285705.8	-9.259983931138593e+20
0.0	1488762656310455.0	-9.260644280709415e+20
0.0	-754691352611897.0	-9.260057568532816e+20
0.0	479353619288096.06	-9.260610394457763e+20
0.0	-479353623952468.8	-9.260610394458004e+20
0.0	754691348411158.2	-9.260057568533052e+20
0.0	-1488762658853171.2	-9.260644280708218e+20
0.0	1256997772743024.8	-9.259983931139175e+20
0.0	-4275218532397559.0	-9.260809067830169e+20
0.0	6835377645119718.0	-9.26032039959344e+20
0.0	-1.3918855845755924e+16	-9.259527691924776e+20
0.0	1.4649239855956084e+16	-9.288231345350633e+20
0.0	-8846495989110903.0	-9.251864671877807e+20
0.0	-4.469678956430717e+16	-9.35300303978351e+20
0.0	5.862401104717017e+16	-9.134090474082252e+20
0.0	-1.5625758983186086e+17	-9.643553569537209e+20
0.0	1.093545382972093e+17	-8.598613258148918e+20
0.0	-2.566685568816509e+17	-9.855071922124632e+20
0.0	5.7403090759780006e+17	-8.52922650657379e+20
0.0	-1.3889260335938196e+18	-8.741140306983004e+20
0.0	5.10804076155049e+16	-1.1945182567015674e+21
0.0	7.663638276471548e+18	2.7743944830188595e+20
0.0	-3.6813164364639003e+19	-5.983248821174833e+21
0.0	1.0619887940589908e+19	-2.793313183377085e+16
0.0	-2.2748177204313055e+19	2.1945108587977424e+16
0.0	4.372829560923841e+19	-5.583041225880556e+21
0.0	-5.122840298631014e+18	3.410599155822287e+20
0.0	-1.592387887357524e+18	-1.228856236316024e+21
0.0	2.9672782511670513e+18	-8.084687112991649e+20
0.0	-8.186747988633544e+17	-8.661400297179744e+20
0.0	1.1015507385923248e+17	-9.810744988803256e+20
0.0	3.266435504512576e+16	-8.67584366458571e+20
0.0	3.228311118181728e+16	-9.661543087813122e+20
0.0	-4.94303504098352e+16	-9.222768915972924e+20
0.0	1.9858077686600344e+16	-9.410089380493163e+20
0.0	1.434235257707074e+16	-9.324169217778593e+20
0.0	-3.5064210162051884e+16	-9.355940724100438e+20
0.0	1.899432578004115e+16	-9.324911174938749e+20
0.0	-8181163523712914.0	-9.327874429447184e+20
0.0	5207796847035031.0	-9.327359875240552e+20
0.0	-721666248479265.5	-9.327061937410399e+20
0.0	1808888438178383.8	-9.327413394004223e+20
0.0	-551938316508661.0	-9.326922482313509e+20
0.0	308148614313447.4	-9.327402828529364e+20
0.0	-308148615022044.1	-9.327402828529378e+20
0.0	551938316380802.75	-9.326922482313687e+20
0.0	-1808888437054256.2	-9.327413394003311e+20
0.0	721666247317924.5	-9.32706193741083e+20
0.0	-5207796845386864.0	-9.327359875241315e+20
0.0	8181163521751049.0	-9.327874429446293e+20
0.0	-1.899432577824e+16	-9.324911174939413e+20
0.0	3.506421016392183e+16	-9.355940724099714e+20
0.0	-1.4342352578803024e+16	-9.324169217778609e+20
0.0	-1.9858077688053096e+16	-9.410089380494208e+20
0.0	4.943035040946354e+16	-9.22276891597271e+20
0.0	-3.2283111179265184e+16	-9.661543087812165e+20
0.0	-3.2664355049487936e+16	-8.675843664587601e+20
0.0	-1.101550738524584e+17	-9.810744988801981e+20
0.0	8.18674798861528e+17	-8.661400297175832e+20
0.0	-2.9672782511838566e+18	-8.084687112994517e+20
0.0	1.5923878873762263e+18	-1.228856236316066e+21
0.0	5.122840298628173e+18	3.4105991558224767e+20
0.0	-4.372829560920171e+19	-5.58304122587986e+21
0.0	2.274817720430878e+19	2.1945108587940464e+16
0.0	-2.3925413865822003e+19	-1.1353863335693836e+16
0.0	4.066935877224706e+19	-4.417702201501368e+21
0.0	-2.455046373034272e+18	2.475748737725973e+20
0.0	-2.3666669447497e+18	-8.921813043324222e+20
0.0	4.0137401213443973e+18	-6.125622334488399e+20
0.0	-9.707791506938584e+17	-6.443640014518648e+20
0.0	1.712806874071968e+17	-7.368839233711988e+20
0.0	9.948334516214746e+16	-6.44899514469536e+20
0.0	2.7558843776796224e+16	-7.242763524552657e+20
0.0	-5.73936585329712e+16	-6.880742795811406e+20
0.0	6059294030597392.0	-7.030316493017705e+20
0.0	1.362214937477524e+16	-6.958479632827894e+20
0.0	-4.4719613738473976e+16	-6.981529797595457e+20
0.0	2.1821711439616424e+16	-6.958378226691256e+20
0.0	-8840927242737234.0	-6.961038530030605e+20
0.0	6093500312663810.0	-6.960669231889208e+20
0.0	-243165623750557.75	-6.960330539012639e+20
0.0	2225701095744531.5	-6.960686823386938e+20
0.0	-638121749045940.1	-6.960287645958328e+20
0.0	338372368247669.3	-6.96067757858896e+20
0.0	-338372370126600.1	-6.960677578589062e+20
0.0	638121747124825.0	-6.96028764595856e+20
0.0	-2225701095587794.5	-6.960686823386284e+20
0.0	243165621656035.06	-6.960330539012968e+20
0.0	-6093500312719433.0	-6.960669231889855e+20
0.0	8840927239232162.0	-6.96103853002999e+20
0.0	-2.1821711438695372e+16	-6.958378226691741e+20
0.0	4.471961373910672e+16	-6.981529797594802e+20
0.0	-1.3622149377508016e+16	-6.958479632827993e+20
0.0	-6059294033658928.0	-7.030316493018361e+20
0.0	5.739365853109371e+16	-6.880742795811228e+20
0.0	-2.755884377511763e+16	-7.242763524552141e+20
0.0	-9.94833451685431e+16	-6.448995144696508e+20
0.0	-1.7128068740165965e+17	-7.368839233711668e+20
0.0	9.707791506917827e+17	-6.443640014515974e+20
0.0	-4.013740121365251e+18	-6.125622334490585e+20
0.0	2.366666944767339e+18	-8.921813043324465e+20
0.0	2.455046373028302e+18	2.475748737726063e+20
0.0	-4.066935877222021e+19	-4.4177022015010305e+21
0.0	2.3925413865816465e+19	-1.1353863335756774e+16
0.0	-2.2877652189207654e+19	6507083849544308.0
0.0	4.406407732453046e+19	-3.7529798988830684e+21
0.0	-2.9554875596033157e+18	2.26777299887329e+20
0.0	-2.3167490961603656e+18	-8.093993417493069e+20
0.0	4.2103226939616553e+18	-5.388747124153906e+20
0.0	-1.0468577786661341e+18	-5.8880487920104604e+20
0.0	2.365798594358659e+17	-6.673470443807952e+20
0.0	3.689092660549645e+16	-5.90466623708551e+20
0.0	6.817922629434605e+16	-6.586010786984901e+20
0.0	-8.03235601231778e+16	-6.289804806604477e+20
0.0	1.3234359400054128e+16	-6.416028735018678e+20
0.0	1.5718238332279688e+16	-6.355677940504029e+20
0.0	-4.438657211732133e+16	-6.377317242737648e+20
0.0	2.233180061083735e+16	-6.357490539733435e+20
0.0	-1.0797508444860966e+16	-6.36006874654303e+20
0.0	6157306731605331.0	-6.359592095843222e+20
0.0	-334371890914304.2	-6.359374535925999e+20
0.0	2235581892072694.2	-6.359688121651786e+20
0.0	-813125227732803.0	-6.359343226479355e+20
0.0	433381674595968.25	-6.359641041612268e+20
0.0	-433381675199220.9	-6.359641041612155e+20
0.0	813125226943752.8	-6.359343226479544e+20
0.0	-2235581890204756.5	-6.359688121651461e+20
0.0	334371890321525.1	-6.359374535926406e+20
0.0	-6157306730092944.0	-6.359592095843705e+20
0.0	1.0797508442563076e+16	-6.36006874654255e+20
0.0	-2.2331800608215676e+16	-6.357490539733807e+20
0.0	4.4386572119523976e+16	-6.377317242737213e+20
0.0	-1.5718238333823412e+16	-6.355677940504147e+20
0.0	-1.3234359401949472e+16	-6.41602873501936e+20
0.0	8.03235601225403e+16	-6.289804806604498e+20
0.0	-6.817922629053626e+16	-6.586010786984504e+20
0.0	-3.689092661145171e+16	-5.904666237086385e+20
0.0	-2.365798594284105e+17	-6.673470443807535e+20
0.0	1.0468577786652608e+18	-5.888048792008154e+20
0.0	-4.2103226939829617e+18	-5.388747124155655e+20
0.0	2.3167490961821573e+18	-8.09399341749336e+20
0.0	2.955487559599962e+18	2.2677729988734085e+20
0.0	-4.4064077324494725e+19	-3.752979898882685e+21
0.0	2.287765218920302e+19	6507083849433408.0
0.0	-2.1681563472976175e+19	-3800244578619939.5
0.0	4.292784964907337e+19	-2.8124160343830257e+21
0.0	-3.196634354327472e+18	1.6898393638579454e+20
0.0	-1.9956174669871217e+18	-6.008577109917969e+20
0.0	3.8534704110241357e+18	-3.988777876465401e+20
0.0	-9.984578259950218e+17	-4.344011018110095e+20
0.0	2.4056299017588778e+17	-4.9373293072488766e+20
0.0	6822536237062464.0	-4.3544235316052047e+20
0.0	6.809917849200666e+16	-4.8706847685402296e+20
0.0	-8.339508277488035e+16	-4.649022462922789e+20
0.0	1.5934994130272464e+16	-4.742362449238928e+20
0.0	1.1714571471730736e+16	-4.696487945899804e+20
0.0	-3.972487258503098e+16	-4.71238942568219e+20
0.0	2.142876411669432e+16	-4.697215254762845e+20
0.0	-1.0015192747688484e+16	-4.6989272808172644e+20
0.0	6348720790162660.0	-4.698565137878809e+20
0.0	-237814175057846.44	-4.698446190049168e+20
0.0	2115145406072817.0	-4.69870419650078e+20
0.0	-827766344607385.5	-4.698428951737687e+20
0.0	436218393074050.44	-4.698668418003616e+20
0.0	-436218393533909.4	-4.69866841800347e+20
0.0	827766343754628.9	-4.698428951737862e+20
0.0	-2115145404091717.5	-4.698704196500549e+20
0.0	237814174719760.12	-4.698446190049466e+20
0.0	-6348720788839429.0	-4.6985651378790754e+20
0.0	1.001519274552902e+16	-4.69892728081693e+20
0.0	-2.1428764114006664e+16	-4.697215254763167e+20
0.0	3.972487258712782e+16	-4.712389425681877e+20
0.0	-1.1714571473136744e+16	-4.6964879458999986e+20
0.0	-1.59349941321488e+16	-4.742362449239435e+20
0.0	8.339508277426883e+16	-4.649022462922841e+20
0.0	-6.809917848829162e+16	-4.8706847685399387e+20
0.0	-6822536242749056.0	-4.354423531605786e+20
0.0	-2.4056299016888717e+17	-4.9373293072484775e+20
0.0	9.984578259942915e+17	-4.3440110181084175e+20
0.0	-3.8534704110442655e+18	-3.988777876466723e+20
0.0	1.9956174670078628e+18	-6.008577109918223e+20
0.0	3.196634354324689e+18	1.689839363858038e+20
0.0	-4.2927849649040425e+19	-2.8124160343827085e+21
0.0	2.168156347297257e+19	-3800244578711971.0
0.0	-1.9897723591150604e+19	1207892640125387.8
0.0	4.0542768311998644e+19	-2.0329113287049048e+21
0.0	-3.477668955060179e+18	1.2737332664434006e+20
0.0	-1.6538626094259901e+18	-4.4778711767968776e+20
0.0	3.320421935677557e+18	-2.900106716354937e+20
0.0	-9.173775603631868e+17	-3.233987626311217e+20
0.0	2.3585335942179715e+17	-3.645499431858559e+20
0.0	-2.257686430339955e+16	-3.228035656662866e+20
0.0	7.901604826816038e+16	-3.598883903138524e+20
0.0	-7.665781243741338e+16	-3.440245186556604e+20
0.0	1.991615482364345e+16	-3.506309752444445e+20
0.0	1.0414043820386264e+16	-3.4738527403914664e+20
0.0	-3.283629672429599e+16	-3.485765243787271e+20
0.0	1.951756669037388e+16	-3.474702992241965e+20
0.0	-8564137481415460.0	-3.47617685644576e+20
0.0	5757713732749028.0	-3.4757991493976326e+20
0.0	-334488871192566.06	-3.475753981172145e+20
0.0	1913159601343011.5	-3.475905592274434e+20
0.0	-770893848756968.1	-3.4757126205437785e+20
0.0	447041006364726.2	-3.475882652919987e+20
0.0	-447041006223501.7	-3.475882652919928e+20
0.0	770893848573652.4	-3.475712620543881e+20
0.0	-1913159599030117.5	-3.475905592274172e+20
0.0	334488871550664.06	-3.475753981172329e+20
0.0	-5757713730940850.0	-3.4757991493979564e+20
0.0	8564137479817636.0	-3.476176856445485e+20
0.0	-1.9517566687030976e+16	-3.474702992242206e+20
0.0	3.283629672684921e+16	-3.485765243787108e+20
0.0	-1.0414043821027846e+16	-3.473852740391544e+20
0.0	-1.991615482467183e+16	-3.5063097524449254e+20
0.0	7.665781243745128e+16	-3.440245186556659e+20
0.0	-7.901604826395805e+16	-3.598883903138343e+20
0.0	2.257686429894528e+16	-3.2280356566633284e+20
0.0	-2.3585335941477632e+17	-3.6454994318582664e+20
0.0	9.173775603634465e+17	-3.233987626310059e+20
0.0	-3.320421935695571e+18	-2.9001067163559284e+20
0.0	1.653862609445819e+18	-4.477871176797179e+20
0.0	3.4776689550587986e+18	1.2737332664434832e+20
0.0	-4.054276831196666e+19	-2.0329113287046773e+21
0.0	1.989772359114752e+19	1207892640033281.0
0.0	-1.6983081075114258e+19	316069361913104.06
0.0	3.5152323514466423e+19	-1.3212362438720317e+21
0.0	-3.233782208841454e+18	8.586110985656323e+19
0.0	-1.253613273708796e+18	-2.970217545043517e+20
0.0	2.683065174095564e+18	-1.8799835705690358e+20
0.0	-7.734559810236307e+17	-2.1413448624534055e+20
0.0	1.9803242890868013e+17	-2.4012891038775145e+20
0.0	-3.795839018592e+16	-2.1307004839496024e+20
0.0	7.446591174174824e+16	-2.3704354486108475e+20
0.0	-6.792108064105499e+16	-2.268345938535708e+20
0.0	1.7493304072683912e+16	-2.310823494062791e+20
0.0	7362992424082062.0	-2.2898932804953565e+20
0.0	-2.710886258032255e+16	-2.297653460254612e+20
0.0	1.5826739458719454e+16	-2.2903032616838103e+20
0.0	-7255202739699534.0	-2.2913292052412318e+20
0.0	4600695398897022.0	-2.291008985039287e+20
0.0	-360274538972359.6	-2.290998777738581e+20
0.0	1596393003674577.2	-2.291084868521466e+20
0.0	-676428140773520.9	-2.2909736764426584e+20
0.0	400344214288837.0	-2.2910835114821416e+20
0.0	-400344211692596.4	-2.2910835114821458e+20
0.0	676428143364369.5	-2.2909736764427777e+20
0.0	-1596392999273515.8	-2.291084868521329e+20
0.0	360274541501928.0	-2.29099877773872e+20
0.0	-4600695394912116.0	-2.291008985039475e+20
0.0	7255202741045207.0	-2.2913292052410905e+20
0.0	-1.5826739453215138e+16	-2.2903032616840102e+20
0.0	2.710886258501364e+16	-2.2976534602544493e+20
0.0	-7362992421943845.0	-2.2898932804954338e+20
0.0	-1.7493304071150856e+16	-2.3108234940630385e+20
0.0	6.7921080643551816e+16	-2.2683459385357337e+20
0.0	-7.44659117355802e+16	-2.3704354486106695e+20
0.0	3.795839018462342e+16	-2.1307004839499304e+20
0.0	-1.9803242890029424e+17	-2.4012891038773497e+20
0.0	7.734559810260709e+17	-2.1413448624526174e+20
0.0	-2.6830651741083863e+18	-1.87998357056971e+20
0.0	1.2536132737290045e+18	-2.970217545043597e+20
0.0	3.233782208841699e+18	8.586110985656815e+19
0.0	-3.5152323514431853e+19	-1.321236243871924e+21
0.0	1.6983081075111717e+19	316069361829439.4
0.0	-1.316620301038912e+19	-500541943581761.0
0.0	2.7981614271773516e+19	-7.62324254746452e+20
0.0	-2.7758972052078536e+18	5.2091186659872375e+19
0.0	-8.359622712407194e+17	-1.778435779741679e+20
0.0	1.9508539714375322e+18	-1.0884805735351263e+20
0.0	-5.905489229044204e+17	-1.2785266730509389e+20
0.0	1.563900311319279e+17	-1.4201298589050598e+20
0.0	-4.507102604511526e+16	-1.2655304970753035e+20
0.0	6.38697164914201e+16	-1.4027543425882187e+20
0.0	-5.383271477904306e+16	-1.3449361080553603e+20
0.0	1.6544583542479812e+16	-1.3688539911630723e+20
0.0	6134526827455974.0	-1.3568528531605845e+20
0.0	-1.905795912666205e+16	-1.3614624768117064e+20
0.0	1.2078373294704066e+16	-1.3570366184762894e+20
0.0	-5280210440569653.0	-1.3577230058746108e+20
0.0	3568136455312164.0	-1.3575011436382401e+20
0.0	-226942253047935.94	-1.3575074474634946e+20
0.0	1245225740219283.5	-1.3575507454077075e+20
0.0	-529179311940834.4	-1.3574969206692592e+20
0.0	327924321507846.2	-1.3575558957670846e+20
0.0	-327924321490837.56	-1.3575558957670924e+20
0.0	529179311916456.6	-1.3574969206693791e+20
0.0	-1245225738649409.0	-1.3575507454076271e+20
0.0	226942253615026.34	-1.3575074474635484e+20
0.0	-3568136454418972.5	-1.3575011436383178e+20
0.0	5280210439786201.0	-1.3577230058745078e+20
0.0	-1.2078373292403264e+16	-1.3570366184763608e+20
0.0	1.905795912825015e+16	-1.361462476811632e+20
0.0	-6134526827572168.0	-1.3568528531605941e+20
0.0	-1.6544583543407148e+16	-1.368853991163228e+20
0.0	5.383271477906661e+16	-1.3449361080553474e+20
0.0	-6.38697164884803e+16	-1.4027543425881222e+20
0.0	4.507102604232426e+16	-1.2655304970754464e+20
0.0	-1.563900311278437e+17	-1.4201298589049743e+20
0.0	5.905489229048371e+17	-1.2785266730505424e+20
0.0	-1.9508539714488904e+18	-1.0884805735355204e+20
0.0	8.359622712532823e+17	-1.778435779741728e+20
0.0	2.7758972052069796e+18	5.209118665987537e+19
0.0	-2.7981614271753634e+19	-7.623242547463841e+20
0.0	1.316620301038698e+19	-500541943633724.0
0.0	-9.004773288091868e+18	258265708355317.7
0.0	1.980463221682676e+19	-3.636654699214749e+20
0.0	-2.1527314105510313e+18	2.6825505559852044e+19
0.0	-4.417794400768906e+17	-8.918369597452976e+19
0.0	1.2032030666322493e+18	-5.188839816608229e+19
0.0	-3.9053111785540634e+17	-6.383497544423558e+19
0.0	1.0979232344821674e+17	-6.9993186183380296e+19
0.0	-4.438526883374232e+16	-6.275949778021831e+19
0.0	5.054775762808997e+16	-6.9211533803494834e+19
0.0	-3.766230582731653e+16	-6.65382638140274e+19
0.0	1.3353247915744252e+16	-6.76345174895812e+19
0.0	3928622601469863.0	-6.707269788857826e+19
0.0	-1.1371856231962846e+16	-6.730029902960653e+19
0.0	7676536873774548.0	-6.707894247326979e+19
0.0	-3462597790003931.5	-6.7118588517177246e+19
0.0	2294586064864897.0	-6.7104708117819654e+19
0.0	-182993155764928.1	-6.710616044529511e+19
0.0	820586457731857.4	-6.710770753197641e+19
0.0	-368641258330944.56	-6.71057167792541e+19
0.0	230223762207431.2	-6.710831994415438e+19
0.0	-230223762255002.3	-6.710831994415623e+19
0.0	368641258576901.25	-6.710571677926193e+19
0.0	-820586456476468.8	-6.710770753196938e+19
0.0	182993155946038.72	-6.71061604453009e+19
0.0	-2294586064043301.0	-6.710470811782018e+19
0.0	3462597789515217.0	-6.711858851717267e+19
0.0	-7676536872221345.0	-6.707894247327253e+19
0.0	1.137185623320073e+16	-6.7300299029602165e+19
0.0	-3928622601621655.0	-6.707269788857842e+19
0.0	-1.3353247916108386e+16	-6.763451748959137e+19
0.0	3.7662305827392184e+16	-6.653826381402615e+19
0.0	-5.054775762609808e+16	-6.921153380348866e+19
0.0	4.438526883182576e+16	-6.275949778022911e+19
0.0	-1.0979232344522403e+17	-6.9993186183373865e+19
0.0	3.9053111785578624e+17	-6.383497544421522e+19
0.0	-1.2032030666397716e+18	-5.188839816610199e+19
0.0	4.417794400856563e+17	-8.918369597453038e+19
0.0	2.1527314105502185e+18	2.6825505559853253e+19
0.0	-1.980463221681332e+19	-3.636654699214423e+20
0.0	9.004773288090546e+18	258265708323027.72
0.0	-5.187785786612166e+18	-66470200605558.33
0.0	1.1935150729322902e+19	-1.2934095473786762e+20
0.0	-1.4486337393097754e+18	1.064918405279873e+19
0.0	-1.4700914837055616e+17	-3.4344130483670303e+19
0.0	5.814086751223718e+17	-1.8498306448061858e+19
0.0	-2.1119879281449824e+17	-2.4451215664456565e+19
0.0	6.496257772014048e+16	-2.6305620241936e+19
0.0	-3.5781749005444944e+16	-2.380990080115565e+19
0.0	3.4336429313195308e+16	-2.6048118137656254e+19
0.0	-2.2121319522310492e+16	-2.5147624808504295e+19
0.0	9406604734457508.0	-2.551018184297178e+19
0.0	2031523638548852.0	-2.5316081901781398e+19
0.0	-5193488988376186.0	-2.540278584329999e+19
0.0	3988268163722688.0	-2.5317768829833708e+19
0.0	-1786964034111213.5	-2.5335632445999063e+19
0.0	1232121354153500.0	-2.532876734684091e+19
0.0	-104864029895380.33	-2.533010650976582e+19
0.0	449939529947514.1	-2.53302984945484e+19
0.0	-215407855492593.06	-2.532995390308353e+19
0.0	137469359027741.84	-2.5330733366787465e+19
0.0	-137469359248557.34	-2.5330733366787432e+19
0.0	215407855321434.8	-2.5329953903085724e+19
0.0	-449939529518238.75	-2.533029849454718e+19
0.0	104864029946139.62	-2.5330106509766672e+19
0.0	-1232121353999193.8	-2.5328767346841575e+19
0.0	1786964033606324.5	-2.5335632445997654e+19
0.0	-3988268163064740.0	-2.531776882983505e+19
0.0	5193488988803874.0	-2.5402785843298566e+19
0.0	-2031523638766464.5	-2.531608190178091e+19
0.0	-9406604734943472.0	-2.551018184297431e+19
0.0	2.212131952208466e+16	-2.514762480850452e+19
0.0	-3.4336429312247136e+16	-2.6048118137654202e+19
0.0	3.5781749004194584e+16	-2.3809900801158054e+19
0.0	-6.4962577718806536e+16	-2.630562024193476e+19
0.0	2.1119879281451014e+17	-2.4451215664450085e+19
0.0	-5.814086751265971e+17	-1.8498306448068612e+19
0.0	1.4700914837509363e+17	-3.4344130483670114e+19
0.0	1.448633739309478e+18	1.0649184052799275e+19
0.0	-1.1935150729315987e+19	-1.2934095473785805e+20
0.0	5.187785786611417e+18	-66470200630392.234
0.0	-2.3135439103783757e+18	18224233789649.992
0.0	5.667782443070982e+18	-2.673075136296073e+19
0.0	-7.900496501272142e+17	2.656980984834951e+18
0.0	9217729997676384.0	-8.184049519806274e+18
0.0	1.762365525660558e+17	-3.836131994352204e+18
0.0	-8.167445323324134e+16	-5.772303706847858e+18
0.0	2.9110754238267264e+16	-6.015670215849325e+18
0.0	-2.237948879875863e+16	-5.53114656113018e+18
0.0	1.8280713798358148e+16	-5.970377102878208e+18
0.0	-9824686368319008.0	-5.80533279854216e+18
0.0	5200396142353889.0	-5.868816663474662e+18
0.0	703677026072258.0	-5.831160029599998e+18
0.0	-1343509932981026.5	-5.851453601309565e+18
0.0	1437443736625935.8	-5.831200966992289e+18
0.0	-646825000598590.5	-5.836482226100667e+18
0.0	462895220009196.6	-5.834287504412185e+18
0.0	-48015433048083.414	-5.834900960553735e+18
0.0	174619236886658.03	-5.834812452544536e+18
0.0	-97522070510636.44	-5.834891220842972e+18
0.0	62561160224450.195	-5.83498766003258e+18
0.0	-62561160307351.77	-5.83498766003247e+18
0.0	97522070377294.47	-5.834891220843486e+18
0.0	-174619236717113.0	-5.834812452544282e+18
0.0	48015433095747.84	-5.834900960553859e+18
0.0	-462895219918146.56	-5.83428750441254e+18
0.0	646825000361755.8	-5.836482226100271e+18
0.0	-1437443736352832.2	-5.831200966992716e+18
0.0	1343509933138130.0	-5.851453601308944e+18
0.0	-703677026186772.0	-5.831160029600071e+18
0.0	-5200396142509276.0	-5.868816663475642e+18
0.0	9824686368242180.0	-5.805332798542105e+18
0.0	-1.8280713797976668e+16	-5.970377102877875e+18
0.0	2.237948879819989e+16	-5.531146561130802e+18
0.0	-2.9110754237662404e+16	-6.01567021584938e+18
0.0	8.167445323323792e+16	-5.772303706846855e+18
0.0	-1.762365525676954e+17	-3.836131994354e+18
0.0	-9217729995721248.0	-8.184049519806009e+18
0.0	7.900496501272238e+17	2.656980984835124e+18
0.0	-5.667782443067958e+18	-2.673075136295988e+19
0.0	2.31354391037805e+18	18224233781846.117
0.0	-6.414139170066252e+17	-956614373774.3418
0.0	1.7694648559325522e+18	-1.2961024237733294e+18
0.0	-3.058309264341761e+17	2.0117382593341626e+17
0.0	4.7361148183115896e+16	-5.867224399960515e+17
0.0	-5258417347311416.0	-1.908839699032521e+17
0.0	-1.2710941634560066e+16	-4.057466590402432e+17
0.0	7298090191540438.0	-3.938009160366523e+17
0.0	-9321072504604880.0	-3.753861748208274e+17
0.0	6312899764794907.0	-3.929205496798043e+17
0.0	-2449849041122189.0	-3.884582223197444e+17
0.0	1878013400007547.5	-3.896105914261343e+17
0.0	58611658711964.47	-3.881914005436081e+17
0.0	228246670260733.8	-3.8958842202791046e+17
0.0	158163295772640.3	-3.881387696905085e+17
0.0	-76490651494928.73	-3.8867112707221645e+17
0.0	65019552118227.06	-3.8842985181518637e+17
0.0	-13538047993803.938	-3.885164942185188e+17
0.0	29159805334460.895	-3.88489145279602e+17
0.0	-24888660305614.727	-3.8851839773061965e+17
0.0	16142059078496.105	-3.885121261014277e+17
0.0	-16142059099369.412	-3.8851212610142214e+17
0.0	24888660276876.81	-3.885183977306463e+17
0.0	-29159805294890.523	-3.88489145279547e+17
0.0	13538048017752.04	-3.885164942185092e+17
0.0	-65019552097159.09	-3.884298518152022e+17
0.0	76490651451584.25	-3.8867112707218035e+17
0.0	-158163295713841.62	-3.881387696905212e+17
0.0	-228246670233450.97	-3.895884220278328e+17
0.0	-58611658735231.09	-3.881914005435465e+17
0.0	-1878013400037084.2	-3.896105914262108e+17
0.0	2449849041099209.0	-3.8845822231976403e+17
0.0	-6312899764703401.0	-3.9292054967978176e+17
0.0	9321072504490580.0	-3.75386174820849e+17
0.0	-7298090191423936.0	-3.9380091603667616e+17
0.0	1.271094163456046e+16	-4.057466590403039e+17
0.0	5258417347093760.0	-1.9088396990334637e+17
0.0	-4.7361148182711304e+16	-5.86722439995987e+17
0.0	3.0583092643424806e+17	2.0117382593343165e+17
0.0	-1.7694648559316895e+18	-1.2961024237732872e+18
0.0	6.414139170065119e+17	-956614376531.6262
0.0	1.7122038364677424e+16	-311713738926.6588
0.0	8.27213582610535e+16	-1.4054522261343235e+17
0.0	-5.011476028356467e+16	-219752766406362.0
0.0	2.820161084759909e+16	-8966510602029532.0
0.0	-3.856406933105703e+16	-2.1279617148850416e+16
0.0	8638656968568682.0	-8325404381375096.0
0.0	-1298637350302198.8	-1.4213296392927206e+16
0.0	-1318468577635040.0	-1.0616023118170844e+16
0.0	273464729117627.5	-1.3707796619279754e+16
0.0	437197545915983.4	-1.213880485844367e+16
0.0	118333120959807.38	-1.2851293840038882e+16
0.0	-103238177248031.08	-1.2570365516900804e+16
0.0	399123672703709.6	-1.2600180281727496e+16
0.0	-185073741328000.03	-1.258154817018162e+16
0.0	80573273587890.5	-1.255678962317615e+16
0.0	-50697174370682.805	-1.2571064910118004e+16
0.0	1418227422673.605	-1.2563314922100484e+16
0.0	-16634287497839.525	-1.25673213327155e+16
0.0	3939543154779.2134	-1.2562811688271082e+16
0.0	-2552428387305.4688	-1.2565421544060418e+16
0.0	2552428386850.2217	-1.2565421544051628e+16
0.0	-3939543146000.3584	-1.2562811688267952e+16
0.0	16634287484305.062	-1.2567321332723894e+16
0.0	-1418227427264.2886	-1.2563314922086066e+16
0.0	50697174366834.516	-1.2571064910117368e+16
0.0	-80573273568679.19	-1.2556789623174126e+16
0.0	185073741306688.97	-1.258154817018245e+16
0.0	-399123672719015.1	-1.2600180281746224e+16
0.0	103238177246546.16	-1.2570365516884474e+16
0.0	-118333120937180.38	-1.2851293840000338e+16
0.0	-437197545910994.25	-1.2138804858440924e+16
0.0	-273464729139551.5	-1.3707796619282726e+16
0.0	1318468577663436.5	-1.0616023118155502e+16
0.0	1298637350271455.8	-1.4213296392917034e+16
0.0	-8638656968577053.0	-8325404381326078.0
0.0	3.856406933126333e+16	-2.127961714873581e+16
0.0	-2.820161084772332e+16	-8966510602047764.0
0.0	5.011476028361398e+16	-219752766403016.0
0.0	-8.272135826105869e+16	-1.4054522261341142e+17
0.0	-1.712203836469212e+16	-311713738833.38306
0.0	1.1329962489950261e+17	234774965451.36768
0.0	-2.4900822103656227e+17	4.219907534668142e+16
0.0	2.671277583031074e+16	5230327884187086.0
0.0	4679955840456620.0	-6834096896666620.0
0.0	-1.8037637340740604e+16	6977617052741062.0
0.0	6915515760262261.0	-3690414203146378.0
0.0	-2080106617026549.5	-543409212996918.0
0.0	1183698697258653.5	-1970470140263124.0
0.0	-1113839881838612.9	-777964425344142.0
0.0	700675711735137.5	-1466861127251726.0
0.0	-323846426554411.8	-1137095790341024.0
0.0	-60941955799052.22	-1248285510146722.0
0.0	142371998349229.0	-1260880885739682.0
0.0	-119832440882660.17	-1242133517448790.0
0.0	53706398647994.484	-1264803253600278.0
0.0	-37170653142968.43	-1253091755116944.0
0.0	3392709879679.1777	-1258586451103028.0
0.0	-13803461129677.102	-1256137401397858.0
0.0	6943820205448.375	-1258903450438326.0
0.0	-4485096066800.077	-1257494099353118.0
0.0	4485096070200.584	-1257494099347638.0
0.0	-6943820199974.573	-1258903450432396.0
0.0	13803461114469.598	-1256137401410158.0
0.0	-3392709883111.847	-1258586451102382.0
0.0	37170653139883.16	-1253091755112962.0
0.0	-53706398631770.2	-1264803253601280.0
0.0	119832440862220.22	-1242133517452338.0
0.0	-142371998364924.53	-1260880885758268.0
0.0	60941955799822.88	-1248285510144306.0
0.0	323846426577095.0	-1137095790303136.0
0.0	-700675711728439.8	-1466861127248502.0
0.0	1113839881812310.5	-777964425345894.0
0.0	-1183698697225212.2	-1970470140248476.0
0.0	2080106616996324.5	-543409212986110.0
0.0	-6915515760271149.0	-3690414203109796.0
0.0	1.8037637340900204e+16	6977617052834564.0
0.0	-4679955840598592.0	-6834096896685276.0
0.0	-2.6712775830293336e+16	5230327884190410.0
0.0	2.4900822103644784e+17	4.21990753466558e+16
0.0	-1.1329962489949478e+17	234774965825.10266
0.0	4.557589464587508e+16	-60696853378.360115
0.0	-1.189783707960566e+17	-6035208238743376.0
0.0	2.160001269719575e+16	-4951494853118784.0
0.0	-4249088715778752.0	8411692206993696.0
0.0	186702165918209.0	-1386238971335071.0
0.0	1343018234404641.5	5398080004468114.0
0.0	-656255038637060.6	3876159469967924.0
0.0	823538154347175.9	4352384030825654.0
0.0	-577220169086830.2	3974398203809620.0
0.0	228661576540845.5	4243071672260376.0
0.0	-183495357765774.75	4105615427220600.0
0.0	-4215016343613.379	4142652734279870.0
0.0	-28724487835878.766	4160752752931158.0
0.0	-12576149969427.957	4139361687808588.0
0.0	6214450512539.693	4154212860231362.0
0.0	-5548723930923.414	4146834702892848.0
0.0	1298258371286.9475	4150039358279676.0
0.0	-2592648369716.5537	4148701643582160.0
0.0	2379409936224.063	4150195153329574.0
0.0	-1541386116660.6147	4149512300410450.0
0.0	1541386117579.8518	4149512300411490.0
0.0	-2379409935096.872	4150195153334458.0
0.0	2592648365827.595	4148701643586572.0
0.0	-1298258372731.0312	4150039358282372.0
0.0	5548723931306.916	4146834702893178.0
0.0	-6214450507733.763	4154212860230036.0
0.0	12576149963911.254	4139361687807872.0
0.0	28724487831921.266	4160752752929026.0
0.0	4215016343067.174	4142652734283686.0
0.0	183495357772993.3	4105615427232266.0
0.0	-228661576538505.3	4243071672260444.0
0.0	577220169079300.4	3974398203809964.0
0.0	-823538154339862.2	4352384030826911.0
0.0	656255038631258.5	3876159469970062.0
0.0	-1343018234407657.0	5398080004479452.0
0.0	-186702165882617.0	-1386238971315350.0
0.0	4249088715735708.0	8411692206987152.0
0.0	-2.1600012697195508e+16	-4951494853118814.0
0.0	1.1897837079602208e+17	-6035208238742320.0
0.0	-4.557589464586993e+16	-60696853260.2744
0.0	-3157749279512482.0	-4916313580.690653
0.0	1456975849241720.0	-6117023108645512.0
0.0	4743470982054279.0	3665701830704948.0
0.0	-3573298040695083.0	-6919669876242214.0
0.0	4769141404666229.0	-693185043284803.5
0.0	-1090198122582416.6	-4674788444114580.0
0.0	219013690764320.75	-4006597285087056.0
0.0	102231497194823.5	-4083245743667370.0
0.0	-7877034316497.1875	-4040066400958042.0
0.0	-63802577414030.02	-4118105938771104.0
0.0	-14037100717777.906	-4071470186512045.0
0.0	14242204232367.027	-4077421384977326.0
0.0	-54935008142685.78	-4092846664013796.0
0.0	25643727162455.574	-4075867024020638.0
0.0	-11174775626223.043	-4084817994644585.0
0.0	7030320239454.602	-4080524500234646.0
0.0	-200637237749.0973	-4082285888835328.0
0.0	2309788173037.6826	-4081604819186535.0
0.0	-560093172865.6532	-4082353898236856.0
0.0	359770481169.0091	-4082053782146215.0
0.0	-359770482159.74414	-4082053782145150.0
0.0	560093172169.4719	-4082353898237510.0
0.0	-2309788170776.623	-4081604819184906.0
0.0	200637236818.6717	-4082285888834116.0
0.0	-7030320238019.035	-4080524500234003.0
0.0	11174775624223.025	-4084817994644590.0
0.0	-25643727159777.71	-4075867024019900.0
0.0	54935008144910.52	-4092846664011764.0
0.0	-14242204233635.635	-4077421384976422.0
0.0	14037100715581.734	-4071470186516375.0
0.0	63802577413726.21	-4118105938770546.0
0.0	7877034319877.5	-4040066400957928.0
0.0	-102231497200043.62	-4083245743668735.0
0.0	-219013690758399.56	-4006597285088460.0
0.0	1090198122582789.9	-4674788444119373.0
0.0	-4769141404685835.0	-693185043295978.5
0.0	3573298040705909.0	-6919669876240103.0
0.0	-4743470982057443.0	3665701830704319.0
0.0	-1456975849228076.0	-6117023108646256.0
0.0	3157749279513353.0	-4916313592.523102
0.0	-1.2179020560585452e+16	26241675962.58922
0.0	2.9274348331613144e+16	8185584013814294.0
0.0	-2031360027670643.0	-2369676942030235.0
0.0	-1311295988864665.5	4836883020548281.0
0.0	3077007442127331.0	1186268577315024.5
0.0	-1061052184187011.8	3365039915420379.0
0.0	319728745630672.1	3113588273724516.0
0.0	-150591055022076.0	3052263303369084.5
0.0	143981624004834.7	3119557383628787.5
0.0	-100852402382118.92	3121856083887176.0
0.0	37041657088743.04	3113553203480426.0
0.0	10620723323028.31	3108788382432597.0
0.0	-29664221490654.203	3119633007972926.5
0.0	20414447077297.44	3108091699425872.5
0.0	-9079728868088.973	3113091948689630.0
0.0	6128356673049.681	3110755955132434.5
0.0	-460942986631.46747	3111649239333450.0
0.0	2209559336481.7466	3111327645629490.5
0.0	-977833644254.4609	3111676284034139.5
0.0	631263136007.2576	3111562764395900.0
0.0	-631263136496.8999	3111562764396241.0
0.0	977833642076.3767	3111676284034494.0
0.0	-2209559333845.7744	3111327645630505.0
0.0	460942986604.604	3111649239333095.0
0.0	-6128356672012.487	3110755955130940.0
0.0	9079728866040.355	3113091948690101.0
0.0	-20414447074035.78	3108091699426507.0
0.0	29664221492477.117	3119633007975365.5
0.0	-10620723324063.068	3108788382431496.0
0.0	-37041657090749.86	3113553203473962.5
0.0	100852402381149.84	3121856083886973.0
0.0	-143981624000486.44	3119557383628428.0
0.0	150591055016180.12	3052263303367744.0
0.0	-319728745625156.9	3113588273722881.5
0.0	1061052184188308.0	3365039915413956.0
0.0	-3077007442148365.0	1186268577303151.5
0.0	1311295988881826.0	4836883020550949.0
0.0	2031360027668407.5	-2369676942031027.0
0.0	-2.927434833159635e+16	8185584013814570.0
0.0	1.2179020560584928e+16	26241675938.10143
0.0	-6979011188488964.0	-27425290244.431385
0.0	1.8060763704165344e+16	-6769461684586054.0
0.0	-2067326103136937.8	1384267939602321.0
0.0	-227593439643717.75	-3061860737431234.0
0.0	1146529044846021.0	-1065757504038365.8
0.0	-493199130077510.56	-2177020946243850.5
0.0	168765826345929.7	-2110839903034499.5
0.0	-115681700712487.94	-2023184007692575.0
0.0	94110800831207.9	-2107076570422605.5
0.0	-53819047173084.34	-2086217021649689.5
0.0	26122057706478.918	-2091378614344352.0
0.0	4387265158413.244	-2084559353577687.5
0.0	-9690507731511.324	-2091448446291796.0
0.0	8730211019756.317	-2084338133083640.0
0.0	-3921564123669.3813	-2086974778161999.8
0.0	2734969953342.03	-2085783100058335.2
0.0	-263075850029.79016	-2086209331260550.5
0.0	1024267013144.7783	-2086077766134328.5
0.0	-530981880976.3169	-2086219780271379.5
0.0	343705760981.7553	-2086188460246755.8
0.0	-343705761114.39624	-2086188460247553.0
0.0	530981879348.17346	-2086219780271358.0
0.0	-1024267011458.471	-2086077766132504.2
0.0	263075850314.60114	-2086209331260340.2
0.0	-2734969952794.6777	-2085783100058347.5
0.0	3921564122897.5	-2086974778161656.0
0.0	-8730211018102.075	-2084338133083586.0
0.0	9690507732057.84	-2091448446289371.0
0.0	-4387265158858.6045	-2084559353576778.0
0.0	-26122057707109.98	-2091378614346985.0
0.0	53819047172406.484	-2086217021649977.0
0.0	-94110800828977.92	-2107076570422766.5
0.0	115681700709535.53	-2023184007693943.0
0.0	-168765826343020.5	-2110839903035113.5
0.0	493199130078006.4	-2177020946246728.2
0.0	-1146529044856082.2	-1065757504044365.2
0.0	227593439652690.25	-3061860737428742.0
0.0	2067326103135932.2	1384267939602156.2
0.0	-1.8060763704156972e+16	-6769461684586437.0
0.0	6979011188488458.0	-27425290277.485466
0.0	-2437259861941665.0	4553258390.148357
0.0	6516452264772662.0	4677278755579266.0
0.0	-890304747616571.5	-735526228889349.8
0.0	13777342814910.188	1798014675970616.8
0.0	293066060368053.1	780473474696873.0
0.0	-152806523426196.75	1302553130172695.2
0.0	56749837009707.97	1307533938448193.2
0.0	-45854873676059.86	1233107796374111.8
0.0	35056342668675.48	1301621254278108.8
0.0	-18160147810650.914	1278935935378429.0
0.0	10001169877967.062	1286848238408471.5
0.0	1242836289205.6665	1281113120631934.0
0.0	-2130845437237.4463	1285106493719700.5
0.0	2543490640088.4014	1281055219501076.5
0.0	-1154000253804.445	1282326275233256.2
0.0	824947993024.6938	1281769198757398.5
0.0	-92034213343.90376	1281951677441181.0
0.0	316040970488.8506	1281904914813115.5
0.0	-181198825217.17035	1281951628268625.0
0.0	117338822401.2281	1281953190007228.0
0.0	-117338822583.06805	1281953190006860.0
0.0	181198824838.33777	1281951628268775.8
0.0	-316040969755.0723	1281904914813467.2
0.0	92034212959.48383	1281951677441340.8
0.0	-824947992769.7507	1281769198757235.0
0.0	1154000253660.4338	1282326275233216.2
0.0	-2543490639544.8906	1281055219501160.8
0.0	2130845437536.8076	1285106493720217.5
0.0	-1242836289529.6267	1281113120632244.2
0.0	-10001169878209.803	1286848238407945.8
0.0	18160147810461.9	1278935935378159.0
0.0	-35056342667947.074	1301621254277926.2
0.0	45854873674919.5	1233107796373988.2
0.0	-56749837008571.914	1307533938447828.0
0.0	152806523426313.03	1302553130171254.0
0.0	-293066060371242.25	780473474695143.8
0.0	-13777342811644.312	1798014675971074.5
0.0	890304747616593.6	-735526228889427.2
0.0	-6516452264769012.0	4677278755578935.0
0.0	2437259861941412.0	4553258375.6150055
0.0	-611606688227232.5	-5502314887.080799
0.0	1641448727368494.0	-2903281614891321.5
0.0	-251260429514718.38	351124061088399.75
0.0	19158121271709.305	-988173387870446.1
0.0	55103714060656.72	-509695334581606.06
0.0	-34436483261586.234	-728751780198767.0
0.0	13618623337284.008	-753871862376225.2
0.0	-12209103194243.357	-701546291708021.6
0.0	8972655956198.809	-748844416504980.4
0.0	-4355361029535.933	-731143325539411.2
0.0	2595670292782.4517	-737945601648133.5
0.0	255238587922.07104	-733902123867303.5
0.0	-318365688647.72046	-736093119764916.5
0.0	542044645785.12384	-733926016371184.5
0.0	-246226995131.35138	-734493107068835.8
0.0	181589602297.73145	-734259239012145.5
0.0	-22148090151.420403	-734323143782395.9
0.0	70706481394.43906	-734313599021576.1
0.0	-43903114672.54886	-734321352870156.8
0.0	28197737554.215057	-734331686879204.4
0.0	-28197737729.81575	-734331686879094.5
0.0	43903114728.48459	-734321352870254.8
0.0	-70706481089.186	-734313599021712.1
0.0	22148089761.886192	-734323143782371.5
0.0	-181589602199.45078	-734259239012149.5
0.0	246226995209.28107	-734493107068697.6
0.0	-542044645681.19604	-733926016371094.6
0.0	318365688743.7449	-736093119764793.1
0.0	-255238588054.229	-733902123867302.2
0.0	-2595670292771.464	-737945601648277.5
0.0	4355361029485.7783	-731143325539533.5
0.0	-8972655955995.354	-748844416505028.4
0.0	12209103193857.607	-701546291707894.6
0.0	-13618623336878.143	-753871862376237.0
0.0	34436483261586.34	-728751780199077.8
0.0	-55103714061417.47	-509695334582094.0
0.0	-19158121270715.312	-988173387870257.0
0.0	251260429514889.56	351124061088408.75
0.0	-1641448727367038.5	-2903281614890774.5
0.0	611606688227125.8	-5502314889.851063
0.0	-117240625555081.38	1326477859.0771933
0.0	304290563110803.94	1662509343253147.8
0.0	-50008703349249.53	-143557919436087.06
0.0	5299010446722.891	507723791264239.1
0.0	8542217671897.826	306433137867720.1
0.0	-5957910806693.283	381513844486962.75
0.0	2457224908441.035	406528576007295.75
0.0	-2372121905524.394	373444984997066.25
0.0	1683793052589.721	402956149088718.75
0.0	-776595652596.7405	391033206470322.5
0.0	487876373230.7234	395847410169418.6
0.0	39851493846.896126	393305358630183.1
0.0	-30073445322.642395	394413431238832.1
0.0	86770465377.70824	393338696518923.4
0.0	-39764771890.15529	393554723993644.44
0.0	30014258450.699875	393473686481885.56
0.0	-4011875495.955038	393487909046197.06
0.0	11972824200.210928	393491678469595.75
0.0	-7805897152.760211	393485732383533.5
0.0	5025235715.187311	393496239806468.6
0.0	-5025235817.096411	393496239806491.6
0.0	7805897235.436035	393485732383628.75
0.0	-11972824091.204632	393491678469529.7
0.0	4011875296.2626967	393487909046192.5
0.0	-30014258403.794083	393473686481906.75
0.0	39764771958.134964	393554723993639.5
0.0	-86770465356.10779	393338696518949.94
0.0	30073445330.364014	394413431238773.1
0.0	-39851493872.63458	393305358630036.1
0.0	-487876373210.354	395847410169367.06
0.0	776595652578.2389	391033206470348.1
0.0	-1683793052552.724	402956149088623.3
0.0	2372121905442.351	373444984997110.9
0.0	-2457224908356.8516	406528576007226.56
0.0	5957910806699.112	381513844486779.5
0.0	-8542217672021.219	306433137867799.7
0.0	-5299010446548.468	507723791264266.4
0.0	50008703349302.89	-143557919436082.3
0.0	-304290563110423.0	1662509343253004.8
0.0	117240625555045.69	1326477858.7518682
0.0	-16882434341433.152	-379102815.239146
0.0	40679417594260.695	-885094107139205.5
0.0	-6369431005647.311	42929023651372.89
0.0	635934208241.9662	-241090569506757.62
0.0	1458386879597.3828	-171307348677363.97
0.0	-852062115978.4303	-185084048655367.5
0.0	352242137908.9926	-203961244280006.75
0.0	-358587620115.62134	-184647887408216.62
0.0	239317032715.11108	-201672557386394.06
0.0	-104311664602.91095	-194385269894762.56
0.0	68349727427.45977	-197435379060307.5
0.0	4665734554.171417	-195957621797853.72
0.0	-1151780624.5490646	-196478303345376.5
0.0	10591854564.538204	-195986814159657.75
0.0	-4990253168.982572	-196047948330258.72
0.0	3724171558.734227	-196032248145049.94
0.0	-576978764.002653	-196027957708798.28
0.0	1517144167.9998982	-196035045606764.34
0.0	-1064143491.9925381	-196026570883817.12
0.0	675511026.9473011	-196034454493225.6
0.0	-675511092.1089392	-196034454493168.25
0.0	1064143538.7434775	-196026570883784.3
0.0	-1517144100.8605015	-196035045606866.2
0.0	576978651.623632	-196027957708784.5
0.0	-3724171549.2334266	-196032248144988.9
0.0	4990253229.358444	-196047948330226.5
0.0	-10591854571.634695	-195986814159683.7
0.0	1151780627.4283485	-196478303345348.22
0.0	-4665734554.396267	-195957621797935.75
0.0	-68349727417.21848	-197435379060325.75
0.0	104311664601.7944	-194385269894800.84
0.0	-239317032702.7189	-201672557386422.6
0.0	358587620088.7771	-184647887408226.0
0.0	-352242137918.4673	-203961244279977.75
0.0	852062115993.089	-185084048655309.2
0.0	-1458386879602.6882	-171307348677415.62
0.0	-635934208223.1038	-241090569506851.38
0.0	6369431005663.953	42929023651370.92
0.0	-40679417594191.36	-885094107139118.8
0.0	16882434341422.617	-379102815.3333726
0.0	-1284564370490.522	-98507167.2910294
0.0	2979768493776.2075	437635663888038.1
0.0	-90540404014.81198	-227966453337.27344
0.0	-65904008623.28705	102932091522728.5
0.0	328288869612.6519	89361293628417.97
0.0	-114766134953.24747	81373640327806.88
0.0	44180601044.69734	93898957826385.77
0.0	-45049190935.594925	83348687099348.83
0.0	26037606352.327316	92531244531856.28
0.0	-10455114387.687675	88388829938151.28
0.0	7185898455.215431	90172884784706.17
0.0	417749598.801517	89367260413507.02
0.0	118714376.11025858	89589051732146.66
0.0	1024370708.1334828	89390721191954.61
0.0	-468890923.55639076	89389941590526.06
0.0	366488538.0187912	89397217019668.5
0.0	-55250803.97621935	89388842458180.33
0.0	151523924.09837073	89394921868841.2
0.0	-109660599.74092585	89387803767131.52
0.0	70482102.21672378	89392941567488.64
0.0	-70482128.93134649	89392941567517.0
0.0	109660612.72179501	89387803767169.72
0.0	-151523878.9711616	89394921868837.14
0.0	55250740.50012578	89388842458184.53
0.0	-366488535.7420312	89397217019722.39
0.0	468890953.26722914	89389941590535.19
0.0	-1024370712.5952362	89390721191969.11
0.0	-118714373.1266942	89589051732123.97
0.0	-417749598.8683052	89367260413494.56
0.0	-7185898453.559862	90172884784719.56
0.0	10455114385.520048	88388829938137.97
0.0	-26037606347.80252	92531244531820.16
0.0	45049190926.21033	83348687099370.66
0.0	-44180601045.65108	93898957826385.12
0.0	114766134957.8067	81373640327755.62
0.0	-328288869608.4505	89361293628466.28
0.0	65904008634.89737	102932091522706.34
0.0	90540404035.27399	-227966453344.96094
0.0	-2979768493747.133	437635663888015.56
0.0	1284564370488.1616	-98507167.29875441
0.0	202090248166.60617	-33164842.166001853
0.0	-230670685249.68097	-196894415307878.97
0.0	179505249447.53308	-13208108898641.766
0.0	-44696129204.38196	-36115994923146.26
0.0	65486337683.68468	-42591619314093.56
0.0	-14645850221.488487	-30076038372873.438
0.0	4929942997.560683	-37643639784702.27
0.0	-4627064259.442997	-32295113238020.26
0.0	1711919367.3989887	-36895415744690.164
0.0	-633069383.4704602	-34699574354073.863
0.0	488968976.6651406	-35667746960678.664
0.0	25760025.13941282	-35261413458133.625
0.0	15000292.29026708	-35340219728760.87
0.0	74674335.3135216	-35278638001731.836
0.0	-35440969.173126265	-35260347192178.53
0.0	26847133.874546558	-35272420235008.3
0.0	-4476933.196679971	-35265087896015.02
0.0	11534461.608671322	-35269424625703.86
0.0	-8842127.667660465	-35264437233120.57
0.0	5519973.140104778	-35267564262405.53
0.0	-5519981.365992915	-35267564262412.82
0.0	8842126.299786907	-35264437233109.375
0.0	-11534437.05603566	-35269424625672.6
0.0	4476901.773218791	-35265087896024.125
0.0	-26847129.9576832	-35272420234993.29
0.0	35440979.43797436	-35260347192180.08
0.0	-74674335.51574004	-35278638001737.05
0.0	-15000287.500220269	-35340219728753.586
0.0	-25760029.484043434	-35261413458141.445
0.0	-488968976.6019509	-35667746960690.766
0.0	633069385.824868	-34699574354082.273
0.0	-1711919366.6049647	-36895415744691.11
0.0	4627064255.659137	-32295113238026.434
0.0	-4929942996.879905	-37643639784692.586
0.0	14645850221.88256	-30076038372860.336
0.0	-65486337681.150276	-42591619314106.06
0.0	44696129209.28967	-36115994923160.69
0.0	-179505249434.80557	-13208108898640.477
0.0	230670685246.47812	-196894415307880.56
0.0	-202090248166.81592	-33164842.1649001
0.0	87804771465.3692	-53514533.46599042
0.0	-73593289737.12244	77876360857397.4
0.0	27908721242.812965	14495185447007.928
0.0	-5913054918.103153	7430867718206.68
0.0	2900478690.1598854	18305042486796.016
0.0	-500067926.9749477	7432414852287.924
0.0	127978807.9084109	11696469269366.176
0.0	-20510749.26744449	9174022838470.426
0.0	-231984794.32848173	11306016730815.133
0.0	50165171.38160023	10220309257716.895
0.0	-6386289.482971385	10713607210091.178
0.0	4149938.6509149885	10521061379150.586
0.0	-817537.4769480489	10538955184890.691
0.0	5402279.980219774	10530982220800.357
0.0	-1707037.5160353687	10512130575708.564
0.0	2212591.874267812	10522984725484.494
0.0	114531.64483546407	10517488802377.568
0.0	905719.833104626	10520228314122.291
0.0	-494077.08827467513	10517079279057.52
0.0	357980.34523504507	10518809523756.09
0.0	-357984.5252566129	10518809523755.525
0.0	494080.736687588	10517079279068.67
0.0	-905713.2716678667	10520228314122.549
0.0	-114543.97608122748	10517488802381.672
0.0	-2212586.2325297273	10522984725496.562
0.0	1707038.0805706633	10512130575711.445
0.0	-5402281.091999759	10530982220802.715
0.0	817542.1951872855	10538955184892.105
0.0	-4149943.081838242	10521061379150.557
0.0	6386289.697892062	10713607210085.863
0.0	-50165171.881075226	10220309257717.031
0.0	231984794.62968963	11306016730812.018
0.0	20510744.913915634	9174022838475.379
0.0	-127978806.27731693	11696469269367.543
0.0	500067928.17714167	7432414852280.193
0.0	-2900478687.6115875	18305042486804.08
0.0	5913054924.636019	7430867718207.008
0.0	-27908721230.881214	14495185447009.7
0.0	73593289736.77197	77876360857387.28
0.0	-87804771465.41202	-53514533.46529307
0.0	6910417212.56988	-58303202.80293964
0.0	22352542419.15669	-22736688988150.934
0.0	-10690054191.80976	-11195858169024.867
0.0	2182161978.2884817	3440258598174.953
0.0	-4520729101.0264435	-6084065329423.436
0.0	836236908.6238062	1651909187131.1543
0.0	-279469230.13186705	-552984033899.2363
0.0	308466997.25107545	489125868332.4219
0.0	-194864197.426049	-369903734696.1094
0.0	45800793.88448172	114952110143.38086
0.0	-22703215.06825275	-117040534592.67773
0.0	2043744.3024313706	-36525941250.57617
0.0	-2837122.699674684	-29856321537.66992
0.0	752799.911377825	-40492730456.9668
0.0	531403.055950255	-25828980872.10547
0.0	455842.5286012159	-33792658415.660156
0.0	425868.8635038327	-30310726161.820312
0.0	138669.23227325123	-31903415039.210938
0.0	105846.9204913464	-30117120814.89258
0.0	-19037.61778640689	-30996437519.49414
0.0	19036.495661169505	-30996437517.976562
0.0	-105845.50882701785	-30117120809.371094
0.0	-138667.9609008499	-31903415042.501953
0.0	-425871.6929598819	-30310726159.68164
0.0	-455837.25819134834	-33792658411.04492
0.0	-531406.9171487562	-25828980868.23633
0.0	-752800.9109531291	-40492730457.708984
0.0	2837127.372125977	-29856321539.748047
0.0	-2043747.5014213985	-36525941250.38672
0.0	22703214.926235814	-117040534593.93164
0.0	-45800794.77113968	114952110144.41016
0.0	194864197.4315763	-369903734692.66406
0.0	-308467001.32865095	489125868331.9746
0.0	279469231.0230987	-552984033897.2656
0.0	-836236906.4577861	1651909187132.5
0.0	4520729104.582678	-6084065329425.17
0.0	-2182161975.062025	3440258598170.711
0.0	10690054200.704172	-11195858169024.426
0.0	-22352542427.48846	-22736688988147.406
0.0	-6910417212.773327	-58303202.80305982
0.0	-2688293764.24813	-56916158.521144055
0.0	17646969107.766373	1676475386703.5352
0.0	-7665001020.137569	7706823931317.856
0.0	1378649525.5488746	-5680096612578.193
0.0	-2365543778.9920096	1175288779861.2793
0.0	486520936.0097368	-3761948692894.6025
0.0	-176775201.40861076	-2677763172364.2324
0.0	196309987.44625738	-3045906753599.832
0.0	-102506708.07832322	-2747777282225.2373
0.0	29499538.206140015	-2951681561301.16
0.0	-16666845.458970342	-2850674838957.1943
0.0	1610767.92377789	-2878653961112.9297
0.0	-2579038.011594876	-2890984299538.961
0.0	398189.3031488478	-2877623618262.507
0.0	773576.2697794047	-2887077237910.048
0.0	317295.2202207788	-2882167070263.3574
0.0	481620.6452639056	-2884150338455.589
0.0	75430.42241917859	-2883271012686.884
0.0	162276.46828359825	-2884227317287.494
0.0	-50225.40968631512	-2883809948839.371
0.0	50226.77420914077	-2883809948838.0957
0.0	-162277.55315793163	-2884227317288.8906
0.0	-75431.60901382184	-2883271012687.955
0.0	-481619.1227459664	-2884150338454.6562
0.0	-317291.85608320194	-2882167070261.4453
0.0	-773580.3026595071	-2887077237909.578
0.0	-398189.1934503305	-2877623618264.743
0.0	2579040.766606739	-2890984299540.5615
0.0	-1610771.3630606274	-2878653961114.873
0.0	16666845.869023718	-2850674838958.539
0.0	-29499537.859604392	-2951681561301.42
0.0	102506707.41720578	-2747777282223.658
0.0	-196309989.8471861	-3045906753598.673
0.0	176775204.44025284	-2677763172364.842
0.0	-486520936.0747669	-3761948692895.295
0.0	2365543779.393552	1175288779862.3584
0.0	-1378649522.1107683	-5680096612576.553
0.0	7665001021.668173	7706823931318.697
0.0	-17646969102.6722	1676475386702.543
0.0	2688293764.007163	-56916158.52090468
0.0	326076241.2229698	-57320811.16784518
0.0	11499295518.863617	5603524155462.061
0.0	-3457920221.881836	-4367283203244.175
0.0	946955443.4541575	5167297784633.242
0.0	-1134712306.0294673	931701718969.0327
0.0	168438467.88749146	3716396700872.1875
0.0	-29841808.751891326	3264408529486.672
0.0	5577384.923652291	3315178158301.2676
0.0	1142946.673654005	3281170082030.295
0.0	1667434.6505817818	3337575096836.701
0.0	4982282.729084994	3305905915470.198
0.0	196132.17910868698	3311870250667.054
0.0	4165378.1010832693	3322262886148.8115
0.0	-446417.3019171314	3311522794365.752
0.0	919362.2655934031	3316982133694.4834
0.0	329107.6757984674	3314391159076.254
0.0	384214.8520950995	3315494778803.377
0.0	135481.00611603202	3315048619481.218
0.0	34537.01239796997	3315525677539.873
0.0	47894.47714740984	3315350825393.7363
0.0	-47893.172700434894	3315350825392.553
0.0	-34538.36779071488	3315525677540.4033
0.0	-135482.05835711866	3315048619480.959
0.0	-384212.659946224	3315494778804.0703
0.0	-329105.4179565115	3314391159073.126
0.0	-919365.4939761641	3316982133693.217
0.0	446417.2794689571	3311522794364.575
0.0	-4165376.0216797986	3322262886147.8247
0.0	-196134.48420399567	3311870250666.6533
0.0	-4982282.499897326	3305905915470.8066
0.0	-1667434.6464214837	3337575096836.525
0.0	-1142946.8731484804	3281170082031.1367
0.0	-5577386.941637062	3315178158302.499
0.0	29841810.79638301	3264408529487.9004
0.0	-168438468.08957016	3716396700869.351
0.0	1134712306.4222581	931701718969.6641
0.0	-946955440.6649295	5167297784631.597
0.0	3457920222.793263	-4367283203244.5225
0.0	-11499295514.817884	5603524155463.488
0.0	-326076241.397974	-57320811.168072455
0.0	-319287536.74138737	-51765892.67142067
0.0	1494414515.6390424	-5868616938420.685
0.0	-757009307.4631197	2599067775592.727
0.0	325996194.9976406	-3813627772179.2324
0.0	-144292218.62771147	-1223126252565.9932
0.0	-918821.3504436314	-2811027050806.257
0.0	12412164.911751967	-2631354982918.8887
0.0	-12451040.470614366	-2592762216549.1514
0.0	10376139.413649203	-2622229695936.201
0.0	-3353084.512548031	-2627586779815.725
0.0	4107415.92464019	-2618967425338.9795
0.0	909237.4206464731	-2618514775763.2705
0.0	671708.178595041	-2626105914141.2593
0.0	884855.7763977239	-2618716339181.2866
0.0	386312.5690332198	-2622030169487.4717
0.0	587910.5025391779	-2620522406811.244
0.0	371353.0729575717	-2621148017263.8447
0.0	215660.98454440414	-2620894240608.2812
0.0	71458.73048031285	-2621109105775.3535
0.0	18165.261978512048	-2621044939821.6685
0.0	-18164.5037595026	-2621044939822.7715
0.0	-71459.51699299164	-2621109105775.595
0.0	-215661.6947790791	-2620894240608.4927
0.0	-371351.9098427597	-2621148017263.5596
0.0	-587909.2838693564	-2620522406813.9844
0.0	-386314.25607079326	-2622030169488.7373
0.0	-884855.7145326172	-2618716339181.3726
0.0	-671707.1243888844	-2626105914142.1606
0.0	-909238.630494315	-2618514775764.498
0.0	-4107415.739421122	-2618967425339.584
0.0	3353084.6323112412	-2627586779816.0615
0.0	-10376139.559235422	-2622229695935.9263
0.0	12451039.4047667	-2592762216548.287
0.0	-12412163.897742292	-2631354982917.726
0.0	918821.3405277543	-2811027050805.116
0.0	144292218.831713	-1223126252566.7046
0.0	-325996193.54144496	-3813627772180.631
0.0	757009308.2460483	2599067775592.7397
0.0	-1494414513.6565843	-5868616938417.962
0.0	319287536.6407404	-51765892.67135524
0.0	-1311401599.963809	-51099781.21643645
0.0	1393332132.4837446	5020501006257.6
0.0	594833190.0195255	-1109377548852.603
0.0	133199852.75058776	2533462625662.874
0.0	380663832.3706742	1172552417656.5996
0.0	-118102132.2063297	1925975480078.449
0.0	60241811.07319628	1890334928066.1006
0.0	-34092626.93871569	1831481680129.355
0.0	33838771.22287731	1882208585156.382
0.0	-10603412.726453146	1868540471732.544
0.0	9090171.707893452	1873863485866.4187
0.0	1908364.8530318944	1869761834097.1191
0.0	-916747.6346877697	1874800148484.917
0.0	2177680.31720621	1870290727751.2473
0.0	-250536.8618481455	1871942704256.1191
0.0	929206.2056529415	1871196441479.52
0.0	262283.80860258825	1871500019025.8687
0.0	336377.532464472	1871380225627.6023
0.0	31657.1797860768	1871459297694.9473
0.0	50551.26773237903	1871447026068.3818
0.0	-50551.01989156982	1871447026068.1812
0.0	-31657.373335343906	1871459297694.866
0.0	-336377.7404409298	1871380225627.748
0.0	-262283.77205116395	1871500019026.4473
0.0	-929205.6099343733	1871196441478.08
0.0	250536.2487330772	1871942704255.6396
0.0	-2177680.252096874	1870290727751.1924
0.0	916748.2521919906	1874800148483.7812
0.0	-1908365.6618859472	1869761834096.766
0.0	-9090171.516001739	1873863485866.2944
0.0	10603413.009503098	1868540471732.583
0.0	-33838771.384631805	1882208585156.4941
0.0	34092626.34644136	1831481680129.8076
0.0	-60241810.17866663	1890334928066.9268
0.0	118102131.96918333	1925975480077.722
0.0	-380663832.537197	1172552417657.4045
0.0	-133199851.80302644	2533462625662.38
0.0	-594833190.6192546	-1109377548852.9304
0.0	-1393332129.8312178	5020501006259.564
0.0	1311401599.9063835	-51099781.216591105
0.0	443149556.6624943	-153106218.67822617
0.0	8034911932.768855	-2452986758169.5034
0.0	152735031.9014566	658587235694.4227
0.0	63382226.10783231	-1059540668115.1334
0.0	543979150.9611787	-456346759562.0515
0.0	-222587539.41180706	-815480000854.4388
0.0	73381558.50346406	-786586130120.4188
0.0	-62189894.60025388	-756591720582.4426
0.0	43310471.73192276	-778127034893.4863
0.0	-13362003.769151654	-770756009002.3677
0.0	13288966.269333024	-773838323737.3229
0.0	3928956.6621721024	-771361102506.0222
0.0	-1693909.8623598302	-774190471003.9768
0.0	3286713.9813655424	-772112003292.1068
0.0	-724628.1522124826	-772868580342.4292
0.0	1327575.3928251758	-772525308852.6702
0.0	203047.74555014045	-772660487571.9922
0.0	488500.65729336336	-772611838257.7949
0.0	3515.862321325476	-772642087502.7908
0.0	106418.7219768916	-772635806272.2595
0.0	-106418.80993605727	-772635806272.5027
0.0	-3515.7345995731303	-772642087502.8491
0.0	-488500.6097395017	-772611838257.5283
0.0	-203048.0684379111	-772660487571.7043
0.0	-1327575.2821482285	-772525308852.6929
0.0	724628.1991028327	-772868580342.467
0.0	-3286713.9499424794	-772112003292.1149
0.0	1693909.9057728918	-774190471004.0325
0.0	-3928956.8258191547	-771361102505.8733
0.0	-13288966.190893799	-773838323737.1345
0.0	13362003.810062926	-770756009002.3108
0.0	-43310471.78300082	-778127034893.2051
0.0	62189894.49064391	-756591720582.46
0.0	-73381558.27717233	-786586130120.0305
0.0	222587539.30105656	-815480000854.6614
0.0	-543979151.059628	-456346759561.94055
0.0	-63382225.84461057	-1059540668114.9518
0.0	-152735031.65867043	658587235694.2971
0.0	-8034911932.115881	-2452986758169.0205
0.0	-443149556.6992365	-153106218.67782187
0.0	3977287754.8937235	-172906419.33525765
0.0	-6790880853.334843	2335540232966.16
0.0	3368206062.5453773	-42555605440.565125
0.0	-221846618.0295547	939571991283.9822
0.0	399601738.04715353	654437153983.5503
0.0	20460830.962923795	831427715443.4624
0.0	-85474565.55176774	859161966616.6975
0.0	74430803.88925664	807028633466.624
0.0	-41681051.45560354	840673704419.8036
0.0	19957841.40151943	825897043035.4269
0.0	-12248787.09113044	832760211908.6926
0.0	3466544.369060798	828962834265.4471
0.0	-3044549.9514231486	830950501093.4465
0.0	259820.2075923048	829561326296.749
0.0	1054766.474509492	829851751175.7812
0.0	267388.77558185696	829745035118.6622
0.0	649386.8164971153	829768362939.5751
0.0	86528.95359921249	829771044520.6667
0.0	254228.17901054176	829766815237.6118
0.0	-58071.34594914042	829774209713.6819
0.0	58071.22556681586	829774209713.7142
0.0	-254228.01237557814	829766815237.5515
0.0	-86528.8590059074	829771044520.7388
0.0	-649387.1015908152	829768362939.6411
0.0	-267388.71498100925	829745035118.5681
0.0	-1054766.4144810657	829851751175.5625
0.0	-259820.1730662689	829561326296.6235
0.0	3044550.0344935395	830950501093.3292
0.0	-3466544.459964748	828962834265.4254
0.0	12248787.124175366	832760211908.7491
0.0	-19957841.374364827	825897043035.4729
0.0	41681051.44655897	840673704419.8088
0.0	-74430803.9933322	807028633466.7981
0.0	85474565.65937194	859161966616.8923
0.0	-20460830.98506107	831427715443.2227
0.0	-399601738.0661501	654437153983.8335
0.0	221846618.17083442	939571991283.935
0.0	-3368206062.4761577	-42555605440.61737
0.0	6790880853.729088	2335540232965.785
0.0	-3977287754.915101	-172906419.33535537
0.0	5743734268.436291	-165097470.70377734
0.0	-4011276487.483202	-310584088277.9822
0.0	282190261.74393064	303608061836.29
0.0	92113047.85015395	-63017900456.2905
0.0	-64633642.86116062	112408981526.97148
0.0	38255596.231173754	11254901198.325714
0.0	-11796463.606980465	30630749448.13588
0.0	11905671.674933124	24067771155.621353
0.0	-2182842.0340591003	26711706774.534393
0.0	4587408.963217627	25380834831.205887
0.0	1251823.1815538364	25743959121.28987
0.0	1057210.1654166242	26019344075.561935
0.0	1662589.5588732339	25540950427.25525
0.0	489170.5911483391	25968694475.318085
0.0	1052391.5805400838	25744219159.595505
0.0	571418.547691371	25857022756.15143
0.0	581994.1176862465	25808106228.47072
0.0	249197.73730957278	25827935559.765793
0.0	161809.69855457675	25815571194.770325
0.0	29463.506625349713	25819141414.139053
0.0	-29463.489909206033	25819141414.14821
0.0	-161809.71383964908	25815571194.772766
0.0	-249197.7539794214	25827935559.75145
0.0	-581994.0821940708	25808106228.522064
0.0	-571418.5582172605	25857022756.241547
0.0	-1052391.5841868648	25744219159.63983
0.0	-489170.5899448362	25968694475.307053
0.0	-1662589.5765468103	25540950427.303467
0.0	-1057210.1525955393	26019344075.588745
0.0	-1251823.1777561812	25743959121.323227
0.0	-4587408.963709622	25380834831.203552
0.0	2182842.033442264	26711706774.499817
0.0	-11905671.659846615	24067771155.631073
0.0	11796463.596483128	30630749448.102936
0.0	-38255596.23059623	11254901198.36258
0.0	64633642.856638074	112408981526.97685
0.0	-92113047.86773534	-63017900456.30847
0.0	-282190261.73818666	303608061836.3123
0.0	4011276487.4312987	-310584088277.9287
0.0	-5743734268.445107	-165097470.70363998
0.0	4433559047.420547	-411965976.7509927
0.0	-9266862350.74493	601928186965.4011
0.0	-5452784690.465902	285442971276.95197
0.0	-201181339.1626202	594415352199.0068
0.0	48748873.9058162	544941503431.4755
0.0	-194346414.28823465	547206071650.7604
0.0	137142856.12405407	576981054972.0653
0.0	-106025089.44063775	551245907498.2622
0.0	65692148.32595749	570149538257.6296
0.0	-25222996.86975047	561509087578.902
0.0	16935472.80968397	565374747591.5781
0.0	-335452.0749992803	563542438368.6484
0.0	1877522.163565789	564267557957.3268
0.0	1921666.7202002704	563804699420.1047
0.0	-249200.05098725064	563893303201.083
0.0	1124042.716202107	563871055474.8047
0.0	143948.39709851454	563868737066.2927
0.0	449960.586443786	563875470342.464
0.0	-72054.16613314948	563867953293.2483
0.0	127508.14250133086	563873709217.612
0.0	-127508.16641876198	563873709217.5753
0.0	72054.21467495835	563867953293.3097
0.0	-449960.5556829647	563875470342.3931
0.0	-143948.46756824915	563868737066.3469
0.0	-1124042.7364016932	563871055474.8239
0.0	249200.09701915458	563893303201.0823
0.0	-1921666.722476353	563804699420.1631
0.0	-1877522.1720329858	564267557957.261
0.0	335452.08985806047	563542438368.6301
0.0	-16935472.817749936	565374747591.5883
0.0	25222996.875493407	561509087578.9224
0.0	-65692148.323697	570149538257.5627
0.0	106025089.45404914	551245907498.2382
0.0	-137142856.13444483	576981054972.068
0.0	194346414.29365355	547206071650.61273
0.0	-48748873.91531682	544941503431.5983
0.0	201181339.1354251	594415352199.0322
0.0	5452784690.471622	285442971276.9231
0.0	9266862350.712624	601928186965.074
0.0	-4433559047.422399	-411965976.7504696
0.0	917826480.3734424	-912682553.7586946
0.0	593474633.803246	-6722614726.318724
0.0	-366359501.2221145	-11075437925.25858
0.0	162578024.22684315	-10964737166.688902
0.0	-129908392.18086867	-11219522039.617846
0.0	39673757.51370517	-10712481843.352232
0.0	-4813778.115846043	-10619957331.853662
0.0	2374361.4531198908	-10466634916.88639
0.0	4022019.1092775185	-10469132760.51007
0.0	3066548.7389767077	-10454677066.131071
0.0	2798912.4489414888	-10463739032.170692
0.0	839010.3320352455	-10456511425.575006
0.0	2027967.9545393614	-10450675635.989569
0.0	169629.90753480798	-10446746964.343287
0.0	851438.3923117203	-10443318474.610369
0.0	405215.53840234515	-10443107458.560253
0.0	397440.2941156087	-10442889520.064178
0.0	153872.33124873252	-10442758402.912151
0.0	80889.2733151631	-10441977458.446863
0.0	25683.05565456955	-10441424324.623993
0.0	-25683.055617181613	-10441424324.623974
0.0	-80889.27324772785	-10441977458.447823
0.0	-153872.3312786324	-10442758402.914797
0.0	-397440.294131525	-10442889520.066807
0.0	-405215.5383735482	-10443107458.561531
0.0	-851438.3922239209	-10443318474.611174
0.0	-169629.90763111267	-10446746964.344687
0.0	-2027967.9545569941	-10450675635.991182
0.0	-839010.3320221232	-10456511425.575932
0.0	-2798912.4487872166	-10463739032.17081
0.0	-3066548.7389573855	-10454677066.131199
0.0	-4022019.109378921	-10469132760.510105
0.0	-2374361.452975616	-10466634916.886173
0.0	4813778.115885906	-10619957331.85353
0.0	-39673757.51388866	-10712481843.352034
0.0	129908392.18158491	-11219522039.617474
0.0	-162578024.2271439	-10964737166.688446
0.0	366359501.2221775	-11075437925.257252
0.0	-593474633.802994	-6722614726.317514
0.0	-917826480.3726132	-912682553.7577913
