1600
0.0	15654915.918930877	19673472.542098477
0.0	-2897286.3027319275	27664839.24518352
0.0	640142.6235696673	39511680.32443729
0.0	130830.24085356208	40859574.36305616
0.0	9087.88069777377	41650170.65166106
0.0	33356.08001212382	38459754.282536544
0.0	-3957.3646581795765	39632691.01826048
0.0	52688.752459929965	40045290.17252836
0.0	-8245.929941017983	39157614.939591795
0.0	11900.234933745265	39505135.33997149
0.0	2444.342047839686	39395662.40238724
0.0	143.0759274673354	39322873.930148914
0.0	4.813743492672628e-07	39221647.32019547
0.0	1.5845701412985218e-06	39221971.2727684
0.0	1.1580292649208947e-06	39221687.20987862
0.0	8.718933681511006e-07	39221526.383101724
0.0	1.370980906819761e-06	39221515.52280195
0.0	8.987105169795528e-07	39221538.58325252
0.0	1.1691386656910903e-06	39221551.03648337
0.0	1.1123269502963953e-06	39221554.42609616
0.0	1.1135883797755975e-06	39221554.42609624
0.0	1.2153745941435829e-06	39221551.03648344
0.0	1.0256996152269876e-06	39221538.58325277
0.0	7.473929539835995e-07	39221515.52280207
0.0	9.571654019667554e-07	39221526.38310156
0.0	1.5245466281686133e-06	39221687.20987848
0.0	2.297252849023136e-07	39221971.27276808
0.0	1.3389422302144114e-06	39221647.32019514
0.0	-143.07592492673078	39322873.93014879
0.0	-2444.342045347824	39395662.40238802
0.0	-11900.234931429744	39505135.33997177
0.0	8245.929942627485	39157614.939592116
0.0	-52688.75245691595	40045290.17252848
0.0	3957.364659292496	39632691.018260494
0.0	-33356.080009903024	38459754.2825378
0.0	-9087.880692470353	41650170.651662715
0.0	-130830.24085390427	40859574.36305635
0.0	-640142.6235664	39511680.32443747
0.0	2897286.3027325943	27664839.24518343
0.0	-15654915.918930303	19673472.542098492
0.0	19639366.82506135	-10348700.294127565
0.0	-3996820.0132063488	-1512741904.209074
0.0	755845.2315530378	-815644677.1939061
0.0	83496.00085129293	-1193112941.9698102
0.0	9290.647686117038	-1064266656.943599
0.0	-8878.893075233951	-1123286994.633364
0.0	4754.633984867327	-1115749409.7197943
0.0	43130.61469986863	-1112202513.3854313
0.0	-6044.07880672631	-1116662383.9639876
0.0	9061.155143354117	-1114634565.8446393
0.0	2115.8236609234937	-1115382853.116847
0.0	501.8278164054534	-1115264039.010993
0.0	-6.892318053617802e-07	-1115396146.431377
0.0	7.221679573020949e-09	-1115396080.1752243
0.0	-2.504447243069249e-07	-1115396087.9487011
0.0	-4.20274416021016e-07	-1115396096.9001637
0.0	-3.2182932333424854e-08	-1115396097.520626
0.0	-4.2134947777073847e-07	-1115396096.4764118
0.0	-2.508133785446743e-07	-1115396096.012833
0.0	-2.5560771032320136e-07	-1115396095.9128587
0.0	-2.6669302179038255e-07	-1115396095.9128575
0.0	-1.308221845266598e-07	-1115396096.0128388
0.0	-3.2350450137924415e-07	-1115396096.476402
0.0	-4.813317781218555e-07	-1115396097.5206444
0.0	-3.5366714876708574e-07	-1115396096.9001641
0.0	-8.3862001976465e-09	-1115396087.9486866
0.0	-8.826466195866615e-07	-1115396080.1752295
0.0	-7.762956262488029e-08	-1115396146.4313612
0.0	-501.82781672851246	-1115264039.010997
0.0	-2115.823661206796	-1115382853.1168644
0.0	-9061.15514378086	-1114634565.8446426
0.0	6044.078805626954	-1116662383.9639704
0.0	-43130.61469979012	-1112202513.3854678
0.0	-4754.633985835884	-1115749409.719797
0.0	8878.893074370193	-1123286994.633298
0.0	-9290.64768431941	-1064266656.9436612
0.0	-83496.00085333473	-1193112941.9698029
0.0	-755845.2315525512	-815644677.1939206
0.0	3996820.013206552	-1512741904.2090383
0.0	-19639366.82506138	-10348700.29412629
0.0	6903817.006918473	-2346462.739465763
0.0	-3249266.2856959715	-774978358.6469185
0.0	918695.1631401998	-118306081.53388989
0.0	113505.23878074107	-508686543.641851
0.0	37369.92152054122	-375665801.791474
0.0	-10391.12964688587	-453794700.9105299
0.0	18018.656037408015	-443968340.72763896
0.0	32433.480321099705	-441765671.43480885
0.0	2414.7233029852064	-446443983.5257487
0.0	9526.505931438573	-444073716.6520692
0.0	2839.978697798272	-444900165.21718633
0.0	1171.370881165984	-444780882.4206805
0.0	-3.1345236746806046e-07	-444910230.03115165
0.0	3.813693925767277e-08	-444910246.3364752
0.0	-1.3364222760326574e-07	-444910249.15624017
0.0	-1.5869868924561821e-07	-444910248.7252888
0.0	-5.087598037466977e-08	-444910248.22204936
0.0	-1.8591016677055378e-07	-444910248.04116774
0.0	-1.1329822470212774e-07	-444910248.00216484
0.0	-1.398997883566514e-07	-444910247.99655163
0.0	-1.3714383913043966e-07	-444910247.9965522
0.0	-7.634050367224978e-08	-444910248.00217307
0.0	-1.7097378111539432e-07	-444910248.0411701
0.0	-1.6313798471838313e-07	-444910248.222057
0.0	-2.2955279245789085e-07	-444910248.7252848
0.0	2.9725571571556902e-08	-444910249.15623164
0.0	-3.9228543748383993e-07	-444910246.336478
0.0	-3.017741474123886e-08	-444910230.0311499
0.0	-1171.3708812910368	-444780882.42069066
0.0	-2839.97869797083	-444900165.21719086
0.0	-9526.505931607859	-444073716.6520714
0.0	-2414.723303537794	-446443983.52574426
0.0	-32433.48032104048	-441765671.434811
0.0	-18018.656037978064	-443968340.7276537
0.0	10391.129646603185	-453794700.91051805
0.0	-37369.92151971834	-375665801.7914827
0.0	-113505.23878199045	-508686543.6418314
0.0	-918695.1631398783	-118306081.53389639
0.0	3249266.285695318	-774978358.6469167
0.0	-6903817.006918348	-2346462.7394654546
0.0	-2140903.2588336975	-4984434.651235061
0.0	567613.5141326638	-1072407329.4291604
0.0	450027.51816589886	-476142705.6377345
0.0	202554.26466362702	-822204632.9757268
0.0	129707.57070545177	-722184001.7912984
0.0	-9055.40542979147	-796141675.8631499
0.0	44411.86941341874	-786365478.8726723
0.0	-3844.283512338374	-781593648.4804239
0.0	22163.998746684047	-786283869.2375321
0.0	5965.447089709622	-784085434.1652284
0.0	3747.680274716731	-784909471.8029664
0.0	1842.7726378019963	-784757973.019814
0.0	2.579636794766678e-07	-784911723.2825801
0.0	-2.4864771963687764e-07	-784911718.9715152
0.0	-9.593669255204757e-10	-784911718.5600485
0.0	9.734930681111881e-08	-784911718.6373279
0.0	-1.6953986506597906e-07	-784911718.6894065
0.0	1.0899967252622758e-07	-784911718.7086358
0.0	-5.1272673180081326e-08	-784911718.7138005
0.0	-4.266502780942927e-08	-784911718.7145501
0.0	-5.498953748353073e-08	-784911718.7145498
0.0	-5.7950382779228736e-08	-784911718.7138076
0.0	1.112485033643939e-08	-784911718.7086304
0.0	1.849879873565318e-07	-784911718.6894188
0.0	-3.5628336671936977e-09	-784911718.637325
0.0	-2.1538655931366883e-07	-784911718.5600364
0.0	4.4487736986761144e-07	-784911718.9715192
0.0	-1.2534060811210377e-07	-784911723.2825698
0.0	-1842.7726379427966	-784757973.0198226
0.0	-3747.680274888079	-784909471.8029802
0.0	-5965.447089783488	-784085434.1652322
0.0	-22163.998746376805	-786283869.2375247
0.0	3844.2835118309176	-781593648.4804394
0.0	-44411.869413017244	-786365478.8726809
0.0	9055.405429925224	-796141675.8631151
0.0	-129707.57070711126	-722184001.791338
0.0	-202554.26466245577	-822204632.9757155
0.0	-450027.5181666513	-476142705.63774157
0.0	-567613.5141322261	-1072407329.4291492
0.0	2140903.258833784	-4984434.651234142
0.0	-4245857.7955813315	-2407638.7524282336
0.0	3478323.7974561146	-874450976.1436838
0.0	-59443.92450058961	-317402906.1272861
0.0	276129.52109077957	-662282512.065072
0.0	170958.82877993066	-563309216.0557466
0.0	32722.485704859835	-629015026.0305908
0.0	39179.364320298395	-617879316.5174482
0.0	-32527.14897498341	-614293754.6792843
0.0	37975.74880046693	-618765868.6423663
0.0	3990.003085538348	-616790981.6874378
0.0	4822.679582101125	-617466540.7664604
0.0	2312.52806502184	-617387414.153072
0.0	4.795909470093192e-07	-617532181.5997331
0.0	-3.9289584164359494e-07	-617532183.1428704
0.0	4.456623144212859e-08	-617532183.8100243
0.0	1.7828915655101145e-07	-617532184.0177765
0.0	-2.834183324726152e-07	-617532184.0660524
0.0	2.0467263059406524e-07	-617532184.0746418
0.0	-6.305984556354741e-08	-617532184.0755758
0.0	-2.071620417675767e-08	-617532184.075493
0.0	-4.4574842601827526e-08	-617532184.0754915
0.0	-1.1789327430516184e-07	-617532184.0755801
0.0	5.249249098675162e-08	-617532184.0746431
0.0	2.750434844526729e-07	-617532184.0660608
0.0	6.485963545076726e-08	-617532184.017775
0.0	-3.790477990135478e-07	-617532183.8100135
0.0	7.591875670049278e-07	-617532183.1428765
0.0	-1.9880530970941767e-07	-617532181.5997255
0.0	-2312.528065262504	-617387414.1530824
0.0	-4822.679582338673	-617466540.766471
0.0	-3990.0030856472486	-616790981.6874416
0.0	-37975.74879984411	-618765868.642363
0.0	32527.148974148764	-614293754.6792957
0.0	-39179.36431958424	-617879316.517454
0.0	-32722.48570466065	-629015026.0305586
0.0	-170958.82878278743	-563309216.055774
0.0	-276129.52108850674	-662282512.0650632
0.0	59443.92449931125	-317402906.1272935
0.0	-3478323.7974550324	-874450976.1436756
0.0	4245857.795581428	-2407638.7524275975
0.0	-3271345.8332471913	-3443099.8466417845
0.0	3990562.1116447374	-827026832.849894
0.0	-64774.091925601475	-341483004.2078542
0.0	283225.5478639417	-653188544.1940728
0.0	245538.65020598125	-561391261.5854936
0.0	66497.2255104555	-620635835.5441942
0.0	42523.291981979775	-611463519.8547715
0.0	-30487.66269880206	-608594679.8219705
0.0	45911.458354710194	-612729370.8333163
0.0	4281.92603593545	-611009878.0537068
0.0	6309.803304911346	-611607518.6609175
0.0	2613.0873352048884	-611556397.3617853
0.0	4.646586615308546e-08	-611687811.1596014
0.0	-9.361281661824843e-07	-611687811.9524453
0.0	-4.3998493414290865e-07	-611687812.2331768
0.0	-2.66809449143837e-07	-611687812.2948215
0.0	-7.762694827085543e-07	-611687812.303542
0.0	-2.3616244390980197e-07	-611687812.3041021
0.0	-5.294044948107839e-07	-611687812.3039815
0.0	-5.306963319959873e-07	-611687812.3039271
0.0	-5.34621198841852e-07	-611687812.3039284
0.0	-5.683577868624391e-07	-611687812.303987
0.0	-4.00251262818172e-07	-611687812.3040997
0.0	-1.4427814242836714e-07	-611687812.3035501
0.0	-3.6449203691714057e-07	-611687812.294819
0.0	-8.800403690333176e-07	-611687812.2331662
0.0	3.686062399404853e-07	-611687811.9524558
0.0	-7.108724531949863e-07	-611687811.1595929
0.0	-2613.087336395693	-611556397.361789
0.0	-6309.8033060789785	-611607518.660931
0.0	-4281.926037024791	-611009878.0537101
0.0	-45911.45835496799	-612729370.833313
0.0	30487.66269697439	-608594679.8219805
0.0	-42523.2919821065	-611463519.8547788
0.0	-66497.22551120742	-620635835.544167
0.0	-245538.6502100422	-561391261.5855248
0.0	-283225.5478624076	-653188544.194064
0.0	64774.09192332253	-341483004.20786196
0.0	-3990562.1116444357	-827026832.8498877
0.0	3271345.8332471834	-3443099.84664114
0.0	-2500861.47136155	-1491274.395468412
0.0	3913249.3090479285	-710766720.1621199
0.0	95557.39058142796	-284984030.0438474
0.0	307401.75791233184	-558416544.2105155
0.0	279639.1421497241	-476532166.86473805
0.0	71101.98036044289	-529339465.76248777
0.0	45902.45055169468	-521043768.8753289
0.0	-27570.578971469535	-518276236.6033652
0.0	49372.23003103254	-522024778.3421321
0.0	5359.1506676187655	-520505206.17870307
0.0	7354.2657915627215	-520968636.84964776
0.0	2858.7934616314487	-520938913.2564248
0.0	5.683097574150513e-07	-521054862.1165055
0.0	-4.5755111369549624e-07	-521054862.47276413
0.0	7.719542234850945e-08	-521054862.5535558
0.0	2.3101334105947992e-07	-521054862.5661055
0.0	-2.8846049870431556e-07	-521054862.5673657
0.0	2.0988043714989177e-07	-521054862.5674014
0.0	-3.277368363498399e-08	-521054862.567379
0.0	-1.7379179764449882e-08	-521054862.5673751
0.0	-4.226106693336703e-08	-521054862.56737506
0.0	-7.232707273900282e-08	-521054862.56738174
0.0	9.279316422364332e-08	-521054862.56739867
0.0	3.1106778072590606e-07	-521054862.5673706
0.0	1.0665218284985732e-07	-521054862.5661026
0.0	-4.485649133843875e-07	-521054862.55354667
0.0	9.156214158429224e-07	-521054862.47277
0.0	-2.0549633783574092e-07	-521054862.11649966
0.0	-2858.7934619484636	-520938913.2564274
0.0	-7354.265791777463	-520968636.84965676
0.0	-5359.150667668132	-520505206.1787026
0.0	-49372.230030295774	-522024778.34212583
0.0	27570.57897059613	-518276236.6033773
0.0	-45902.45055079852	-521043768.87533164
0.0	-71101.9803602022	-529339465.76246566
0.0	-279639.1421528693	-476532166.86476254
0.0	-307401.7579096807	-558416544.210505
0.0	-95557.39058288466	-284984030.0438535
0.0	-3913249.309046559	-710766720.1621115
0.0	2500861.4713617116	-1491274.395467828
0.0	-2269465.1635834165	-177480.26509993756
0.0	3959835.5644629505	-591390637.3508363
0.0	157359.92079455208	-233040045.91766503
0.0	339924.4037711439	-463288020.06602407
0.0	299882.99843831075	-394582771.5232761
0.0	75557.50978048267	-439573047.7578542
0.0	52512.45910813676	-432225687.94900894
0.0	-25353.263318682795	-429924729.6560992
0.0	54529.3174593162	-433120476.4656881
0.0	6822.301710773534	-431843464.0527266
0.0	8113.984512687479	-432225893.4502065
0.0	3032.331715290088	-432205870.49885577
0.0	3.366042750076769e-07	-432304836.3022276
0.0	-6.902208697129507e-07	-432304836.3998911
0.0	-1.6552160540878524e-07	-432304836.4147605
0.0	4.715251572443041e-09	-432304836.4163547
0.0	-4.959721994510294e-07	-432304836.4164358
0.0	3.3977156270569915e-08	-432304836.4164298
0.0	-3.010525887122389e-07	-432304836.41642284
0.0	-2.2295121959349875e-07	-432304836.41642344
0.0	-2.6125519944939815e-07	-432304836.41642463
0.0	-3.189897321030289e-07	-432304836.41642785
0.0	-1.247249289139977e-07	-432304836.4164286
0.0	1.25805922010837e-07	-432304836.4164417
0.0	-1.6382424052790523e-07	-432304836.4163525
0.0	-6.637424051253322e-07	-432304836.41475374
0.0	6.838755884375579e-07	-432304836.39989555
0.0	-4.4665465810189706e-07	-432304836.3022215
0.0	-3032.3317159988783	-432205870.4988605
0.0	-8113.984513348097	-432225893.450213
0.0	-6822.301711333963	-431843464.0527259
0.0	-54529.317459022604	-433120476.4656843
0.0	25353.263317285655	-429924729.6561067
0.0	-52512.45910758389	-432225687.94901633
0.0	-75557.50978068456	-439573047.7578368
0.0	-299882.9984420347	-394582771.5232972
0.0	-339924.403768798	-463288020.0660183
0.0	-157359.92079654173	-233040045.91766837
0.0	-3959835.5644619754	-591390637.3508332
0.0	2269465.163583545	-177480.26509939088
0.0	-1965412.0164669296	533106.6877171732
0.0	4106965.7948766733	-473278904.88603306
0.0	151967.32991991634	-183907789.25825107
0.0	380419.2956111338	-371440080.40517175
0.0	309317.8947816844	-315874295.34399414
0.0	77893.69021000546	-352593318.57489765
0.0	53580.81540192796	-346708543.84954846
0.0	-25450.562924067235	-344984635.30028135
0.0	56902.037466830305	-347526450.11869967
0.0	7426.498107795973	-346536538.69856364
0.0	8486.271325424192	-346841950.2640304
0.0	3072.9414402277775	-346830951.78331
0.0	5.513594449474982e-07	-346912131.8841667
0.0	-5.343918641329791e-07	-346912131.8989187
0.0	7.753193729297077e-08	-346912131.90085477
0.0	2.0581650173243287e-07	-346912131.9010153
0.0	-3.0676418855419134e-07	-346912131.90101624
0.0	2.4254266722240416e-07	-346912131.9010195
0.0	-9.181845980630819e-08	-346912131.901017
0.0	-4.612870640831047e-08	-346912131.901018
0.0	-5.957491744277802e-08	-346912131.9010185
0.0	-1.2124085967743134e-07	-346912131.90102017
0.0	7.923735450934882e-08	-346912131.9010176
0.0	3.226523030934704e-07	-346912131.90102226
0.0	5.931434466399747e-08	-346912131.9010135
0.0	-4.769985984260619e-07	-346912131.9008498
0.0	9.064670504052278e-07	-346912131.89892197
0.0	-2.3601244220537277e-07	-346912131.88416123
0.0	-3072.9414405518496	-346830951.78331214
0.0	-8486.271325633154	-346841950.2640358
0.0	-7426.498107919428	-346536538.6985654
0.0	-56902.03746612021	-347526450.11869687
0.0	25450.56292302516	-344984635.30028903
0.0	-53580.81540098581	-346708543.84955376
0.0	-77893.69020982976	-352593318.57488334
0.0	-309317.8947850154	-315874295.3440095
0.0	-380419.29560835956	-371440080.40516615
0.0	-151967.3299215258	-183907789.258255
0.0	-4106965.7948752586	-473278904.88603055
0.0	1965412.0164671266	533106.6877176152
0.0	-1404150.0397789604	1637669.0054806466
0.0	4061789.913655921	-355673714.5530205
0.0	148541.60982131283	-133853598.09754604
0.0	414113.37426440226	-278854687.70094967
0.0	306674.99763276865	-236181202.4620487
0.0	81749.19624152526	-264592566.99264473
0.0	55384.18195807224	-259988699.35011882
0.0	-22604.850341525205	-258723146.83881375
0.0	55922.43732149906	-260634356.98585412
0.0	7631.035829697505	-259903025.50728312
0.0	8439.6315052768	-260133819.4073919
0.0	2951.9109733795044	-260130656.08971745
0.0	5.0566120993345e-07	-260194069.47738895
0.0	-4.930525097410409e-07	-260194069.48201168
0.0	6.853959042658432e-08	-260194069.48237854
0.0	1.9318541916772547e-07	-260194069.48240083
0.0	-2.8191841587004894e-07	-260194069.4823983
0.0	2.2432228304840035e-07	-260194069.48240066
0.0	-1.1016869011455456e-07	-260194069.4823988
0.0	-3.115823960456121e-08	-260194069.48240024
0.0	-5.772175414772471e-08	-260194069.4823996
0.0	-1.333292820951008e-07	-260194069.48240155
0.0	1.0393733983240359e-07	-260194069.48239973
0.0	3.279888076001473e-07	-260194069.48240227
0.0	2.6633078687296155e-08	-260194069.4823984
0.0	-4.461683265370252e-07	-260194069.48237526
0.0	8.651770126390879e-07	-260194069.48201394
0.0	-2.2772422632882182e-07	-260194069.47738498
0.0	-2951.9109736896417	-260130656.0897205
0.0	-8439.631505501467	-260133819.40739655
0.0	-7631.035829844555	-259903025.50728422
0.0	-55922.43732083746	-260634356.9858515
0.0	22604.850340508	-258723146.83881903
0.0	-55384.181957201086	-259988699.35012186
0.0	-81749.19624134075	-264592566.992634
0.0	-306674.99763594323	-236181202.46206036
0.0	-414113.3742617777	-278854687.7009457
0.0	-148541.609822819	-133853598.09754887
0.0	-4061789.913654605	-355673714.5530171
0.0	1404150.0397791732	1637669.0054809959
0.0	-711699.9485624032	2458743.0794748105
0.0	3774914.734514054	-248535527.4285369
0.0	141892.8332579498	-89879806.63048539
0.0	421796.6622462524	-194861969.697632
0.0	284454.0146871195	-164205064.12543082
0.0	79395.25888241938	-184784007.82008213
0.0	52710.51718905538	-181399118.65590766
0.0	-18677.651897971922	-180555677.98734945
0.0	51877.521605793445	-181879202.52491245
0.0	7488.895538023011	-181381767.6397257
0.0	7953.239885138361	-181544285.35980234
0.0	2666.432986953692	-181547261.47571185
0.0	5.212346133839419e-07	-181593823.11636
0.0	-3.373406266540574e-07	-181593823.1164897
0.0	1.1419726538180217e-07	-181593823.1165024
0.0	2.6732310092083425e-07	-181593823.11650163
0.0	-1.8399297599436897e-07	-181593823.11650002
0.0	2.8320221777490565e-07	-181593823.1165029
0.0	-8.572167604462566e-10	-181593823.11650056
0.0	5.1343338448779576e-08	-181593823.11650205
0.0	2.9764996157351462e-08	-181593823.11650234
0.0	-3.4749935694588873e-08	-181593823.11650223
0.0	1.4156178837549167e-07	-181593823.1165014
0.0	3.8320555007730595e-07	-181593823.11650288
0.0	8.599979171855955e-08	-181593823.1165015
0.0	-3.140030381291392e-07	-181593823.11649972
0.0	8.681353335111806e-07	-181593823.11649173
0.0	-1.2002292387250746e-07	-181593823.11635816
0.0	-2666.4329870446127	-181547261.4757132
0.0	-7953.239885158051	-181544285.35980704
0.0	-7488.895537973884	-181381767.63972718
0.0	-51877.521605013586	-181879202.52491134
0.0	18677.651897278785	-180555677.98735344
0.0	-52710.517188128404	-181399118.65591013
0.0	-79395.258882022	-184784007.8200752
0.0	-284454.0146898335	-164205064.12543988
0.0	-421796.6622437676	-194861969.69762987
0.0	-141892.83325913595	-89879806.6304875
0.0	-3774914.734512757	-248535527.4285354
0.0	711699.9485626603	2458743.0794750643
0.0	67336.2138010175	3082852.8984077377
0.0	3275629.212013499	-156606799.99147162
0.0	136073.22946215852	-53006504.774626
0.0	407560.7040674601	-122666044.62384304
0.0	248443.38654307468	-102578938.30271162
0.0	73074.06497853479	-116262543.40191725
0.0	47004.06500509297	-113992999.20758128
0.0	-13520.156999663774	-113499230.96465236
0.0	44959.29907643189	-114325616.10877621
0.0	6976.554682932872	-114024313.80118409
0.0	7028.010255249879	-114128670.86211625
0.0	2232.2575429022213	-114135675.68838704
0.0	5.892553468914834e-07	-114167209.84626499
0.0	-7.844796752858951e-08	-114167209.84621911
0.0	2.6236111931237284e-07	-114167209.84621787
0.0	3.443840971522485e-07	-114167209.84621835
0.0	-1.3008956368302677e-08	-114167209.84621708
0.0	3.7361287954406513e-07	-114167209.84621882
0.0	1.4795534459019547e-07	-114167209.84621742
0.0	1.824264885669811e-07	-114167209.84621838
0.0	1.7310536348610512e-07	-114167209.84621872
0.0	1.4432900125656742e-07	-114167209.84621924
0.0	2.686158448219006e-07	-114167209.84621796
0.0	4.560999082201772e-07	-114167209.84621927
0.0	2.1877821628852615e-07	-114167209.84621805
0.0	-8.971752331561279e-08	-114167209.84621704
0.0	8.554837296009952e-07	-114167209.84622076
0.0	4.070917160323459e-08	-114167209.8462637
0.0	-2232.257542609257	-114135675.68838808
0.0	-7028.010254980922	-114128670.86211799
0.0	-6976.554682607557	-114024313.80118488
0.0	-44959.29907546281	-114325616.10877451
0.0	13520.156999392977	-113499230.96465442
0.0	-47004.065004077645	-113992999.20758277
0.0	-73074.06497786613	-116262543.40191357
0.0	-248443.38654499574	-102578938.30271721
0.0	-407560.70406507206	-122666044.62384096
0.0	-136073.2294628626	-53006504.77462724
0.0	-3275629.2120120544	-156606799.99147138
0.0	-67336.21380065661	3082852.8984079226
0.0	845301.7350199507	3484832.0023931907
0.0	2614863.797366449	-85027034.09183164
0.0	130339.60862479196	-25441946.139576793
0.0	370872.35754872864	-66432631.38014947
0.0	201748.7073254384	-54829728.859970085
0.0	63035.17278947322	-62916173.72377547
0.0	38897.040132031354	-61560537.56309318
0.0	-7745.189346514348	-61323918.4143351
0.0	35779.20073770394	-61769441.40043446
0.0	6097.007109707405	-61616354.213517204
0.0	5721.491366865763	-61675647.707102835
0.0	1691.951922508087	-61684352.37728509
0.0	3.365431125466654e-07	-61703499.94115021
0.0	-2.189437173308142e-07	-61703499.941151336
0.0	6.136203848818317e-08	-61703499.941151634
0.0	1.4657813308482287e-07	-61703499.94115132
0.0	-1.2965836764266424e-07	-61703499.94115102
0.0	1.505100132820521e-07	-61703499.94115178
0.0	-1.422904945056772e-08	-61703499.94115102
0.0	1.3747278033709069e-08	-61703499.941151336
0.0	-1.948656002998079e-08	-61703499.941151395
0.0	-6.266490828616865e-10	-61703499.94115168
0.0	7.853348840853041e-08	-61703499.941151224
0.0	2.41441364334219e-07	-61703499.94115143
0.0	4.3723831682445284e-08	-61703499.941151164
0.0	-2.0250636109197326e-07	-61703499.941150434
0.0	5.3345636794187e-07	-61703499.94115156
0.0	-9.692354820440006e-08	-61703499.941149384
0.0	-1691.951922579696	-61684352.377284765
0.0	-5721.491366947343	-61675647.707104206
0.0	-6097.007109714729	-61616354.21351724
0.0	-35779.20073723756	-61769441.40043381
0.0	7745.189346039006	-61323918.41433585
0.0	-38897.04013153504	-61560537.56309457
0.0	-63035.17278923224	-62916173.72377396
0.0	-201748.70732710263	-54829728.85997324
0.0	-370872.357547257	-66432631.38014826
0.0	-130339.60862553708	-25441946.139577582
0.0	-2614863.797365677	-85027034.09183148
0.0	-845301.7350196955	3484832.0023933216
0.0	1495535.134556603	3640353.757410292
0.0	1881546.4618124948	-36300382.0478015
0.0	129740.80550939811	-7862286.49647161
0.0	315177.4145470947	-28107868.57141832
0.0	151635.52380717895	-22557731.828560725
0.0	50428.282011290794	-26598467.22170513
0.0	29363.04747302831	-25916582.88901582
0.0	-2285.06844256405	-25838878.72387944
0.0	25502.774531970288	-26031584.820768934
0.0	4914.085422082337	-25974475.727292076
0.0	4177.842418975707	-26003203.666217268
0.0	1120.612344524356	-26011399.827400334
0.0	2.2197085812723757e-07	-26021370.605082266
0.0	-1.1197952435674338e-07	-26021370.60508232
0.0	2.249434669054377e-08	-26021370.60508261
0.0	1.0365299329263688e-07	-26021370.605082817
0.0	-1.0109549716293741e-07	-26021370.605082676
0.0	9.910873287102525e-08	-26021370.605082795
0.0	8.917803467943498e-09	-26021370.60508246
0.0	8.090213843738638e-09	-26021370.60508258
0.0	-2.1635951857306845e-08	-26021370.60508259
0.0	1.536493634884318e-08	-26021370.605082855
0.0	6.381059237202716e-08	-26021370.605082624
0.0	1.5889943584253e-07	-26021370.60508291
0.0	2.1721976868440295e-08	-26021370.6050826
0.0	-1.2381958525266128e-07	-26021370.605082206
0.0	3.30439090978818e-07	-26021370.605082512
0.0	-6.24886914188118e-08	-26021370.605081826
0.0	-1120.6123445439384	-26011399.827400036
0.0	-4177.842419021481	-26003203.666217692
0.0	-4914.085422090622	-25974475.727292184
0.0	-25502.774531683266	-26031584.82076867
0.0	2285.06844228101	-25838878.72387968
0.0	-29363.04747278001	-25916582.88901645
0.0	-50428.2820110509	-26598467.22170472
0.0	-151635.52380820393	-22557731.828562148
0.0	-315177.41454620945	-28107868.571417384
0.0	-129740.805509826	-7862286.496471945
0.0	-1881546.4618120564	-36300382.04780163
0.0	-1495535.134556357	3640353.7574103824
0.0	1881355.8276445537	3544191.457050965
0.0	1192903.9939389618	-9416972.304513894
0.0	134228.5684988143	664772.0167961419
0.0	247392.3333618954	-6933806.059239788
0.0	106061.58528216305	-4992288.101889351
0.0	36959.40817297383	-6565655.002976481
0.0	19837.216042677275	-6307109.31932568
0.0	1785.3070005670588	-6301624.752090834
0.0	15733.963474843738	-6360292.436115757
0.0	3562.5420520312355	-6351292.089901274
0.0	2628.2747458702534	-6362968.507534638
0.0	612.9451826565227	-6369031.957340648
0.0	8.657901632388168e-08	-6373169.457329182
0.0	-6.937915994054066e-08	-6373169.457329202
0.0	-4.194823640190213e-09	-6373169.457329277
0.0	3.9474672855114895e-08	-6373169.457329411
0.0	-4.8873312514741615e-08	-6373169.457329271
0.0	3.735387251593191e-08	-6373169.457329283
0.0	-3.029949756306192e-08	-6373169.457329255
0.0	-1.1317800845870887e-08	-6373169.457329333
0.0	-2.4357099226457924e-08	-6373169.4573292695
0.0	-6.3508344692178204e-09	-6373169.457329329
0.0	2.1040006413771112e-08	-6373169.457329333
0.0	8.945596668486211e-08	-6373169.457329355
0.0	-2.5172937321964168e-08	-6373169.457329329
0.0	-6.839103393990997e-08	-6373169.45732918
0.0	1.4360844306044206e-07	-6373169.457329212
0.0	-4.4683386271562635e-08	-6373169.457329065
0.0	-612.9451826763119	-6369031.957340676
0.0	-2628.2747459116827	-6362968.50753485
0.0	-3562.5420520669154	-6351292.089901296
0.0	-15733.96347471031	-6360292.436115632
0.0	-1785.30700075401	-6301624.752090851
0.0	-19837.21604260523	-6307109.319325946
0.0	-36959.40817285543	-6565655.002976567
0.0	-106061.58528270549	-4992288.101889759
0.0	-247392.33336147718	-6933806.059239499
0.0	-134228.56849907181	664772.0167960431
0.0	-1192903.9939387816	-9416972.304514028
0.0	-1881355.8276443644	3544191.457051023
0.0	1927350.692012141	3250615.003735705
0.0	656568.1908529999	843292.2185813598
0.0	136918.6429293612	2912171.3208627068
0.0	178017.20153482287	1158047.9928992935
0.0	70558.66630466227	1499301.681356043
0.0	24537.015122215293	1073857.1980766994
0.0	11798.064822043434	1126328.7337816432
0.0	3729.048786818055	1116823.538463456
0.0	8003.87008446254	1105981.5610736534
0.0	2236.639620704507	1100884.3908149316
0.0	1332.9526815650565	1096366.0033232835
0.0	247.91482461406204	1093021.6353133298
0.0	1.8483136980619464e-08	1091820.6159530063
0.0	-1.3201598934448043e-08	1091820.6159530617
0.0	-1.3310170259264618e-08	1091820.6159530552
0.0	1.1702114851184909e-08	1091820.615953005
0.0	-2.458200143311108e-09	1091820.6159530203
0.0	1.612496419300582e-08	1091820.615953009
0.0	-2.9928011003451046e-08	1091820.6159530245
0.0	1.980483263420474e-09	1091820.6159530282
0.0	-1.2044311965532564e-08	1091820.6159530352
0.0	-1.8207910933543257e-09	1091820.6159530296
0.0	2.550243894183798e-09	1091820.6159530296
0.0	4.5157635929169625e-08	1091820.6159530235
0.0	-2.5129008149590557e-08	1091820.61595299
0.0	-1.3429964946592628e-08	1091820.615953058
0.0	4.290696194804931e-08	1091820.6159530408
0.0	-1.755313597676089e-08	1091820.6159530426
0.0	-247.91482460233573	1093021.6353133428
0.0	-1332.9526815724946	1096366.0033232304
0.0	-2236.6396207175417	1100884.3908149293
0.0	-8003.87008441281	1105981.561073658
0.0	-3729.048786891518	1116823.5384634696
0.0	-11798.064822055043	1126328.7337815673
0.0	-24537.015122130073	1073857.1980765793
0.0	-70558.66630484359	1499301.6813559332
0.0	-178017.20153469758	1158047.9928993676
0.0	-136918.6429294531	2912171.320862688
0.0	-656568.1908529687	843292.2185812937
0.0	-1927350.6920119922	3250615.0037357546
0.0	1676201.4892905524	2843904.4629999297
0.0	321327.7058226507	2436436.033760478
0.0	128169.3641684867	2530577.5208868384
0.0	117600.09676201978	2391202.390267022
0.0	45929.6012978544	2335426.3190715425
0.0	14654.072629690252	2241736.45663298
0.0	6144.098844886052	2232057.7987641366
0.0	3627.742230418822	2227818.3042259924
0.0	3097.336169561134	2224129.5283099315
0.0	1141.4092164913047	2220047.496476321
0.0	471.52599627402367	2217857.746960742
0.0	50.51685024628116	2216661.421881551
0.0	-1.0920942628231136e-08	2216472.3831834313
0.0	1.9054045675657004e-08	2216472.383183466
0.0	-1.5896695578008314e-08	2216472.3831834635
0.0	1.977855716065247e-09	2216472.3831834565
0.0	8.423304943569856e-09	2216472.3831834467
0.0	4.296259613334946e-09	2216472.3831834397
0.0	-1.2640193389738278e-08	2216472.3831834425
0.0	2.3154431858206017e-09	2216472.383183454
0.0	-4.9795963303534316e-09	2216472.3831834495
0.0	2.8914958799852634e-09	2216472.3831834476
0.0	-4.194113406755411e-09	2216472.383183455
0.0	2.449628877580009e-08	2216472.3831834523
0.0	-2.688285282224208e-08	2216472.3831834504
0.0	1.7043544096126994e-08	2216472.3831834635
0.0	-1.241835394336836e-08	2216472.3831834635
0.0	-2.843131014116582e-09	2216472.383183453
0.0	-50.51685021826984	2216661.4218815817
0.0	-471.5259962771775	2217857.7469607377
0.0	-1141.4092164945703	2220047.4964763187
0.0	-3097.3361695501635	2224129.5283099297
0.0	-3627.7422304239753	2227818.3042260027
0.0	-6144.0988449478355	2232057.7987641273
0.0	-14654.072629622464	2241736.4566329466
0.0	-45929.6012978507	2335426.319071529
0.0	-117600.09676205117	2391202.390267027
0.0	-128169.36416848133	2530577.520886835
0.0	-321327.7058227033	2436436.033760456
0.0	-1676201.4892904423	2843904.4629999697
0.0	1272070.5346645836	2405328.8170501958
0.0	158490.5869226825	2012548.2841685636
0.0	104385.12524387917	2021019.1442314917
0.0	72228.39676781216	1992853.98493766
0.0	29350.892842030567	1935170.950777796
0.0	7879.80706495275	1882526.0988410984
0.0	2849.7237184706146	1870309.5866460425
0.0	2368.553622550444	1868490.0332190166
0.0	749.714377138834	1865441.5733664522
0.0	412.9387177395619	1863690.4663600558
0.0	55.60073907584227	1862710.8379354095
0.0	-15.950484479610685	1862502.9694051575
0.0	-1.0994244684589294e-08	1862493.8668175288
0.0	2.2672939908263987e-08	1862493.86681753
0.0	-1.3685537037208375e-08	1862493.8668175265
0.0	-5.5392178753099615e-11	1862493.8668175333
0.0	4.054698661586617e-09	1862493.8668175281
0.0	3.8488986172184603e-10	1862493.8668175265
0.0	-3.5784753087901667e-09	1862493.8668175251
0.0	-5.784471209971379e-13	1862493.8668175275
0.0	-2.1984976804737373e-09	1862493.866817531
0.0	2.3126293541346965e-09	1862493.8668175314
0.0	-1.126946447000663e-09	1862493.8668175305
0.0	1.5204476059024063e-08	1862493.8668175307
0.0	-2.311638527662371e-08	1862493.8668175293
0.0	2.036998451867603e-08	1862493.8668175307
0.0	-2.327852723216666e-08	1862493.866817532
0.0	9.701008760444182e-10	1862493.8668175358
0.0	15.95048450823492	1862502.9694051605
0.0	-55.60073908285041	1862710.8379354058
0.0	-412.93871773896774	1863690.4663600523
0.0	-749.7143771386628	1865441.57336645
0.0	-2368.5536225397013	1868490.0332190138
0.0	-2849.723718536374	1870309.5866460425
0.0	-7879.8070648993835	1882526.0988411033
0.0	-29350.892841983707	1935170.9507777863
0.0	-72228.39676787956	1992853.984937654
0.0	-104385.12524385311	2021019.1442314894
0.0	-158490.58692275	2012548.284168555
0.0	-1272070.5346645077	2405328.817050227
0.0	871110.17550166	1977268.14313028
0.0	94946.91836584097	1695250.8358792474
0.0	72137.86841665716	1685769.3136043623
0.0	41892.73370797424	1664954.3112441148
0.0	17682.914615649002	1621585.8440260794
0.0	3843.3026319715423	1586156.781120141
0.0	1223.9360405488278	1578918.5863836275
0.0	1030.8697201039363	1576988.5403364915
0.0	12.14245362362108	1575639.6732976048
0.0	56.032680996003194	1574831.195855055
0.0	-53.945994755614024	1574629.9861986078
0.0	-17.021716911210273	1574620.2161458193
0.0	-8.172207220211153e-09	1574620.189599367
0.0	1.5383122354815205e-08	1574620.1895993692
0.0	-9.440317211078489e-09	1574620.189599365
0.0	6.826627401994717e-10	1574620.189599366
0.0	2.2155838075711303e-09	1574620.1895993683
0.0	3.599348402091771e-10	1574620.1895993676
0.0	-3.3296589295438726e-09	1574620.1895993662
0.0	4.655483831012186e-11	1574620.1895993683
0.0	-5.147906384768625e-10	1574620.1895993692
0.0	-1.326693365016684e-10	1574620.1895993694
0.0	-2.9229333236232973e-10	1574620.1895993685
0.0	1.2189244896070081e-08	1574620.1895993645
0.0	-1.761852364732199e-08	1574620.1895993664
0.0	1.3804857496086674e-08	1574620.1895993683
0.0	-1.4907180720284393e-08	1574620.18959937
0.0	4.743900588995482e-10	1574620.1895993704
0.0	17.02171693183641	1574620.2161458223
0.0	53.945994750311925	1574629.986198604
0.0	-56.032680995954024	1574831.1958550517
0.0	-12.14245362213152	1575639.6732976038
0.0	-1030.8697200976867	1576988.5403364887
0.0	-1223.9360405965651	1578918.5863836312
0.0	-3843.302631931989	1586156.7811201427
0.0	-17682.91461562002	1621585.8440260675
0.0	-41892.73370802174	1664954.3112441092
0.0	-72137.86841663935	1685769.3136043616
0.0	-94946.91836589233	1695250.835879239
0.0	-871110.1755016086	1977268.1431303066
0.0	559794.4176278724	1571943.3263876692
0.0	66747.73421590844	1327158.3876219972
0.0	42310.27912221079	1317349.9377040227
0.0	22918.42544093329	1305040.718409707
0.0	9435.152802358607	1275518.4593637253
0.0	1697.7659218543893	1254580.3989366102
0.0	494.7601849711339	1250324.2581482744
0.0	221.602424288975	1249291.8523411762
0.0	-61.071945607047645	1248656.7271332766
0.0	-42.80126725679231	1248466.9785379886
0.0	-35.29745129152238	1248456.9254038678
0.0	-4.122160157341405	1248456.8973231844
0.0	-3.2690286881406684e-09	1248456.897323185
0.0	9.303273437476884e-09	1248456.8973231888
0.0	-6.805793454204263e-09	1248456.8973231856
0.0	1.2712541607410774e-09	1248456.8973231865
0.0	-1.0417384818169039e-11	1248456.8973231865
0.0	1.0618204549898476e-09	1248456.8973231837
0.0	-2.1677272407658907e-09	1248456.8973231856
0.0	-1.5312848088912682e-10	1248456.8973231881
0.0	-3.193490990866464e-10	1248456.897323189
0.0	-9.174563748865579e-10	1248456.8973231886
0.0	7.379525580033421e-11	1248456.8973231881
0.0	9.082291068628704e-09	1248456.8973231858
0.0	-1.144984599208013e-08	1248456.8973231849
0.0	8.342754877882403e-09	1248456.897323188
0.0	-7.1624292220296836e-09	1248456.8973231907
0.0	-5.772675872995452e-10	1248456.8973231923
0.0	4.122160170704844	1248456.8973231888
0.0	35.29745128645773	1248456.925403862
0.0	42.801267256532796	1248466.9785379872
0.0	61.0719456098426	1248656.727133276
0.0	-221.60242428725743	1249291.852341173
0.0	-494.7601850018251	1250324.2581482762
0.0	-1697.765921826221	1254580.398936609
0.0	-9435.152802350589	1275518.4593637085
0.0	-22918.425440957573	1305040.7184097017
0.0	-42310.27912220261	1317349.9377040197
0.0	-66747.73421594067	1327158.3876219937
0.0	-559794.4176278401	1571943.326387688
0.0	346898.08180272486	1200406.8836843616
0.0	45140.16010924999	1020637.7435041706
0.0	21463.27480325928	1011831.5117695266
0.0	11448.93307963505	1000882.1202443066
0.0	4188.067900554697	983090.3671607936
0.0	649.9158026584857	971566.4523776375
0.0	174.2128026148586	969671.1938861599
0.0	-56.08665202219049	969142.3262703351
0.0	-2.837196415518278	968970.6101189147
0.0	-30.19250930556677	968960.3673835046
0.0	-3.4353106259389943	968960.3376483959
0.0	2.459041432284228	968960.3376483893
0.0	-2.1575618761541084e-10	968960.3376483895
0.0	5.482216986946478e-09	968960.3376483929
0.0	-4.5152120953631895e-09	968960.3376483888
0.0	1.225778304886895e-09	968960.3376483896
0.0	-1.294753325488381e-09	968960.3376483901
0.0	1.1657502852241502e-09	968960.3376483893
0.0	-9.191302743654731e-10	968960.3376483896
0.0	-1.488377556792042e-10	968960.3376483903
0.0	-2.0445737180636146e-10	968960.3376483896
0.0	-9.54119684873506e-10	968960.3376483899
0.0	1.9202842337561226e-10	968960.337648391
0.0	6.634360924087335e-09	968960.3376483881
0.0	-7.2317520606979444e-09	968960.3376483892
0.0	4.934277309656292e-09	968960.3376483901
0.0	-3.1038442336032603e-09	968960.3376483943
0.0	-8.491694093285512e-10	968960.337648393
0.0	-2.459041423944271	968960.3376483903
0.0	3.4353106211465434	968960.3376483894
0.0	30.192509305295026	968960.367383503
0.0	2.8371964187220495	968970.6101189145
0.0	56.086652022125314	969142.3262703322
0.0	-174.21280263390616	969671.1938861615
0.0	-649.9158026393336	971566.4523776352
0.0	-4188.067900555128	983090.3671607786
0.0	-11448.933079646788	1000882.1202443045
0.0	-21463.27480325554	1011831.5117695251
0.0	-45140.16010926934	1020637.7435041694
0.0	-346898.08180270484	1200406.883684375
0.0	206821.7619098484	871396.3635488806
0.0	26507.259274251013	738012.9606914467
0.0	9625.182863087412	728710.7360641822
0.0	4907.096972709159	723406.8055808747
0.0	1419.5397153724653	713375.7246197519
0.0	187.39283964665498	708536.6031375909
0.0	43.88239858702489	707793.1837755356
0.0	-67.93562202399045	707639.9060327302
0.0	26.511157312880673	707629.6527532032
0.0	-3.59552329565373	707629.6212678257
0.0	8.08609784846967	707629.6212678289
0.0	2.805956819845372	707629.6212678263
0.0	-3.4915388772498033e-10	707629.621267825
0.0	3.1513887780774608e-09	707629.6212678265
0.0	-2.5986474174745336e-09	707629.6212678246
0.0	9.004838941216246e-10	707629.6212678256
0.0	-5.677800927913887e-10	707629.6212678261
0.0	8.9212204849595e-10	707629.6212678256
0.0	-9.696019216913915e-10	707629.621267826
0.0	-1.0945508130622909e-10	707629.6212678265
0.0	2.8392155690666593e-10	707629.6212678261
0.0	-1.1213788296689272e-09	707629.6212678263
0.0	1.3665891356785503e-10	707629.6212678263
0.0	4.051058159725988e-09	707629.6212678249
0.0	-4.496900994708228e-09	707629.6212678247
0.0	2.927991169677674e-09	707629.6212678256
0.0	-1.303804928521e-09	707629.621267827
0.0	-6.871931855994648e-10	707629.6212678275
0.0	-2.8059568150620637	707629.6212678258
0.0	-8.086097851209384	707629.6212678241
0.0	3.5955232954125753	707629.6212678249
0.0	-26.511157310725444	707629.652753203
0.0	67.93562202374268	707639.9060327283
0.0	-43.88239859813888	707793.183775537
0.0	-187.39283963493173	708536.6031375898
0.0	-1419.5397153746687	713375.7246197416
0.0	-4907.096972714965	723406.8055808732
0.0	-9625.182863085476	728710.7360641808
0.0	-26507.259274262455	738012.9606914463
0.0	-206821.76190983673	871396.3635488902
0.0	115427.94899994135	593573.9266164026
0.0	13318.505100316004	503676.0477759945
0.0	3796.6329589003553	497732.32607655245
0.0	1625.107781354444	493648.9607177733
0.0	281.9821113078377	489250.59249833366
0.0	24.618731850061504	487480.6067524881
0.0	6.130987591685548	487313.6695897352
0.0	-23.741727975680096	487303.6677960825
0.0	25.419640318992887	487303.634533377
0.0	6.632009578540218	487303.63453337713
0.0	6.576898643922528	487303.6345333782
0.0	1.4287488314039833	487303.63453337585
0.0	-5.351930311080298e-10	487303.63453337614
0.0	1.7402516889553254e-09	487303.6345333776
0.0	-1.4492995189229993e-09	487303.63453337643
0.0	6.471071133496535e-10	487303.6345333767
0.0	-3.007151678580168e-11	487303.6345333766
0.0	5.690371260047792e-10	487303.63453337556
0.0	-7.566327600576983e-10	487303.63453337667
0.0	-7.359228792934133e-11	487303.63453337736
0.0	4.4484125430550525e-10	487303.6345333766
0.0	-8.993587948146642e-10	487303.63453337667
0.0	3.0598083059467424e-11	487303.6345333775
0.0	2.41307510582184e-09	487303.6345333762
0.0	-2.698137915416593e-09	487303.6345333762
0.0	1.6055134727635671e-09	487303.6345333771
0.0	-6.062407697126949e-10	487303.6345333778
0.0	-3.8895518118222153e-10	487303.6345333783
0.0	-1.428748828767183	487303.63453337696
0.0	-6.57689864520691	487303.6345333761
0.0	-6.632009578670532	487303.6345333768
0.0	-25.419640317820374	487303.63453337696
0.0	23.741727975722306	487303.6677960812
0.0	-6.130987597823308	487313.6695897364
0.0	-24.618731843619734	487480.60675248783
0.0	-281.9821113095373	489250.59249832726
0.0	-1625.1077813574898	493648.9607177727
0.0	-3796.6329588991484	497732.32607655186
0.0	-13318.505100322447	503676.0477759951
0.0	-115427.94899993484	593573.9266164079
0.0	58098.36431787924	372612.2234660243
0.0	5740.168802383343	317277.06839279603
0.0	1233.5723497782615	312674.49773249903
0.0	310.2510972412459	310947.915497325
0.0	-29.386239030512108	309261.94388429786
0.0	-4.955890876527976	308931.61150423356
0.0	3.8668374723266252	308921.67050377064
0.0	1.6698008540402416	308921.6356030754
0.0	15.457841065252365	308921.6356030748
0.0	5.6208082050655115	308921.6356030747
0.0	2.9385737277889277	308921.6356030753
0.0	0.48297841826838284	308921.6356030742
0.0	-8.085258186535181e-11	308921.63560307416
0.0	8.014744408285839e-10	308921.63560307486
0.0	-7.109119652604464e-10	308921.63560307433
0.0	3.4333662225210263e-10	308921.6356030746
0.0	-2.0539769589502075e-10	308921.6356030744
0.0	3.138266785401062e-10	308921.6356030741
0.0	-3.1213549522665577e-10	308921.6356030747
0.0	-2.1311159922550736e-11	308921.635603075
0.0	5.1883956023757165e-11	308921.6356030746
0.0	-3.3712429307825794e-10	308921.63560307457
0.0	1.448641279662194e-12	308921.6356030749
0.0	1.167935976269004e-09	308921.63560307433
0.0	-1.396046207695385e-09	308921.63560307433
0.0	8.531111068822392e-10	308921.6356030748
0.0	-2.525409417463063e-10	308921.63560307515
0.0	-2.194471875080591e-10	308921.6356030755
0.0	-0.482978416930311	308921.6356030747
0.0	-2.938573728649051	308921.63560307445
0.0	-5.62080820509554	308921.63560307445
0.0	-15.457841064635648	308921.63560307474
0.0	-1.6698008540982698	308921.6356030749
0.0	-3.8668374754026065	308921.67050377117
0.0	4.9558908797164225	308931.61150423344
0.0	29.386239029351664	309261.94388429413
0.0	-310.2510972425987	310947.9154973248
0.0	-1233.572349777744	312674.4977324987
0.0	-5740.168802386566	317277.06839279644
0.0	-58098.36431787583	372612.2234660271
0.0	25202.952234817836	210147.24096809805
0.0	2068.772196449262	179656.83473445603
0.0	273.42795860984694	177381.80015104142
0.0	-33.44367076076307	176431.86105589056
0.0	-38.46685719222813	176099.63198547924
0.0	3.4932711520602258	176084.4658086878
0.0	6.746795341545046	176084.4297978729
0.0	6.772704162940549	176084.42979787313
0.0	7.1498126455468896	176084.42979787273
0.0	2.5611091702023345	176084.42979787267
0.0	0.908345266023197	176084.42979787313
0.0	0.1186968727578996	176084.42979787267
0.0	2.4318413123045605e-11	176084.42979787258
0.0	3.247758036343433e-10	176084.4297978727
0.0	-3.151430987110305e-10	176084.42979787246
0.0	1.6259782054027586e-10	176084.4297978726
0.0	-1.6157742537440902e-10	176084.4297978726
0.0	1.5003670623392226e-10	176084.42979787267
0.0	-9.96838136320712e-11	176084.42979787273
0.0	1.9410524812267417e-12	176084.42979787273
0.0	-4.545602997921104e-11	176084.42979787267
0.0	-8.578054179127152e-11	176084.42979787273
0.0	-1.6544566471365674e-11	176084.42979787267
0.0	5.538611166148632e-10	176084.42979787244
0.0	-6.456420079566136e-10	176084.42979787244
0.0	4.021339508124334e-10	176084.4297978727
0.0	-6.174891154393564e-11	176084.42979787284
0.0	-1.0909527021825715e-10	176084.42979787302
0.0	-0.11869687217224713	176084.42979787273
0.0	-0.9083452664688254	176084.42979787255
0.0	-2.56110917021941	176084.4297978725
0.0	-7.149812645228878	176084.42979787267
0.0	-6.7727041629729685	176084.4297978727
0.0	-6.746795342870078	176084.42979787316
0.0	-3.49327115061993	176084.46580868785
0.0	38.46685719144399	176099.63198547735
0.0	33.44367076030452	176431.86105589036
0.0	-273.42795860960985	177381.80015104124
0.0	-2068.772196450719	179656.83473445624
0.0	-25202.95223481625	210147.2409680995
0.0	8749.784604385819	102522.5667051619
0.0	564.6289727173993	88889.45424110636
0.0	15.147152972594755	87743.74969972557
0.0	-34.342477044451115	87462.39644656604
0.0	4.4707628276707965	87445.89756975115
0.0	10.010334261385687	87445.85697075503
0.0	6.136831504470407	87445.85697075528
0.0	4.440969399811262	87445.85697075531
0.0	2.59317032238108	87445.85697075522
0.0	0.8026688774736292	87445.85697075512
0.0	0.2076600264048229	87445.85697075533
0.0	0.02197241005798981	87445.85697075515
0.0	1.481186231293289e-11	87445.85697075512
0.0	7.270225700053161e-11	87445.85697075521
0.0	-7.823685279320794e-11	87445.85697075506
0.0	8.60258380518095e-11	87445.85697075515
0.0	-8.279630100404139e-11	87445.85697075512
0.0	6.473623975859824e-11	87445.85697075515
0.0	-2.0304880456259943e-11	87445.85697075515
0.0	-2.246208680199973e-12	87445.85697075515
0.0	-1.498809005508115e-11	87445.85697075515
0.0	-4.371786643259002e-11	87445.85697075515
0.0	-1.0071822397896561e-11	87445.85697075515
0.0	1.9290938726228858e-10	87445.85697075508
0.0	-2.1427463328746145e-10	87445.8569707551
0.0	1.0429237840020327e-10	87445.85697075518
0.0	5.209569370815038e-11	87445.85697075527
0.0	-5.047313018884667e-11	87445.85697075531
0.0	-0.021972409890199517	87445.85697075521
0.0	-0.2076600265646698	87445.8569707551
0.0	-0.8026688774702079	87445.85697075512
0.0	-2.593170322247974	87445.8569707552
0.0	-4.440969399858155	87445.85697075515
0.0	-6.136831504865011	87445.85697075538
0.0	-10.01033426089598	87445.85697075509
0.0	-4.470762828119581	87445.89756975038
0.0	34.342477044429494	87462.39644656601
0.0	-15.147152972582564	87743.7496997255
0.0	-564.6289727178737	88889.45424110649
0.0	-8749.784604385191	102522.5667051624
0.0	2031.8848245238373	40633.096556854594
0.0	82.0328248461782	35719.436110261435
0.0	-4.225443477642305	35419.853126621376
0.0	14.062277726377735	35402.53801078116
0.0	23.31532900184061	35402.49052559297
0.0	8.69472857194575	35402.49052559284
0.0	3.5700737536435683	35402.49052559293
0.0	1.8521073572638782	35402.49052559291
0.0	0.7373657186548073	35402.49052559288
0.0	0.18550640074168542	35402.49052559287
0.0	0.03611871306167856	35402.490525592926
0.0	0.0031164561084317368	35402.49052559285
0.0	9.122805638913693e-12	35402.490525592846
0.0	-2.575518047244805e-12	35402.49052559289
0.0	-2.7421733445173238e-11	35402.49052559284
0.0	2.0920578874687303e-11	35402.49052559283
0.0	-4.0358006607477683e-11	35402.49052559283
0.0	1.2676334922172294e-11	35402.490525592846
0.0	-1.779502991273348e-11	35402.49052559285
0.0	-1.0865656522032316e-11	35402.49052559286
0.0	-1.4266649190123125e-11	35402.49052559286
0.0	-2.4582567354051115e-11	35402.49052559285
0.0	-1.1527716655054839e-11	35402.49052559286
0.0	5.0966904440355456e-11	35402.49052559284
0.0	-6.769790208726858e-11	35402.49052559286
0.0	7.147881314334227e-12	35402.490525592875
0.0	2.8870326541079493e-11	35402.490525592904
0.0	-2.543047296405078e-11	35402.49052559292
0.0	-0.003116456090521952	35402.49052559288
0.0	-0.03611871312935325	35402.49052559286
0.0	-0.18550640075811564	35402.49052559286
0.0	-0.7373657186308337	35402.49052559289
0.0	-1.8521073573106828	35402.490525592875
0.0	-3.5700737537332228	35402.49052559298
0.0	-8.694728571845571	35402.490525592875
0.0	-23.315329002061894	35402.490525592686
0.0	-14.062277726330255	35402.538010781136
0.0	4.225443477598082	35419.85312662137
0.0	-82.03282484631502	35719.436110261486
0.0	-2031.8848245236484	40633.096556854754
0.0	106.2518351266533	11540.734356758396
0.0	-5.988608512048554	10681.724096937476
0.0	16.515006545830246	10663.347013848834
0.0	30.757297498780346	10663.290717203448
0.0	19.541761590262112	10663.29071720346
0.0	4.721666749617249	10663.290717203443
0.0	1.476496508316561	10663.290717203467
0.0	0.5635300702233569	10663.29071720345
0.0	0.16385528801006038	10663.290717203454
0.0	0.03255750089987161	10663.290717203447
0.0	0.0048479944901111535	10663.290717203457
0.0	0.000341834338801477	10663.29071720344
0.0	9.117685344157559e-12	10663.29071720344
0.0	-5.415437192687845e-12	10663.290717203452
0.0	-4.7099276750499146e-12	10663.290717203447
0.0	5.237665304238789e-12	10663.290717203447
0.0	-8.547390029602443e-12	10663.290717203441
0.0	3.3157937812537388e-12	10663.29071720344
0.0	-2.5242214822835373e-12	10663.290717203445
0.0	-1.5494967688335537e-12	10663.290717203447
0.0	-3.3898338849197592e-12	10663.290717203447
0.0	-2.3925498229311848e-12	10663.290717203447
0.0	-1.868892442492489e-12	10663.29071720345
0.0	1.2253740123493351e-11	10663.29071720344
0.0	-9.022133735727054e-12	10663.290717203447
0.0	-4.624782662586929e-12	10663.290717203448
0.0	1.2534738590100683e-11	10663.290717203454
0.0	-4.858355470123951e-12	10663.290717203456
0.0	-0.0003418343398161505	10663.290717203448
0.0	-0.0048479945032332715	10663.290717203448
0.0	-0.0325575009026879	10663.290717203445
0.0	-0.163855288003567	10663.290717203461
0.0	-0.5635300702390028	10663.290717203437
0.0	-1.4764965083134383	10663.290717203468
0.0	-4.721666749611448	10663.290717203443
0.0	-19.54176159032268	10663.290717203408
0.0	-30.75729749874006	10663.290717203457
0.0	-16.515006545853723	10663.347013848826
0.0	5.98860851203807	10681.724096937487
0.0	-106.25183512660719	11540.734356758421
0.0	-60.24271158025199	1766.4170767229327
0.0	7.4188379798767805	1729.5843707614672
0.0	22.679024345178778	1729.518914125909
0.0	23.069512872955862	1729.5189120802072
0.0	10.11081670907582	1729.5189111282007
0.0	1.8327938264458157	1729.5189107750894
0.0	0.4544796523356718	1729.5189106711907
0.0	0.13024416037817763	1729.51891064704
0.0	0.028436588788605815	1729.5189106426317
0.0	0.004404363756771664	1729.518910641997
0.0	0.0005061081687086877	1729.5189106419264
0.0	2.9154897769565868e-05	1729.5189106419202
0.0	2.920698049828779e-12	1729.5189106419202
0.0	-1.0154684492921568e-12	1729.5189106419207
0.0	-9.395092676209527e-13	1729.518910641921
0.0	-8.838490796393997e-13	1729.5189106419202
0.0	-5.650545035734866e-13	1729.5189106419195
0.0	-5.4365757356864e-13	1729.5189106419202
0.0	6.766783344296248e-13	1729.5189106419202
0.0	-1.023412444614449e-13	1729.51891064192
0.0	-1.322159358977159e-12	1729.5189106419198
0.0	1.4233887571021192e-12	1729.5189106419202
0.0	2.8864634734252e-13	1729.5189106419207
0.0	2.440290297141898e-13	1729.5189106419193
0.0	2.2583240287205573e-12	1729.5189106419211
0.0	-2.1015131526613827e-12	1729.518910641921
0.0	3.133529662489071e-13	1729.51891064192
0.0	3.635062927620297e-14	1729.5189106419205
0.0	-2.915489884759169e-05	1729.5189106419218
0.0	-0.0005061081693950074	1729.5189106419289
0.0	-0.0044043637573195375	1729.5189106419973
0.0	-0.028436588789561935	1729.5189106426324
0.0	-0.13024416038174247	1729.5189106470402
0.0	-0.45447965233305726	1729.5189106711905
0.0	-1.8327938264478805	1729.5189107750914
0.0	-10.110816709072518	1729.5189111282036
0.0	-23.06951287294865	1729.5189120802088
0.0	-22.679024345187038	1729.5189141259104
0.0	-7.41883797987221	1729.584370761467
0.0	60.24271158025944	1766.4170767229352
0.0	93.67141701169311	81.34490253024082
0.0	19.619540672913562	81.2565815530179
0.0	16.169008028115876	81.2565754028932
0.0	11.242712861383705	81.25656981702744
0.0	3.746206597937445	81.25656744013239
0.0	0.5339484211691543	81.25656660908606
0.0	0.10662500188519503	81.2565664694008
0.0	0.02327635857766492	81.2565664375202
0.0	0.003864607379913402	81.25656643182117
0.0	0.00046329209896009286	81.2565664310265
0.0	4.12818060854669e-05	81.25656643094024
0.0	1.9400979159468753e-06	81.25656643093312
0.0	-1.221129711375626e-12	81.25656643093349
0.0	3.4769955724067558e-12	81.2565664309326
0.0	-1.5459990454613732e-12	81.25656643093252
0.0	-8.339031148695004e-13	81.25656643093234
0.0	1.9555038336648063e-12	81.25656643093319
0.0	-1.2966579962585248e-13	81.25656643093286
0.0	-4.56506211262497e-13	81.25656643093312
0.0	4.511626185262828e-13	81.256566430933
0.0	6.538563445017593e-13	81.25656643093271
0.0	5.007633804321631e-13	81.2565664309328
0.0	8.841093434289487e-13	81.25656643093322
0.0	7.873213290642918e-13	81.25656643093299
0.0	-7.64082718462536e-13	81.25656643093251
0.0	2.7417510061752614e-12	81.25656643093258
0.0	-3.935985979183105e-12	81.25656643093231
0.0	7.99423380534138e-13	81.25656643093302
0.0	-1.9400937869779647e-06	81.25656643093342
0.0	-4.128180523664607e-05	81.25656643094199
0.0	-0.00046329209860519467	81.2565664310264
0.0	-0.003864607379903233	81.25656643182131
0.0	-0.023276358575999613	81.25656643752087
0.0	-0.10662500189358001	81.25656646940115
0.0	-0.5339484211621368	81.25656660908751
0.0	-3.7462065979222503	81.25656744013773
0.0	-11.242712861390945	81.25656981702696
0.0	-16.169008028114032	81.25657540289379
0.0	-19.619540672915605	81.25658155301804
0.0	-93.67141701168899	81.34490253024076
0.0	143.25576419646748	0.23838182485634177
0.0	16.605167838464798	0.23837070141319475
0.0	7.933022608924574	0.23836104492541663
0.0	3.9883349410119306	0.23834763121589775
0.0	1.0433511492797045	0.2383406036893138
0.0	0.11976384756211252	0.2383427406337657
0.0	0.01941986227319488	0.23834958301894515
0.0	0.0032679434549854965	0.23835517233095724
0.0	0.00041509938249596995	0.23835786852936966
0.0	3.816455948278025e-05	0.23835873174931882
0.0	2.638192029068359e-06	0.23835892544723575
0.0	1.0094536865303284e-07	0.23835895678932373
0.0	-1.2681887706145018e-12	0.23835896051140565
0.0	3.5053916462367257e-12	0.23835896084046737
0.0	-2.053309107117053e-12	0.23835896086163416
0.0	-1.7432279897434487e-13	0.23835896086234157
0.0	2.9412005874274795e-13	0.23835896086251038
0.0	1.416659534624282e-13	0.23835896086240482
0.0	-4.362931308324692e-13	0.2383589608625299
0.0	-5.26512178711639e-14	0.23835896086247196
0.0	-4.227677294300946e-14	0.2383589608624928
0.0	-7.303753452345585e-14	0.23835896086252203
0.0	3.4914883663959995e-13	0.23835896086268887
0.0	1.0644363040320658e-12	0.23835896086243757
0.0	-2.5048783473953347e-12	0.23835896086240058
0.0	3.4173390649472202e-12	0.2383589608616393
0.0	-3.5214414297923925e-12	0.23835896084052755
0.0	-3.5077038921782154e-14	0.23835896051157368
0.0	-1.0094082293809811e-07	0.23835895678904662
0.0	-2.6381937029022716e-06	0.2383589254465536
0.0	-3.81645596488957e-05	0.23835873174932617
0.0	-0.00041509938194897553	0.23835786852944119
0.0	-0.0032679434536217493	0.23835517233069492
0.0	-0.019419862285453608	0.23834958301906975
0.0	-0.11976384755208323	0.23834274063357852
0.0	-1.043351149271655	0.23834060368859072
0.0	-3.9883349410216877	0.23834763121588884
0.0	-7.933022608921757	0.2383610449252942
0.0	-16.605167838471807	0.23837070141324326
0.0	-143.25576419646117	0.23838182485630557
0.0	100.01414863049078	-1.3315061235661658e-05
0.0	8.771741740826878	-3.809726014862664e-05
0.0	2.885170638187267	-6.065670540933379e-05
0.0	1.071065644454566	-8.47053361680678e-05
0.0	0.22400625197741714	-9.324543116573067e-05
0.0	0.02121240323929647	-7.934459282050101e-05
0.0	0.0028263809364579983	-5.865861046604566e-05
0.0	0.00037272839610104624	-4.3404981333213705e-05
0.0	3.6331957798774146e-05	-3.633195145835808e-05
0.0	2.4939190048438988e-06	-3.408391960929832e-05
0.0	1.3231659204892704e-07	-3.357353173166328e-05
0.0	4.1124285186712705e-09	-3.348868284715811e-05
0.0	-5.660538941024652e-13	-3.347818027396852e-05
0.0	1.7890864514080108e-12	-3.3477199497689816e-05
0.0	-1.1262135816727678e-12	-3.3477130309236984e-05
0.0	3.267320396171829e-13	-3.3477126374568584e-05
0.0	-3.811610905354878e-13	-3.347712600841553e-05
0.0	3.8687312293423434e-13	-3.3477126246808104e-05
0.0	-2.925395897495721e-13	-3.3477125885169576e-05
0.0	-2.206084165055803e-14	-3.34771259078487e-05
0.0	-3.688682205606695e-14	-3.347712588646312e-05
0.0	-3.2425971918602916e-13	-3.347712578212734e-05
0.0	5.715194366093845e-14	-3.347712586095263e-05
0.0	1.4173203857916346e-12	-3.347712604548623e-05
0.0	-2.2859561230804012e-12	-3.347712648723321e-05
0.0	1.9234500638185314e-12	-3.3477130234627646e-05
0.0	-1.0814725295128257e-12	-3.347719935544473e-05
0.0	-1.7438656965814603e-13	-3.347817946208393e-05
0.0	-4.109714961574462e-09	-3.348868327797583e-05
0.0	-1.3231803138716017e-07	-3.357353336004231e-05
0.0	-2.493919129603111e-06	-3.4083919709430845e-05
0.0	-3.63319569194784e-05	-3.633195144940414e-05
0.0	-0.0003727283957262445	-4.340498200260287e-05
0.0	-0.0028263809439417037	-5.865861065182393e-05
0.0	-0.021212403232121868	-7.934459409573976e-05
0.0	-0.22400625197631227	-9.324543463393922e-05
0.0	-1.071065644459211	-8.47053356579152e-05
0.0	-2.8851706381859756	-6.065670567867341e-05
0.0	-8.771741740831825	-3.809726004173139e-05
0.0	-100.01414863048555	-1.331506126215265e-05
0.0	46.40422209299669	-1.0199947282804158e-05
0.0	3.295622222459766	-3.8189367535138727e-05
0.0	0.7982679396505672	-5.82746507816499e-05
0.0	0.22216031405298914	-7.829031727774654e-05
0.0	0.03825733517436538	-8.01175374657293e-05
0.0	0.003132071660683941	-6.999248184272687e-05
0.0	0.00035395820615386755	-5.18722961739148e-05
0.0	3.800327138786517e-05	-3.800327243221092e-05
0.0	2.86764185360826e-06	-3.1374646960637015e-05
0.0	1.3535363133510388e-07	-2.916950360848552e-05
0.0	5.212513268004294e-09	-2.863489845383816e-05
0.0	1.3150901080610333e-10	-2.8537557759457433e-05
0.0	-1.3948019357398432e-13	-2.8523945591750982e-05
0.0	7.005626291924376e-13	-2.8522458366260518e-05
0.0	-6.373749753620488e-13	-2.8522330542907975e-05
0.0	2.618966536448052e-13	-2.852232226897306e-05
0.0	-4.5405849792927413e-13	-2.8522321521998735e-05
0.0	2.1925258003379108e-13	-2.8522321648604045e-05
0.0	-1.8669082822880017e-13	-2.8522321355392508e-05
0.0	-9.713888678719087e-14	-2.8522321495263678e-05
0.0	-1.4413587188650156e-13	-2.8522321505485336e-05
0.0	-2.954184325949055e-13	-2.8522321473951245e-05
0.0	-6.841455389715471e-14	-2.852232150622824e-05
0.0	8.855276647305837e-13	-2.8522321587578665e-05
0.0	-1.379091043031316e-12	-2.8522322361316943e-05
0.0	7.861648487450557e-13	-2.8522330596582132e-05
0.0	-2.483150870181468e-13	-2.852245825830186e-05
0.0	-3.0331312750705416e-13	-2.852394507985363e-05
0.0	-1.3035082362812134e-10	-2.8537557600631464e-05
0.0	-5.213552103337127e-09	-2.863489936439755e-05
0.0	-1.3535379929384795e-07	-2.9169503645486713e-05
0.0	-2.8676413286182827e-06	-3.1374646991448015e-05
0.0	-3.800327160343311e-05	-3.8003272581838566e-05
0.0	-0.0003539582096737285	-5.187229633265299e-05
0.0	-0.003132071657178874	-6.999248321654184e-05
0.0	-0.03825733517559013	-8.011753968873047e-05
0.0	-0.22216031405455855	-7.829031685686568e-05
0.0	-0.7982679396503465	-5.8274651010926676e-05
0.0	-3.2956222224622436	-3.818936753311183e-05
0.0	-46.40422209299394	-1.0199947553557634e-05
0.0	15.723966569064842	-9.080066157660868e-06
0.0	0.9218656771238734	-4.420042932750098e-05
0.0	0.1698569013202449	-5.9863009936971885e-05
0.0	0.03665036392689374	-6.950648692659824e-05
0.0	0.005661331422091181	-7.596191508243944e-05
0.0	0.000442928950414017	-6.278101163088081e-05
0.0	4.537330502544689e-05	-4.537330487073413e-05
0.0	4.26749110881359e-06	-3.2718877649179e-05
0.0	2.5916469962888903e-07	-2.674954245771628e-05
0.0	7.266330721094545e-09	-2.4758246801240417e-05
0.0	1.6113112226312088e-10	-2.426359873585188e-05
0.0	3.5303205819449343e-12	-2.4168210465905483e-05
0.0	1.3936849461978176e-13	-2.4153409548404275e-05
0.0	3.029903440359459e-13	-2.41515146074123e-05
0.0	-1.4520594107959403e-13	-2.4151313089142468e-05
0.0	2.802584855838443e-13	-2.4151295492304314e-05
0.0	-1.386841656785832e-13	-2.415129408688617e-05
0.0	2.4920171465649905e-13	-2.415129410966169e-05
0.0	3.1535492876660166e-14	-2.4151294006089178e-05
0.0	7.882986151733297e-14	-2.4151294011195584e-05
0.0	3.972482608414482e-14	-2.4151294027097598e-05
0.0	-1.505024129708454e-14	-2.415129405542569e-05
0.0	7.007238398934071e-14	-2.415129404021654e-05
0.0	5.445260711317594e-13	-2.4151294117745407e-05
0.0	-4.4912562237116183e-13	-2.41512955249051e-05
0.0	3.739859388496987e-13	-2.415131306416481e-05
0.0	1.642231781375105e-13	-2.4151514537557113e-05
0.0	-4.533355119552536e-14	-2.4153409300458154e-05
0.0	-2.8890514294487245e-12	-2.416821054393732e-05
0.0	-1.6140652962608548e-10	-2.4263599304363956e-05
0.0	-7.266164814814166e-09	-2.4758246808008613e-05
0.0	-2.591642260089798e-07	-2.674954244249018e-05
0.0	-4.267491048464087e-06	-3.271887781620998e-05
0.0	-4.537330603541482e-05	-4.5373305004848696e-05
0.0	-0.00044292894886462076	-6.278101218778304e-05
0.0	-0.005661331422886045	-7.596191632619107e-05
0.0	-0.036650363926984	-6.950648672591998e-05
0.0	-0.16985690132008194	-5.986301005133165e-05
0.0	-0.9218656771246102	-4.420042934109538e-05
0.0	-15.723966569063533	-9.080066220581801e-06
0.0	4.03646036364631	-8.163116254545286e-06
0.0	0.19565889348333373	-5.23929214441721e-05
0.0	0.02818956161834768	-6.493889048214167e-05
0.0	0.005324604626990326	-9.211432291577546e-05
0.0	0.0008975381113915916	-9.245525238805358e-05
0.0	7.422483312611752e-05	-7.422483283876899e-05
0.0	7.221455116769066e-06	-5.0933211813698026e-05
0.0	6.18424025617618e-07	-3.470904839339798e-05
0.0	3.2074872835208433e-08	-2.7218484686331356e-05
0.0	5.536798060501008e-10	-2.473548195646049e-05
0.0	3.740929951186822e-12	-2.4112855191046534e-05
0.0	7.449980303273868e-14	-2.3988659075357236e-05
0.0	6.2517841302544684e-15	-2.3967981510675777e-05
0.0	-2.875945872047066e-15	-2.396501148041453e-05
0.0	-9.337311234379639e-14	-2.396464201834038e-05
0.0	3.7999008834045095e-14	-2.396460307386745e-05
0.0	-1.2043122576076976e-13	-2.3964599648983405e-05
0.0	1.7177929401496787e-14	-2.3964599417378976e-05
0.0	-4.743727633583536e-14	-2.39645993682142e-05
0.0	-4.642858480328825e-14	-2.3964599399079954e-05
0.0	-4.3861843005651025e-14	-2.396459937979146e-05
0.0	-7.922711393192507e-14	-2.3964599387250414e-05
0.0	-4.171830941312356e-14	-2.3964599399724485e-05
0.0	1.239824736502474e-13	-2.396459965755268e-05
0.0	-1.9489862072695696e-13	-2.396460308949185e-05
0.0	1.7738265557702198e-14	-2.3964642030206326e-05
0.0	4.693003136811945e-14	-2.3965011464460164e-05
0.0	-7.80337284568079e-14	-2.3967981431909208e-05
0.0	-3.4242743675064273e-14	-2.398865906525818e-05
0.0	-3.9486722708807e-12	-2.4112855375269115e-05
0.0	-5.537503809895134e-10	-2.473548196378918e-05
0.0	-3.207483863506533e-08	-2.7218484682662924e-05
0.0	-6.184241689745454e-07	-3.470904846002033e-05
0.0	-7.221455471342736e-06	-5.093321184958885e-05
0.0	-7.422483277881069e-05	-7.422483306702965e-05
0.0	-0.0008975381118956276	-9.245525283653285e-05
0.0	-0.005324604627015903	-9.211432284246074e-05
0.0	-0.028189561618459997	-6.493889052233662e-05
0.0	-0.19565889348359913	-5.2392921445490394e-05
0.0	-4.036460363646006	-8.163116277582455e-06
0.0	0.7981964349532648	-1.0371319848256333e-05
0.0	0.03184509022804604	-7.919451914421033e-05
0.0	0.0039032742962317405	-0.00014551198325760044
0.0	0.0008938951924393953	-0.00018776877883944535
0.0	0.0001866126850969959	-0.00018661268530313714
0.0	1.530556325545083e-05	-0.00014517886148732908
0.0	1.3726502318066437e-06	-9.541653712215107e-05
0.0	1.0206728254328354e-07	-6.175483127975717e-05
0.0	4.652960127047027e-09	-4.6430967748215874e-05
0.0	6.260638850047433e-11	-4.138817405708614e-05
0.0	3.3904143478882043e-14	-4.012481533722794e-05
0.0	1.3719474864207824e-14	-3.9870678396748116e-05
0.0	1.3005694360441387e-14	-3.982734002703128e-05
0.0	8.429318818394633e-15	-3.982082352160247e-05
0.0	-1.6022659789627664e-14	-3.9819954218675625e-05
0.0	1.9715557450427727e-14	-3.9819853658218285e-05
0.0	-2.025404658428459e-14	-3.98198438647567e-05
0.0	1.3944692104871711e-14	-3.9819843079269564e-05
0.0	-4.038169829408203e-15	-3.9819843019422586e-05
0.0	-1.1664701079672101e-15	-3.981984302245783e-05
0.0	-8.002122365813381e-16	-3.981984302112668e-05
0.0	-1.0331739881325685e-14	-3.981984302134504e-05
0.0	6.780850488575271e-16	-3.981984307340023e-05
0.0	4.107517498802249e-14	-3.98198438649143e-05
0.0	-4.063152453507794e-14	-3.9819853665848425e-05
0.0	1.17770282119154e-14	-3.981995422366137e-05
0.0	2.29279084468004e-14	-3.982082352109809e-05
0.0	-1.0978460459591459e-14	-3.982734000418984e-05
0.0	1.3829823982359391e-14	-3.9870678394614304e-05
0.0	-7.0093592573091e-14	-4.01248153868056e-05
0.0	-6.260540703424962e-11	-4.13881740605254e-05
0.0	-4.652930816905507e-09	-4.643096775352214e-05
0.0	-1.0206730142892399e-07	-6.175483129436713e-05
0.0	-1.3726502931179663e-06	-9.541653713021338e-05
0.0	-1.5305563159069294e-05	-0.00014517886155115413
0.0	-0.00018661268522306395	-0.0001866126854227869
0.0	-0.0008938951924120187	-0.0001877687788220217
0.0	-0.0039032742962482013	-0.00014551198326829602
0.0	-0.03184509022809191	-7.919451914163317e-05
0.0	-0.79819643495318	-1.037131985529572e-05
0.0	0.12231811926206022	-1.0026722199706434e-05
0.0	0.004113805770516757	-8.92820841867914e-05
0.0	0.000585962510090337	-0.00016503083178283002
0.0	0.00021724718569817022	-0.00021724718571173253
0.0	4.494459997362526e-05	-0.00020515293733405483
0.0	3.2699929687935495e-06	-0.0001562051978636024
0.0	2.4596464771541756e-07	-0.00010031503614397357
0.0	1.6788403524866392e-08	-6.327101015156914e-05
0.0	6.345322855611387e-10	-4.657932569098074e-05
0.0	7.60638546816269e-12	-4.1122307151372076e-05
0.0	-2.0764725335343827e-14	-3.975883641269722e-05
0.0	-1.0132023740813879e-14	-3.948365288688336e-05
0.0	-9.269356414169035e-15	-3.9436057489519635e-05
0.0	-1.2252570620977128e-14	-3.9428677747651135e-05
0.0	-1.5588258212227727e-14	-3.942764144239853e-05
0.0	-8.680960321609412e-15	-3.942751218055147e-05
0.0	-1.707814205313643e-14	-3.942749817570054e-05
0.0	-9.378395219977166e-15	-3.942749686081486e-05
0.0	-1.334048954888742e-14	-3.942749674535188e-05
0.0	-1.282609182791028e-14	-3.9427496737044036e-05
0.0	-1.3199989897693174e-14	-3.9427496737240514e-05
0.0	-1.4913938967619535e-14	-3.942749674627576e-05
0.0	-1.3056823114489055e-14	-3.942749685909606e-05
0.0	-4.587727733364969e-15	-3.942749817591704e-05
0.0	-2.0301508311833086e-14	-3.942751218001115e-05
0.0	-1.0765457160647855e-14	-3.942764144191417e-05
0.0	-6.880731163570188e-15	-3.942867774598309e-05
0.0	-1.4857721870667424e-14	-3.943605748335345e-05
0.0	-1.0445002676159673e-14	-3.9483652886985816e-05
0.0	-1.1610859753385731e-14	-3.9758836421997216e-05
0.0	-7.631911684666235e-12	-4.112230715140124e-05
0.0	-6.345518134801969e-10	-4.657932569068367e-05
0.0	-1.6788433518608244e-08	-6.327101015376991e-05
0.0	-2.4596468326556644e-07	-0.00010031503614581512
0.0	-3.269992975955092e-06	-0.00015620519787606718
0.0	-4.49446000260926e-05	-0.00020515293735790446
0.0	-0.0002172471857138487	-0.0002172471857077383
0.0	-0.0005859625101161249	-0.00016503083178505667
0.0	-0.004113805770543254	-8.928208418630913e-05
0.0	-0.12231811926205946	-1.0026722201250334e-05
0.0	0.01440434930291078	-1.0712606792460857e-05
0.0	0.0005204770698798127	-8.551781328659626e-05
0.0	0.00013614238358574098	-0.00013614238358700934
0.0	5.5733716487717283e-05	-0.00016945129069960115
0.0	1.0230531328342487e-05	-0.00016521396497518715
0.0	5.821924860468004e-07	-0.00012742908233483158
0.0	4.458529470448608e-08	-8.373239974716072e-05
0.0	2.3820459024421676e-09	-5.4425813412449465e-05
0.0	7.520750077490076e-11	-4.112355683702162e-05
0.0	7.964829562375595e-13	-3.6745774332498554e-05
0.0	-2.706360319968277e-15	-3.564266502307503e-05
0.0	-7.847209961974303e-16	-3.5416880518084126e-05
0.0	-5.51392492231072e-16	-3.5376873366111536e-05
0.0	-1.1693046277720056e-15	-3.537043160787187e-05
0.0	-1.6970671774321535e-15	-3.536947738463559e-05
0.0	-5.333017974532236e-16	-3.5369349089210345e-05
0.0	-1.931686526505542e-15	-3.536933351883628e-05
0.0	-6.960412896444792e-16	-3.536933175357702e-05
0.0	-1.320376841629989e-15	-3.5369331546965134e-05
0.0	-1.2086977739474017e-15	-3.53693315197302e-05
0.0	-1.251051372179694e-15	-3.5369331519647596e-05
0.0	-1.4994075368264217e-15	-3.536933154709609e-05
0.0	-1.2430002517741437e-15	-3.536933175336129e-05
0.0	1.150493819466429e-16	-3.536933351877853e-05
0.0	-2.264746606968965e-15	-3.536934908931263e-05
0.0	-9.94064907499242e-16	-3.5369477384701776e-05
0.0	-2.402171995192981e-16	-3.53704316075467e-05
0.0	-1.5958281982170088e-15	-3.537687336535184e-05
0.0	-9.298951053297388e-16	-3.541688051799255e-05
0.0	-8.607945632174121e-16	-3.564266502451897e-05
0.0	-7.988603901228315e-13	-3.674577433240121e-05
0.0	-7.520896852517836e-11	-4.112355683695608e-05
0.0	-2.382049145846982e-09	-5.442581341281106e-05
0.0	-4.45852986155334e-08	-8.373239974748719e-05
0.0	-5.821924856414319e-07	-0.0001274290823368745
0.0	-1.0230531335390869e-05	-0.00016521396497910397
0.0	-5.5733716488632276e-05	-0.00016945129069879236
0.0	-0.0001361423835884974	-0.00013614238358725328
0.0	-0.0005204770698825349	-8.551781328660886e-05
0.0	-0.014404349302908778	-1.0712606792701087e-05
0.0	0.0012267622924276196	-1.4470150479937588e-05
0.0	0.00010159650120142357	-0.0001015965012013853
0.0	4.302683666939315e-05	-0.00017685246492602175
0.0	1.2894513932324924e-05	-0.00021692819273696378
0.0	1.911922625174148e-06	-0.00021075356192038112
0.0	1.2992408587573467e-07	-0.00016223303813401896
0.0	7.502794881079875e-09	-0.000105928962686788
0.0	3.127299624370572e-10	-6.808584910585942e-05
0.0	8.086874567619225e-12	-5.08745491480932e-05
0.0	7.424858926669057e-14	-4.5197721771265206e-05
0.0	-1.1591606761883449e-16	-4.376179638739323e-05
0.0	1.298739554887025e-16	-4.346572207146591e-05
0.0	1.7120936023111592e-16	-4.3412607536580834e-05
0.0	8.009551181424628e-17	-4.340391539151066e-05
0.0	2.4942320434210803e-17	-4.340260662756507e-05
0.0	1.6347503223824314e-16	-4.340242844226319e-05
0.0	-2.463657652283168e-18	-4.340240672959149e-05
0.0	1.4562988096663927e-16	-4.340240429355847e-05
0.0	6.806645612821913e-17	-4.340240401076007e-05
0.0	8.641987584145883e-17	-4.3402403970288626e-05
0.0	7.311544872232794e-17	-4.340240397027982e-05
0.0	4.669316628750444e-17	-4.340240401076581e-05
0.0	7.470718118955997e-17	-4.340240429353149e-05
0.0	2.484355274585129e-16	-4.340240672960611e-05
0.0	-4.399650428468268e-17	-4.3402428442276966e-05
0.0	1.0032984433793698e-16	-4.340260662755279e-05
0.0	2.0703108004571374e-16	-4.3403915391482644e-05
0.0	3.604764777206032e-17	-4.341260753647432e-05
0.0	1.1152016302205252e-16	-4.3465722071467734e-05
0.0	1.3840978367846501e-16	-4.376179638757674e-05
0.0	-7.408230258385692e-14	-4.5197721771239585e-05
0.0	-8.086581881895313e-12	-5.087454914804518e-05
0.0	-3.1272989819621504e-10	-6.808584910585649e-05
0.0	-7.502794876934666e-09	-0.0001059289626867888
0.0	-1.2992408525091287e-07	-0.00016223303813424445
0.0	-1.9119226256329535e-06	-0.0002107535619208903
0.0	-1.2894513932000344e-05	-0.00021692819273681486
0.0	-4.302683666930556e-05	-0.00017685246492600857
0.0	-0.00010159650120137563	-0.00010159650120132382
0.0	-0.0012267622924265627	-1.4470150479900278e-05
0.0	4.0457730879484114e-05	-4.045773087950509e-05
0.0	3.6354679868614515e-05	-0.0006026691292901373
0.0	1.0694005821683243e-05	-0.001050014144431726
0.0	2.4100524701344e-06	-0.0012744502474695428
0.0	2.8343773630880073e-07	-0.0011863115960509389
0.0	1.4281953164749897e-08	-0.0008680878694528962
0.0	6.948602250810367e-10	-0.0005294244397081144
0.0	2.5579066278689783e-11	-0.00031089915116598306
0.0	5.802125674408419e-13	-0.00021406110497272461
0.0	4.753348228192546e-15	-0.0001827155865383255
0.0	-2.1606177390048665e-17	-0.00017489567587765934
0.0	2.94117953286791e-18	-0.00017329430925474076
0.0	7.994681076080972e-18	-0.0001730055769997708
0.0	-3.153757063584116e-18	-0.00017295768854057886
0.0	-6.190904395480095e-18	-0.00017295063406407244
0.0	6.74591729494019e-18	-0.00017294988296965227
0.0	-1.0142002253935052e-17	-0.00017294989488945777
0.0	4.097659309733421e-18	-0.00017294993158090613
0.0	-1.9489933171600907e-18	-0.00017294994471080073
0.0	-2.0436647498446353e-18	-0.00017294994789828389
0.0	-2.007770582807168e-18	-0.00017294994789828868
0.0	-5.3468719627552075e-18	-0.00017294994471081315
0.0	-1.6716823546739378e-18	-0.00017294993158091748
0.0	1.4433880690616306e-17	-0.00017294989488947214
0.0	-1.2415179172124198e-17	-0.00017294988296966306
0.0	-1.2370288279189346e-18	-0.0001729506340640695
0.0	1.3413955405075393e-17	-0.0001729576885405571
0.0	-6.503231984419364e-18	-0.00017300557699972434
0.0	1.2245935620365138e-19	-0.00017329430925468143
0.0	4.605887420815762e-18	-0.0001748956758775795
0.0	-4.754484140673876e-15	-0.0001827155865381473
0.0	-5.802018258237016e-13	-0.0002140611049724449
0.0	-2.5579082024622298e-11	-0.0003108991511656205
0.0	-6.948602556436945e-10	-0.0005294244397077019
0.0	-1.4281953097319311e-08	-0.0008680878694525082
0.0	-2.8343773642562886e-07	-0.001186311596050605
0.0	-2.4100524701217036e-06	-0.0012744502474690792
0.0	-1.0694005821689227e-05	-0.001050014144431303
0.0	-3.635467986861529e-05	-0.0006026691292897529
0.0	-4.045773087916807e-05	-4.045773087921499e-05
