1600
0.0	2.0178555914853696e+17	2.0178555915184256e+17
0.0	-2.129649223229045e+17	-4.8024132639521075e+17
0.0	1.8958870660342464e+17	-1.8646018196628946e+18
0.0	-3.950996454669034e+16	-2.4366267888295286e+18
0.0	4.969120180826976e+16	-3.299647966341888e+18
0.0	-1.3071316968774584e+16	-3.581911778402545e+18
0.0	3865455670640630.5	-3.7238292766993935e+18
0.0	-420325454634747.5	-3.7123261317390843e+18
0.0	382416139790443.5	-3.731298641720172e+18
0.0	-542575938539826.94	-3.729467468277626e+18
0.0	-87640635407690.38	-3.736706649071054e+18
0.0	163875294707138.56	-3.734479593456211e+18
0.0	-406354219144829.75	-3.733076195606735e+18
0.0	210192937862869.94	-3.731747907862628e+18
0.0	-97592688488000.56	-3.730891863059135e+18
0.0	61401557609230.266	-3.7306898529414467e+18
0.0	-7682336051455.137	-3.7306079605633987e+18
0.0	19522598954740.23	-3.7306411413236116e+18
0.0	-5563822495297.873	-3.730618357862594e+18
0.0	3403361621697.3696	-3.730628287450332e+18
0.0	-3403361846101.203	-3.7306282874502917e+18
0.0	5563822259091.201	-3.7306183578625126e+18
0.0	-19522599153743.992	-3.730641141323562e+18
0.0	7682335849707.341	-3.7306079605634427e+18
0.0	-61401557835471.45	-3.7306898529415506e+18
0.0	97592688242667.1	-3.730891863059137e+18
0.0	-210192938046281.12	-3.7317479078625444e+18
0.0	406354218935826.06	-3.7330761956065966e+18
0.0	-163875294913668.3	-3.7344795934561915e+18
0.0	87640635143830.62	-3.736706649071203e+18
0.0	542575938316362.94	-3.7294674682777257e+18
0.0	-382416139961084.5	-3.7312986417201695e+18
0.0	420325454364293.0	-3.712326131738944e+18
0.0	-3865455670878390.5	-3.723829276699129e+18
0.0	1.30713169686469e+16	-3.5819117784025467e+18
0.0	-4.969120180865497e+16	-3.299647966342339e+18
0.0	3.950996454661213e+16	-2.436626788830035e+18
0.0	-1.8958870660354634e+17	-1.8646018196631483e+18
0.0	2.129649223228281e+17	-4.802413263951442e+17
0.0	-2.0178555914860493e+17	2.017855591519168e+17
0.0	-1.7190596091526748e+18	4.9826216959741096e+16
0.0	1.6401850901321126e+19	9.745650724852335e+18
0.0	1.0380955219034926e+18	1.0405556481330935e+20
0.0	7.442852383179328e+17	2.524345549766381e+20
0.0	-2.5738330062654253e+17	2.7524056959791982e+20
0.0	2.909875865137304e+16	2.488370812662813e+20
0.0	2850785130385592.0	2.8085583027686094e+20
0.0	-2.455606986335163e+16	2.5823757216220168e+20
0.0	1.4874095901025916e+16	2.742193720655455e+20
0.0	-6373312138256150.0	2.668294790562325e+20
0.0	5385658931094426.0	2.7011827252371427e+20
0.0	-1449373825273635.5	2.6864215314801302e+20
0.0	1940896801979119.8	2.6914298045878315e+20
0.0	-390264466954343.75	2.6883896107423102e+20
0.0	129383116489427.31	2.6886915368125134e+20
0.0	2971394190160.0156	2.6887207500027193e+20
0.0	-23282888438717.266	2.6886046662383852e+20
0.0	36075624664440.336	2.6887051454582614e+20
0.0	-44656915806945.516	2.688609394825076e+20
0.0	32521126396771.434	2.6886706525869287e+20
0.0	-32521126407093.047	2.6886706525869284e+20
0.0	44656915768585.484	2.688609394825072e+20
0.0	-36075624670741.58	2.688705145458032e+20
0.0	23282888472550.97	2.6886046662385225e+20
0.0	-2971394155318.6875	2.6887207500029408e+20
0.0	-129383116527910.94	2.6886915368123692e+20
0.0	390264466909351.5	2.6883896107423764e+20
0.0	-1940896801960854.5	2.691429804587621e+20
0.0	1449373825184218.0	2.686421531480139e+20
0.0	-5385658931046388.0	2.7011827252373563e+20
0.0	6373312138253944.0	2.6682947905623314e+20
0.0	-1.4874095901066556e+16	2.7421937206552324e+20
0.0	2.4556069863369776e+16	2.582375721622507e+20
0.0	-2850785130581540.0	2.808558302768164e+20
0.0	-2.9098758651141852e+16	2.488370812661675e+20
0.0	2.5738330062763104e+17	2.7524056959802094e+20
0.0	-7.44285238317037e+17	2.5243455497668526e+20
0.0	-1.0380955219036893e+18	1.040555648133193e+20
0.0	-1.6401850901314499e+19	9.745650724762681e+18
0.0	1.7190596091523927e+18	4.9826216959712904e+16
0.0	-2.4736043565834926e+18	-2.865379000074051e+16
0.0	1.6557944420167946e+18	1.0041665788471122e+20
0.0	-5.355511760193082e+17	-3.031237444181713e+19
0.0	1.0413308758503466e+17	1.871021870272242e+19
0.0	-1.1023406587819926e+17	-1.6705269983657615e+19
0.0	3.1987535695505984e+16	2.737111914833359e+18
0.0	-1.436896033693283e+16	-1.00108623538944e+18
0.0	8184942733218508.0	2.6793760532928512e+17
0.0	-4024880447539626.0	-2.0207890486278963e+17
0.0	1585866063392181.5	3.728948341065728e+16
0.0	-593183588849652.4	-2.4141203940724736e+16
0.0	-169998328634281.8	-9.032183348506214e+16
0.0	230480789701579.0	1.5487192523075584e+16
0.0	-192485359528667.28	-7.970324513695334e+16
0.0	99341748419399.52	-2.9379725723664384e+16
0.0	-46004368229102.87	-5.500691992990925e+16
0.0	13574376379469.715	-4.378828514981069e+16
0.0	-9222553974902.652	-4.831609430602957e+16
0.0	2920311732020.052	-4.537739130032947e+16
0.0	-470114972225.37427	-4.622270719260262e+16
0.0	470114625710.56586	-4.62227071928279e+16
0.0	-2920311996815.034	-4.537739129933005e+16
0.0	9222553560108.43	-4.831609430310912e+16
0.0	-13574376802517.516	-4.37882851511255e+16
0.0	46004367921505.58	-5.500691993142067e+16
0.0	-99341748667258.48	-2.937972572358656e+16
0.0	192485359031589.8	-7.97032451365888e+16
0.0	-230480790081735.7	1.548719252434944e+16
0.0	169998328260223.75	-9.032183348484096e+16
0.0	593183588667964.8	-2.4141203942465536e+16
0.0	-1585866063695816.2	3.728948341141094e+16
0.0	4024880447010653.5	-2.0207890486267494e+17
0.0	-8184942733393752.0	2.679376053249106e+17
0.0	1.4368960336560282e+16	-1.001086235385557e+18
0.0	-3.1987535696060064e+16	2.737111914838565e+18
0.0	1.1023406587878418e+17	-1.67052699836665e+19
0.0	-1.0413308758551046e+17	1.871021870271871e+19
0.0	5.355511760193171e+17	-3.0312374441820082e+19
0.0	-1.6557944420162253e+18	1.0041665788471345e+20
0.0	2.473604356583295e+18	-2.865379000072647e+16
0.0	-1.9776082601364334e+18	1.10285317653237e+16
0.0	5.601113417126855e+17	2.2926829995042118e+20
0.0	-3.721768922421899e+17	1.7966021375669346e+19
0.0	3.501359275467731e+16	3.4234574967162397e+19
0.0	-1.912548276172152e+17	5.165483767608758e+19
0.0	5.8381186220284776e+16	3.503908883313065e+19
0.0	-4.1238283943756824e+16	4.56372517045445e+19
0.0	2.602063030043467e+16	3.6657079065271697e+19
0.0	-1.5628674256727966e+16	4.233088046806338e+19
0.0	6794454498664312.0	3.9576002111639765e+19
0.0	-3832843159579043.0	4.084274818946939e+19
0.0	-160415981137219.75	4.028471752026278e+19
0.0	23326584587201.0	4.045567227674907e+19
0.0	-786948730123814.5	4.036609463670648e+19
0.0	413332831494953.3	4.03338412503027e+19
0.0	-260965495571293.12	4.035554232020663e+19
0.0	89386318788168.44	4.034175068011562e+19
0.0	-88180907334966.8	4.03498560601361e+19
0.0	50751034702214.82	4.034366498560787e+19
0.0	-30727175914798.82	4.0347034516062765e+19
0.0	30727176012660.664	4.034703451606209e+19
0.0	-50751034555981.92	4.0343664985609535e+19
0.0	88180907182285.48	4.03498560601288e+19
0.0	-89386318809205.17	4.034175068012021e+19
0.0	260965495536385.34	4.035554232021366e+19
0.0	-413332831258753.06	4.0333841250297864e+19
0.0	786948729831920.8	4.036609463670898e+19
0.0	-23326584716566.25	4.045567227674274e+19
0.0	160415981191856.5	4.028471752026239e+19
0.0	3832843159901767.0	4.084274818947653e+19
0.0	-6794454498546694.0	3.957600211163906e+19
0.0	1.5628674256332032e+16	4.233088046805909e+19
0.0	-2.6020630299928564e+16	3.66570790652851e+19
0.0	4.123828394337245e+16	4.5637251704538006e+19
0.0	-5.83811862204501e+16	3.5039088833106977e+19
0.0	1.9125482761894925e+17	5.165483767611303e+19
0.0	-3.501359275564464e+16	3.4234574967166685e+19
0.0	3.721768922423018e+17	1.7966021375670649e+19
0.0	-5.6011134171247974e+17	2.2926829995037832e+20
0.0	1.9776082601361894e+18	1.1028531765311112e+16
0.0	-5.55590581847936e+17	-1784277222269982.2
0.0	-7.501130978699725e+17	2.318733786902682e+20
0.0	2.0389424233022384e+17	-1.4455810694539747e+19
0.0	-2.9897606522930496e+16	4.785632849338899e+19
0.0	-5.783737050034986e+16	3.410016919802179e+19
0.0	4.10575736349762e+16	3.617302883112818e+19
0.0	-1.940470090619004e+16	4.02700304216651e+19
0.0	2.1156429664368276e+16	3.554027450953178e+19
0.0	-1.3493903601517174e+16	3.9329126317643145e+19
0.0	5018488084982317.0	3.7622419019334205e+19
0.0	-4228079811609925.0	3.83993034262007e+19
0.0	-383327400657646.4	3.801688794828614e+19
0.0	68749418185853.5	3.816892621925179e+19
0.0	-659740673646076.8	3.807164732946385e+19
0.0	348636108483171.4	3.8071774106705674e+19
0.0	-229618050337796.8	3.807552260838169e+19
0.0	82241793222165.72	3.8071008282973766e+19
0.0	-83358247440515.5	3.807446815765068e+19
0.0	49040655136316.875	3.8071605176737055e+19
0.0	-31634049386131.785	3.807343881214047e+19
0.0	31634049411802.473	3.807343881213995e+19
0.0	-49040655060853.05	3.807160517673809e+19
0.0	83358247326833.25	3.807446815764613e+19
0.0	-82241793239083.19	3.807100828297774e+19
0.0	229618050267580.47	3.807552260838564e+19
0.0	-348636108352611.25	3.8071774106702135e+19
0.0	659740673495335.8	3.807164732946589e+19
0.0	-68749418294183.25	3.8168926219248026e+19
0.0	383327400685160.5	3.801688794828671e+19
0.0	4228079811749371.0	3.839930342620558e+19
0.0	-5018488084920050.0	3.762241901933332e+19
0.0	1.3493903601257012e+16	3.932912631763991e+19
0.0	-2.115642966406441e+16	3.5540274509541073e+19
0.0	1.940470090592971e+16	4.0270030421660615e+19
0.0	-4.105757363504887e+16	3.61730288311116e+19
0.0	5.783737050134082e+16	3.410016919803332e+19
0.0	2.9897606522107216e+16	4.78563284933911e+19
0.0	-2.0389424233022563e+17	-1.4455810694540245e+19
0.0	7.501130978694e+17	2.3187337869023714e+20
0.0	5.555905818478577e+17	-1784277222272644.0
0.0	3.663067792002119e+17	1189273436124370.2
0.0	-6.115464420760266e+17	1.906383660411323e+20
0.0	1.2280617708083814e+17	1.8454071010294108e+18
0.0	5.510624102522538e+16	3.0279992261761356e+19
0.0	-1.0111012465636014e+17	3.2857997901595447e+19
0.0	2.3180788459344216e+16	2.300989248568247e+19
0.0	-6784137355884393.0	2.910007990751743e+19
0.0	-1190634018537202.0	2.438339517692522e+19
0.0	-2720300068505766.0	2.8276406192901034e+19
0.0	1225439103936877.2	2.624902323646015e+19
0.0	-622272025261441.2	2.7125447608451318e+19
0.0	-506519265093920.6	2.6742283437319905e+19
0.0	1154968097735833.5	2.6835974031171375e+19
0.0	-628307703807952.5	2.6769572053067153e+19
0.0	295045234495662.8	2.675241749204098e+19
0.0	-180982265079509.0	2.676386386171465e+19
0.0	43350568647381.54	2.675645279098484e+19
0.0	-58034104888778.78	2.676085268781073e+19
0.0	16183204345619.127	2.675730581704029e+19
0.0	-8554873308795.16	2.675981052878357e+19
0.0	8554873467251.232	2.6759810528784302e+19
0.0	-16183204208861.39	2.6757305817040835e+19
0.0	58034104974386.5	2.676085268780546e+19
0.0	-43350568481207.75	2.675645279098782e+19
0.0	180982265146086.7	2.6763863861718655e+19
0.0	-295045234299194.44	2.6752417492037784e+19
0.0	628307703883962.0	2.676957205306967e+19
0.0	-1154968097666960.2	2.6835974031166587e+19
0.0	506519265276081.25	2.6742283437318394e+19
0.0	622272025440021.2	2.7125447608455983e+19
0.0	-1225439103789193.8	2.6249023236460392e+19
0.0	2720300068552638.0	2.827640619289857e+19
0.0	1190634018811850.0	2.438339517693375e+19
0.0	6784137355779926.0	2.9100079907510518e+19
0.0	-2.3180788459140636e+16	2.300989248566341e+19
0.0	1.0111012465717075e+17	3.285799790161375e+19
0.0	-5.510624102563286e+16	3.027999226176812e+19
0.0	-1.228061770805441e+17	1.845407101029931e+18
0.0	6.115464420754684e+17	1.9063836604109573e+20
0.0	-3.663067792001409e+17	1189273436127211.0
0.0	6.266259899058245e+17	-592557015518043.4
0.0	-5.344547396020842e+17	1.881680931274186e+20
0.0	-5.699980919340838e+16	-1.357845715593943e+18
0.0	1.2300271951480422e+17	3.4635075579569914e+19
0.0	-1.5290295161678717e+17	3.199512310920637e+19
0.0	2.6562594242413932e+16	2.5786759277997445e+19
0.0	1112718685657270.0	3.1339640188269724e+19
0.0	-9422001192378944.0	2.7002699123617255e+19
0.0	3804600476751332.0	3.078597187320012e+19
0.0	257199116312007.5	2.9000987520857117e+19
0.0	863044793197637.5	2.9798236569760047e+19
0.0	-557581719922974.25	2.9458050765779042e+19
0.0	1909370144171069.0	2.954188057524923e+19
0.0	-736675453470376.2	2.9460748020549018e+19
0.0	307860819966830.06	2.9453594301802308e+19
0.0	-185395162928361.3	2.9460185617883193e+19
0.0	19523338245763.387	2.9455380762750677e+19
0.0	-57993610945462.914	2.9458282239968477e+19
0.0	3048741419046.586	2.945504829781956e+19
0.0	842506412039.9219	2.9457324916984857e+19
0.0	-842506387173.7344	2.945732491698497e+19
0.0	-3048741427650.4883	2.945504829781975e+19
0.0	57993610922109.836	2.945828223996439e+19
0.0	-19523338182647.203	2.9455380762753155e+19
0.0	185395162868603.8	2.9460185617886392e+19
0.0	-307860819912127.06	2.9453594301799457e+19
0.0	736675453432687.1	2.9460748020550926e+19
0.0	-1909370144228507.0	2.9541880575246094e+19
0.0	557581719993160.6	2.9458050765778993e+19
0.0	-863044793170600.5	2.9798236569764176e+19
0.0	-257199116305304.0	2.900098752085627e+19
0.0	-3804600476794936.0	3.0785971873197384e+19
0.0	9422001192511042.0	2.700269912362514e+19
0.0	-1112718685915402.0	3.133964018826261e+19
0.0	-2.656259424229617e+16	2.5786759277980488e+19
0.0	1.5290295161737888e+17	3.199512310922103e+19
0.0	-1.2300271951538624e+17	3.463507557957513e+19
0.0	5.699980919364397e+16	-1.3578457155935887e+18
0.0	5.344547396008522e+17	1.881680931273818e+20
0.0	-6.266259899056447e+17	-592557015516850.5
0.0	5.918244973406281e+17	-22857307393233.25
0.0	-3.346730751743265e+17	1.4701380944534374e+20
0.0	-1.8903596513735923e+17	-5.689047148697825e+17
0.0	1.5479325312363034e+17	2.42163927501795e+19
0.0	-1.9087800181085875e+17	2.4002722995390833e+19
0.0	3.0491389615502604e+16	1.864322007050093e+19
0.0	751978582310564.0	2.311777578755591e+19
0.0	-1.3384913422952104e+16	1.9597110840032096e+19
0.0	5358900202291698.0	2.2608210216195613e+19
0.0	236359970183380.5	2.1136518750601875e+19
0.0	1741800363387096.5	2.176466053524579e+19
0.0	-530535804391865.5	2.148615375756954e+19
0.0	2251456082207125.5	2.1545320249971438e+19
0.0	-836252770639935.8	2.148714975359148e+19
0.0	324500531353654.0	2.1483412877392994e+19
0.0	-209504844866908.28	2.1488476945705714e+19
0.0	-1705752884012.4453	2.1484475288400716e+19
0.0	-69661488396477.29	2.148691845525627e+19
0.0	3581540927812.711	2.148423255025659e+19
0.0	1276838613534.1562	2.1486098648904e+19
0.0	-1276838582049.3203	2.1486098648904356e+19
0.0	-3581540914861.203	2.1484232550257017e+19
0.0	69661488381399.85	2.1486918455253385e+19
0.0	1705752951959.8633	2.1484475288402498e+19
0.0	209504844829200.44	2.148847694570841e+19
0.0	-324500531287572.9	2.148341287739102e+19
0.0	836252770611365.2	2.14871497535931e+19
0.0	-2251456082252330.5	2.1545320249968992e+19
0.0	530535804467162.6	2.1486153757570064e+19
0.0	-1741800363352439.0	2.176466053524857e+19
0.0	-236359970165333.0	2.1136518750600937e+19
0.0	-5358900202327876.0	2.260821021619382e+19
0.0	1.3384913423109724e+16	1.9597110840037433e+19
0.0	-751978582551024.0	2.3117775787553305e+19
0.0	-3.0491389615398396e+16	1.864322007048978e+19
0.0	1.9087800181150662e+17	2.400272299540149e+19
0.0	-1.547932531241663e+17	2.4216392750181868e+19
0.0	1.8903596513774112e+17	-5.689047148694712e+17
0.0	3.346730751733896e+17	1.4701380944532383e+20
0.0	-5.918244973404004e+17	-22857307391393.375
0.0	5.525607337779883e+17	12794433188207.5
0.0	-4.3472243137460275e+17	1.267370775407032e+20
0.0	-1.8013456455191712e+17	-1.0280353944437187e+18
0.0	1.5527607231036842e+17	2.2970859462386827e+19
0.0	-2.0332185112119014e+17	2.1546437692788707e+19
0.0	3.2040796055523692e+16	1.7797595177080414e+19
0.0	-2072961076787598.0	2.163663415183574e+19
0.0	-1.2252314904730496e+16	1.8640253021929263e+19
0.0	3920744503792500.0	2.1263351629426975e+19
0.0	859292445397128.0	2.003822821383594e+19
0.0	1513158505464187.0	2.057624377205044e+19
0.0	-679366744911107.2	2.034270459814748e+19
0.0	2275719839065201.0	2.0400765448606142e+19
0.0	-865688202986274.1	2.0350224921781506e+19
0.0	396854567746802.0	2.034791479150973e+19
0.0	-212913919443734.75	2.0352010516015247e+19
0.0	1957078680299.0234	2.0348973980075696e+19
0.0	-68085994522143.65	2.035106248855095e+19
0.0	10095557687612.793	2.0348775205339128e+19
0.0	-2063656833993.789	2.0350255770724954e+19
0.0	2063656851890.1055	2.035025577072467e+19
0.0	-10095557684684.133	2.034877520533958e+19
0.0	68085994478442.93	2.0351062488548934e+19
0.0	-1957078631557.5625	2.0348973980077572e+19
0.0	212913919382322.94	2.0352010516017365e+19
0.0	-396854567687248.0	2.034791479150806e+19
0.0	865688202927070.8	2.0350224921782747e+19
0.0	-2275719839135327.5	2.0400765448604344e+19
0.0	679366744977295.8	2.0342704598147867e+19
0.0	-1513158505436676.0	2.057624377205329e+19
0.0	-859292445386593.5	2.003822821383558e+19
0.0	-3920744503870190.0	2.1263351629425406e+19
0.0	1.2252314904905368e+16	1.8640253021933777e+19
0.0	2072961076503744.0	2.163663415183318e+19
0.0	-3.204079605543151e+16	1.7797595177070903e+19
0.0	2.0332185112187514e+17	2.1546437692797207e+19
0.0	-1.5527607231101974e+17	2.297085946238885e+19
0.0	1.801345645522066e+17	-1.0280353944435077e+18
0.0	4.3472243137344896e+17	1.2673707754068525e+20
0.0	-5.525607337778001e+17	12794433190733.188
0.0	5.3559041486937626e+17	59832474700102.91
0.0	-4.748408786145792e+17	9.536449483685311e+19
0.0	-1.508862668011822e+17	-9.162244892114637e+17
0.0	1.397381286036266e+17	1.7084160713377886e+19
0.0	-1.8870582479425453e+17	1.5956864687880632e+19
0.0	3.126990047693092e+16	1.3091319726920407e+19
0.0	-2703942677527030.0	1.5996037740398686e+19
0.0	-1.0488003053982852e+16	1.3715167828573696e+19
0.0	3546050894983734.0	1.5702562168425611e+19
0.0	1268562168742501.0	1.4788044439161547e+19
0.0	1339350942345099.0	1.5187703043785961e+19
0.0	-499702157853898.1	1.5009114727297135e+19
0.0	2110749881915618.0	1.5052791711862751e+19
0.0	-832138280024395.0	1.5013478815512238e+19
0.0	369477272277480.75	1.5010814677405049e+19
0.0	-226919315820262.0	1.5013950330340512e+19
0.0	-2221264458961.4727	1.5011744888329443e+19
0.0	-65978429871119.9	1.501337244877673e+19
0.0	10808986809051.898	1.5011588523564812e+19
0.0	-3526481479631.0586	1.501276977326574e+19
0.0	3526481493047.1562	1.5012769773265304e+19
0.0	-10808986804846.406	1.5011588523565206e+19
0.0	65978429821583.85	1.5013372448775297e+19
0.0	2221264497498.8203	1.5011744888330867e+19
0.0	226919315763387.25	1.5013950330341732e+19
0.0	-369477272220441.06	1.5010814677403849e+19
0.0	832138279959621.0	1.501347881551334e+19
0.0	-2110749881986000.8	1.5052791711861522e+19
0.0	499702157913680.1	1.5009114727297712e+19
0.0	-1339350942316570.0	1.5187703043788059e+19
0.0	-1268562168734552.0	1.4788044439161356e+19
0.0	-3546050895066814.0	1.5702562168424485e+19
0.0	1.04880030541517e+16	1.3715167828576825e+19
0.0	2703942677256354.0	1.5996037740396489e+19
0.0	-3.126990047684846e+16	1.3091319726913501e+19
0.0	1.8870582479491296e+17	1.5956864687886901e+19
0.0	-1.3973812860426014e+17	1.7084160713379445e+19
0.0	1.5088626680144205e+17	-9.16224489211304e+17
0.0	4.748408786135012e+17	9.536449483683863e+19
0.0	-5.3559041486924186e+17	59832474703090.734
0.0	5.0549413945764435e+17	20752005441200.016
0.0	-5.0441333077216474e+17	6.976367823438476e+19
0.0	-1.1152360978431155e+17	-9.309416721836544e+17
0.0	1.2123699016533888e+17	1.3079105254246085e+19
0.0	-1.6591572799459514e+17	1.176426621619225e+19
0.0	2.9324125774635852e+16	1.0009220914081034e+19
0.0	-3298789282691430.0	1.2066752471317932e+19
0.0	-8369896743036328.0	1.0413443311715906e+19
0.0	2506068837244928.0	1.1857173434303132e+19
0.0	1208716453880974.5	1.1196304263711924e+19
0.0	953728732451080.0	1.14816249542238e+19
0.0	-470080391854710.25	1.1353806763391433e+19
0.0	1801235526673034.5	1.1387759070680273e+19
0.0	-765443126051710.2	1.1358383389074823e+19
0.0	325520128181151.6	1.1357419386022695e+19
0.0	-206256064635301.38	1.135914397921542e+19
0.0	4725973557783.992	1.1357674034370871e+19
0.0	-59726935954748.98	1.1358738241336189e+19
0.0	10974339262338.96	1.1357467758004625e+19
0.0	-5014434170555.377	1.1358321324506604e+19
0.0	5014434176172.691	1.135832132450646e+19
0.0	-10974339265074.98	1.1357467758004875e+19
0.0	59726935900467.8	1.1358738241334958e+19
0.0	-4725973534819.551	1.1357674034371805e+19
0.0	206256064574381.03	1.135914397921683e+19
0.0	-325520128130527.2	1.1357419386021786e+19
0.0	765443125974087.1	1.1358383389075644e+19
0.0	-1801235526748641.0	1.138775907067955e+19
0.0	470080391900125.6	1.1353806763391683e+19
0.0	-953728732434151.0	1.1481624954225658e+19
0.0	-1208716453880667.0	1.1196304263711826e+19
0.0	-2506068837338246.0	1.1857173434302435e+19
0.0	8369896743184044.0	1.0413443311718232e+19
0.0	3298789282431795.0	1.2066752471316361e+19
0.0	-2.932412577458016e+16	1.0009220914076154e+19
0.0	1.6591572799520083e+17	1.1764266216196944e+19
0.0	-1.2123699016594666e+17	1.3079105254247602e+19
0.0	1.115236097845006e+17	-9.309416721835715e+17
0.0	5.0441333077112486e+17	6.976367823437437e+19
0.0	-5.0549413945754234e+17	20752005443459.953
0.0	4.4163561780746797e+17	-18463387672319.824
0.0	-4.7999156569946086e+17	4.5973852600628945e+19
0.0	-7.793712009865869e+16	-8.256562498846756e+17
0.0	9.65226729165854e+16	8.885609802711495e+18
0.0	-1.3594338585528266e+17	7.723050519841577e+18
0.0	2.508283905126334e+16	6.769896967732091e+18
0.0	-2858943535780671.0	8.087468307597186e+18
0.0	-6202419019959868.0	7.005910044463653e+18
0.0	1728812908960704.0	7.95014426628967e+18
0.0	1182613822262770.2	7.519959168202054e+18
0.0	755228692770400.0	7.705309905562368e+18
0.0	-335399833391089.7	7.622183250489155e+18
0.0	1500281158282687.0	7.644699151509953e+18
0.0	-622987976002231.4	7.624809204727979e+18
0.0	279729278539029.75	7.624504123653386e+18
0.0	-166980486410470.28	7.625322057543465e+18
0.0	6509496575946.135	7.624458618039033e+18
0.0	-51225380762215.39	7.625116253166981e+18
0.0	10371414098067.508	7.624338614853856e+18
0.0	-5300442599533.84	7.624895241649328e+18
0.0	5300442533465.631	7.624895241649357e+18
0.0	-10371414177478.14	7.62433861485414e+18
0.0	51225380646743.3	7.625116253166301e+18
0.0	-6509496619697.352	7.624458618039652e+18
0.0	166980486288916.03	7.625322057544317e+18
0.0	-279729278570703.8	7.624504123652831e+18
0.0	622987975860649.5	7.624809204728647e+18
0.0	-1500281158418037.2	7.644699151509311e+18
0.0	335399833356475.44	7.622183250489477e+18
0.0	-755228692822458.5	7.705309905563478e+18
0.0	-1182613822333178.8	7.519959168202031e+18
0.0	-1728812909113284.0	7.950144266289017e+18
0.0	6202419020015800.0	7.005910044465278e+18
0.0	2858943535489866.0	8.08746830759621e+18
0.0	-2.5082839051276584e+16	6.769896967728645e+18
0.0	1.3594338585572478e+17	7.72305051984484e+18
0.0	-9.65226729172081e+16	8.88560980271221e+18
0.0	7.79371200987378e+16	-8.256562498846259e+17
0.0	4.7999156569832704e+17	4.597385260062293e+19
0.0	-4.416356178073866e+17	-18463387670165.984
0.0	3.511143131615997e+17	33091200163963.594
0.0	-4.218051950154809e+17	2.704061231262214e+19
0.0	-4.440008789002445e+16	-6.42028828142648e+17
0.0	6.905959411822637e+16	5.502553012211983e+18
0.0	-1.0046971309875675e+17	4.5552486508440617e+18
0.0	1.9484590005468504e+16	4.1699011908560517e+18
0.0	-2497023044305016.5	4.906643120601598e+18
0.0	-4023005657894454.0	4.279160874850976e+18
0.0	981218308101921.0	4.827978709761158e+18
0.0	1021715273902442.1	4.580694760583764e+18
0.0	443277047575439.75	4.68696769905665e+18
0.0	-272102119696070.0	4.638586284417455e+18
0.0	1090517661075817.8	4.652287421726198e+18
0.0	-480186578599807.75	4.639837907811957e+18
0.0	206337481487214.94	4.640040058481406e+18
0.0	-130219446945963.27	4.640354950000675e+18
0.0	3279248879786.256	4.639896204721189e+18
0.0	-40735272471434.64	4.640251287303586e+18
0.0	9043121543913.145	4.639836206159256e+18
0.0	-5009312168684.379	4.640143642627037e+18
0.0	5009312171559.537	4.640143642627087e+18
0.0	-9043121549576.695	4.639836206159686e+18
0.0	40735272428602.83	4.64025128730326e+18
0.0	-3279248885444.7754	4.639896204721441e+18
0.0	130219446916611.66	4.640354950000937e+18
0.0	-206337481462218.44	4.640040058481056e+18
0.0	480186578539564.9	4.639837907812218e+18
0.0	-1090517661124915.8	4.652287421725949e+18
0.0	272102119711133.06	4.638586284417524e+18
0.0	-443277047557833.0	4.686967699057263e+18
0.0	-1021715273904188.8	4.580694760583638e+18
0.0	-981218308176606.0	4.827978709760795e+18
0.0	4023005657984406.0	4.279160874851732e+18
0.0	2497023044151231.0	4.906643120601129e+18
0.0	-1.948459000544956e+16	4.1699011908543534e+18
0.0	1.0046971309914614e+17	4.555248650845868e+18
0.0	-6.905959411861984e+16	5.502553012212306e+18
0.0	4.440008789013571e+16	-6.420288281426245e+17
0.0	4.2180519501482336e+17	2.704061231261873e+19
0.0	-3.511143131615288e+17	33091200165123.945
0.0	2.478375421600809e+17	-11171697837382.562
0.0	-3.3450319813055936e+17	1.3285138518657364e+19
0.0	-1.4980434311226816e+16	-4.368601674633459e+17
0.0	4.151034059160881e+16	2.8870892461097257e+18
0.0	-6.3638962839268216e+16	2.2353799886382164e+18
0.0	1.3166230061019884e+16	2.172799513141888e+18
0.0	-2008038026063846.5	2.507824902753333e+18
0.0	-2030066586477293.0	2.2068987138423388e+18
0.0	271981201452327.0	2.471392444873021e+18
0.0	786455465645831.0	2.353997257968774e+18
0.0	183889011638882.25	2.4040702165594245e+18
0.0	-175880636842925.88	2.380882848985417e+18
0.0	678174782808664.9	2.3879122778916424e+18
0.0	-311419717487542.9	2.3813787343488046e+18
0.0	137673622186579.84	2.3817687991052186e+18
0.0	-85158457839595.62	2.38178832364898e+18
0.0	3324424528138.548	2.381613114455831e+18
0.0	-27535904499638.883	2.3817667297091896e+18
0.0	6885644328682.566	2.3815881666174244e+18
0.0	-4049815403185.4385	2.381729960411345e+18
0.0	4049815406671.5146	2.3817299604114135e+18
0.0	-6885644343060.498	2.3815881666176993e+18
0.0	27535904464444.234	2.3817667297088676e+18
0.0	-3324424523003.793	2.3816131144560266e+18
0.0	85158457810752.72	2.381788323649028e+18
0.0	-137673622171966.78	2.3817687991050527e+18
0.0	311419717443863.94	2.3813787343489193e+18
0.0	-678174782848843.1	2.3879122778914386e+18
0.0	175880636858857.9	2.380882848985453e+18
0.0	-183889011634719.5	2.404070216559832e+18
0.0	-786455465650658.2	2.35399725796872e+18
0.0	-271981201503675.0	2.4713924448728023e+18
0.0	2030066586540219.0	2.2068987138428378e+18
0.0	2008038025945379.0	2.5078249027529964e+18
0.0	-1.3166230061007422e+16	2.1727995131409684e+18
0.0	6.363896283953515e+16	2.2353799886391613e+18
0.0	-4.151034059189574e+16	2.88708924610987e+18
0.0	1.4980434311314688e+16	-4.368601674633523e+17
0.0	3.3450319813009414e+17	1.3285138518655687e+19
0.0	-2.4783754216003334e+17	-11171697836474.648
0.0	1.4860088359480218e+17	2842047869694.237
0.0	-2.2893023879727414e+17	4.949568504899937e+18
0.0	3919365401111024.0	-2.2907805622705437e+17
0.0	1.903834757077601e+16	1.1828040909449467e+18
0.0	-3.218092369947919e+16	8.334244434527725e+17
0.0	7333893816497754.0	8.826677561330162e+17
0.0	-1376456868500070.8	9.927149588064742e+17
0.0	-591026492436352.5	8.845699862478205e+17
0.0	-163771128724588.75	9.800975671079352e+17
0.0	518434231414657.44	9.387086760699418e+17
0.0	3870983363938.125	9.56118428787552e+17
0.0	-93404895941106.53	9.477720790817071e+17
0.0	334710024804110.75	9.506070112460941e+17
0.0	-165914999014084.34	9.479326073250204e+17
0.0	73275874744737.03	9.482314864870296e+17
0.0	-46862205035946.29	9.481597635185871e+17
0.0	2262289963017.887	9.481277530049569e+17
0.0	-15574156312029.707	9.481699665965642e+17
0.0	4586870226126.067	9.481183269682353e+17
0.0	-2815061769117.536	9.481648566702991e+17
0.0	2815061776490.153	9.481648566702966e+17
0.0	-4586870223486.285	9.481183269683219e+17
0.0	15574156298953.105	9.481699665965119e+17
0.0	-2262289961640.05	9.481277530049988e+17
0.0	46862205029675.92	9.481597635186129e+17
0.0	-73275874729043.66	9.482314864869751e+17
0.0	165914998994690.84	9.47932607325079e+17
0.0	-334710024819127.1	9.506070112460461e+17
0.0	93404895951351.77	9.477720790816965e+17
0.0	-3870983352003.25	9.56118428787656e+17
0.0	-518434231408947.0	9.387086760699407e+17
0.0	163771128697648.0	9.800975671078528e+17
0.0	591026492477770.0	8.845699862479459e+17
0.0	1376456868445862.0	9.927149588063931e+17
0.0	-7333893816488425.0	8.826677561327124e+17
0.0	3.2180923699632884e+16	8.334244434530962e+17
0.0	-1.9038347570928664e+16	1.1828040909449728e+18
0.0	-3919365401069216.0	-2.2907805622705514e+17
0.0	2.2893023879703226e+17	4.949568504899384e+18
0.0	-1.4860088359477453e+17	2842047870412.6733
0.0	6.987951626185088e+16	-731216785035.6765
0.0	-1.2626657778192858e+17	1.1163702996466944e+18
0.0	1.0603533186181964e+16	-7.791000833431133e+16
0.0	4943295736449840.0	3.089840753686785e+17
0.0	-1.0850831362815112e+16	1.8795858479367926e+17
0.0	2979940898164922.5	2.2774188328500093e+17
0.0	-733699439462235.1	2.4668523686771088e+17
0.0	130233140338486.75	2.23826867755668e+17
0.0	-282758374077278.9	2.441913345456073e+17
0.0	266947881078415.62	2.357981713617762e+17
0.0	-66046495988976.34	2.3922576139899e+17
0.0	-34433731742186.844	2.3746143528388554e+17
0.0	107537570034791.34	2.381870859205038e+17
0.0	-63086802879966.46	2.3748574384753933e+17
0.0	27879902033523.336	2.3761454424849654e+17
0.0	-18559581660505.906	2.3756812475383443e+17
0.0	1203248656012.8982	2.375741981826418e+17
0.0	-6395434650616.33	2.3757857283541395e+17
0.0	2462489634999.6387	2.375728823373984e+17
0.0	-1550106413109.0461	2.3758077413653536e+17
0.0	1550106416106.5115	2.375807741365322e+17
0.0	-2462489631510.9927	2.3757288233741978e+17
0.0	6395434644961.457	2.3757857283540416e+17
0.0	-1203248656325.328	2.375741981826489e+17
0.0	18559581656434.6	2.37568124753849e+17
0.0	-27879902025352.566	2.376145442484795e+17
0.0	63086802871209.055	2.37485743847558e+17
0.0	-107537570040966.64	2.381870859204799e+17
0.0	34433731747776.414	2.3746143528389274e+17
0.0	66046495992745.69	2.3922576139903094e+17
0.0	-266947881076298.94	2.3579817136177126e+17
0.0	282758374065457.7	2.4419133454559373e+17
0.0	-130233140318331.25	2.238268677557051e+17
0.0	733699439436313.8	2.4668523686770413e+17
0.0	-2979940898160828.0	2.2774188328493974e+17
0.0	1.0850831362879404e+16	1.8795858479377046e+17
0.0	-4943295736521000.0	3.0898407536867776e+17
0.0	-1.0603533186167476e+16	-7.791000833431306e+16
0.0	1.2626657778181482e+17	1.1163702996466066e+18
0.0	-6.987951626183833e+16	-731216784790.2792
0.0	2.1226780572063864e+16	32315558187.482346
0.0	-4.899969308295754e+16	7.022834842317667e+16
0.0	8446684762244490.0	-8733899347659066.0
0.0	-909636341348901.9	2.611213382602957e+16
0.0	-578260507817775.5	1.184955083046978e+16
0.0	552080334285562.0	1.8843164978781524e+16
0.0	-248923828939985.22	1.911968781175817e+16
0.0	260107949779225.88	1.7914056167516676e+16
0.0	-193437066607731.66	1.901698399018262e+16
0.0	88124961975525.72	1.8634270884155584e+16
0.0	-55701725276829.19	1.877306862887537e+16
0.0	-4332543589833.7764	1.868030716488129e+16
0.0	2668852939140.4453	1.8739589906688416e+16
0.0	-9287937463915.469	1.8679788198774916e+16
0.0	4298768159837.2974	1.8697696536881292e+16
0.0	-3220096814432.4937	1.868996284525595e+16
0.0	467301756235.2309	1.8692393340484176e+16
0.0	-1286971330636.171	1.8691835853141076e+16
0.0	850946835979.9233	1.869239640507265e+16
0.0	-546833167507.1805	1.8692487081994536e+16
0.0	546833168403.45496	1.8692487081994172e+16
0.0	-850946834977.1833	1.8692396405074124e+16
0.0	1286971328907.162	1.8691835853138956e+16
0.0	-467301756781.2479	1.8692393340484104e+16
0.0	3220096813438.2773	1.8689962845256532e+16
0.0	-4298768158009.7734	1.8697696536879484e+16
0.0	9287937461599.707	1.867978819877552e+16
0.0	-2668852940598.871	1.873958990668541e+16
0.0	4332543591002.796	1.868030716487935e+16
0.0	55701725277926.375	1.8773068628878824e+16
0.0	-88124961974692.34	1.8634270884156284e+16
0.0	193437066604182.94	1.901698399018141e+16
0.0	-260107949774329.47	1.791405616751842e+16
0.0	248923828934518.22	1.9119687811758372e+16
0.0	-552080334285148.1	1.88431649787824e+16
0.0	578260507829230.0	1.1849550830476176e+16
0.0	909636341331228.8	2.6112133826027376e+16
0.0	-8446684762243662.0	-8733899347659368.0
0.0	4.899969308292326e+16	7.022834842317022e+16
0.0	-2.122678057205955e+16	32315558284.807304
0.0	438211033508020.5	11035272995.292316
0.0	-7746519301280234.0	2733939538922268.0
0.0	3612705038354633.0	623355246424499.8
0.0	-1602073093067601.0	-430108527325073.5
0.0	1864976686785747.5	542709535999473.25
0.0	-268233669560745.6	-224704639531141.75
0.0	-4673134375208.5	266488058775.5
0.0	133045480685299.38	-103733151469690.0
0.0	-62833292620824.016	-16927369378428.0
0.0	1226154126607.3828	-66456582358923.5
0.0	-20783797361635.73	-42860653768807.5
0.0	4130652675407.5283	-50874948624332.0
0.0	-19371795198916.14	-51638408527561.75
0.0	6716967318140.678	-50411168010600.75
0.0	-2868234811256.4336	-51962625158401.5
0.0	1663276014314.603	-51153493357308.75
0.0	38179033563.51251	-51534745684590.25
0.0	475262959234.8002	-51360803610396.0
0.0	34734904153.815674	-51553132199944.5
0.0	-23993599239.98639	-51455812981257.5
0.0	23993599306.236267	-51455812981524.0
0.0	-34734904311.89673	-51553132200043.75
0.0	-475262959044.0353	-51360803610027.25
0.0	-38179033454.554474	-51534745685040.75
0.0	-1663276014238.9458	-51153493357449.75
0.0	2868234810820.6577	-51962625158461.0
0.0	-6716967317739.068	-50411168010695.75
0.0	19371795199227.44	-51638408527045.75
0.0	-4130652675369.155	-50874948624854.5
0.0	20783797361234.008	-42860653769704.5
0.0	-1226154126637.5234	-66456582359110.25
0.0	62833292621081.58	-16927369378319.75
0.0	-133045480685799.25	-103733151470226.75
0.0	4673134376130.703	266488058456.0
0.0	268233669560663.12	-224704639532101.5
0.0	-1864976686791847.5	542709535996123.6
0.0	1602073093069888.5	-430108527324660.0
0.0	-3612705038356846.0	623355246424383.0
0.0	7746519301278704.0	2733939538921326.0
0.0	-438211033507376.0	11035272995.44322
0.0	-3428043393277596.0	-6681856134.818569
0.0	4549777953238640.0	76491680317953.0
0.0	394842956591881.0	-534122920256732.9
0.0	-647449689980334.0	724668826227875.9
0.0	1078473393350885.4	-33086906592974.625
0.0	-251909919129109.38	484628176515278.5
0.0	48556891344924.24	378940298985184.5
0.0	12938520799494.422	407036554046814.75
0.0	7917763483148.75	385435002537593.0
0.0	-17071638255570.342	402445675005024.4
0.0	1388548879778.5781	393502718208302.9
0.0	2843641432805.0273	395657329886549.6
0.0	-9710366036694.041	397186045743456.9
0.0	5072850341861.184	395436564841209.75
0.0	-2232291733649.337	396547317290342.5
0.0	1440104520244.5996	396003561068481.1
0.0	-75861201947.76727	396236033889163.5
0.0	487179846055.22015	396142123812472.5
0.0	-157252611221.49692	396246468845052.75
0.0	99659292884.60262	396200393563264.75
0.0	-99659292995.38965	396200393563119.75
0.0	157252611128.5294	396246468844915.1
0.0	-487179845601.80176	396142123812952.9
0.0	75861201966.63531	396236033889185.6
0.0	-1440104520166.8362	396003561068406.0
0.0	2232291733168.74	396547317290424.25
0.0	-5072850341230.041	395436564841374.25
0.0	9710366037200.69	397186045744128.6
0.0	-2843641432864.0996	395657329886589.75
0.0	-1388548880437.707	393502718207163.75
0.0	17071638255396.373	402445675004876.5
0.0	-7917763482393.836	385435002537615.5
0.0	-12938520800571.375	407036554046364.4
0.0	-48556891343694.39	378940298984776.1
0.0	251909919129162.6	484628176514191.75
0.0	-1078473393356701.5	-33086906596290.938
0.0	647449689984863.0	724668826228521.4
0.0	-394842956593175.5	-534122920256953.4
0.0	-4549777953234931.0	76491680318528.0
0.0	3428043393277353.0	-6681856147.325178
0.0	-1635133537524591.0	2192538276.9325123
0.0	3514498780674520.0	-700090606045189.2
0.0	-521984492407744.6	349281210041601.56
0.0	35646734664884.66	-569016231565605.1
0.0	110728428022964.5	-100732786677638.38
0.0	-61724712708522.67	-397331091909561.25
0.0	23639697825570.434	-352524408380520.0
0.0	-23684572652537.88	-354282433438715.25
0.0	17998044601774.137	-354513117366785.2
0.0	-8364532162087.908	-358670185825890.3
0.0	5664364344054.477	-355923877949861.1
0.0	363473286320.59174	-356049860709974.1
0.0	44699041526.17676	-357260767439684.75
0.0	805644962985.9486	-355946268417952.75
0.0	-375848953361.7846	-356597536457879.75
0.0	288519792230.3594	-356287690002526.6
0.0	-46108220775.16962	-356411701875591.0
0.0	118730611897.26523	-356364836234501.75
0.0	-84058137630.95728	-356416094615915.25
0.0	54005872763.167885	-356396611256465.94
0.0	-54005872802.60351	-356396611256502.6
0.0	84058137596.45943	-356416094616123.5
0.0	-118730611738.54796	-356364836234679.8
0.0	46108220813.316696	-356411701875723.56
0.0	-288519792258.47266	-356287690002537.8
0.0	375848953188.15735	-356597536457803.75
0.0	-805644962765.4924	-355946268417915.0
0.0	-44699041378.68994	-357260767439562.25
0.0	-363473286287.7357	-356049860710092.75
0.0	-5664364344328.912	-355923877950338.06
0.0	8364532161996.137	-358670185825891.9
0.0	-17998044601478.523	-354513117366792.6
0.0	23684572652234.32	-354282433438777.06
0.0	-23639697825306.63	-352524408380596.4
0.0	61724712708623.51	-397331091909963.0
0.0	-110728428024602.12	-100732786678600.81
0.0	-35646734663210.75	-569016231565392.8
0.0	521984492407514.9	349281210041591.5
0.0	-3514498780673174.0	-700090606045176.0
0.0	1635133537524415.0	2192538272.5038223
0.0	-51895282632292.69	-195590933.71506643
0.0	684684165452994.8	710698973226167.1
0.0	-355344659360413.4	-205938660289668.66
0.0	177525605957965.25	387631619561759.0
0.0	-211229792515244.53	119439904962096.56
0.0	32191783685649.07	277989818927061.88
0.0	-760308814118.209	262192404414478.0
0.0	-15359470559523.664	255675130377222.8
0.0	7378912751736.105	262344196775678.8
0.0	35232030360.89551	261668312498318.06
0.0	2767342371753.543	261435705535367.06
0.0	-571640005872.56	260929730986341.12
0.0	2672925618990.822	261752890396245.12
0.0	-932214906631.9441	260889123953333.2
0.0	398474885451.17035	261246229078684.62
0.0	-231159825613.80215	261081808189250.9
0.0	-5037242991.109753	261143911768670.56
0.0	-66242990889.53004	261122584801690.75
0.0	-4211337022.351509	261145449125757.72
0.0	3086942262.7424927	261138581967637.88
0.0	-3086942232.2389526	261138581967590.72
0.0	4211337019.2166824	261145449125792.06
0.0	66242990842.07538	261122584801640.56
0.0	5037243042.300964	261143911768603.84
0.0	231159825556.3063	261081808189238.97
0.0	-398474885398.3405	261246229078685.8
0.0	932214906580.6492	260889123953314.38
0.0	-2672925619073.5312	261752890396221.3
0.0	571640005941.5068	260929730986333.44
0.0	-2767342371714.9727	261435705535450.62
0.0	-35232030372.51367	261668312498280.75
0.0	-7378912751788.295	262344196775654.88
0.0	15359470559664.707	255675130377251.66
0.0	760308813879.4375	262192404414508.97
0.0	-32191783685589.688	277989818927111.03
0.0	211229792515759.97	119439904962378.53
0.0	-177525605958167.22	387631619561706.4
0.0	355344659360586.56	-205938660289647.34
0.0	-684684165453407.0	710698973226156.5
0.0	51895282632258.69	-195590933.79930782
0.0	331877187033291.0	-584279741.4775342
0.0	-397676166378012.9	-538004634465093.6
0.0	-99356081050696.5	110469261126233.66
0.0	104664853020104.75	-240961404229044.72
0.0	-163811339186673.62	-97618947934700.34
0.0	36792459176890.92	-176410770300350.44
0.0	-6767793044800.743	-173085439953543.4
0.0	-3876605331581.926	-165688587867831.0
0.0	249025948122.61328	-172650762821852.25
0.0	2156051352882.0955	-170704251972661.53
0.0	422039483634.5132	-171272451825161.53
0.0	-475441678044.7539	-170701956571144.16
0.0	1785455245778.2388	-171208545139030.03
0.0	-829950721192.803	-170688818011856.38
0.0	362701442787.48346	-170871037392347.72
0.0	-228311800429.56305	-170789500369176.8
0.0	8245836917.771206	-170817822864294.94
0.0	-74593177407.65729	-170809124435491.38
0.0	18399316989.707146	-170818147190168.38
0.0	-11570302053.60972	-170816698886129.3
0.0	11570302064.781746	-170816698886141.34
0.0	-18399316922.769413	-170818147190185.2
0.0	74593177327.60594	-170809124435525.8
0.0	-8245836907.305641	-170817822864275.88
0.0	228311800387.8196	-170789500369104.25
0.0	-362701442722.2313	-170871037392359.4
0.0	829950721097.0588	-170688818011885.12
0.0	-1785455245842.0903	-171208545139096.84
0.0	475441678097.6681	-170701956571088.38
0.0	-422039483592.43945	-171272451824960.6
0.0	-2156051352858.141	-170704251972650.7
0.0	-249025948239.68164	-172650762821839.9
0.0	3876605331775.801	-165688587867799.66
0.0	6767793044562.16	-173085439953478.38
0.0	-36792459176875.41	-176410770300149.1
0.0	163811339187399.62	-97618947934337.62
0.0	-104664853020644.16	-240961404229134.3
0.0	99356081050879.12	110469261126278.84
0.0	397676166377405.9	-538004634465084.5
0.0	-331877187033276.0	-584279740.5700531
0.0	210791633120164.06	1050289357.1423879
0.0	-361892939659310.9	353998990711282.25
0.0	-1669279800258.1875	-53357918377312.625
0.0	35788917439022.125	139389983432211.38
0.0	-67993967631245.125	68109971618941.61
0.0	18040342607877.49	103932134725804.88
0.0	-4252986103791.2783	105123992209066.53
0.0	197548196234.5703	99265579246499.4
0.0	-1117962260331.6216	104615565504025.28
0.0	1377945584564.4702	102767602435639.86
0.0	-199338733419.47095	103435187662116.89
0.0	-207536307163.1652	102984925534374.94
0.0	690602565382.6766	103275138458336.81
0.0	-373563623902.6067	102985064275141.95
0.0	164752761185.4554	103071891632443.97
0.0	-107141017809.99544	103034806914002.1
0.0	6202276438.544213	103046349894421.73
0.0	-36559276070.844894	103043772819749.95
0.0	12477329354.385595	103046391294867.06
0.0	-7949351009.455206	103046839993408.33
0.0	7949351008.321341	103046839993445.27
0.0	-12477329291.89136	103046391294868.22
0.0	36559276014.29183	103043772819668.34
0.0	-6202276445.2972145	103046349894409.0
0.0	107141017788.57777	103034806914009.23
0.0	-164752761160.6818	103071891632433.72
0.0	373563623848.52094	102985064275141.81
0.0	-690602565398.1239	103275138458249.16
0.0	207536307187.83966	102984925534329.44
0.0	199338733426.52808	103435187662199.5
0.0	-1377945584544.3643	102767602435653.69
0.0	1117962260266.495	104615565504030.52
0.0	-197548196132.59082	99265579246549.75
0.0	4252986103662.3936	105123992209088.44
0.0	-18040342607867.156	103932134725894.78
0.0	67993967631620.266	68109971619159.0
0.0	-35788917439329.734	139389983432117.36
0.0	1669279800355.75	-53357918377299.37
0.0	361892939658989.06	353998990711317.25
0.0	-210791633120149.44	1050289358.0983883
0.0	76224473344350.33	-166368874.76878104
0.0	-149358486447736.3	-212175957847150.44
0.0	9829153532173.188	22259583985873.92
0.0	8091056597970.629	-75483830438504.03
0.0	-19170005000196.953	-43020599553310.86
0.0	5782335907268.516	-57287262166234.5
0.0	-1558369338924.518	-59526031067938.93
0.0	497341386672.5215	-55545106187450.61
0.0	-613365811902.5095	-59114485283953.766
0.0	507138345992.9724	-57746586394467.02
0.0	-146393425322.6043	-58281067380400.625
0.0	-61465106733.76554	-57977281292991.28
0.0	184409213403.7069	-58130847231767.625
0.0	-113157060488.03017	-57979795218595.3
0.0	50351945993.10547	-58016521367955.89
0.0	-33462462692.711086	-58001619118254.17
0.0	2425415975.6453114	-58005443809815.64
0.0	-11696709197.49461	-58005144756056.7
0.0	4723896965.131507	-58005259580637.96
0.0	-3010287632.368497	-58006190825571.88
0.0	3010287637.6666737	-58006190825554.86
0.0	-4723896951.029952	-58005259580644.695
0.0	11696709169.73286	-58005144756072.97
0.0	-2425415958.623801	-58005443809821.836
0.0	33462462682.928806	-58001619118243.914
0.0	-50351945988.677505	-58016521367953.75
0.0	113157060469.52817	-57979795218596.83
0.0	-184409213415.15295	-58130847231784.82
0.0	61465106747.86933	-57977281293003.93
0.0	146393425328.4267	-58281067380384.125
0.0	-507138345987.3398	-57746586394456.43
0.0	613365811879.9639	-59114485283946.5
0.0	-497341386631.334	-55545106187444.484
0.0	1558369338874.3716	-59526031067922.45
0.0	-5782335907264.076	-57287262166179.69
0.0	19170005000321.37	-43020599553257.01
0.0	-8091056598088.543	-75483830438524.92
0.0	-9829153532147.926	22259583985877.715
0.0	149358486447587.16	-212175957847115.53
0.0	-76224473344343.25	-166368874.30478615
0.0	19234221757016.656	228491379.75930297
0.0	-40692278781712.77	117885636933075.44
0.0	4445911923805.774	-6974857071085.316
0.0	1204509053655.9072	38162839366981.805
0.0	-3950191467573.3057	25155033183124.504
0.0	1333987976507.5396	29515045634373.9
0.0	-395512167493.58594	31523278395233.61
0.0	194169097184.44507	29074344372076.484
0.0	-187472931700.89764	31244120223919.54
0.0	128827255277.3197	30353668808453.992
0.0	-48480362543.920074	30717342072956.527
0.0	-13243325223.505863	30530377885703.285
0.0	35950222914.563095	30607203966285.492
0.0	-24942284158.37275	30533890018867.688
0.0	11108094492.307644	30547155567843.41
0.0	-7590045500.983211	30542524149565.074
0.0	621076038.0395797	30543032279873.42
0.0	-2699714979.194811	30543491898640.645
0.0	1220811698.4725783	30542864478061.805
0.0	-771572414.3597962	30543689526666.93
0.0	771572421.3186374	30543689526661.555
0.0	-1220811701.3482273	30542864478066.383
0.0	2699714966.6483574	30543491898646.277
0.0	-621076021.0651025	30543032279875.594
0.0	7590045497.409789	30542524149566.336
0.0	-11108094495.733212	30547155567838.594
0.0	24942284154.756855	30533890018863.047
0.0	-35950222919.31961	30607203966281.156
0.0	13243325229.41799	30530377885706.625
0.0	48480362543.44428	30717342072962.453
0.0	-128827255275.97884	30353668808459.51
0.0	187472931693.87302	31244120223920.383
0.0	-194169097169.55188	29074344372071.64
0.0	395512167475.31885	31523278395234.695
0.0	-1333987976505.2456	29515045634387.105
0.0	3950191467604.3345	25155033183143.125
0.0	-1204509053693.7725	38162839366972.93
0.0	-4445911923803.413	-6974857071083.016
0.0	40692278781652.93	117885636933057.66
0.0	-19234221757013.86	228491379.85774302
0.0	3655385531698.742	-73446831.00479686
0.0	-8002631047386.68	-60933242474277.98
0.0	1144894539977.8718	409878398758.86914
0.0	109502524915.44153	-17749538829446.547
0.0	-632409010915.9397	-13702756116488.758
0.0	233189093479.26355	-14040235113708.309
0.0	-74282973489.56717	-15490187602767.98
0.0	45953659506.61109	-14091628651745.07
0.0	-39330505793.73735	-15317353614601.572
0.0	24002319435.81539	-14785354510573.996
0.0	-10432955048.784067	-15009591967370.525
0.0	-2145946981.2870584	-14903542117722.303
0.0	5254134125.222295	-14938329009211.379
0.0	-4118992802.332184	-14906109493273.469
0.0	1853975475.96001	-14909093365316.482
0.0	-1282992057.8157432	-14908582364238.727
0.0	121221795.35330498	-14908040615373.832
0.0	-467318195.95358557	-14908614549100.197
0.0	227744741.08418572	-14907917222734.256
0.0	-143711948.20750976	-14908509246884.527
0.0	143711952.31349525	-14908509246885.988
0.0	-227744744.57600212	-14907917222737.902
0.0	467318191.43150556	-14908614549096.8
0.0	-121221786.90027025	-14908040615373.516
0.0	1282992055.8265572	-14908582364239.621
0.0	-1853975478.6197872	-14909093365316.648
0.0	4118992801.5332947	-14906109493274.771
0.0	-5254134126.012552	-14938329009207.648
0.0	2145946982.6116886	-14903542117714.793
0.0	10432955048.132992	-15009591967368.086
0.0	-24002319435.151047	-14785354510574.254
0.0	39330505792.49907	-15317353614597.39
0.0	-45953659503.20144	-14091628651747.797
0.0	74282973485.8917	-15490187602764.479
0.0	-233189093479.1963	-14040235113700.79
0.0	632409010921.0428	-13702756116493.777
0.0	-109502524922.38953	-17749538829449.086
0.0	-1144894539977.6196	409878398758.49414
0.0	8002631047371.301	-60933242474268.33
0.0	-3655385531697.8037	-73446830.99546261
0.0	543017970910.23676	10009946.04040042
0.0	-1143361890265.8901	29068423479918.758
0.0	181878549894.46088	1770897115248.5693
0.0	9982323191.472672	7323622631709.981
0.0	-91034361583.96405	6922308435382.596
0.0	32991119276.315987	5978973726424.386
0.0	-11028354960.494286	6908424140895.24
0.0	8074594305.679949	6162410756126.557
0.0	-6093572991.100415	6808607075414.727
0.0	3345158477.922227	6513493257963.471
0.0	-1598627461.7075691	6641511484081.252
0.0	-261781527.2666337	6585245708027.879
0.0	582711524.8144307	6599281866750.468
0.0	-519266896.3882968	6586956807096.616
0.0	238622419.94753262	6586236259065.664
0.0	-163068365.4360847	6587083600637.545
0.0	18353106.910310667	6586357238034.618
0.0	-60410778.12713836	6586834039763.191
0.0	32337654.381289963	6586292006422.17
0.0	-20071139.727569852	6586666796668.109
0.0	20071142.342389062	6586666796665.734
0.0	-32337656.330200393	6586292006420.715
0.0	60410775.47183911	6586834039767.455
0.0	-18353102.36854571	6586357238033.952
0.0	163068364.9756291	6587083600635.096
0.0	-238622422.26733914	6586236259064.836
0.0	519266896.71130216	6586956807097.566
0.0	-582711525.1616209	6599281866749.743
0.0	261781527.3655944	6585245708031.482
0.0	1598627461.3500834	6641511484082.213
0.0	-3345158477.8365345	6513493257964.539
0.0	6093572990.6832695	6808607075416.0205
0.0	-8074594304.582018	6162410756126.908
0.0	11028354960.817558	6908424140893.822
0.0	-32991119276.9479	5978973726421.221
0.0	91034361584.07156	6922308435385.445
0.0	-9982323192.210983	7323622631713.938
0.0	-181878549894.334	1770897115249.169
0.0	1143361890263.895	29068423479915.1
0.0	-543017970909.9261	10009946.043427642
0.0	60106717953.50113	-7587655.935554881
0.0	-98470097395.21667	-12495296939787.424
0.0	7220682450.729491	-2050597041535.581
0.0	4874479581.815706	-2409043051280.686
0.0	-15456080063.91314	-3190932179588.9346
0.0	4356400190.638804	-2091932894603.662
0.0	-1474236660.8402328	-2642238329399.4927
0.0	1201689666.6867087	-2271003328342.8833
0.0	-724642915.8368318	-2587894785719.2974
0.0	348349446.9625293	-2434847946995.098
0.0	-178376320.8403307	-2503121555230.9907
0.0	-23958262.528379142	-2475198230350.3745
0.0	50505254.30497882	-2479726774461.5674
0.0	-50940478.663502455	-2476328572447.806
0.0	23523521.412827946	-2474659233905.895
0.0	-15975862.382462332	-2475682402709.4727
0.0	2145034.7235962925	-2475089650433.469
0.0	-5989739.00415604	-2475408864252.7915
0.0	3496261.845898924	-2475045901898.8667
0.0	-2151996.625760774	-2475262652357.2925
0.0	2151997.7496203114	-2475262652358.388
0.0	-3496262.505056912	-2475045901900.156
0.0	5989737.2611147575	-2475408864252.5474
0.0	-2145032.0800537383	-2475089650433.6763
0.0	15975862.148590507	-2475682402711.393
0.0	-23523522.52169349	-2474659233906.377
0.0	50940478.85927139	-2476328572448.498
0.0	-50505254.58501004	-2479726774460.949
0.0	23958262.745711498	-2475198230349.8325
0.0	178376320.70573485	-2503121555231.4053
0.0	-348349446.89154863	-2434847946994.318
0.0	724642915.7071183	-2587894785717.8257
0.0	-1201689666.1596017	-2271003328343.7188
0.0	1474236660.5433307	-2642238329399.182
0.0	-4356400190.699398	-2091932894601.6587
0.0	15456080063.834156	-3190932179591.2583
0.0	-4874479582.681847	-2409043051280.0737
0.0	-7220682451.21807	-2050597041535.689
0.0	98470097393.1474	-12495296939785.82
0.0	-60106717953.40664	-7587655.93526869
0.0	3712007932.079796	-10722925.732368674
0.0	3811739508.6731625	4509705746088.171
0.0	-5398605757.432387	1632463702168.5623
0.0	2104356777.6748738	331407033324.06445
0.0	-3052301276.462636	1270876393344.0825
0.0	609231431.7339414	396166361446.0432
0.0	-200336915.82048738	698878812309.529
0.0	163061109.813591	530142559664.9973
0.0	-54726455.599473745	671805586128.7974
0.0	22997459.62107216	598160820456.6614
0.0	-11003641.400432186	631860502061.4028
0.0	-755256.0720860492	619250059075.3267
0.0	4257262.371346397	619884270198.3337
0.0	-3297935.9437013846	619975889481.9644
0.0	2335786.906804908	618471463707.8865
0.0	-724729.3413775596	619289800522.094
0.0	555634.4224428843	618890763432.4766
0.0	-299774.67444778566	619088414192.2454
0.0	346000.4740608114	618868690013.8025
0.0	-156616.8217139308	618987949307.1345
0.0	156617.20665042684	618987949307.335
0.0	-346000.64553504274	618868690013.3984
0.0	299773.7741499483	619088414190.98
0.0	-555633.0780852595	618890763432.7798
0.0	724729.0694292961	619289800521.4424
0.0	-2335787.190122093	618471463707.9202
0.0	3297935.9409299046	619975889482.0808
0.0	-4257262.71373814	619884270198.0295
0.0	755256.4274681467	619250059075.6838
0.0	11003641.40024211	631860502061.8369
0.0	-22997459.74401539	598160820456.9004
0.0	54726455.56591892	671805586128.8474
0.0	-163061109.56529582	530142559665.0918
0.0	200336915.53407565	698878812309.2019
0.0	-609231431.6302533	396166361445.6548
0.0	3052301276.450125	1270876393344.6345
0.0	-2104356778.175738	331407033324.7246
0.0	5398605756.960678	1632463702168.6567
0.0	-3811739509.265482	4509705746088.252
0.0	-3712007932.053673	-10722925.732381856
0.0	1086586249.5603673	-13354366.160133842
0.0	2705989413.7942276	-1053023608936.4958
0.0	-1349214804.5813832	-1115368547161.5776
0.0	511953041.9148411	377880664275.5757
0.0	-408255246.93751	-381051563182.9467
0.0	65505222.49969223	215682091577.17847
0.0	-20450416.124772012	59650871698.21973
0.0	13332126.071109165	128027156267.9187
0.0	7256315.995710982	72571403564.07373
0.0	-597689.7113068604	104727455618.20728
0.0	1702964.1155752344	89348364455.39746
0.0	707328.5501186745	94475183403.6294
0.0	923216.0848045072	95152164705.85474
0.0	290083.82935687946	94126429026.85718
0.0	665858.181718912	95215493226.22168
0.0	424825.2662648349	94650741583.95312
0.0	414275.99087792775	94905846152.64551
0.0	145904.31887420738	94794860291.24512
0.0	81603.1380916441	94918827363.83838
0.0	4758.489895925268	94858851095.46777
0.0	-4758.333838349079	94858851095.43091
0.0	-81603.34490504168	94918827363.38745
0.0	-145904.48902406136	94794860291.32031
0.0	-414275.54762237205	94905846152.53491
0.0	-424825.59284712374	94650741583.40527
0.0	-665858.0741840078	95215493226.08643
0.0	-290083.7939307546	94126429026.77002
0.0	-923216.3806478729	95152164705.88916
0.0	-707328.2433031129	94475183403.7605
0.0	-1702964.1498276656	89348364455.64355
0.0	597689.7283864515	104727455618.17554
0.0	-7256315.98656924	72571403564.14795
0.0	-13332125.80596111	128027156267.7732
0.0	20450415.83702211	59650871698.105225
0.0	-65505222.428666845	215682091577.45093
0.0	408255246.92199516	-381051563183.28265
0.0	-511953042.4417172	377880664275.58545
0.0	1349214804.2459464	-1115368547161.6873
0.0	-2705989414.461069	-1053023608936.426
0.0	-1086586249.5457053	-13354366.1601634
0.0	1678690424.6934938	-13122272.24704159
0.0	36892238.3698076	-243254625411.61914
0.0	192827509.6002717	669090914596.8306
0.0	62029839.65534896	-513436153256.3157
0.0	57693441.451619215	2447924628.326172
0.0	-11367484.487584967	-364376866291.6321
0.0	5035144.025977208	-291640860191.2733
0.0	-4830548.536294516	-312679319180.03015
0.0	7426230.101817323	-296794884566.61707
0.0	-428439.13732527173	-308690657255.3008
0.0	1895636.0973003737	-302473940613.42737
0.0	808332.1296595919	-304066888394.5381
0.0	682996.0039256497	-305020095783.51074
0.0	529804.7618635149	-303939612924.0332
0.0	539218.2091320099	-304639514181.07434
0.0	499592.53916309925	-304284607460.50793
0.0	398055.86076291976	-304428238165.3308
0.0	180155.04972257902	-304370793448.2915
0.0	59885.57111416432	-304434838045.04285
0.0	10112.903014681735	-304407357943.41223
0.0	-10112.906349868847	-304407357943.4708
0.0	-59885.5933418883	-304434838045.2731
0.0	-180155.04635505474	-304370793448.1686
0.0	-398055.8480679095	-304428238165.4204
0.0	-499592.80224209314	-304284607460.7412
0.0	-539217.942697452	-304639514181.22534
0.0	-529804.7234508349	-303939612924.03406
0.0	-682996.2488382153	-305020095783.4429
0.0	-808331.9053498649	-304066888394.5879
0.0	-1895636.1198906153	-302473940613.39844
0.0	428439.1711190988	-308690657255.33716
0.0	-7426230.083132625	-296794884566.7638
0.0	4830548.772562732	-312679319180.0471
0.0	-5035144.252821746	-291640860191.3397
0.0	11367484.49798193	-364376866291.6135
0.0	-57693441.52135658	2447924628.3062744
0.0	-62029839.99841873	-513436153256.21375
0.0	-192827509.83850032	669090914596.7927
0.0	-36892238.53838611	-243254625411.7588
0.0	-1678690424.6779056	-13122272.247045469
0.0	1538046730.618372	-14459923.28950828
0.0	-135178860.0440656	550296406301.5903
0.0	282965114.091276	-378993119757.7209
0.0	12295850.74919007	430410409308.9839
0.0	62852582.57052307	108021917358.08868
0.0	-11683753.025119934	318939198263.1547
0.0	5637503.896721436	287532028165.82825
0.0	-3731001.22173083	290043612117.1332
0.0	4626475.262289832	288877409945.88385
0.0	242870.09652213426	292341842623.6282
0.0	1606237.3705493936	290306783560.37463
0.0	802981.1420529758	290478832645.5014
0.0	662480.9166577922	291297798974.89136
0.0	552117.4754038489	290475316723.7613
0.0	527421.1276227107	290881890952.7264
0.0	496926.1662755519	290684902358.2237
0.0	391075.1620246854	290758133146.372
0.0	177552.08886581726	290728930983.1718
0.0	57643.55088382827	290760177496.3912
0.0	17401.12337841822	290748834660.5563
0.0	-17401.221074990786	290748834660.5182
0.0	-57643.474629990254	290760177496.4649
0.0	-177551.99286855213	290728930983.2165
0.0	-391075.3316537048	290758133146.33777
0.0	-496926.3121732848	290684902358.1625
0.0	-527420.8784961491	290881890952.7262
0.0	-552117.4891215389	290475316723.88354
0.0	-662481.0718222441	291297798974.9862
0.0	-802980.9691856834	290478832645.5643
0.0	-1606237.369131253	290306783560.3911
0.0	-242870.12078134483	292341842623.6278
0.0	-4626475.2226420855	288877409945.82776
0.0	3731001.327504127	290043612117.05975
0.0	-5637504.0813264465	287532028165.8809
0.0	11683753.065140333	318939198263.17004
0.0	-62852582.553389914	108021917358.02936
0.0	-12295850.947309155	430410409308.88544
0.0	-282965114.0617517	-378993119757.76575
0.0	135178859.74087542	550296406301.5139
0.0	-1538046730.6046672	-14459923.289509093
0.0	1244701836.960893	-12795242.9668938
0.0	-189219971.3846898	-510408731342.5925
0.0	204875369.1718698	179347452586.72076
0.0	4472274.100582793	-300796813883.82715
0.0	35716074.933594525	-122395266872.49377
0.0	-2847800.6808840865	-230333230920.81525
0.0	1275594.9932168892	-219512623415.4701
0.0	1959884.9955154837	-215203827173.7095
0.0	934094.6249195875	-219228303410.23666
0.0	1288450.7233862358	-218917156178.8792
0.0	798575.4919392238	-218737387353.32535
0.0	780847.6587417502	-218486595590.20593
0.0	472254.3982168408	-219016700273.67773
0.0	517978.7884116726	-218480216875.7002
0.0	508375.76614285365	-218693687751.36743
0.0	471907.06533625966	-218598602208.31274
0.0	369001.9159544753	-218635857253.49084
0.0	163797.73973470504	-218622300268.13184
0.0	69227.23009795765	-218636432412.4151
0.0	16534.298238181953	-218632626264.04102
0.0	-16534.378980520472	-218632626263.9907
0.0	-69227.15040454763	-218636432412.4329
0.0	-163797.66402351327	-218622300268.14307
0.0	-369002.0768591693	-218635857253.4784
0.0	-471907.16845825914	-218598602208.13702
0.0	-508375.58122757217	-218693687751.29276
0.0	-517978.7920750642	-218480216875.65717
0.0	-472254.51251161745	-219016700273.63013
0.0	-780847.5384892318	-218486595590.15283
0.0	-798575.4915617676	-218737387353.3228
0.0	-1288450.727878735	-218917156178.8825
0.0	-934094.6061890387	-219228303410.2821
0.0	-1959884.907626561	-215203827173.73007
0.0	-1275595.1179583448	-219512623415.52283
0.0	2847800.711470735	-230333230920.70026
0.0	-35716074.928488076	-122395266872.51434
0.0	-4472274.244807791	-300796813883.7743
0.0	-204875369.14229503	179347452586.74628
0.0	189219971.15027446	-510408731342.64355
0.0	-1244701836.9522102	-12795242.966881897
0.0	1054626627.4469298	-11127625.303244747
0.0	97390303.31658038	371275208982.2218
0.0	62959393.18810587	-85987510133.09229
0.0	21104237.966251757	198628444050.4328
0.0	3624747.760021868	98679282356.67184
0.0	1168404.3837044137	154196707612.04626
0.0	1005731.1485582553	151651430242.34262
0.0	1272586.1678636097	146835995217.62665
0.0	1234376.6194815757	150839960082.5921
0.0	1139779.2729150902	149680646659.068
0.0	968552.93582686	149966680885.27396
0.0	728491.0537156271	149692852968.72314
0.0	591985.5660121837	150035306701.0535
0.0	470239.56858391926	149706170173.58246
0.0	485158.4655363177	149821005509.5279
0.0	428684.5119973785	149771535647.3677
0.0	341734.6570486116	149790401622.97644
0.0	164404.92557279716	149783390395.99622
0.0	66521.30132924214	149788684658.79395
0.0	19315.63880479746	149788114345.1562
0.0	-19315.687745382304	149788114345.21033
0.0	-66521.25379339636	149788684658.8172
0.0	-164404.87771061662	149783390395.98904
0.0	-341734.7489867489	149790401622.97714
0.0	-428684.568308992	149771535647.51608
0.0	-485158.3633070849	149821005509.60312
0.0	-470239.5733025033	149706170173.59683
0.0	-591985.6258418848	150035306701.09888
0.0	-728490.9899446119	149692852968.7718
0.0	-968552.9372184966	149966680885.2947
0.0	-1139779.279562226	149680646659.07758
0.0	-1234376.610048078	150839960082.57523
0.0	-1272586.117937454	146835995217.57996
0.0	-1005731.2103789923	151651430242.2934
0.0	-1168404.3724251823	154196707612.0133
0.0	-3624747.759927355	98679282356.69214
0.0	-21104238.042963713	198628444050.49188
0.0	-62959393.18623873	-85987510133.09296
0.0	-97390303.43341498	371275208982.0936
0.0	-1054626627.4427373	-11127625.303250458
0.0	893663851.1049644	-14021618.81961492
0.0	97644451.4038623	-242464588673.19714
0.0	-2476479.7293388695	24260011701.887768
0.0	28470730.563036785	-116267586345.8277
0.0	-15198163.378533296	-69710164110.996
0.0	4638091.827578298	-92499066626.10161
0.0	124758.83873395962	-93377455968.12256
0.0	1313100.7463675719	-89652140032.71207
0.0	877525.9831026802	-92771506579.2446
0.0	1233154.0419646327	-91599008915.73611
0.0	884390.9602797563	-92083802670.83105
0.0	655958.4709169056	-91812396211.7228
0.0	652884.2308748415	-92015928864.39243
0.0	404935.26027352066	-91841806630.06377
0.0	474119.13083849236	-91891312848.44731
0.0	397303.3917055348	-91870357104.91997
0.0	334218.7229198433	-91877994201.10889
0.0	171686.30513691047	-91875562628.37384
0.0	73642.29475601099	-91876942614.27673
0.0	20885.843770346015	-91877273126.66626
0.0	-20885.862107841753	-91877273126.65277
0.0	-73642.2801659716	-91876942614.26642
0.0	-171686.2884734332	-91875562628.38564
0.0	-334218.748361106	-91877994201.12056
0.0	-397303.41186705284	-91870357104.83417
0.0	-474119.09163316013	-91891312848.41656
0.0	-404935.26471928734	-91841806630.06348
0.0	-652884.2644448394	-92015928864.3396
0.0	-655958.4383686065	-91812396211.68457
0.0	-884390.9566914239	-92083802670.81128
0.0	-1233154.0569014815	-91599008915.74307
0.0	-877525.973775415	-92771506579.25568
0.0	-1313100.7282752655	-89652140032.7224
0.0	-124758.8699936422	-93377455968.15384
0.0	-4638091.818752726	-92499066626.06808
0.0	15198163.38507074	-69710164111.03766
0.0	-28470730.589430936	-116267586345.81467
0.0	2476479.7718025	24260011701.89662
0.0	-97644451.48079303	-242464588673.2505
0.0	-893663851.103202	-14021618.819612231
0.0	747736501.3850498	-27825689.565606464
0.0	-71668983.23955676	124976099732.4159
0.0	23112795.11153295	-16749441753.43896
0.0	33324588.643453486	52850477834.20027
0.0	-23394304.360165868	31600572157.237
0.0	8718193.733401077	42770762269.13061
0.0	197315.38184536295	42907615601.46652
0.0	1830027.9409007612	40853113557.54627
0.0	798330.6116066674	42410229551.0883
0.0	1300114.705989234	41782216293.485405
0.0	820398.400103621	42058725645.72812
0.0	587958.3196463573	41896097844.22878
0.0	747980.7558309098	42012974320.6819
0.0	390049.89728456794	41931610116.27813
0.0	517835.7098178147	41952815604.27271
0.0	407351.7689252834	41944180536.11032
0.0	360383.45864477847	41946805661.92406
0.0	191089.84825117118	41946211642.03778
0.0	101990.45149761508	41946417196.48459
0.0	28130.702198327323	41946724090.32973
0.0	-28130.701668615533	41946724090.34412
0.0	-101990.45412120943	41946417196.493126
0.0	-191089.84809502453	41946211642.019966
0.0	-360383.45162588387	41946805661.91627
0.0	-407351.77531914937	41944180536.129715
0.0	-517835.7045999877	41952815604.28137
0.0	-390049.8996893919	41931610116.27713
0.0	-747980.762531555	42012974320.68787
0.0	-587958.3092925958	41896097844.229256
0.0	-820398.4011345175	42058725645.72723
0.0	-1300114.708827143	41782216293.48111
0.0	-798330.608616685	42410229551.0734
0.0	-1830027.9345342508	40853113557.55275
0.0	-197315.3927593158	42907615601.44684
0.0	-8718193.730027204	42770762269.13292
0.0	23394304.363307904	31600572157.2387
0.0	-33324588.654797442	52850477834.19474
0.0	-23112795.119383484	-16749441753.4324
0.0	71668983.21476649	124976099732.38364
0.0	-747736501.384093	-27825689.565617874
0.0	635965623.9913114	-50501977.876358256
0.0	222930146.86815226	-83284330493.12573
0.0	-52539363.65487771	-10824659397.771538
0.0	26764827.383925945	-35443170059.546524
0.0	1429400.9761754684	-29598965346.08987
0.0	-811784.0470631244	-32524340153.463547
0.0	4974530.3910100395	-34224749689.281185
0.0	-977372.8145854936	-32021990589.520744
0.0	2958549.100072939	-33421574428.13583
0.0	603737.4785497964	-32789179497.732567
0.0	1468100.364372995	-33079980129.797256
0.0	789620.1428510265	-32932993187.38292
0.0	687757.1409778033	-32998806997.473915
0.0	531382.2665442954	-32955990967.38262
0.0	447279.7229797771	-32960423782.754745
0.0	432548.52663587604	-32959661625.4033
0.0	320406.08359191695	-32959108814.91134
0.0	181609.39721382962	-32959908706.34424
0.0	81586.24641731539	-32959261634.093147
0.0	27405.31942798349	-32959643159.966763
0.0	-27405.315193207727	-32959643159.966698
0.0	-81586.2527903593	-32959261634.08819
0.0	-181609.40044582746	-32959908706.348824
0.0	-320406.0735796975	-32959108814.91292
0.0	-432548.52988992794	-32959661625.390724
0.0	-447279.7229382477	-32960423782.74044
0.0	-531382.268369637	-32955990967.37879
0.0	-687757.1463794445	-32998806997.46723
0.0	-789620.1378789296	-32932993187.376633
0.0	-1468100.3645170582	-33079980129.79856
0.0	-603737.4801409512	-32789179497.735573
0.0	-2958549.0993698994	-33421574428.13748
0.0	977372.8196617898	-32021990589.528732
0.0	-4974530.39597871	-34224749689.293396
0.0	811784.0473099276	-32524340153.4543
0.0	-1429400.9757935666	-29598965346.10054
0.0	-26764827.389695518	-35443170059.54319
0.0	52539363.655012354	-10824659397.771185
0.0	-222930146.8824814	-83284330493.11899
0.0	-635965623.9907297	-50501977.876336455
0.0	512674200.033828	-60805378.7060138
0.0	133386035.7680077	28007164916.93062
0.0	35258654.0133845	-12240381959.474846
0.0	13366454.287357317	9355407013.591866
0.0	9558552.390164148	1504268206.6414452
0.0	933436.5518093137	5872511165.799807
0.0	1907708.4150982813	5746962181.8127
0.0	1490619.4191444952	5557288856.763496
0.0	1459460.9454467332	5767680418.113449
0.0	1165168.2280325908	5670328435.479023
0.0	995657.7699073651	5723946393.191351
0.0	809646.8828811828	5683938738.767107
0.0	597607.3652225528	5711196263.195636
0.0	519444.86391672114	5690628898.95911
0.0	468331.2318216238	5698504060.108984
0.0	405140.80821332237	5695136891.302376
0.0	309516.52684032405	5696219578.58333
0.0	170691.68539291547	5695863814.07074
0.0	84656.67291806027	5695967381.064568
0.0	25812.233572158962	5696092006.0165615
0.0	-25812.233720054286	5696092006.016185
0.0	-84656.67312626545	5695967381.064779
0.0	-170691.68523984673	5695863814.071302
0.0	-309516.5265891695	5696219578.58037
0.0	-405140.8079064288	5695136891.299654
0.0	-468331.2322587606	5698504060.107735
0.0	-519444.8638254483	5690628898.960267
0.0	-597607.3645756429	5711196263.194155
0.0	-809646.8834168747	5683938738.766832
0.0	-995657.7698746464	5723946393.19083
0.0	-1165168.2280917624	5670328435.478769
0.0	-1459460.9454701776	5767680418.1156845
0.0	-1490619.4197058766	5557288856.762391
0.0	-1907708.4145137623	5746962181.813322
0.0	-933436.5520049849	5872511165.798485
0.0	-9558552.390217323	1504268206.6421976
0.0	-13366454.286420811	9355407013.59327
0.0	-35258654.0147789	-12240381959.476109
0.0	-133386035.76631618	28007164916.922474
0.0	-512674200.0333895	-60805378.70600797
0.0	315817892.5864948	-30416135.57883454
0.0	403728865.9328505	-10619398043.254307
0.0	115580028.51139763	-17875463630.653244
0.0	34066869.30964826	-16948554152.658777
0.0	-13048008.631390631	-19190241852.26075
0.0	10756720.552864628	-17115758708.557903
0.0	-3405064.9860579944	-18571964306.45302
0.0	3984179.0729591832	-17614453381.779686
0.0	-493603.0304883997	-18252739606.13859
0.0	1495346.9047318406	-17959839259.737576
0.0	419882.5083606281	-18087360628.362858
0.0	471167.064574306	-18033821091.394974
0.0	483056.760755965	-18049506897.928406
0.0	225598.46230378203	-18041194561.30255
0.0	334793.65791617794	-18040884339.223362
0.0	216475.93396097448	-18041661089.937508
0.0	194040.1779505985	-18041025012.059265
0.0	90449.95216373172	-18041533849.375122
0.0	51651.355845223494	-18041122669.950832
0.0	12816.603740719549	-18041297157.339493
0.0	-12816.602277000742	-18041297157.338043
0.0	-51651.358470196865	-18041122669.953266
0.0	-90449.95386214006	-18041533849.372055
0.0	-194040.17385097846	-18041025012.061646
0.0	-216475.9331348386	-18041661089.937576
0.0	-334793.66039006034	-18040884339.223778
0.0	-225598.46214289308	-18041194561.30448
0.0	-483056.7603549296	-18049506897.926296
0.0	-471167.0653230226	-18033821091.39359
0.0	-419882.5080733763	-18087360628.3634
0.0	-1495346.9050419927	-17959839259.737812
0.0	493603.0303600859	-18252739606.135918
0.0	-3984179.073513135	-17614453381.779457
0.0	3405064.986780233	-18571964306.452087
0.0	-10756720.553228883	-17115758708.55347
0.0	13048008.631582983	-19190241852.265278
0.0	-34066869.30838187	-16948554152.660376
0.0	-115580028.51213494	-17875463630.652245
0.0	-403728865.9317484	-10619398043.244202
0.0	-315817892.58623344	-30416135.57884178
0.0	103917843.90682651	-97916361.62530312
0.0	31785848.825370327	-360290185.3207299
0.0	60321833.09098788	-221740713.54117656
0.0	7855156.821187532	-50307628.21417868
0.0	9454377.058407212	81793721.62801436
0.0	894475.5538116043	56805680.182133496
0.0	1359562.9628261535	32865086.082708836
0.0	1581059.2778486838	22748375.361364067
0.0	815126.1282249119	22666932.983795285
0.0	848853.6243114951	23365000.85912037
0.0	549324.5862047827	25426985.83900112
0.0	455788.74856578204	26667669.96526462
0.0	255000.8116301109	27593844.350721776
0.0	241264.22422647558	28232446.552622736
0.0	219991.66844405542	28738925.451090634
0.0	188976.1215818993	28777220.486869454
0.0	138502.5443381268	28785044.0897398
0.0	66906.94190378411	28806257.706100047
0.0	30749.016431850097	28969345.186603665
0.0	8580.33912511143	29104665.815956414
0.0	-8580.339125619257	29104665.81596148
0.0	-30749.016432896846	28969345.186659455
0.0	-66906.94190337001	28806257.70622009
0.0	-138502.54433755347	28785044.08983338
0.0	-188976.12158259866	28777220.486890495
0.0	-219991.66844550826	28738925.45110345
0.0	-241264.2242247354	28232446.552681446
0.0	-255000.81162965155	27593844.35079372
0.0	-455788.7485652334	26667669.965291798
0.0	-549324.5862075023	25426985.838995516
0.0	-848853.6243116679	23365000.859128356
0.0	-815126.128224386	22666932.98381865
0.0	-1581059.277851226	22748375.361391902
0.0	-1359562.962828926	32865086.08273512
0.0	-894475.553804742	56805680.182130754
0.0	-9454377.05842007	81793721.62796152
0.0	-7855156.821186096	-50307628.21419996
0.0	-60321833.09098823	-221740713.54114246
0.0	-31785848.82538584	-360290185.32064384
0.0	-103917843.90674269	-97916361.62522118
