144
0.010434630656783848
0.014862676698321444
0.015462570492610846
0.011536574043208483
0.008211836163268003
0.0071030685623765175
0.007103068562376531
0.008211836163268052
0.011536574043208604
0.015462570492610971
0.01486267669832151
0.010434630656783803
0.019676031731105534
0.018021431896111627
0.016703697536288403
0.012739488570363201
0.008179715622622805
0.006738690130297313
0.006738690130297348
0.008179715622622895
0.012739488570363323
0.016703697536288593
0.018021431896111776
0.019676031731105485
0.024010034763711684
0.019086506922456715
0.01912998321305239
0.015436323751658744
0.011607005630857248
0.010384478884582302
0.01038447888458231
0.011607005630857235
0.01543632375165888
0.019129983213052548
0.01908650692245684
0.02401003476371149
0.018415301591621296
0.01524488025513533
0.015808023492281775
0.01320813634131997
0.012506421866888247
0.012294670703192477
0.01229467070319243
0.012506421866888162
0.013208136341319988
0.01580802349228183
0.015244880255135458
0.018415301591621285
0.0033957258255054006
0.0049091870206582865
0.006602519151747813
0.008275899137336458
0.010085168885581499
0.010998669762263144
0.01099866976226312
0.010085168885581398
0.008275899137336368
0.006602519151747734
0.004909187020658269
0.003395725825505406
-0.008876383841766686
-0.0043715777087492275
-0.0030447980138605772
0.0001921127872584298
0.0028745081778384987
0.003920537144457732
0.003920537144457743
0.002874508177838443
0.0001921127872583396
-0.0030447980138606917
-0.0043715777087493315
-0.00887638384176663
-0.012775250501178502
-0.00901514688358122
-0.008802091218514134
-0.006031550521484538
-0.0038831922903868714
-0.0033011935419423617
-0.0033011935419423426
-0.0038831922903868384
-0.006031550521484623
-0.008802091218514229
-0.009015146883581342
-0.01277525050117842
-0.01140470653746408
-0.00983153693210894
-0.010428321674510523
-0.008586665798188963
-0.007231053897784356
-0.00705476410902569
-0.007054764109025644
-0.00723105389778429
-0.008586665798189013
-0.010428321674510601
-0.009831536932109034
-0.011404706537464004
-0.008635279073862277
-0.008654356551005863
-0.009388231575943352
-0.008183832201145892
-0.007328169806801037
-0.007286301626983281
-0.007286301626983248
-0.0073281698068009896
-0.008183832201145932
-0.009388231575943415
-0.008654356551005923
-0.008635279073862214
-0.0056772713403191715
-0.006484426541704205
-0.007008437209213412
-0.006169564106407544
-0.005588189769798192
-0.005567199681071548
-0.005567199681071527
-0.005588189769798166
-0.006169564106407566
-0.007008437209213455
-0.006484426541704248
-0.005677271340319141
-0.003074513967486446
-0.004219095372123856
-0.004430478619219515
-0.003776818906219964
-0.003382923294583696
-0.0033587892670874694
-0.0033587892670874577
-0.0033829232945836807
-0.003776818906219984
-0.004430478619219541
-0.004219095372123874
-0.003074513967486419
-0.0016475953529734358
-0.0030182641214747505
-0.0031951295908351665
-0.0026689206009636217
-0.0023727148431323913
-0.0023613922034422426
-0.002361392203442236
-0.0023727148431323818
-0.0026689206009636282
-0.003195129590835188
-0.0030182641214747587
-0.001647595352973417
