144
0.0022324242716177446
0.0030128675750514433
0.0031372877918313673
0.0026464032727859287
0.0022530327287285422
0.002138981633205523
0.0021389816332055226
0.0022530327287285414
0.0026464032727859404
0.003137287791831381
0.0030128675750514524
0.0022324242716177402
0.00527676468044474
0.006016207299305291
0.006250699352364509
0.00574937622845648
0.005233799969284171
0.005064086130537281
0.00506408613053728
0.005233799969284171
0.00574937622845649
0.006250699352364526
0.00601620729930531
0.005276764680444732
0.007396825538646105
0.008226669917822761
0.008840972257674329
0.008475493146618027
0.00800886649393122
0.00784040153950809
0.007840401539508088
0.008008866493931219
0.008475493146618043
0.008840972257674336
0.008226669917822775
0.007396825538646076
0.0064533661964217845
0.007494547226989845
0.008198308879132995
0.008081325863640831
0.007882856402824026
0.0077858097241092295
0.007785809724109228
0.007882856402824023
0.008081325863640835
0.008198308879132993
0.007494547226989854
0.00645336619642178
0.001498979872217401
0.0025561651084348657
0.002929492377926
0.0031079208573362447
0.0032069438952830234
0.003240251067021864
0.003240251067021864
0.0032069438952830242
0.0031079208573362364
0.0029294923779259923
0.0025561651084348566
0.0014989798722174039
-0.0033557869828462128
-0.00295062177074066
-0.0030815163547655362
-0.0027697877777073604
-0.002472539933189154
-0.0023641300564172
-0.002364130056417196
-0.0024725399331891507
-0.0027697877777073704
-0.003081516354765548
-0.002950621770740679
-0.0033557869828462015
-0.005360579838088219
-0.005884317124588528
-0.006336225563736659
-0.006010160492251146
-0.005661638128853438
-0.005548295299950342
-0.005548295299950338
-0.005661638128853431
-0.006010160492251153
-0.006336225563736671
-0.005884317124588543
-0.005360579838088204
-0.005087839161858056
-0.006213903007382601
-0.006708923706277246
-0.006421610314099075
-0.006119366137939616
-0.006032660820043286
-0.006032660820043282
-0.006119366137939611
-0.006421610314099084
-0.006708923706277255
-0.00621390300738261
-0.005087839161858042
-0.00377202242090852
-0.004962913178906643
-0.005336788364407791
-0.005111075768818463
-0.004893887052708777
-0.004839369447702021
-0.0048393694477020174
-0.004893887052708775
-0.00511107576881847
-0.005336788364407795
-0.004962913178906646
-0.0037720224209085128
-0.0021724902936649786
-0.0030195549855767307
-0.0032013871155355212
-0.0030335649928115347
-0.0029008053847864286
-0.0028744104023601625
-0.0028744104023601625
-0.0029008053847864295
-0.0030335649928115377
-0.003201387115535524
-0.0030195549855767316
-0.002172490293664976
-0.0009844237383841257
-0.0014174168151533345
-0.001470278088995143
-0.001361703017575223
-0.0012939591457665385
-0.0012859685098012786
-0.0012859685098012788
-0.0012939591457665396
-0.0013617030175752253
-0.0014702780889951444
-0.0014174168151533345
-0.0009844237383841241
-0.00020645945124611625
-0.00031238401034604723
-0.00028469398776484337
-0.00022542361248366357
-0.00020268713973467306
-0.00020599576309382752
-0.00020599576309382781
-0.00020268713973467336
-0.0002254236124836641
-0.00028469398776484375
-0.00031238401034604663
-0.0002064594512461162
