144
0.01190077781871982
0.020696980227147027
0.027200301679001046
0.028744416216268952
0.028193897369423
0.0277730187307687
0.027773018730768675
0.028193897369422943
0.028744416216268925
0.02720030167900106
0.020696980227147034
0.01190077781871978
0.024207163488046718
0.03100606928277106
0.0396194568603361
0.042373667921423636
0.043041069353904456
0.042858340883703855
0.04285834088370381
0.04304106935390438
0.04237366792142363
0.03961945686033612
0.03100606928277109
0.02420716348804665
0.027005848934120603
0.02944225319414289
0.036010189625455935
0.037723428243955415
0.03784734444304931
0.03771502271933049
0.03771502271933044
0.037847344443049234
0.037723428243955436
0.03601018962545598
0.02944225319414294
0.027005848934120433
0.014692896947443277
0.013011005066994819
0.012956100716025334
0.011336175248183224
0.009455286482578425
0.00916054705570108
0.009160547055701056
0.00945528648257839
0.011336175248183289
0.012956100716025432
0.013011005066994912
0.014692896947443272
-0.004850377099496857
-0.010976633015847859
-0.018221490044701142
-0.023418467721912115
-0.02566229274624987
-0.02601910093972029
-0.02601910093972026
-0.025662292746249815
-0.023418467721912042
-0.018221490044701076
-0.010976633015847788
-0.004850377099496839
-0.014503831618028453
-0.01881020984867103
-0.02635638663464596
-0.030142641803700437
-0.030970485994139464
-0.030845449358797458
-0.030845449358797402
-0.030970485994139398
-0.030142641803700382
-0.026356386634645942
-0.018810209848671048
-0.014503831618028401
-0.012905670925802224
-0.013789060660001662
-0.01762229012957938
-0.018050732433562408
-0.01717446558734058
-0.016628175451580247
-0.016628175451580206
-0.017174465587340502
-0.018050732433562408
-0.017622290129579415
-0.013789060660001738
-0.012905670925802169
-0.008813349123835608
-0.00828521752043309
-0.009239368852085617
-0.007783456927518741
-0.006293974081526933
-0.005744904459136183
-0.005744904459136148
-0.006293974081526878
-0.007783456927518767
-0.009239368852085672
-0.00828521752043317
-0.00881334912383556
-0.006503765179066939
-0.006415809950873201
-0.006555582713050734
-0.005086817931234404
-0.003949208916552123
-0.0036448225633635796
-0.0036448225633635596
-0.003949208916552095
-0.005086817931234439
-0.006555582713050783
-0.0064158099508732505
-0.006503765179066894
-0.004762480087288322
-0.00546856014909496
-0.005648411406726049
-0.004756630414811749
-0.004139673265573549
-0.004043788645419772
-0.004043788645419759
-0.004139673265573533
-0.004756630414811766
-0.00564841140672608
-0.005468560149094992
-0.004762480087288299
-0.002870460524942643
-0.0039331165254762965
-0.004153664313674316
-0.003643727436245606
-0.003328133799984004
-0.003312084930643939
-0.0033120849306439303
-0.0033281337999839923
-0.00364372743624562
-0.0041536643136743335
-0.003933116525476308
-0.002870460524942623
-0.001672917601204231
-0.002844780585455336
-0.0029691512809275674
-0.0025913322600733786
-0.002388724333814519
-0.0023919226040355203
-0.002391922604035516
-0.0023887243338145117
-0.0025913322600733812
-0.0029691512809275817
-0.00284478058545534
-0.0016729176012042178
