144
0.00045006901994391175
0.0006251797283877353
0.0006935248278846554
0.0006921907289226354
0.0006767594649461998
0.000669366608021297
0.000669366608021297
0.0006767594649461995
0.0006921907289226352
0.0006935248278846554
0.0006251797283877351
0.0004500690199439117
0.0007353107718067937
0.0010020772618637343
0.0011272846063526524
0.0011503989251561543
0.0011412721445931103
0.0011343027201631316
0.0011343027201631316
0.0011412721445931099
0.0011503989251561541
0.001127284606352652
0.001002077261863734
0.0007353107718067935
0.0005713526327114126
0.0007634720129112754
0.0008724782780842994
0.000911185647253296
0.00091673795044131
0.0009150103827874735
0.0009150103827874731
0.0009167379504413098
0.0009111856472532959
0.000872478278084299
0.0007634720129112757
0.0005713526327114126
-8.225720934373299e-06
-1.9110693771003047e-05
-1.244798734217354e-05
-2.7740721589088776e-07
6.453349289077548e-06
7.874392240798435e-06
7.874392240798516e-06
6.4533492890776425e-06
-2.774072158910775e-07
-1.2447987342173607e-05
-1.911069377100317e-05
-8.225720934373048e-06
-0.0006810053569603113
-0.0009253901339986721
-0.0010416880521087934
-0.0010653292657609673
-0.0010590757963600847
-0.0010537843270957254
-0.0010537843270957256
-0.0010590757963600845
-0.0010653292657609671
-0.0010416880521087934
-0.0009253901339986723
-0.0006810053569603113
-0.0007377287299505343
-0.001009425381435271
-0.0011320424847685471
-0.0011497953107690155
-0.001137262207662252
-0.00112924569287373
-0.0011292456928737298
-0.001137262207662252
-0.0011497953107690152
-0.0011320424847685471
-0.001009425381435271
-0.0007377287299505343
-0.0003558856381418656
-0.0004982772063180423
-0.0005495014840118785
-0.0005432533862271479
-0.000527782773787121
-0.0005209190583940076
-0.0005209190583940076
-0.0005277827737871208
-0.0005432533862271478
-0.0005495014840118784
-0.0004982772063180422
-0.00035588563814186564
-3.119668837905766e-05
-5.585777947142225e-05
-5.096853905974189e-05
-3.378357388875715e-05
-2.2272926891270957e-05
-1.8700021743366107e-05
-1.8700021743366077e-05
-2.2272926891270862e-05
-3.3783573888757125e-05
-5.096853905974184e-05
-5.5857779471422274e-05
-3.11966883790577e-05
6.035590300341849e-05
7.566128764007276e-05
9.214723990766345e-05
0.00010398486465440305
0.00010875460593085307
0.00010945637308219055
0.00010945637308219057
0.0001087546059308531
0.00010398486465440301
9.214723990766346e-05
7.566128764007276e-05
6.035590300341849e-05
3.254199822420886e-05
4.342315564800609e-05
5.1129511983393016e-05
5.4617021503589825e-05
5.5014035605677314e-05
5.450246631369475e-05
5.450246631369474e-05
5.5014035605677314e-05
5.4617021503589825e-05
5.1129511983393e-05
4.342315564800609e-05
3.254199822420886e-05
3.120151661597799e-06
5.171614969775678e-06
5.979550172149843e-06
5.635679725791249e-06
4.850497669773863e-06
4.305989214573038e-06
4.305989214573035e-06
4.850497669773858e-06
5.635679725791248e-06
5.979550172149837e-06
5.171614969775678e-06
3.120151661597798e-06
-3.964208079256589e-06
-4.67390406604382e-06
-5.472270452561127e-06
-6.2302059842944996e-06
-6.779426823292719e-06
-7.0487425213615005e-06
-7.048742521361503e-06
-6.779426823292719e-06
-6.230205984294498e-06
-5.472270452561128e-06
-4.673904066043821e-06
-3.964208079256589e-06
