144
0.004392552404996066
0.0066355748625843754
0.007841451266292354
0.007646483658735888
0.0072397360099293855
0.007113782498433984
0.00711378249843398
0.007239736009929376
0.007646483658735898
0.007841451266292371
0.006635574862584387
0.004392552404996055
0.009656487893049756
0.01153691344738348
0.013467764616181679
0.01359097839671829
0.013357201054967856
0.013257381575025779
0.01325738157502577
0.013357201054967842
0.013590978396718308
0.013467764616181703
0.011536913447383508
0.009656487893049737
0.012288965058309436
0.013666271243571209
0.015676470339907485
0.015795368695205394
0.015513180610494023
0.01540300336217327
0.015403003362173262
0.01551318061049401
0.015795368695205418
0.015676470339907503
0.013666271243571237
0.012288965058309379
0.009090748463275209
0.00986420681022506
0.010730868149754927
0.01048202353790865
0.009962704817948318
0.009819870819512294
0.00981987081951229
0.00996270481794831
0.010482023537908662
0.010730868149754937
0.009864206810225084
0.009090748463275204
0.0005165612831879139
0.0005375172358636428
-0.0004175974521473747
-0.0012835692117862721
-0.0017677522576193217
-0.001914899886918639
-0.0019148998869186356
-0.001767752257619311
-0.0012835692117862687
-0.00041759745214737425
0.0005375172358636441
0.0005165612831879191
-0.005855455150646916
-0.006101551388160511
-0.007710228796630779
-0.008285577427264653
-0.008347601655654504
-0.008343231428095026
-0.008343231428095014
-0.008347601655654485
-0.008285577427264653
-0.007710228796630791
-0.00610155138816054
-0.005855455150646897
-0.007249083459528456
-0.007705576842129559
-0.008884875926271714
-0.008747239310664593
-0.00834358110510866
-0.008186390994075542
-0.008186390994075528
-0.008343581105108638
-0.008747239310664602
-0.008884875926271737
-0.00770557684212959
-0.007249083459528428
-0.006220353887683776
-0.007054185506101995
-0.007706532292071332
-0.007178432710003449
-0.006615489790724607
-0.00642822726558877
-0.006428227265588759
-0.006615489790724594
-0.007178432710003463
-0.007706532292071351
-0.007054185506102018
-0.0062203538876837525
-0.004891553412151579
-0.006040996355923862
-0.006432217146208964
-0.005936193466970059
-0.00549544407144183
-0.00537132635133559
-0.005371326351335583
-0.005495444071441825
-0.005936193466970072
-0.006432217146208979
-0.006040996355923874
-0.004891553412151563
-0.0034147472892301555
-0.004547503134374313
-0.004810467741304783
-0.004485554064789898
-0.0042282440602082185
-0.004173637465630945
-0.0041736374656309435
-0.0042282440602082185
-0.004485554064789906
-0.0048104677413047916
-0.0045475031343743194
-0.0034147472892301486
-0.0020547703639047215
-0.0028540665886973636
-0.0029802432099097537
-0.0027743190706741045
-0.0026365275751298947
-0.002618591767686125
-0.0026185917676861247
-0.0026365275751298956
-0.0027743190706741097
-0.002980243209909757
-0.0028540665886973644
-0.0020547703639047163
-0.0012752144431652655
-0.0017775607575723357
-0.0018388923215217168
-0.001713371047682302
-0.0016411903686981094
-0.0016384513227674343
-0.0016384513227674343
-0.0016411903686981105
-0.0017133710476823043
-0.001838892321521719
-0.0017775607575723344
-0.0012752144431652634
