144
-0.13145307645459564
-0.48504956065379756
-0.9476561949646541
-1.3448596966505066
-1.53304536422712
-1.5746572796459402
-1.574657279645939
-1.533045364227115
-1.344859696650499
-0.9476561949646485
-0.4850495606537948
-0.13145307645459525
-0.41611921892826936
-1.0253382734493441
-1.7833899820767407
-2.2912042821968077
-2.678697893812382
-2.7663667217676435
-2.7663667217676404
-2.6786978938123727
-2.291204282196802
-1.7833899820767327
-1.025338273449337
-0.4161192189282668
-0.3633481765001767
-0.8653033355177036
-1.381941553338375
-1.7867933951227244
-2.082882452645531
-2.163547090714167
-2.1635470907141627
-2.082882452645527
-1.7867933951227204
-1.3819415533383699
-0.8653033355176973
-0.3633481765001754
0.12229436222974166
0.05821954452798336
0.0898911162172566
0.00982665879320288
0.11933625792363622
0.11350884445052456
0.11350884445052145
0.11933625792363717
0.009826658793203547
0.08989111621725204
0.05821954452798403
0.12229436222974194
0.5123467686463243
1.0907160673532565
1.7745780291976805
2.3142277246127696
2.6305268763609204
2.721030805957188
2.721030805957184
2.630526876360914
2.31422772461276
1.7745780291976747
1.090716067353251
0.512346768646323
0.4057047932065173
1.029975663740696
1.7209955322194137
2.2729488663957946
2.5420982895831763
2.6092512034333777
2.609251203433376
2.5420982895831723
2.2729488663957844
1.7209955322194075
1.0299756637406894
0.40570479320651637
0.0539413751890335
0.35441920811755856
0.6749890538573067
0.9188126435013456
1.0094722754459335
1.0087774371678138
1.008777437167812
1.00947227544593
0.9188126435013404
0.6749890538573026
0.35441920811755645
0.05394137518903429
-0.1341205747337278
-0.09453812516226986
-0.061098997341316394
-0.043848813592819266
-0.06549687391679115
-0.09670605454253203
-0.09670605454253192
-0.06549687391679132
-0.04384881359282068
-0.061098997341317546
-0.09453812516227011
-0.13412057473372663
-0.11154640620826897
-0.14324801375329416
-0.18612218672011477
-0.22045981347400836
-0.2519860840629879
-0.2734963204873711
-0.2734963204873707
-0.2519860840629873
-0.22045981347400795
-0.1861221867201151
-0.14324801375329388
-0.11154640620826829
-0.039739790630898296
-0.05683214090446011
-0.08053932965423675
-0.09433665810638946
-0.10335157797197445
-0.10893574202383158
-0.10893574202383127
-0.10335157797197381
-0.0943366581063894
-0.08053932965423692
-0.056832140904460204
-0.039739790630898005
-0.004598188537326084
-0.0078435720994295
-0.01044411881945865
-0.00802991924846869
-0.005428585046639019
-0.004453446899196043
-0.004453446899195953
-0.0054285850466389155
-0.008029919248468837
-0.010444118819458857
-0.007843572099429671
-0.0045981885373259195
0.0007143318085938485
-0.002767197132230552
-0.0009288471886141764
0.004708948584405006
0.008545897417583414
0.009693817477396961
0.009693817477396989
0.008545897417583477
0.004708948584404846
-0.0009288471886144001
-0.002767197132230677
0.0007143318085940419
