144
0.03474542213070673
0.07711814725467556
0.12005712703510843
0.1462943749910433
0.1557835656646544
0.15758382565293858
0.15758382565293821
0.1557835656646538
0.14629437499104284
0.12005712703510828
0.07711814725467546
0.034745422130706596
0.08155707676379359
0.13032367088304758
0.1954025080918135
0.23056550266048775
0.255162295014584
0.26012885108271655
0.260128851082716
0.2551622950145832
0.23056550266048748
0.19540250809181328
0.1303236708830473
0.08155707676379337
0.08764664549064297
0.11555101764145978
0.16133877638536476
0.18771757090478752
0.20475874871487493
0.20927220008212677
0.20927220008212633
0.20475874871487454
0.1877175709047872
0.16133877638536462
0.11555101764145967
0.08764664549064236
0.03136250599817331
0.02255767925402759
0.019435683083790962
0.018237248429112514
0.005999874498480093
0.0053252005290893994
0.005325200529089427
0.005999874498479996
0.01823724842911273
0.019435683083791462
0.02255767925402785
0.03136250599817324
-0.03834303104497354
-0.09158196515023194
-0.15029070174853776
-0.1967842599089192
-0.22263694984596694
-0.22943934764589455
-0.2294393476458946
-0.22263694984596644
-0.19678425990891826
-0.15029070174853698
-0.0915819651502314
-0.03834303104497344
-0.05637800616272688
-0.10236304793271897
-0.1617730422556618
-0.2049208888753832
-0.22407940595507872
-0.22826273987275197
-0.22826273987275153
-0.22407940595507778
-0.20492088887538276
-0.1617730422556613
-0.10236304793271866
-0.05637800616272677
-0.032641585189624955
-0.048192721630092486
-0.076102818060964
-0.09167821476641864
-0.09520592372754313
-0.09400708951227299
-0.09400708951227275
-0.09520592372754275
-0.09167821476641834
-0.07610281806096382
-0.048192721630092514
-0.032641585189624865
-0.011878021383705226
-0.007913505635928002
-0.011453075050090368
-0.008168803271824891
-0.0028775338019054048
0.0003445397349972172
0.00034453973499732303
-0.0028775338019052243
-0.008168803271824877
-0.01145307505009049
-0.007913505635928252
-0.011878021383705178
-0.007487731595487321
-0.0009504680288650955
0.0019924901276739838
0.008630084473651616
0.01381068962023022
0.015889874556256983
0.015889874556257066
0.01381068962023031
0.00863008447365153
0.001992490127673831
-0.0009504680288652968
-0.007487731595487228
-0.0077730244453654
-0.005360527975211166
-0.003956711159944729
-0.0001987326785627564
0.0022738744216518015
0.002840678597978601
0.002840678597978651
0.0022738744216518536
-0.00019873267856280671
-0.003956711159944842
-0.005360527975211289
-0.007773024445365326
-0.005645046724184718
-0.006540581968452768
-0.006509775989066524
-0.004901563297665733
-0.004055497260191652
-0.004128127639932173
-0.004128127639932131
-0.004055497260191587
-0.004901563297665759
-0.00650977598906659
-0.006540581968452827
-0.005645046724184652
-0.0031164008879480173
-0.005763771221531305
-0.006152450010938651
-0.005138081825804748
-0.004681706449595233
-0.004847237144850306
-0.004847237144850278
-0.004681706449595182
-0.005138081825804762
-0.006152450010938712
-0.005763771221531343
-0.0031164008879479583
