144
0.016800500442164922
0.014376648736507736
-0.0005280702223014466
-0.024173871365848837
-0.03955350861064455
-0.044372534746412395
-0.04437253474641227
-0.03955350861064397
-0.024173871365848087
-0.0005280702223008082
0.014376648736508041
0.01680050044216483
0.021530066181687416
-0.005174518886118973
-0.03723545308409057
-0.06524583372692411
-0.09155823561057835
-0.09916136344263464
-0.0991613634426344
-0.09155823561057763
-0.06524583372692347
-0.0372354530840896
-0.005174518886118307
0.02153006618168736
0.02703281785764957
-0.005337363843897408
-0.02716277564968264
-0.051463113702833255
-0.07230819897579527
-0.0789208272439372
-0.07892082724393723
-0.07230819897579496
-0.051463113702832894
-0.027162775649682155
-0.005337363843896825
0.027032817857649195
0.031165455921240433
0.01798311107864288
0.017587504978693554
0.0070148933218303275
0.009737575108073611
0.009190679195245459
0.009190679195245296
0.009737575108073281
0.007014893321830223
0.01758750497869336
0.017983111078643137
0.031165455921240415
0.02063198474462679
0.04088741920868123
0.06888989349094385
0.09333676077915762
0.11121867590539866
0.11797762487312174
0.11797762487312141
0.1112186759053976
0.09333676077915681
0.06888989349094317
0.04088741920868098
0.020631984744626776
-0.0007618879745366902
0.029563540895342202
0.05900584435573325
0.08836595245363983
0.10660760678706657
0.11293992529909554
0.11293992529909547
0.10660760678706599
0.0883659524536391
0.05900584435573278
0.029563540895341828
-0.000761887974536607
-0.01808029672544502
0.0008863030070685174
0.014559179280284947
0.03061714122998173
0.0397799474766466
0.041811877416906076
0.04181187741690606
0.03977994747664653
0.030617141229981347
0.014559179280284593
0.0008863030070682398
-0.018080296725444808
-0.022244748422316718
-0.01617196437820301
-0.015284334479793103
-0.010662328363566655
-0.008614935829923958
-0.009325436602983087
-0.009325436602982995
-0.008614935829923825
-0.010662328363566786
-0.015284334479793289
-0.016171964378203185
-0.022244748422316524
-0.016990384655682065
-0.01625093179678174
-0.018804359700956508
-0.01780439225919382
-0.017573707931888782
-0.018474608704011117
-0.018474608704011006
-0.01757370793188863
-0.017804392259193863
-0.018804359700956647
-0.016250931796781855
-0.016990384655681912
-0.009826152328713745
-0.010275621484420076
-0.011831136951381039
-0.010775266442417285
-0.010166143025996154
-0.010475062297311377
-0.010475062297311308
-0.010166143025996062
-0.010775266442417311
-0.011831136951381136
-0.010275621484420178
-0.009826152328713676
-0.004630285730307089
-0.005806049618910264
-0.006105000986943891
-0.004796500767530058
-0.0040143727740207325
-0.004029099740604768
-0.004029099740604734
-0.004014372774020687
-0.004796500767530104
-0.006105000986943961
-0.005806049618910321
-0.004630285730307028
-0.002193297698493678
-0.004444272209125655
-0.004539949755828473
-0.0033064588180256376
-0.0026402056625432213
-0.0026373836489021548
-0.0026373836489021357
-0.002640205662543192
-0.0033064588180256598
-0.004539949755828534
-0.004444272209125687
-0.002193297698493626
