144
0.002469299742115417
0.0016218516014582889
0.00010971212936504915
-0.0019198047657030823
-0.002805780821497979
-0.0027878153674296287
-0.002787815367429639
-0.002805780821497998
-0.0019198047657030459
0.0001097121293651181
0.001621851601458342
0.0024692997421154076
0.007721812918703072
0.005535523970749997
0.004137987914406835
0.001816973644481897
0.0007207712100643577
0.0006242900257860413
0.0006242900257860309
0.0007207712100643455
0.00181697364448191
0.004137987914406904
0.005535523970750099
0.0077218129187030535
0.014549430559284671
0.012746649973587482
0.012873705948519621
0.010945861217694024
0.009672640245464038
0.009432777892242936
0.009432777892242925
0.009672640245463996
0.010945861217694058
0.012873705948519667
0.012746649973587553
0.014549430559284565
0.01657325049522195
0.016726324760768643
0.018882018622017716
0.018579073783092537
0.01767895020002137
0.017345998001619727
0.01734599800161971
0.017678950200021342
0.018579073783092554
0.01888201862201773
0.01672632476076871
0.016573250495221938
0.008328664314532202
0.013240405223049543
0.016098676028812518
0.016775128683234452
0.016392157657998497
0.01604784964563641
0.016047849645636415
0.01639215765799851
0.01677512868323446
0.016098676028812504
0.013240405223049524
0.008328664314532186
-0.0024874266695052954
0.003058877080510099
0.004728884385962006
0.005712231716015878
0.005808224522641173
0.005585566044965033
0.005585566044965055
0.005808224522641194
0.005712231716015852
0.004728884385961951
0.0030588770805100203
-0.0024874266695052777
-0.00840569788634604
-0.005389082253590591
-0.005276611723894969
-0.0043597753629599344
-0.0038984225631022574
-0.003949118855277127
-0.003949118855277098
-0.003898422563102219
-0.004359775362959962
-0.005276611723895029
-0.005389082253590669
-0.008405697886345995
-0.00900761611760406
-0.008562708524010107
-0.009233675713998109
-0.008433576268117944
-0.007807536927034316
-0.0077329545607507915
-0.007732954560750765
-0.007807536927034281
-0.008433576268117976
-0.009233675713998158
-0.008562708524010167
-0.009007616117604013
-0.007161655755765233
-0.008022076040452561
-0.008746039946724505
-0.00808346093569615
-0.007500312390110159
-0.00739722680025883
-0.007397226800258811
-0.0075003123901101355
-0.008083460935696174
-0.00874603994672454
-0.008022076040452592
-0.007161655755765193
-0.004701887704264717
-0.005877856082232738
-0.006333455487070474
-0.005806516919634123
-0.005381472208440591
-0.005307909400748046
-0.005307909400748037
-0.005381472208440578
-0.005806516919634133
-0.006333455487070494
-0.005877856082232758
-0.004701887704264698
-0.0025525364093579458
-0.0036369044135160285
-0.0038721412491375213
-0.0034749929684767724
-0.0032018766169020943
-0.003164493213658397
-0.003164493213658392
-0.0032018766169020873
-0.003474992968476782
-0.003872141249137532
-0.0036369044135160346
-0.002552536409357931
-0.0016178456239542924
-0.0025113166852818117
-0.002558649008516057
-0.0022481581258082303
-0.0020710168477479207
-0.0020581214047098472
-0.002058121404709845
-0.0020710168477479185
-0.002248158125808233
-0.0025586490085160655
-0.0025113166852818135
-0.0016178456239542836
