144
0.0029789178356926845
0.004036024219117588
0.004357288900798551
0.0038586385006388994
0.003461925810443015
0.0033840777139107856
0.0033840777139107804
0.0034619258104430072
0.003858638500638913
0.004357288900798571
0.0040360242191176034
0.002978917835692678
0.0072041468047131805
0.008135453080355588
0.008991708835780668
0.008614715042074951
0.00825025361241382
0.008147460416279693
0.008147460416279687
0.008250253612413811
0.008614715042074962
0.008991708835780692
0.008135453080355619
0.0072041468047131674
0.010221242647486209
0.011213180291540125
0.012451418283634717
0.012199403661794287
0.011800331736317775
0.011667444585121093
0.011667444585121086
0.011800331736317764
0.012199403661794304
0.012451418283634733
0.01121318029154015
0.010221242647486162
0.008835332147838701
0.009851897225824326
0.010910312924244941
0.010808571615253414
0.010375060609701472
0.010229524098079422
0.010229524098079422
0.010375060609701467
0.01080857161525342
0.010910312924244945
0.009851897225824345
0.008835332147838696
0.002002306295689802
0.0031770605797921065
0.0032854617579189615
0.003023592003252328
0.002741712935261627
0.0026147832546874806
0.002614783254687486
0.0027417129352616362
0.003023592003252327
0.0032854617579189554
0.0031770605797920982
0.002002306295689804
-0.004194675953666942
-0.003476143925391392
-0.0040694624557623595
-0.004149899003160305
-0.004099568095489818
-0.004100592225798963
-0.004100592225798953
-0.004099568095489802
-0.004149899003160309
-0.004069462455762375
-0.0034761439253914225
-0.0041946759536669286
-0.006425613494602512
-0.006565868210410587
-0.007294410419829373
-0.007036866929234392
-0.006679923563058196
-0.006566566344901479
-0.006566566344901468
-0.006679923563058177
-0.007036866929234401
-0.007294410419829394
-0.006565868210410614
-0.0064256134946024885
-0.006015538340926861
-0.006919859521707298
-0.007522703692302434
-0.007098443130300803
-0.006651089518156833
-0.006512718209251108
-0.006512718209251099
-0.006651089518156823
-0.007098443130300817
-0.00752270369230245
-0.006919859521707317
-0.0060155383409268405
-0.004764181237571221
-0.006004531981319129
-0.006441058047916437
-0.006061887050956413
-0.0057070263111577
-0.005609704344253448
-0.005609704344253442
-0.0057070263111576956
-0.006061887050956423
-0.006441058047916449
-0.006004531981319137
-0.004764181237571207
-0.003186010992634872
-0.004300270076888576
-0.004567496788940931
-0.00430153562288098
-0.0040837926108522535
-0.004036616561669995
-0.004036616561669994
-0.0040837926108522535
-0.004301535622880986
-0.004567496788940938
-0.004300270076888581
-0.003186010992634866
-0.0018483746769960793
-0.0025766414907273144
-0.0026950024189434096
-0.0025168868023897747
-0.0023957673530183477
-0.002378205558013344
-0.002378205558013344
-0.0023957673530183485
-0.0025168868023897786
-0.0026950024189434122
-0.002576641490727315
-0.0018483746769960752
-0.000986208181216444
-0.0013837407009250687
-0.0014214796907563788
-0.001315554829969904
-0.0012570856639940742
-0.001255339288592906
-0.0012553392885929061
-0.0012570856639940752
-0.0013155548299699055
-0.0014214796907563803
-0.0013837407009250676
-0.0009862081812164426
