144
0.0002485800968602531
0.00034431514588047836
0.0003827678542886616
0.00038332929152152737
0.00037562349690923344
0.00037179478466370125
0.00037179478466370115
0.0003756234969092332
0.00038332929152152726
0.0003827678542886616
0.0003443151458804782
0.000248580096860253
0.0003721670088559899
0.0005063571685291258
0.0005703181461663634
0.0005831093611818263
0.0005791808069883105
0.0005758705838038469
0.0005758705838038469
0.0005791808069883105
0.0005831093611818263
0.0005703181461663632
0.0005063571685291256
0.0003721670088559898
0.00025968663624081266
0.0003456350408108955
0.00039627816524234326
0.00041578002308685115
0.00041944849000535075
0.00041898573988227906
0.0004189857398822788
0.0004194484900053506
0.00041578002308685126
0.00039627816524234315
0.00034563504081089563
0.00025968663624081255
-4.80881718338246e-05
-6.912676966062248e-05
-7.3496525351236e-05
-6.923078658854456e-05
-6.561670906384584e-05
-6.459513184601905e-05
-6.459513184601901e-05
-6.561670906384571e-05
-6.923078658854462e-05
-7.349652535123607e-05
-6.912676966062245e-05
-4.8088171833824504e-05
-0.000366095267766922
-0.0004975746585055627
-0.0005601518411678824
-0.0005728335672867813
-0.0005693888829047634
-0.000566478777252451
-0.0005664787772524515
-0.0005693888829047633
-0.0005728335672867812
-0.0005601518411678825
-0.0004975746585055627
-0.000366095267766922
-0.0003577321390159406
-0.0004901343499093545
-0.0005491671402725731
-0.0005569470859870423
-0.000550326184542072
-0.0005462563902408417
-0.0005462563902408415
-0.000550326184542072
-0.0005569470859870422
-0.000549167140272573
-0.0004901343499093545
-0.0003577321390159406
-0.00015439721907674827
-0.00021741330132687959
-0.0002387452807371203
-0.00023439274758788086
-0.00022664760605321742
-0.00022334803291149374
-0.00022334803291149374
-0.00022664760605321734
-0.0002343927475878808
-0.00023874528073712024
-0.00021741330132687953
-0.0001543972190767483
-2.6927090298946723e-06
-1.0128136600991303e-05
-5.581814502606694e-06
3.1817463532181e-06
8.600673924746053e-06
1.0192699597566234e-05
1.0192699597566236e-05
8.600673924746087e-06
3.1817463532181045e-06
-5.581814502606689e-06
-1.0128136600991305e-05
-2.692709029894708e-06
3.1295305467961856e-05
3.976259393920357e-05
4.7934812119662364e-05
5.337448353900886e-05
5.540539803641935e-05
5.5629878601033485e-05
5.562987860103348e-05
5.5405398036419365e-05
5.3374483539008835e-05
4.793481211966235e-05
3.9762593939203554e-05
3.129530546796185e-05
1.4089140305328374e-05
1.896781087860905e-05
2.2267550376638133e-05
2.3624820694268847e-05
2.3658824822971384e-05
2.336918355798618e-05
2.3369183557986173e-05
2.365882482297138e-05
2.3624820694268843e-05
2.226755037663813e-05
1.8967810878609054e-05
1.4089140305328376e-05
4.6523494637437097e-07
1.131567105234781e-06
1.2868638108706956e-06
1.0014829316436625e-06
5.902834493116853e-07
3.289614826527167e-07
3.289614826527154e-07
5.902834493116838e-07
1.0014829316436625e-06
1.286863810870693e-06
1.1315671052347815e-06
4.6523494637437177e-07
-2.0659537073372653e-06
-2.4768351623167768e-06
-2.8964173334074694e-06
-3.264399656550622e-06
-3.517143640933031e-06
-3.637130456610082e-06
-3.637130456610083e-06
-3.517143640933031e-06
-3.2643996565506206e-06
-2.8964173334074703e-06
-2.4768351623167768e-06
-2.0659537073372653e-06
