400
-72473916.72061615
-51722465.73953315
-61520574.3538574
-44965828.02941659
-28443146.144747175
-22215261.1615365
-21840720.01651794
-21856047.248147935
-21839344.063887537
-22359116.022324063
-22359116.022323966
-21839344.06388738
-21856047.248148065
-21840720.0165183
-22215261.161536682
-28443146.1447467
-44965828.029415995
-61520574.35385776
-51722465.73953367
-72473916.72061722
-43574081.778907634
-51768046.12284062
-56287057.98362689
-44313536.543541394
-27932494.25485447
-18908436.613780715
-16544387.143172206
-16215176.681822918
-16076553.617640289
-16022954.823939737
-16022954.823939627
-16076553.617640039
-16215176.68182283
-16544387.143172275
-18908436.613780793
-27932494.25485406
-44313536.54354081
-56287057.98362688
-51768046.12284026
-43574081.77890912
-61803387.218944795
-58425541.62666214
-62998692.33262066
-52090875.18407607
-35932370.685211614
-25982964.020773277
-22849089.523763716
-22413747.588226013
-22222489.887112778
-21970914.261990037
-21970914.26198993
-22222489.88711256
-22413747.58822596
-22849089.52376398
-25982964.020773456
-35932370.68521122
-52090875.18407543
-62998692.33262049
-58425541.62666178
-61803387.21894666
-47008239.94584036
-45805538.7790511
-50787577.71035408
-42888681.70698937
-29446316.90965898
-20902015.863828365
-18286373.310104977
-18005230.383269005
-17814771.77948669
-17501417.390256908
-17501417.390256785
-17814771.77948646
-18005230.383268945
-18286373.310105246
-20902015.86382862
-29446316.909658734
-42888681.706988856
-50787577.71035392
-45805538.779050834
-47008239.945842095
-21342537.896180186
-26316105.481482334
-31537717.27623731
-26254935.997344162
-16453840.36403704
-10444493.383453408
-8904960.26783132
-8885574.946348367
-8704515.659467397
-8397974.959440067
-8397974.959439967
-8704515.659467183
-8885574.946348302
-8904960.267831536
-10444493.383453615
-16453840.364036897
-26254935.99734383
-31537717.276237234
-26316105.481482282
-21342537.896181237
-8463083.100841086
-13672464.113698186
-17505114.704649348
-13718144.855867269
-7004873.880595495
-3197051.8360024607
-2424641.54031703
-2481037.694271372
-2282023.802978337
-1994139.0502206145
-1994139.0502205389
-2282023.802978164
-2481037.6942712893
-2424641.5403171405
-3197051.836002575
-7004873.8805954
-13718144.855867043
-17505114.70464931
-13672464.113698214
-8463083.100841628
-6795286.475501804
-9339241.165572556
-11427276.34310648
-8489828.651229678
-3829001.577835988
-1330267.609750571
-861152.2565035791
-844584.4164897723
-618023.6667133552
-367961.57582776836
-367961.57582772063
-618023.6667132466
-844584.4164897038
-861152.2565036109
-1330267.609750599
-3829001.5778358886
-8489828.651229514
-11427276.343106441
-9339241.165572545
-6795286.475502143
-8254670.262560735
-9267736.493463181
-10384040.82181115
-7941361.83473607
-4434033.636947222
-2585142.2643027985
-2182150.9737615185
-2096301.5105894445
-1898923.4587514026
-1720177.2775914627
-1720177.2775914364
-1898923.4587513346
-2096301.510589393
-2182150.973761525
-2585142.2643028074
-4434033.6369471615
-7941361.834735965
-10384040.82181111
-9267736.4934631
-8254670.262560938
-9314431.10452889
-10444142.771838883
-11245147.175496379
-9081130.65442311
-6213564.786219985
-4724279.323358013
-4374101.049780546
-4306968.253183233
-4201769.607890343
-4112715.079985729
-4112715.079985709
-4201769.607890298
-4306968.253183193
-4374101.049780553
-4724279.323358037
-6213564.786219954
-9081130.654423054
-11245147.17549635
-10444142.771838788
-9314431.104528986
-9719047.288169788
-11551320.598572562
-12269826.915839773
-10323417.969129657
-7948492.9641817855
-6782473.648370512
-6549392.036396223
-6561511.953582584
-6556228.159985573
-6539758.287980517
-6539758.287980507
-6556228.159985547
-6561511.9535825625
-6549392.036396239
-6782473.648370534
-7948492.964181773
-10323417.96912964
-12269826.91583978
-11551320.598572565
-9719047.288169961
-9609337.531587167
-12005371.533008829
-12680413.197774898
-11020619.479831662
-9168314.875545267
-8356544.223391213
-8270386.151068189
-8354759.851209806
-8407085.17450301
-8425110.142718704
-8425110.142718704
-8407085.174502993
-8354759.851209797
-8270386.151068214
-8356544.223391232
-9168314.875545273
-11020619.479831677
-12680413.19777493
-12005371.533008829
-9609337.531587258
-8884197.849316353
-11487097.852921052
-12117211.044613099
-10837397.910500277
-9533854.652958782
-9059160.233994868
-9089144.705452498
-9200808.208367497
-9261469.171399212
-9282315.04860638
-9282315.048606377
-9261469.17139921
-9200808.208367497
-9089144.705452522
-9059160.233994883
-9533854.652958788
-10837397.91050028
-12117211.044613132
-11487097.852921078
-8884197.8493164
-7460176.918277889
-9892269.909451209
-10451036.258665105
-9578608.178339625
-8768557.501693023
-8550013.36878016
-8634730.144494882
-8731992.90465152
-8773924.002470199
-8784680.693654098
-8784680.693654094
-8773924.002470192
-8731992.904651517
-8634730.144494893
-8550013.368780168
-8768557.501693025
-9578608.178339629
-10451036.25866512
-9892269.909451216
-7460176.918277918
-5481455.0500405915
-7420561.206846027
-7853659.93501861
-7328548.483877969
-6888838.739145416
-6821467.30112582
-6907263.759085242
-6971369.37143705
-6991028.164537206
-6992636.884653073
-6992636.884653075
-6991028.164537201
-6971369.371437049
-6907263.759085253
-6821467.301125827
-6888838.739145416
-7328548.483877974
-7853659.93501862
-7420561.206846027
-5481455.050040595
-3341314.057506576
-4610350.41080319
-4871499.990261953
-4585142.952381431
-4377183.84856265
-4375082.306347309
-4435544.451171081
-4468504.738095294
-4473740.590388057
-4471364.2811105205
-4471364.2811105205
-4473740.590388055
-4468504.738095294
-4435544.451171086
-4375082.30634731
-4377183.848562653
-4585142.952381435
-4871499.990261954
-4610350.410803193
-3341314.057506578
-1519410.6657756448
-2148106.6551429452
-2239563.1242074757
-2087572.664857631
-2000722.1598375973
-2014939.8729525618
-2048140.2236927676
-2061271.3521419684
-2060651.3458505967
-2058022.536347359
-2058022.536347358
-2060651.3458505957
-2061271.3521419677
-2048140.2236927687
-2014939.8729525637
-2000722.1598375973
-2087572.6648576315
-2239563.1242074785
-2148106.655142946
-1519410.6657756441
-379019.68936624326
-570853.6732802725
-553833.4633837172
-470918.4486145202
-438041.4428666735
-450093.68775676953
-465105.8320943363
-469088.72243705485
-467546.3807916908
-465958.19831137575
-465958.19831137545
-467546.38079168997
-469088.7224370544
-465105.8320943366
-450093.6877567694
-438041.4428666742
-470918.4486145205
-553833.4633837177
-570853.6732802731
-379019.6893662424
61425.388585970686
61132.531937492364
106497.15425967614
147814.56325681787
157706.9872818851
150293.30324266545
144209.130518132
143201.26768565402
144088.49917446033
144747.55675783692
144747.5567578368
144088.49917446048
143201.2676856542
144209.130518132
150293.3032426657
157706.9872818856
147814.56325681793
106497.15425967627
61132.531937492284
61425.38858597077
99909.73277803395
133194.22427373903
162375.0741129798
177273.62878863508
177716.3593895011
173295.09264778043
170699.6656597707
170293.6035510329
170554.19618530344
170734.73580819403
170734.73580819397
170554.19618530344
170293.603551033
170699.66565977072
173295.09264778055
177716.3593895012
177273.62878863534
162375.07411297972
133194.2242737392
99909.7327780337
31177.490884204526
46466.39407742568
54292.28577199574
55751.27713273735
53351.67194836106
50705.40940360439
49415.03589465762
49105.566894352705
49102.65058173012
49123.118333400416
49123.11833340042
49102.65058173013
49105.566894352705
49415.03589465764
50705.40940360442
53351.67194836112
55751.27713273742
54292.28577199585
46466.394077425706
31177.49088420442
