400
-507348855.77200913
-288903220.1900643
-363974051.8495866
-239752622.51950043
-109944928.61130157
-62077930.962400354
-61353411.36047294
-64981972.83208249
-65695288.875617824
-67637268.58478074
-67637268.58477922
-65695288.87561404
-64981972.83208011
-61353411.36047163
-62077930.96240023
-109944928.61129963
-239752622.51949802
-363974051.84958935
-288903220.19006497
-507348855.7720152
-249473976.21184292
-314581588.78055257
-338440310.9459255
-244580185.3432735
-141259915.45373675
-79505297.72580199
-61270132.249114685
-60800938.74146833
-60560218.335889496
-60702442.05138304
-60702442.05138279
-60560218.33588917
-60800938.74146656
-61270132.24911533
-79505297.72580403
-141259915.45373857
-244580185.3432739
-338440310.94592875
-314581588.7805489
-249473976.21184793
-382930226.7800955
-341568429.4025287
-360057525.5015954
-286694212.45777583
-185922154.03381604
-123219127.58565733
-100760548.26986766
-97343904.33713114
-97335005.54493551
-96875807.99700968
-96875807.99700998
-97335005.54493573
-97343904.33713171
-100760548.26986937
-123219127.58566111
-185922154.03382114
-286694212.45777863
-360057525.5015991
-341568429.40252304
-382930226.78010315
-272381721.95327216
-257289836.49438822
-281978552.6182787
-234216387.88450256
-157222907.14283237
-107990740.59817474
-90850890.63613802
-88739625.44771756
-89038070.61975996
-88517565.59466021
-88517565.59466112
-89038070.61976117
-88739625.44771911
-90850890.63614212
-107990740.59818089
-157222907.14283818
-234216387.88450783
-281978552.6182813
-257289836.4943854
-272381721.95327836
-98242121.14141475
-134324750.19701082
-163940049.43044546
-136124015.8593335
-87362830.39565937
-55270220.63888358
-45877823.146293156
-46167438.73172053
-46808160.56187775
-46447256.282607116
-46447256.282606564
-46808160.561877236
-46167438.73172168
-45877823.146297745
-55270220.63888971
-87362830.39566487
-136124015.85933837
-163940049.43044963
-134324750.19701105
-98242121.1414195
-18712338.003726717
-55584611.33588534
-75076485.18301448
-59444777.909366764
-29513600.344152775
-10889891.65208589
-6777596.540291776
-8288535.499261962
-9278424.81750062
-9118250.78728694
-9118250.787285777
-9278424.81749815
-8288535.499260598
-6777596.540292812
-10889891.652088005
-29513600.344154775
-59444777.90936948
-75076485.18301785
-55584611.33588747
-18712338.003730007
-11862405.785100609
-26845602.348556574
-37766116.26250933
-28527806.37158611
-10425535.316088457
543828.1002135874
2128811.7350330306
281852.7507056159
-824125.254283017
-874712.7408420634
-874712.7408409924
-824125.2542805772
281852.75070786796
2128811.7350343247
543828.100214454
-10425535.316087764
-28527806.371586487
-37766116.26251105
-26845602.348558076
-11862405.785103222
-19410083.266336504
-20615657.4128255
-27381499.454210497
-21673133.9933707
-9601789.161873324
-2272485.126352053
-1535314.6840706978
-3219940.5611018934
-4274993.743872154
-4445123.967351935
-4445123.967351423
-4274993.743870924
-3219940.561100522
-1535314.684069404
-2272485.1263506617
-9601789.161872005
-21673133.99337013
-27381499.45421096
-20615657.412826017
-19410083.266338076
-19716112.77731979
-17774300.20014291
-22974579.4403219
-18724448.029539436
-9252034.30164893
-3398616.784476132
-2770402.079062868
-4105273.9138301746
-4988012.827111761
-5175604.829431264
-5175604.829431121
-4988012.827111462
-4105273.913829869
-2770402.079062448
-3398616.784475433
-9252034.301648129
-18724448.029538922
-22974579.440321945
-17774300.2001428
-19716112.777320575
-15108545.557793714
-13689753.630567413
-18072228.511921518
-14560893.317719175
-6575026.260560286
-1597880.4053980934
-950492.9498413502
-1912464.3779917236
-2535003.274588889
-2645384.029601023
-2645384.0296009565
-2535003.2745888457
-1912464.377991853
-950492.9498414492
-1597880.405397907
-6575026.2605599305
-14560893.317718923
-18072228.51192161
-13689753.630567506
-15108545.557794936
-10597039.296657313
-9515959.55060356
-13102268.439225357
-10188649.243160658
-3489855.9230952556
702723.5985210042
1367140.9246295616
790315.8831729073
498495.55125902296
537070.1093303239
537070.1093304049
498495.55125907547
790315.8831727231
1367140.924629347
702723.5985210616
-3489855.923095012
-10188649.243160529
-13102268.439225493
-9515959.55060363
-10597039.296658002
-7779699.311343145
-6549486.460759815
-9323588.99978383
-6812945.612104665
-1160180.9227517152
2392692.3981621615
3108665.7599375113
2908517.3576028566
2951076.0709672235
3153155.2616561134
3153155.2616562117
2951076.0709673217
2908517.357602723
3108665.7599373152
2392692.3981622034
-1160180.9227514789
-6812945.612104507
-9323588.99978392
-6549486.460759796
-7779699.311343766
-6594054.520652107
-5433460.114801838
-7553084.019844853
-5228583.930419038
-348426.4448559334
2713704.4819544195
3480313.488199184
3571514.706750522
3855387.159190732
4166386.9741539275
4166386.9741540398
3855387.159190879
3571514.7067504684
3480313.4881990207
2713704.4819544232
-348426.44485574035
-5228583.930418872
-7553084.019844889
-5433460.114801825
-6594054.5206526425
-6676759.716188007
-6052338.416265057
-7723525.350214653
-5456826.280578259
-1159127.2545865504
1493069.9280860296
2255593.8986071325
2498735.2526605376
2873575.1914169695
3200109.201850439
3200109.201850545
2873575.1914171404
2498735.2526605357
2255593.8986069774
1493069.9280859537
-1159127.2545864524
-5456826.280578129
-7723525.35021466
-6052338.416265017
-6676759.716188373
-7807072.442664021
-7929626.468283648
-9282746.917770064
-7008641.227890258
-3207411.816494557
-937781.1313178698
-247169.36131403936
11913.363998123525
336342.32903552696
593237.5815005178
593237.5815006038
336342.3290356767
11913.36399813477
-247169.36131419046
-937781.1313180056
-3207411.816494546
-7008641.227890177
-9282746.917770082
-7929626.46828358
-7807072.442664413
-9642470.08660695
-10480813.822980538
-11599520.333940057
-9331664.359202268
-6009335.043339036
-4121964.092266453
-3562981.825005276
-3389040.282854853
-3199467.85270373
-3053821.356224664
-3053821.3562246026
-3199467.8527036235
-3389040.2828548416
-3562981.8250053944
-4121964.0922665843
-6009335.043339069
-9331664.359202243
-11599520.33394008
-10480813.822980484
-9642470.086607097
-10803738.071245145
-12342081.247436497
-13316787.814091003
-11241759.363005558
-8494701.292362437
-7032284.760384662
-6665173.701640827
-6622000.430174917
-6572646.369066133
-6526352.063613489
-6526352.063613452
-6572646.3690660605
-6622000.430174903
-6665173.701640909
-7032284.760384768
-8494701.292362457
-11241759.36300553
-13316787.814091027
-12342081.247436589
-10803738.07124546
-9292638.348648502
-11381121.534848787
-12267559.249390408
-10656089.124150302
-8610354.465546992
-7629303.332829078
-7471172.339851538
-7531869.383115774
-7570445.032933335
-7580193.093063303
-7580193.093063281
-7570445.032933287
-7531869.383115756
-7471172.339851582
-7629303.332829139
-8610354.465547007
-10656089.1241503
-12267559.249390425
-11381121.534848792
-9292638.3486486
-5952078.792226699
-8154129.915571558
-8871156.59583194
-7688682.604590771
-6309585.292490445
-5758961.889114232
-5760347.915328127
-5868680.62845834
-5931438.267019235
-5954345.872087825
-5954345.872087812
-5931438.267019203
-5868680.628458318
-5760347.9153281525
-5758961.889114265
-6309585.292490452
-7688682.604590768
-8871156.595831936
-8154129.9155715145
-5952078.792226693
-4202752.443273591
-6621793.340620263
-7147471.204714154
-6132072.657153145
-5203732.658567378
-4969698.119401818
-5071439.728195325
-5180440.402381209
-5227005.771477021
-5239937.803901896
-5239937.803901892
-5227005.771477006
-5180440.402381195
-5071439.728195355
-4969698.119401847
-5203732.658567373
-6132072.657153144
-7147471.204714154
-6621793.340620281
-4202752.443273629
