400
-2584238508.09383
-1435791410.819346
-1987332831.5949733
-1484058965.2191193
-892729267.2145424
-674624698.5562903
-682080072.1743653
-713064902.8307436
-725059255.8566142
-735450703.143184
-735450703.1431803
-725059255.8565955
-713064902.8307314
-682080072.1743753
-674624698.5563359
-892729267.2145909
-1484058965.219152
-1987332831.5949988
-1435791410.8193276
-2584238508.0938406
-1097555747.383957
-1409436018.4665513
-1579990713.8312852
-1338774718.2961493
-850015407.6709635
-637683763.0549978
-537852348.9019312
-534617132.9424626
-549503337.1856772
-548196947.7176592
-548196947.7176743
-549503337.1856551
-534617132.94242245
-537852348.9018949
-637683763.0549878
-850015407.6710076
-1338774718.2962177
-1579990713.831244
-1409436018.4664497
-1097555747.3838875
-1607546236.2694304
-1358393725.5345607
-1253126531.1163647
-991521231.903898
-524812485.9800438
-269676616.77143764
-170003673.22607952
-149688476.2061142
-155234561.97312406
-155666863.1592962
-155666863.15930268
-155234561.97311196
-149688476.20606923
-170003673.22599423
-269676616.77139467
-524812485.98011595
-991521231.9039954
-1253126531.1164649
-1358393725.5344849
-1607546236.2693155
-1011948015.9201089
-799408966.1236647
-711590504.6321888
-425681739.0288533
-47181337.894615844
163948279.4748249
232976593.22016937
247896842.47810036
245420534.5334523
245780917.57256675
245780917.57253647
245420534.53342816
247896842.4781457
232976593.22023016
163948279.4748705
-47181337.89467003
-425681739.0289931
-711590504.6322565
-799408966.1235796
-1011948015.9199831
-275748725.2874643
-331987081.38442296
-322927192.2916751
-126478187.74870919
85277857.45833088
209636621.35724214
254803710.85158938
256322315.7871412
253096765.08440033
253442632.32502073
253442632.3250041
253096765.08436334
256322315.78711444
254803710.85158345
209636621.3572398
85277857.45826302
-126478187.74885255
-322927192.2917831
-331987081.384419
-275748725.2873779
-8056053.751011145
-132263028.17114358
-147331388.1071188
-55952277.72607997
60018547.764785245
130926138.53147945
151112414.7321136
149141749.48183993
145424609.38308343
144515644.59317675
144515644.59317094
145424609.38306594
149141749.48181185
151112414.73209274
130926138.53146912
60018547.76473423
-55952277.726191096
-147331388.10721448
-132263028.17115346
-8056053.750974309
-15468784.74086973
-77912957.77800144
-109161216.70349583
-81827480.82865661
-30782912.68106331
4285325.753539539
13202444.07502265
9547926.54007159
5764194.401772583
4587882.040310541
4587882.040315769
5764194.401781017
9547926.540072134
13202444.075017678
4285325.753533755
-30782912.681089766
-81827480.82871541
-109161216.70354949
-77912957.7780171
-15468784.740865001
-53531094.424010016
-62151548.62566529
-90418438.98990184
-87620735.76732667
-63968421.40299422
-46216383.27340313
-42735763.1495901
-46007533.624713436
-48730916.01397661
-49424954.02826725
-49424954.02826012
-48730916.01396051
-46007533.62470023
-42735763.14958475
-46216383.27340476
-63968421.40300452
-87620735.76734643
-90418438.98991968
-62151548.625672415
-53531094.42401433
-57240606.68044493
-48745485.42689983
-67946983.82984197
-63897524.638230935
-44607394.4109992
-30110238.79368029
-26462270.98061957
-27870319.383297935
-28963390.466173004
-28937094.420806125
-28937094.4208025
-28963390.466164816
-27870319.38329131
-26462270.98061873
-30110238.793684043
-44607394.41100358
-63897524.63823411
-67946983.82984437
-48745485.42690176
-57240606.6804487
-45663412.534814395
-38587209.027906775
-50724154.93999415
-42008208.83686553
-21623983.663690265
-7044600.553634727
-2526657.5181793035
-2600043.771499656
-2729794.0932858344
-2309065.473026292
-2309065.473025817
-2729794.0932852193
-2600043.771500882
-2526657.518183447
-7044600.553639926
-21623983.663693227
-42008208.83686595
-50724154.93999438
-38587209.02790856
-45663412.53482004
-36351415.06250964
-33920056.884744756
-43958705.03813304
-35502984.911742054
-17445611.97307592
-4919504.499000406
-1167653.6807084198
-1291704.5734833248
-1414986.1599346567
-1055701.0490622509
-1055701.0490625112
-1414986.1599358327
-1291704.5734858676
-1167653.6807118512
-4919504.499003245
-17445611.973076932
-35502984.91174218
-43958705.03813384
-33920056.88474635
-36351415.06251226
-29880716.88660676
-29441837.928277597
-38324841.20031692
-31657100.249178164
-16879478.920886032
-6871554.356805552
-4301928.668226895
-4913362.57303997
-5373651.380766633
-5252947.465577324
-5252947.4655772485
-5373651.380766796
-4913362.573040839
-4301928.668227932
-6871554.356805605
-16879478.920885082
-31657100.2491775
-38324841.20031761
-29441837.92827848
-29880716.886608925
-24056723.740867797
-23771502.8664792
-31405312.991221428
-26093352.487104468
-13877010.623808365
-5772788.871475007
-4053788.842252341
-5013637.226691748
-5730708.76246097
-5798893.443953584
-5798893.443953175
-5730708.762460338
-5013637.226691711
-4053788.842252513
-5772788.87147431
-13877010.62380684
-26093352.487103555
-31405312.991221935
-23771502.866479896
-24056723.740869667
-18970555.270929273
-18653551.6997747
-25220971.590711836
-20887922.520556614
-10528343.927261092
-3757413.5459555294
-2565775.0319526675
-3650291.104031247
-4446082.59766771
-4600476.85124852
-4600476.851248077
-4446082.597667063
-3650291.1040313216
-2565775.03195316
-3757413.5459552547
-10528343.927259976
-20887922.52055593
-25220971.590712316
-18653551.699775483
-18970555.270930722
-15400606.92019757
-14564272.298958583
-20069300.065781936
-16310828.414795332
-7196646.438541701
-1289433.5241321546
-300560.8683332737
-1277419.2035398288
-1987094.7415478318
-2142765.085527038
-2142765.0855266894
-1987094.741547379
-1277419.2035401063
-300560.868333981
-1289433.524132212
-7196646.438541021
-16310828.41479492
-20069300.065782476
-14564272.298959186
-15400606.920199415
-14314541.350323714
-11791626.521539878
-15946816.727325324
-12482469.084571466
-4305728.399997262
991030.8564240868
1965488.3768669309
1287293.2137375365
799959.547516398
702522.5782897983
702522.5782900656
799959.547516775
1287293.213737357
1965488.3768663944
991030.8564239569
-4305728.399996905
-12482469.084571302
-15946816.727325834
-11791626.521540325
-14314541.350324523
-14145540.423132207
-10178530.813346336
-13215209.842003658
-9841726.046058068
-2570118.180088455
2113590.492863673
3176723.544738709
2877754.1261360208
2699350.967972881
2732275.4476600448
2732275.447660229
2699350.96797326
2877754.126136058
3176723.5447383565
2113590.49286347
-2570118.1800882635
-9841726.046057949
-13215209.842004007
-10178530.813346943
-14145540.423134007
-10274144.919939572
-8839491.47167256
-11378057.335273448
-8427809.544155283
-2129843.3856756785
1909024.9491869595
2948120.370832777
2885241.5807800456
2940287.884943458
3114312.229728903
3114312.2297290717
2940287.884943777
2885241.5807801457
2948120.3708325806
1909024.949186791
-2129843.3856755844
-8427809.54415517
-11378057.335273553
-8839491.471672708
-10274144.919940265
-3191502.0472394545
-6829529.055068622
-8876700.879175104
-6807313.05398364
-1794864.5397881975
1251209.1502330126
1921450.3976658417
1780359.4539204952
1934454.0216262368
2169613.373536471
2169613.373536547
1934454.021626454
1780359.4539206058
1921450.3976657642
1251209.1502329016
-1794864.5397880715
-6807313.05398348
-8876700.879175002
-6829529.055068335
-3191502.0472394256
-828515.3126512981
-6846209.806601143
-9303979.941058138
-6819635.980286064
-2012781.5067275001
256656.84271381467
396324.3350543666
203877.3126251838
473610.3707455023
761126.6833039959
761126.6833040582
473610.3707456976
203877.31262527787
396324.33505420055
256656.8427136449
-2012781.506727369
-6819635.980285881
-9303979.941057947
-6846209.806601134
-828515.312651701
