400
-27023783.866880108
-21622856.103835206
-24592718.444787763
-18632614.55242096
-13619691.79779804
-11823409.408204325
-11504759.121824501
-11169425.162578432
-11009603.851357356
-10948735.271385517
-10948735.271385461
-11009603.851357274
-11169425.16257845
-11504759.121824544
-11823409.408204397
-13619691.797797974
-18632614.55242082
-24592718.444787875
-21622856.10383532
-27023783.866880316
-19450552.439445414
-22632296.639541175
-24760281.564073544
-20050790.15121971
-14482960.698206523
-11481250.992525598
-10466313.69213305
-10060648.69213027
-9790144.726919794
-9618807.733211493
-9618807.733211469
-9790144.72691971
-10060648.692130214
-10466313.692133091
-11481250.992525646
-14482960.698206447
-20050790.151219584
-24760281.564073563
-22632296.639541097
-19450552.439445738
-26633651.6272087
-27385235.257752616
-29345984.351901874
-25296818.77729538
-19505347.43583559
-16032440.973898908
-14781215.41657076
-14319895.529865125
-13981606.393715613
-13757396.272785671
-13757396.272785623
-13981606.393715505
-14319895.529865077
-14781215.416570822
-16032440.973898958
-19505347.435835514
-25296818.777295273
-29345984.351901863
-27385235.257752433
-26633651.62720914
-22841552.933357775
-24556029.44851878
-26587417.134232383
-23270679.48862286
-18155406.88429047
-15089341.496227965
-14051296.189298844
-13703019.585668376
-13438754.717526237
-13258157.259441948
-13258157.25944192
-13438754.717526166
-13703019.585668346
-14051296.189298918
-15089341.496228034
-18155406.88429043
-23270679.488622796
-26587417.13423238
-24556029.44851868
-22841552.93335818
-14373861.933335992
-17905150.55806506
-19794831.26900815
-17052981.730114087
-13095462.639547354
-10929854.783628013
-10349601.495584348
-10249610.83345739
-10160256.240911301
-10082884.035107488
-10082884.035107464
-10160256.240911238
-10249610.833457384
-10349601.495584423
-10929854.78362806
-13095462.639547344
-17052981.730114076
-19794831.2690082
-17905150.558065042
-14373861.933336241
-9687665.297417762
-13305394.982185714
-14550201.69802235
-12238999.568015758
-9390847.865093218
-8045366.728849673
-7840137.11174066
-7923110.879761137
-7962493.986901366
-7961719.093653155
-7961719.093653136
-7962493.986901322
-7923110.879761127
-7840137.111740704
-8045366.728849699
-9390847.865093209
-12238999.56801575
-14550201.698022388
-13305394.98218574
-9687665.297417881
-8705481.610704012
-11640225.335539373
-12322497.880063353
-10469836.678867737
-8512570.688142288
-7736088.933096278
-7732860.84495048
-7878823.713402498
-7959945.718750238
-7986634.530827354
-7986634.530827351
-7959945.718750212
-7878823.71340248
-7732860.84495049
-7736088.933096291
-8512570.688142275
-10469836.67886773
-12322497.880063383
-11640225.335539386
-8705481.61070408
-8446280.356623724
-10967426.609234609
-11456865.298934989
-10108665.963063287
-8831974.0454733
-8422258.29299554
-8503726.881509924
-8641376.458830008
-8711338.829918336
-8734455.085744489
-8734455.08574448
-8711338.829918314
-8641376.458829995
-8503726.88150993
-8422258.29299554
-8831974.045473296
-10108665.963063281
-11456865.298935007
-10967426.609234605
-8446280.356623765
-7400741.289275709
-9693548.104124414
-10168770.551657094
-9292892.255520655
-8522799.40404196
-8340911.770391747
-8443138.838493232
-8544944.81011884
-8587056.669507056
-8597516.242518814
-8597516.242518809
-8587056.669507053
-8544944.810118824
-8443138.838493232
-8340911.770391754
-8522799.40404197
-9292892.255520659
-10168770.551657103
-9693548.10412442
-7400741.289275724
-5529568.44081351
-7417071.073846148
-7833223.928193637
-7322074.39565282
-6903815.8269374445
-6848213.216522937
-6935795.130960453
-6997960.551441534
-7015940.251384306
-7016884.893174667
-7016884.893174664
-7015940.251384308
-6997960.551441536
-6935795.1309604645
-6848213.216522948
-6903815.826937454
-7322074.395652825
-7833223.928193652
-7417071.07384616
-5529568.440813524
-3366218.1433372647
-4629962.529726257
-4894843.07235887
-4617081.32722277
-4415527.309950722
-4414783.710951488
-4473633.641507964
-4504715.278500875
-4508884.43517747
-4506131.219943507
-4506131.219943507
-4508884.4351774715
-4504715.278500879
-4473633.641507972
-4414783.710951494
-4415527.309950725
-4617081.327222779
-4894843.072358882
-4629962.529726266
-3366218.14333727
-1521422.6278261975
-2153007.922625145
-2247552.7322539515
-2097422.1390408603
-2010721.5373775684
-2023998.0557415255
-2056087.1875187587
-2068470.276311536
-2067505.7558637122
-2064767.5689078702
-2064767.5689078697
-2067505.7558637143
-2068470.276311537
-2056087.1875187615
-2023998.055741527
-2010721.537377569
-2097422.1390408636
-2247552.7322539557
-2153007.9226251473
-1521422.6278261982
-381125.4420307978
-575471.8551044648
-560143.2533288237
-477558.2253258726
-444171.4212533631
-455618.2131926546
-470257.02044244186
-474089.1305140278
-472512.53360240534
-470924.26142811525
-470924.2614281159
-472512.5336024048
-474089.13051402796
-470257.020442442
-455618.2131926545
-444171.42125336244
-477558.22532587213
-560143.2533288241
-575471.8551044653
-381125.4420307967
62071.18710867708
61570.598788478586
106896.86371698677
148353.8938056409
158492.19864541825
151248.79120901568
145217.1487783132
144195.1625038635
145054.65636434915
145697.25148307494
145697.25148307497
145054.6563643493
144195.1625038637
145217.14877831336
151248.79120901634
158492.1986454189
148353.89380564165
106896.86371698754
61570.59878847933
62071.18710867754
100542.78490351299
134629.32296585044
164156.9457562239
179212.1782628749
179728.07803211652
175344.13629356358
172748.98918944283
172323.78336204402
172566.38821724776
172738.0007548694
172738.00075486928
172566.38821724782
172323.78336204408
172748.989189443
175344.1362935638
179728.07803211658
179212.17826287524
164156.94575622416
134629.32296585065
100542.78490351314
32143.83267030548
48247.822919031714
56778.30281471176
58468.89477030373
56141.322737070135
53539.39634692443
52265.72522455958
51951.12295489588
51939.37846329775
51955.47764372018
51955.477643720216
51939.37846329765
51951.12295489587
52265.725224559574
53539.39634692446
56141.32273707014
58468.89477030381
56778.30281471189
48247.82291903177
32143.832670305466
-7712.065433675735
-6505.9273282083495
-7647.3830405668305
-9719.888090553864
-11780.42460258711
-13167.655763262223
-13815.89862079959
-14029.829707015615
-14081.529889744192
-14091.43254313602
-14091.432543136034
-14081.529889744199
-14029.829707015619
-13815.898620799619
-13167.655763262244
-11780.424602587162
-9719.888090553874
-7647.3830405668405
-6505.9273282084005
-7712.065433675858
-12114.258828009211
-14513.144966245036
-16825.587428395364
-18492.522330887205
-19569.101086473875
-20194.21223846501
-20494.388655303173
-20604.940992180218
-20634.17166269174
-20639.004257915065
-20639.004257915072
-20634.171662691748
-20604.94099218024
-20494.388655303203
-20194.21223846502
-19569.10108647388
-18492.5223308872
-16825.587428395367
-14513.144966245063
-12114.258828009219
-6115.09873533741
-7634.232790426907
-8798.294027336899
-9499.011574214157
-9904.088174058403
-10141.025441455118
-10259.843607553239
-10302.579731041145
-10311.279895250447
-10311.159278359706
-10311.159278359697
-10311.279895250444
-10302.579731041153
-10259.843607553257
-10141.025441455127
-9904.088174058395
-9499.011574214168
-8798.294027336904
-7634.232790426907
-6115.098735337399
-1939.1891788759015
-2451.0272626583564
-2807.3774965312296
-3007.7994407357346
-3128.7146828899795
-3206.389434660943
-3245.3113260360105
-3256.7264235884177
-3256.91618344004
-3255.5383440971927
-3255.538344097192
-3256.9161834400406
-3256.7264235884186
-3245.3113260360124
-3206.389434660947
-3128.714682889982
-3007.799440735741
-2807.3774965312373
-2451.027262658358
-1939.1891788758999
