400
-195760.80851032824
-265263.3268630264
-295630.37204638653
-297755.9969693153
-293262.4099329499
-291153.0857555097
-291034.89319060615
-291280.2781919247
-291400.9108784831
-291431.4303888036
-291431.43038880365
-291400.91087848315
-291280.2781919247
-291034.89319060586
-291153.0857555098
-293262.40993294975
-297755.9969693151
-295630.3720463863
-265263.3268630264
-195760.80851032856
-97352.27444092414
-131383.4608383183
-148132.29556176273
-152109.02852170926
-151634.97739181417
-151015.60182895913
-150875.78960927587
-150895.84959404546
-150916.00980501302
-150921.8690868799
-150921.8690868799
-150916.00980501302
-150895.8495940455
-150875.78960927593
-151015.6018289591
-151634.97739181414
-152109.02852170926
-148132.29556176267
-131383.46083831828
-97352.27444092422
-94515.9500272027
-128513.24854819309
-144159.79450956266
-146811.07211396348
-145547.02804921067
-144676.09071612512
-144513.15589724894
-144548.49303918247
-144576.51105435504
-144584.29993497307
-144584.2999349731
-144576.5110543551
-144548.49303918245
-144513.155897249
-144676.09071612518
-145547.02804921073
-146811.07211396346
-144159.79450956266
-128513.24854819309
-94515.95002720281
-34088.694243724305
-48005.88503191317
-52484.83966674331
-51273.5053802191
-49447.219295250354
-48730.811758492484
-48673.22650435568
-48734.429197807294
-48765.27335356242
-48772.961300034774
-48772.96130003477
-48765.27335356243
-48734.429197807316
-48673.2265043557
-48730.81175849248
-49447.21929525034
-51273.50538021909
-52484.83966674332
-48005.885031913196
-34088.69424372435
5885.7052548937345
6374.198285960887
8630.20071046412
11039.748278962577
12307.90672714544
12590.287482940294
12531.284213805184
12464.86826387894
12440.185654665098
12434.679149566316
12434.679149566316
12440.1856546651
12464.868263878941
12531.284213805182
12590.287482940288
12307.906727145448
11039.748278962581
8630.200710464122
6374.198285960882
5885.705254893729
9482.04610424881
12285.893847458996
14505.021039677946
15747.733607297652
16119.402098428423
16081.195249597553
15985.531900252538
15936.723140700706
15921.98712207223
15919.013016313229
15919.013016313229
15921.987122072236
15936.723140700706
15985.531900252536
16081.195249597555
16119.402098428423
15747.73360729765
14505.021039677946
12285.893847458992
9482.04610424881
2623.298607164366
3609.526111628697
4189.703855890006
4350.772570956785
4276.138943487935
4162.815934030957
4095.355602693123
4070.0077558295334
4063.3955642364463
4062.170287690526
4062.170287690527
4063.395564236446
4070.0077558295325
4095.3556026931246
4162.815934030958
4276.138943487935
4350.772570956785
4189.703855890004
3609.526111628697
2623.2986071643677
-471.3226554963792
-497.55398747314626
-590.611081538295
-721.8973387215184
-836.8790923270058
-906.3155806107873
-936.4096374721815
-945.9541249190813
-948.1936973723451
-948.5803605277159
-948.5803605277159
-948.1936973723452
-945.9541249190816
-936.4096374721819
-906.3155806107875
-836.8790923270062
-721.8973387215184
-590.611081538295
-497.5539874731459
-471.32265549637935
-558.7245995765827
-689.0377712425171
-802.9733889042299
-888.3494979341117
-940.4527827087372
-965.5029067032237
-974.815542581932
-977.4666244601124
-978.0416359589248
-978.1353372196128
-978.1353372196127
-978.0416359589249
-977.4666244601125
-974.8155425819322
-965.5029067032235
-940.4527827087371
-888.3494979341118
-802.9733889042298
-689.0377712425174
-558.7245995765829
-198.16943090539957
-249.39713057906783
-289.7183959145073
-316.24277104203657
-330.5013408412777
-336.6382716186948
-338.71980696784067
-339.2699601616324
-339.382387581272
-339.3998696242394
-339.3998696242394
-339.3823875812721
-339.26996016163247
-338.71980696784067
-336.6382716186946
-330.5013408412777
-316.24277104203657
-289.7183959145073
-249.3971305790678
-198.16943090539962
-42.32502552371901
-53.71155107972598
-62.29938575530728
-67.61939008086593
-70.29385427689382
-71.37129219975799
-71.71521466522519
-71.80139182689719
-71.81821718180603
-71.82073647428567
-71.82073647428568
-71.81821718180609
-71.80139182689723
-71.71521466522523
-71.37129219975803
-70.29385427689382
-67.61939008086597
-62.29938575530731
-53.711551079725965
-42.325025523719006
-6.191992630761766
-7.894154160696137
-9.147869040515937
-9.897703196133635
-10.259297262609795
-10.398767952143416
-10.441451691710087
-10.451738730019546
-10.453677534953169
-10.45395875140213
-10.453958751402132
-10.453677534953169
-10.451738730019548
-10.441451691710089
-10.398767952143423
-10.259297262609794
-9.897703196133644
-9.14786904051595
-7.8941541606961385
-6.191992630761763
-0.6534797503635029
-0.8355802980635965
-0.9676672846458153
-1.0448618634656506
-1.081077616181654
-1.0946521146180004
-1.0986917802667315
-1.0996382525109214
-1.0998108344839628
-1.0998347448742378
-1.0998347448742374
-1.0998108344839634
-1.099638252510921
-1.0986917802667324
-1.0946521146180013
-1.0810776161816535
-1.0448618634656517
-0.9676672846458165
-0.835580298063597
-0.6534797503635009
-0.05113295636882871
-0.0654991901911748
-0.07580812931015134
-0.0817437118830136
-0.08448840741371068
-0.08550532939073022
-0.08580378223698097
-0.08587128213619272
-0.08588239422536177
-0.08588355589648897
-0.08588355589648912
-0.0858823942253619
-0.08587128213619286
-0.08580378223698117
-0.08550532939073013
-0.08448840741371037
-0.08174371188301344
-0.07580812931015153
-0.06549919019117496
-0.051132956368828725
-0.003016122613710135
-0.003861413009212207
-0.004464999856705587
-0.004813230803082381
-0.00497696585749653
-0.005038768205089098
-0.005056225508512558
-0.005059211021579313
-0.005059174716230721
-0.0050589904875399765
-0.005058990487540002
-0.00505917471623078
-0.005059211021579365
-0.005056225508512572
-0.005038768205089032
-0.0049769658574964
-0.004813230803082257
-0.004464999856705543
-0.003861413009212248
-0.003016122613710272
-0.00013556352466401046
-0.00017225091611771577
-0.0001991739263746595
-0.0002159453601758016
-0.0002245857287699049
-0.0002276906425059228
-0.0002280051829669343
-0.00022759304221102683
-0.0002272987396463752
-0.00022719540437979795
-0.00022719540437980343
-0.000227298739646387
-0.0002275930422110362
-0.00022800518296693624
-0.00022769064250591098
-0.00022458572876987346
-0.00021594536017575895
-0.0001991739263746255
-0.0001722509161177121
-0.00013556352466404786
-4.675808075302565e-06
-6.079206360367645e-06
-7.301970174673813e-06
-8.219382132234693e-06
-8.61998282654893e-06
-8.519067737614201e-06
-8.216483997805508e-06
-7.98086049222439e-06
-7.872349674960811e-06
-7.839818699796722e-06
-7.839818699797155e-06
-7.8723496749614e-06
-7.980860492224648e-06
-8.216483997806215e-06
-8.519067737615034e-06
-8.619982826546754e-06
-8.219382132226856e-06
-7.301970174662541e-06
-6.0792063603588925e-06
-4.675808075299554e-06
-1.2433099415184276e-07
-3.4755297387381544e-07
-5.286245156218101e-07
-6.118492861881986e-07
-5.672062658131435e-07
-4.414939941402584e-07
-3.197098843304608e-07
-2.4753498646818224e-07
-2.184714696643644e-07
-2.1041514810958214e-07
-2.1041514810940103e-07
-2.1847146966389294e-07
-2.4753498646780325e-07
-3.197098843308638e-07
-4.414939941416895e-07
-5.672062658146795e-07
-6.11849286188311e-07
-5.286245156197742e-07
-3.475529738700548e-07
-1.2433099414686435e-07
-2.555830804438603e-09
-7.643370016475967e-08
-1.2444331871039728e-07
-1.3143324175921616e-07
-1.0290666213855904e-07
-6.178924984897044e-08
-2.9560710795449563e-08
-1.265250159078458e-08
-6.37320915351158e-09
-4.726134955731236e-09
-4.726134955642847e-09
-6.3732091533111865e-09
-1.2652501590656048e-08
-2.9560710795631854e-08
-6.178924984958785e-08
-1.0290666213943491e-07
-1.3143324175989894e-07
-1.2444331871042418e-07
-7.643370016387738e-08
-2.555830802637743e-09
-4.067104645785413e-11
-1.837443355104533e-08
-2.892263315530695e-08
-2.8654661557888836e-08
-2.075144357911743e-08
-1.1365897889942759e-08
-4.759575077807019e-09
-1.5498124478641675e-09
-4.247021384363746e-10
-1.419527982450583e-10
-1.4195279822226308e-10
-4.247021383880697e-10
-1.5498124478411237e-09
-4.759575077868606e-09
-1.1365897890125844e-08
-2.0751443579398876e-08
-2.865466155816918e-08
-2.892263315544322e-08
-1.8374433550919555e-08
-4.067104604205377e-11
