400
-6169931.192907543
-7051042.441534709
-7370642.740984134
-7082375.942992428
-6846643.568294153
-6771230.390612605
-6776515.712151958
-6790053.650327029
-6795201.5397230135
-6796128.220016912
-6796128.22001691
-6795201.5397230135
-6790053.65032703
-6776515.712151958
-6771230.390612605
-6846643.5682941545
-7082375.942992426
-7370642.74098415
-7051042.44153472
-6169931.192907549
-5441325.744397595
-6937464.0388382
-7447410.067927775
-7264901.61583818
-7011098.4873099085
-6912265.054082381
-6908965.993660979
-6920568.966524022
-6925439.615401411
-6926306.34869387
-6926306.348693868
-6925439.615401406
-6920568.966524021
-6908965.993660978
-6912265.054082389
-7011098.48730991
-7264901.615838181
-7447410.067927787
-6937464.038838206
-5441325.744397605
-6249502.442819884
-8050239.8775304025
-8743894.16585226
-8596592.55101724
-8329650.61083628
-8225837.448027274
-8222886.060355487
-8235291.9275838295
-8240369.025854486
-8241201.8772782
-8241201.877278199
-8240369.0258544795
-8235291.927583833
-8222886.060355493
-8225837.44802728
-8329650.6108362805
-8596592.551017245
-8743894.165852262
-8050239.877530407
-6249502.442819899
-4712021.820457861
-6218865.434364465
-6737851.872333822
-6584486.423177096
-6367096.629001907
-6294928.375733575
-6301084.977443943
-6314039.431546145
-6318503.736450459
-6319056.485782051
-6319056.485782049
-6318503.736450455
-6314039.431546143
-6301084.977443944
-6294928.375733577
-6367096.629001905
-6584486.423177093
-6737851.8723338265
-6218865.434364468
-4712021.820457871
-2008998.5086230955
-2797349.8483544206
-2979381.6591185704
-2823851.586507449
-2686753.2911936264
-2656184.98763421
-2669190.1010739505
-2679938.7464993754
-2682874.8607040644
-2683039.244896867
-2683039.2448968664
-2682874.8607040606
-2679938.746499374
-2669190.101073952
-2656184.987634213
-2686753.2911936264
-2823851.586507451
-2979381.6591185727
-2797349.8483544216
-2008998.5086230955
-304781.2202073407
-527674.3867233254
-502861.00567790755
-388021.9850683465
-324796.74773881974
-321643.03394139436
-334184.05929595785
-340862.7054879536
-342212.86843026214
-342125.602500455
-342125.60250045446
-342212.8684302614
-340862.7054879529
-334184.0592959574
-321643.03394139424
-324796.7477388194
-388021.985068346
-502861.0056779082
-527674.3867233262
-304781.22020733944
180690.9988535332
190957.4815344369
256310.27006882595
314320.4618221872
332381.9784926466
325969.0142926757
317837.2987037963
314688.91446340736
314292.4630020633
314429.7386347517
314429.73863475135
314292.4630020625
314688.914463407
317837.2987037961
325969.01429267565
332381.9784926469
314320.4618221867
256310.27006882592
190957.4815344371
180690.9988535342
142771.68318695025
185985.79027440937
224202.29045881805
242567.97221734843
242353.09534962906
236070.0973453188
232011.63390540917
230827.6133710926
230772.2701655972
230857.95656026882
230857.9565602687
230772.2701655969
230827.61337109233
232011.63390540908
236070.09734531888
242353.09534962897
242567.97221734843
224202.29045881794
185985.79027440934
142771.68318695042
38590.54095692187
58276.028963022196
68861.61616035122
69909.23494866159
65985.78547798455
62300.08790036477
60620.23420315167
60230.971782684384
60231.71867702008
60263.21898283514
60263.21898283508
60231.718677019955
60230.971782684355
60620.23420315162
62300.08790036472
65985.78547798455
69909.23494866153
68861.61616035122
58276.028963022254
38590.54095692178
-7919.195240326413
-5777.325984001062
-6760.604325058207
-9553.47864128545
-12318.833698995846
-13951.393983564763
-14561.150738759528
-14694.078862631492
-14701.529271639936
-14696.482988483996
-14696.482988484022
-14701.52927163993
-14694.07886263151
-14561.150738759557
-13951.393983564742
-12318.833698995817
-9553.478641285437
-6760.604325058152
-5777.325984001045
-7919.195240326489
-12399.779105075191
-14688.003715617837
-17123.48384609354
-19072.53055003964
-20295.912919152863
-20881.765784230858
-21091.556557669064
-21147.390251869943
-21158.660265077557
-21160.49839543889
-21160.498395438874
-21158.660265077546
-21147.390251869947
-21091.556557669053
-20881.76578423087
-20295.91291915288
-19072.53055003966
-17123.48384609356
-14688.00371561782
-12399.779105075195
-6169.596733814995
-7725.181732316586
-8967.267823908795
-9732.920498733323
-10129.910731064778
-10313.034183516987
-10388.287286653129
-10414.550363760973
-10421.952111166425
-10423.550378769733
-10423.550378769723
-10421.952111166416
-10414.550363760964
-10388.287286653145
-10313.034183516986
-10129.910731064781
-9732.920498733323
-8967.267823908787
-7725.1817323165815
-6169.596733814999
-1938.759722394305
-2474.4046187713125
-2854.3103542420267
-3059.538743776097
-3162.578318727228
-3218.3419379679876
-3246.577133982546
-3257.513513392294
-3260.4112962667286
-3260.87342459353
-3260.8734245935293
-3260.4112962667277
-3257.513513392291
-3246.577133982546
-3218.3419379679913
-3162.5783187272286
-3059.538743776098
-2854.310354242031
-2474.404618771314
-1938.7597223943035
-432.19057027100445
-550.2092696741694
-627.2816460655066
-667.3329488602812
-692.0073490392494
-709.6342715092796
-719.3481100825328
-722.7002503764508
-723.2457631739103
-723.1883129841137
-723.1883129841137
-723.2457631739097
-722.7002503764513
-719.3481100825338
-709.6342715092807
-692.0073490392502
-667.3329488602827
-627.2816460655083
-550.2092696741719
-432.190570271004
-71.4768212663873
-87.68156765236127
-97.64477939108501
-104.07302819304404
-110.42452280595295
-115.67908135846642
-118.23937310213105
-118.7681805850059
-118.63203828799756
-118.50165681980452
-118.50165681980451
-118.63203828799767
-118.76818058500608
-118.23937310213137
-115.67908135846659
-110.42452280595278
-104.07302819304428
-97.64477939108569
-87.6815676523617
-71.47682126638739
-8.966937439039011
-9.894143413556568
-10.587279941152566
-11.778346890951282
-13.445431808825164
-14.66343590120758
-15.019234749228714
-14.899722579385385
-14.73485298945779
-14.657922655126104
-14.657922655126136
-14.734852989457837
-14.899722579385456
-15.019234749228739
-14.663435901207512
-13.445431808825026
-11.778346890951193
-10.587279941152588
-9.89414341355661
-8.96693743903908
-0.8444781597277674
-0.7965027324158576
-0.8827726419307219
-1.1958270196673355
-1.5514166665686626
-1.6971136732474488
-1.627339872106998
-1.501724877853576
-1.4210375746439488
-1.3904323381524184
-1.3904323381524262
-1.4210375746439587
-1.5017248778535757
-1.6273398721069807
-1.6971136732474044
-1.5514166665685938
-1.195827019667265
-0.8827726419306673
-0.7965027324158247
-0.8444781597277664
-0.04775797415900677
-0.09287327721372664
-0.1639576552310425
-0.24842505604546705
-0.2903674831070908
-0.26103055075754394
-0.1952657630977084
-0.1407722301738797
-0.11292906869437623
-0.10349601778849779
-0.10349601778849767
-0.11292906869437436
-0.14077223017387439
-0.19526576309769972
-0.2610305507575312
-0.2903674831070725
-0.2484250560454433
-0.16395765523101774
-0.09287327721370703
-0.04775797415899705
0.0035099191444540323
-0.03494432783405949
-0.06871581375485529
-0.08713289307750734
-0.08190330086496353
-0.05863406981794141
-0.033162653618447606
-0.01639894906515293
-0.008835355462971085
-0.006462544468037176
-0.006462544468036809
-0.008835355462969917
-0.01639894906515124
-0.03316265361844609
-0.05863406981794022
-0.08190330086496171
-0.0871328930775038
-0.06871581375485003
-0.034944327834053955
0.0035099191444587143
0.001966550823538089
-0.012589390535135426
-0.02311244690157451
-0.026124507926972095
-0.021693684013489724
-0.013702313120780931
-0.006685762559568167
-0.00260789521411614
-0.0009163682628729737
-0.00041620979887531113
-0.0004162097988751839
-0.0009163682628726506
-0.0026078952141158373
-0.006685762559568201
-0.01370231312078143
-0.021693684013490408
-0.026124507926972435
-0.02311244690157417
-0.012589390535134434
0.0019665508235396445
