400
-276567125000.4671
-866943568520.3605
-1458942772329.0322
-1833663969578.4092
-1928920549936.4463
-1913839478296.8274
-1899030019838.7349
-1919934768848.8647
-1958117157247.0713
-1980958284346.0076
-1980958284345.9155
-1958117157246.809
-1919934768848.5176
-1899030019838.433
-1913839478296.6445
-1928920549936.3157
-1833663969578.2173
-1458942772328.7825
-866943568520.145
-276567125000.3623
-441818652113.6433
-1316513098062.4783
-2055452249027.8936
-2691603592206.0024
-2822582269956.6406
-2853887218257.212
-2813276681714.1904
-2837017254252.316
-2898432946078.1714
-2929055432238.333
-2929055432238.305
-2898432946078.067
-2837017254252.1377
-2813276681714.0396
-2853887218257.135
-2822582269956.5703
-2691603592205.851
-2055452249027.673
-1316513098062.2747
-441818652113.53156
-281344140527.48956
-932536221354.9237
-1133517598054.6267
-2065135895812.5952
-1968900851016.663
-1991604810655.9766
-1932335216767.9636
-1917981999365.6033
-1993477057411.5273
-2021917519412.7576
-2021917519412.85
-1993477057411.8508
-1917981999366.0
-1932335216768.422
-1991604810656.2847
-1968900851016.9565
-2065135895812.8164
-1133517598054.8943
-932536221354.9745
-281344140527.49786
-26080094926.525948
-351056101758.80334
-839729184127.7622
-916687606100.3608
-1016258968337.5573
-778854728764.6483
-734073546728.5996
-780993560751.516
-820929279434.3953
-871213625212.468
-871213625212.5848
-820929279434.8607
-780993560752.2236
-734073546729.4384
-778854728765.4623
-1016258968338.2837
-916687606100.9772
-839729184128.2355
-351056101759.1197
-26080094926.659687
83071512508.07187
-10958042646.615582
-445274448718.4824
-175456948971.50867
-368476391702.0337
-117860548891.60757
-91472219572.33493
-175740408666.94046
-213700241548.2516
-265432592945.73694
-265432592945.7951
-213700241548.43527
-175740408667.36163
-91472219573.057
-117860548892.39949
-368476391702.8239
-175456948972.08893
-445274448718.9151
-10958042646.853523
83071512507.97319
63286195444.81627
56792832955.4856
33404449907.469387
100970719660.4372
148607844841.9184
207822215540.96237
177163011458.3737
97811581070.28455
31383434908.7417
-1118066602.0614233
-1118066601.8497753
31383434909.18285
97811581070.5658
177163011458.27383
207822215540.61826
148607844841.6405
100970719660.39384
33404449907.580685
56792832955.61177
63286195444.88021
10748628677.78043
1896302980.3101354
14201522984.728601
-20532448610.19741
-6360755061.419552
-66940908866.90216
-139104975554.20288
-218615473230.54822
-279886578337.8725
-301271040239.3702
-301271040239.0936
-279886578337.1999
-218615473229.87613
-139104975553.76337
-66940908866.59056
-6360755061.044065
-20532448609.679863
14201522985.270363
1896302980.6955278
10748628677.948265
-25008054334.329494
-61486425789.48532
-96470127223.1617
-168776267158.1847
-211376014371.6113
-295881970676.89636
-370570648446.0326
-430402836642.1262
-468711235879.5996
-481109044990.1042
-481109044989.93713
-468711235879.1989
-430402836641.6496
-370570648445.5544
-295881970676.4033
-211376014371.07825
-168776267157.65366
-96470127222.72633
-61486425789.207726
-25008054334.21892
-24802455304.307877
-63081115480.00632
-108273514036.81844
-161132798699.88116
-202894638771.65274
-254568397912.00012
-298098581088.0924
-329005536816.8096
-345956390340.8899
-351140510360.3931
-351140510360.49927
-345956390341.1601
-329005536817.10956
-298098581088.2861
-254568397912.0616
-202894638771.6673
-161132798699.93042
-108273514036.89789
-63081115480.06993
-24802455304.336864
-8052187403.117037
-22671077353.91204
-39748572808.47506
-56696912964.27799
-70273951570.94576
-84901267419.83646
-97319182157.90337
-105818628918.17271
-110070335185.45209
-111255374143.704
-111255374144.07999
-110070335186.40633
-105818628919.31651
-97319182158.91963
-84901267420.65414
-70273951571.65076
-56696912964.920296
-39748572808.99181
-22671077354.222855
-8052187403.231896
8052187403.145289
22671077354.02424
39748572808.810394
56696912964.9996
70273951572.08734
84901267421.39703
97319182159.87877
105818628920.45029
110070335187.6741
111255374145.40388
111255374144.99376
110070335186.63957
105818628919.20735
97319182158.73996
84901267420.4344
70273951571.25572
56696912964.28782
39748572808.27857
22671077353.728992
8052187403.049777
24802455304.24129
63081115479.84573
108273514036.56218
161132798699.54605
202894638771.23785
254568397911.56845
298098581087.78253
329005536816.6966
345956390340.85834
351140510360.2311
351140510360.0628
345956390340.4532
329005536816.24243
298098581087.3904
254568397911.22305
202894638770.91177
161132798699.25113
108273514036.3429
63081115479.73729
24802455304.22349
25008054334.230953
61486425789.20476
96470127222.6051
168776267157.24792
211376014370.27142
295881970675.23083
370570648444.24036
430402836640.3868
468711235877.9957
481109044988.71265
481109044988.8008
468711235878.27356
430402836640.8228
370570648444.7458
295881970675.6925
211376014370.6044
168776267157.4438
96470127222.70091
61486425789.25692
25008054334.266396
-10748628677.790886
-1896302980.3785255
-14201522984.910515
20532448609.825138
6360755060.845861
66940908866.156586
139104975553.367
218615473229.65057
279886578336.9855
301271040238.70197
301271040238.8404
279886578337.40454
218615473230.32416
139104975554.2224
66940908867.02511
6360755061.546205
20532448610.26968
-14201522984.700848
-1896302980.2997866
-10748628677.765308
-63286195444.73047
-56792832955.29919
-33404449907.168816
-100970719660.03453
-148607844841.35953
-207822215540.22675
-177163011457.54678
-97811581069.53127
-31383434908.12994
1118066602.6714258
1118066602.709022
-31383434907.977036
-97811581069.17873
-177163011456.95328
-207822215539.49335
-148607844840.71234
-100970719659.65367
-33404449907.04155
-56792832955.30326
-63286195444.75522
-83071512507.97998
10958042646.823212
445274448718.767
175456948971.899
368476391702.5118
117860548892.46437
91472219573.35417
175740408667.971
213700241549.07617
265432592946.44974
265432592946.4598
213700241549.0843
175740408667.9744
91472219573.57428
117860548892.81334
368476391702.87274
175456948972.03827
445274448718.7208
10958042646.705595
-83071512508.05763
26080094926.562683
351056101758.87286
839729184127.788
916687606100.302
1016258968337.494
778854728764.6917
734073546728.7627
780993560751.6407
820929279434.4119
871213625212.3569
871213625212.3765
820929279434.4208
780993560751.6947
734073546728.8673
778854728764.8962
1016258968337.6528
916687606100.2986
839729184127.6744
351056101758.7265
26080094926.475975
281344140527.4864
932536221354.9136
1133517598054.5771
2065135895812.423
1968900851016.3562
1991604810655.5586
1932335216767.5354
1917981999365.0923
1993477057410.995
2021917519412.2068
2021917519412.301
1993477057411.1738
1917981999365.2947
1932335216767.733
1991604810655.7805
1968900851016.4883
2065135895812.4817
1133517598054.497
932536221354.874
281344140527.45715
441818652113.63556
1316513098062.496
2055452249027.9214
2691603592206.072
2822582269956.6616
2853887218257.063
2813276681713.7314
2837017254251.6943
2898432946077.65
2929055432238.023
2929055432238.1216
2898432946077.933
2837017254252.0757
2813276681714.1006
2853887218257.3438
2822582269956.8613
2691603592206.2373
2055452249028.0762
1316513098062.579
441818652113.67126
276567125000.4612
866943568520.3773
1458942772329.1174
1833663969578.5872
1928920549936.6445
1913839478296.889
1899030019838.5645
1919934768848.582
1958117157246.884
1980958284346.02
1980958284346.0737
1958117157247.0513
1919934768848.8372
1899030019838.8313
1913839478297.0957
1928920549936.8
1833663969578.7358
1458942772329.2607
866943568520.4786
276567125000.50507
