400
-1260735193.4042451
-603590483.5813509
-756527353.6496905
-415579502.3632645
-74548371.29262438
45418431.55682176
43272641.87878505
30858010.08116702
27599027.82563813
23640569.950860783
23640569.950863186
27599027.825642288
30858010.08116911
43272641.878788985
45418431.5568336
-74548371.29260163
-415579502.36324847
-756527353.6497033
-603590483.5813701
-1260735193.4042726
-556104370.9274554
-696416626.8306727
-715731483.2230701
-449167389.4364739
-195729338.50115323
-30289198.217229024
8199953.4354468435
10416196.881885825
11102995.18163299
9034996.005196618
9034996.00520212
11102995.181629533
10416196.88187998
8199953.435436055
-30289198.217237033
-195729338.5011457
-449167389.4364607
-715731483.2230976
-696416626.8307072
-556104370.9275051
-908648598.7003715
-793460412.4557787
-864727730.2918305
-661012849.02951
-427887827.4325311
-273219717.86452556
-217174129.78174543
-209855452.26944727
-211032100.51641947
-211979184.79880717
-211979184.798806
-211032100.51642355
-209855452.2694627
-217174129.78177553
-273219717.86454874
-427887827.43252534
-661012849.0294949
-864727730.2918231
-793460412.4557958
-908648598.7004495
-642836304.6955581
-629534992.5077413
-723522388.2103126
-625171786.3637658
-462847390.43079734
-349403814.76117074
-305013652.4708357
-300115987.9888266
-302279627.10328376
-303001870.0627724
-303001870.0627655
-302279627.10328
-300115987.9888452
-305013652.4708656
-349403814.76120245
-462847390.4307981
-625171786.3637439
-723522388.2103076
-629534992.5077665
-642836304.6956273
-212060458.51834416
-329013946.0493746
-418773452.4372936
-376429131.85015565
-276571590.6628976
-204862772.4868387
-182906641.19172066
-182468740.38902748
-184698878.3196593
-185379297.28981632
-185379297.28980923
-184698878.31964564
-182468740.3890217
-182906641.1917311
-204862772.4868551
-276571590.6628927
-376429131.85012865
-418773452.4372775
-329013946.0493812
-212060458.5183858
-14939099.85905498
-116551369.32788886
-169758816.7131674
-148499958.06302056
-92984101.60720567
-55911268.49451402
-46358528.18600365
-48766386.19323753
-51162873.61705759
-51409959.31412422
-51409959.31411849
-51162873.617043525
-48766386.19322329
-46358528.18599838
-55911268.494515
-92984101.60719481
-148499958.0629955
-169758816.71315038
-116551369.32789323
-14939099.859074632
-2023571.5905126557
-37339965.8032186
-59756049.44260171
-45308580.84144021
-13270022.68762449
7260798.0369531205
11335788.50734911
8833306.915826673
7076405.746481581
6996881.4337848835
6996881.433786822
7076405.746487246
8833306.91583478
11335788.507356498
7260798.036959636
-13270022.68761302
-45308580.841423765
-59756049.442591555
-37339965.80321929
-2023571.5905213165
-27615232.986796573
-25770033.634893704
-36095860.093928464
-25489665.702636648
-4077056.530695451
10075213.107766155
13203363.675895717
11698512.039630055
10691119.57588674
10771916.096835652
10771916.096835047
10691119.575885778
11698512.039630748
13203363.675899092
10075213.107772065
-4077056.5306878733
-25489665.702629548
-36095860.09392565
-25770033.634894338
-27615232.9868009
-35960225.60793908
-28524202.208953895
-36484637.1039053
-28484918.542562835
-11625302.392594842
-197773.57360825437
2594144.015590752
1680073.702385809
1042381.5323593161
1166958.3700085015
1166958.3700077457
1042381.5323575392
1680073.7023846703
2594144.0155920936
-197773.57360453362
-11625302.392591154
-28484918.542561203
-36484637.10390608
-28524202.20895441
-35960225.60794134
-31326397.70900483
-28154696.859561373
-36175627.84841428
-29952618.26915541
-16013505.720885072
-6732263.328759947
-4699594.056933572
-5684270.639990651
-6360986.354103917
-6336248.843973328
-6336248.843973365
-6360986.354104217
-5684270.639990845
-4699594.056932534
-6732263.328757568
-16013505.720883181
-29952618.269155256
-36175627.84841552
-28154696.859562155
-31326397.7090079
-24500323.401795797
-24026601.81745276
-31238669.117339347
-26073522.656604588
-14368736.659542598
-6818925.419649234
-5498129.716219039
-6672204.993706718
-7484462.597105027
-7592851.934697924
-7592851.934697652
-7484462.597104668
-6672204.993706632
-5498129.716218523
-6818925.419647947
-14368736.65954158
-26073522.656604633
-31238669.117340177
-24026601.817453094
-24500323.401797414
-18827312.10619348
-18622486.828088813
-24570590.774308864
-20331679.644878317
-10571342.361426627
-4376187.740801433
-3478351.230011464
-4661176.707671062
-5488045.745076035
-5659805.407580597
-5659805.407580362
-5488045.745075787
-4661176.707671259
-3478351.2300115847
-4376187.740801027
-10571342.36142622
-20331679.644878384
-24570590.774309367
-18622486.82808892
-18827312.10619465
-13993467.656653408
-13265404.66313996
-18155590.997315526
-14766460.135385953
-6604606.128634145
-1397177.4725340416
-648055.1401846139
-1625362.8208519747
-2294747.245246081
-2428462.9275998063
-2428462.927599619
-2294747.245245872
-1625362.8208521323
-648055.1401848672
-1397177.4725340474
-6604606.1286341
-14766460.135386087
-18155590.997315824
-13265404.6631399
-13993467.656654289
-10115382.297834514
-8929869.436552463
-12916363.984631138
-10065751.985462189
-3023332.846007508
1505485.4422232185
2277411.8300314764
1633674.7992008582
1240547.7076383817
1223004.8548896397
1223004.8548898255
1240547.7076387051
1633674.7992009553
2277411.830031355
1505485.4422230683
-3023332.84600764
-10065751.985462293
-12916363.984631255
-8929869.436552228
-10115382.297835022
-8047912.943629821
-6503625.728528765
-9680407.109234486
-7063516.648895195
-850093.335331068
3150183.849782702
3984872.2876609056
3703227.9846085026
3625836.0103930454
3755024.2353383233
3755024.2353384914
3625836.010393392
3703227.984608713
3984872.2876608158
3150183.849782412
-850093.3353313262
-7063516.648895306
-9680407.109234525
-6503625.7285284875
-8047912.94363031
-8267489.746380637
-6118471.420354302
-8504788.962910404
-5878140.254714912
-325174.51577956276
3201257.0133446692
4091791.8966476424
4145319.7225997606
4348388.874640203
4607542.331227014
4607542.331227127
4348388.874640446
4145319.722599909
4091791.896647479
3201257.0133442804
-325174.51577988773
-5878140.254715052
-8504788.962910451
-6118471.420354074
-8267489.74638077
-9396258.532704294
-7246677.1903185155
-8961580.169116678
-6274854.831005162
-1337795.040116921
1728195.689331983
2614872.166460861
2865615.8880901113
3218207.5223717038
3531704.9407755947
3531704.940775671
3218207.5223718784
2865615.888090204
2614872.1664606724
1728195.6893315897
-1337795.0401172098
-6274854.831005254
-8961580.169116763
-7246677.1903186515
-9396258.532705098
-8101022.523379649
-7860296.258625184
-9426136.197391061
-7093561.762039954
-2898822.979788468
-373799.1301463071
357415.2647219528
584244.0023936906
902393.4151463135
1170495.9926001625
1170495.9926002151
902393.4151464459
584244.002393764
357415.26472179784
-373799.13014661346
-2898822.9797886885
-7093561.76204004
-9426136.197391113
-7860296.258625166
-8101022.523379954
-4274257.036769179
-6620172.436177694
-7969063.109949198
-6266078.665899671
-3052248.677672465
-1241152.645270148
-843629.5456201916
-733870.9272536563
-519418.6904219541
-338829.51027237764
-338829.5102723357
-519418.69042185106
-733870.9272535773
-843629.5456203023
-1241152.6452703387
-3052248.677672612
-6266078.665899724
-7969063.109949178
-6620172.436177571
-4274257.036769167
-2926699.700184667
-6864029.968858977
-8337743.502666987
-6487799.253496475
-3665536.9502900257
-2429577.3207802796
-2315238.577399255
-2307929.305670443
-2200600.4306536526
-2110034.84487688
-2110034.8448768933
-2200600.430653502
-2307929.3056702595
-2315238.5773993367
-2429577.3207804835
-3665536.950290116
-6487799.253496518
-8337743.502666894
-6864029.96885891
-2926699.7001848016
